"PreSens Measurement Studio 2","4.0.0.2323",""
"Date","Time","Channel","User","SensorID","Sensor_Name","delta_t","Time_Unit","Value","O2_Unit","Mode","Phase","Phase_Unit","Amplitude","Amplitude_Unit","Temp","Temp_Unit","Pressure","Pressure_Unit","Salinity","Salinity_Unit","Error","Cal0","Cal0_Unit","T0","T0_Unit","O2Cal2nd","O2_Unit","Cal2nd","Cal2nd_Unit","T2nd","T2nd_Unit","CalPressure","CalPressure_Unit","f1","dPhi1","dkSv1","dPhi2","dkSv2","m","Cal_Mode","SignalLEDCurrent","User_Signal_Intensity","ReferenceLEDCurrent","Reference_Amplitude","Device_Serial","FwVersion","SwVersion","Sensor_Type","BatchID","Calibration_Date","Sensor_Lot","PreSens_Calibr","Battery_Voltage","Battery_Voltage_Unit","Cal0_Amplitude","Cal0_Amplitude_Unit","Cal2nd_Amplitude","Cal2nd_Amplitude_Unit"
"08/11/2022","09:43:55","6","default","383292078","Oxt_06","0.000","min","98.469","%a.s.","Humid","20.528","deg","40756","µV","27.766","°C","1021.000","hPa","36.4","pmil","0","55.390","deg","20.000","°C","100.000","%a.s.","21.720","deg","20.000","°C","977.000","hPa","0.861","-0.02617","0.00035","0","0","13.56","Humid","26.25","0","44.00","379879.92","SABD0000000001","AAV1.0.0.11","4.0.0.2323","PSt7-10","170328-019","7/29/2022 11:23:46 AM","0000-00","0","no battery","V","","µV","","µV"
"08/11/2022","09:43:56","6","default","383292078","Oxt_06","0.017","min","98.479","%a.s.","Humid","20.527","deg","40748","µV","27.765","°C","1021.000","hPa","36.4","pmil","0","55.390","deg","20.000","°C","100.000","%a.s.","21.720","deg","20.000","°C","977.000","hPa","0.861","-0.02617","0.00035","0","0","13.56","Humid","26.25","0","44.00","379853.86","SABD0000000001","AAV1.0.0.11","4.0.0.2323","PSt7-10","170328-019","7/29/2022 11:23:46 AM","0000-00","0","no battery","V","","µV","","µV"
"08/11/2022","09:43:57","6","default","383292078","Oxt_06","0.034","min","98.427","%a.s.","Humid","20.534","deg","40744","µV","27.754","°C","1021.000","hPa","36.4","pmil","0","55.390","deg","20.000","°C","100.000","%a.s.","21.720","deg","20.000","°C","977.000","hPa","0.861","-0.02617","0.00035","0","0","13.56","Humid","26.25","0","44.00","379832.27","SABD0000000001","AAV1.0.0.11","4.0.0.2323","PSt7-10","170328-019","7/29/2022 11:23:46 AM","0000-00","0","no battery","V","","µV","","µV"
"08/11/2022","09:43:58","6","default","383292078","Oxt_06","0.051","min","98.431","%a.s.","Humid","20.534","deg","40733","µV","27.750","°C","1021.000","hPa","36.4","pmil","0","55.390","deg","20.000","°C","100.000","%a.s.","21.720","deg","20.000","°C","977.000","hPa","0.861","-0.02617","0.00035","0","0","13.56","Humid","26.25","0","44.00","379827.33","SABD0000000001","AAV1.0.0.11","4.0.0.2323","PSt7-10","170328-019","7/29/2022 11:23:46 AM","0000-00","0","no battery","V","","µV","","µV"
"08/11/2022","09:43:59","6","default","383292078","Oxt_06","0.068","min","98.474","%a.s.","Humid","20.528","deg","40736","µV","27.761","°C","1021.000","hPa","36.4","pmil","0","55.390","deg","20.000","°C","100.000","%a.s.","21.720","deg","20.000","°C","977.000","hPa","0.861","-0.02617","0.00035","0","0","13.56","Humid","26.25","0","44.00","379808.75","SABD0000000001","AAV1.0.0.11","4.0.0.2323","PSt7-10","170328-019","7/29/2022 11:23:46 AM","0000-00","0","no battery","V","","µV","","µV"
"08/11/2022","09:44:00","6","default","383292078","Oxt_06","0.084","min","98.475","%a.s.","Humid","20.529","deg","40731","µV","27.751","°C","1021.000","hPa","36.4","pmil","0","55.390","deg","20.000","°C","100.000","%a.s.","21.720","deg","20.000","°C","977.000","hPa","0.861","-0.02617","0.00035","0","0","13.56","Humid","26.25","0","44.00","379800.91","SABD0000000001","AAV1.0.0.11","4.0.0.2323","PSt7-10","170328-019","7/29/2022 11:23:46 AM","0000-00","0","no battery","V","","µV","","µV"
"08/11/2022","09:44:01","6","default","383292078","Oxt_06","0.101","min","98.428","%a.s.","Humid","20.534","deg","40736","µV","27.754","°C","1021.000","hPa","36.4","pmil","0","55.390","deg","20.000","°C","100.000","%a.s.","21.720","deg","20.000","°C","977.000","hPa","0.861","-0.02617","0.00035","0","0","13.56","Humid","26.25","0","44.00","379795.94","SABD0000000001","AAV1.0.0.11","4.0.0.2323","PSt7-10","170328-019","7/29/2022 11:23:46 AM","0000-00","0","no battery","V","","µV","","µV"
"08/11/2022","09:44:02","6","default","383292078","Oxt_06","0.118","min","98.447","%a.s.","Humid","20.533","deg","40729","µV","27.743","°C","1021.000","hPa","36.4","pmil","0","55.390","deg","20.000","°C","100.000","%a.s.","21.720","deg","20.000","°C","977.000","hPa","0.861","-0.02617","0.00035","0","0","13.56","Humid","26.25","0","44.00","379796.22","SABD0000000001","AAV1.0.0.11","4.0.0.2323","PSt7-10","170328-019","7/29/2022 11:23:46 AM","0000-00","0","no battery","V","","µV","","µV"
"08/11/2022","09:44:03","6","default","383292078","Oxt_06","0.134","min","98.460","%a.s.","Humid","20.531","deg","40725","µV","27.747","°C","1021.000","hPa","36.4","pmil","0","55.390","deg","20.000","°C","100.000","%a.s.","21.720","deg","20.000","°C","977.000","hPa","0.861","-0.02617","0.00035","0","0","13.56","Humid","26.25","0","44.00","379793.69","SABD0000000001","AAV1.0.0.11","4.0.0.2323","PSt7-10","170328-019","7/29/2022 11:23:46 AM","0000-00","0","no battery","V","","µV","","µV"
"08/11/2022","09:44:04","6","default","383292078","Oxt_06","0.151","min","98.441","%a.s.","Humid","20.533","deg","40728","µV","27.749","°C","1021.000","hPa","36.4","pmil","0","55.390","deg","20.000","°C","100.000","%a.s.","21.720","deg","20.000","°C","977.000","hPa","0.861","-0.02617","0.00035","0","0","13.56","Humid","26.25","0","44.00","379790.21","SABD0000000001","AAV1.0.0.11","4.0.0.2323","PSt7-10","170328-019","7/29/2022 11:23:46 AM","0000-00","0","no battery","V","","µV","","µV"
"08/11/2022","09:44:05","6","default","383292078","Oxt_06","0.168","min","98.436","%a.s.","Humid","20.532","deg","40727","µV","27.764","°C","1021.000","hPa","36.4","pmil","0","55.390","deg","20.000","°C","100.000","%a.s.","21.720","deg","20.000","°C","977.000","hPa","0.861","-0.02617","0.00035","0","0","13.56","Humid","26.25","0","44.00","379779.13","SABD0000000001","AAV1.0.0.11","4.0.0.2323","PSt7-10","170328-019","7/29/2022 11:23:46 AM","0000-00","0","no battery","V","","µV","","µV"
"08/11/2022","09:44:06","6","default","383292078","Oxt_06","0.184","min","98.450","%a.s.","Humid","20.532","deg","40726","µV","27.749","°C","1021.000","hPa","36.4","pmil","0","55.390","deg","20.000","°C","100.000","%a.s.","21.720","deg","20.000","°C","977.000","hPa","0.861","-0.02617","0.00035","0","0","13.56","Humid","26.25","0","44.00","379780.66","SABD0000000001","AAV1.0.0.11","4.0.0.2323","PSt7-10","170328-019","7/29/2022 11:23:46 AM","0000-00","0","no battery","V","","µV","","µV"
"08/11/2022","09:44:07","6","default","383292078","Oxt_06","0.201","min","98.384","%a.s.","Humid","20.538","deg","40724","µV","27.763","°C","1021.000","hPa","36.4","pmil","0","55.390","deg","20.000","°C","100.000","%a.s.","21.720","deg","20.000","°C","977.000","hPa","0.861","-0.02617","0.00035","0","0","13.56","Humid","26.25","0","44.00","379788.22","SABD0000000001","AAV1.0.0.11","4.0.0.2323","PSt7-10","170328-019","7/29/2022 11:23:46 AM","0000-00","0","no battery","V","","µV","","µV"
"08/11/2022","09:44:08","6","default","383292078","Oxt_06","0.218","min","98.368","%a.s.","Humid","20.541","deg","40727","µV","27.751","°C","1021.000","hPa","36.4","pmil","0","55.390","deg","20.000","°C","100.000","%a.s.","21.720","deg","20.000","°C","977.000","hPa","0.861","-0.02617","0.00035","0","0","13.56","Humid","26.25","0","44.00","379786.62","SABD0000000001","AAV1.0.0.11","4.0.0.2323","PSt7-10","170328-019","7/29/2022 11:23:46 AM","0000-00","0","no battery","V","","µV","","µV"
"08/11/2022","09:44:09","6","default","383292078","Oxt_06","0.234","min","98.417","%a.s.","Humid","20.535","deg","40724","µV","27.756","°C","1021.000","hPa","36.4","pmil","0","55.390","deg","20.000","°C","100.000","%a.s.","21.720","deg","20.000","°C","977.000","hPa","0.861","-0.02617","0.00035","0","0","13.56","Humid","26.25","0","44.00","379781.60","SABD0000000001","AAV1.0.0.11","4.0.0.2323","PSt7-10","170328-019","7/29/2022 11:23:46 AM","0000-00","0","no battery","V","","µV","","µV"
"08/11/2022","09:44:10","6","default","383292078","Oxt_06","0.251","min","98.452","%a.s.","Humid","20.531","deg","40731","µV","27.756","°C","1021.000","hPa","36.4","pmil","0","55.390","deg","20.000","°C","100.000","%a.s.","21.720","deg","20.000","°C","977.000","hPa","0.861","-0.02617","0.00035","0","0","13.56","Humid","26.25","0","44.00","379786.69","SABD0000000001","AAV1.0.0.11","4.0.0.2323","PSt7-10","170328-019","7/29/2022 11:23:46 AM","0000-00","0","no battery","V","","µV","","µV"
"08/11/2022","09:44:11","6","default","383292078","Oxt_06","0.268","min","98.450","%a.s.","Humid","20.530","deg","40728","µV","27.768","°C","1021.000","hPa","36.4","pmil","0","55.390","deg","20.000","°C","100.000","%a.s.","21.720","deg","20.000","°C","977.000","hPa","0.861","-0.02617","0.00035","0","0","13.56","Humid","26.25","0","44.00","379783.62","SABD0000000001","AAV1.0.0.11","4.0.0.2323","PSt7-10","170328-019","7/29/2022 11:23:46 AM","0000-00","0","no battery","V","","µV","","µV"
"08/11/2022","09:44:12","6","default","383292078","Oxt_06","0.284","min","98.402","%a.s.","Humid","20.536","deg","40721","µV","27.763","°C","1021.000","hPa","36.4","pmil","0","55.390","deg","20.000","°C","100.000","%a.s.","21.720","deg","20.000","°C","977.000","hPa","0.861","-0.02617","0.00035","0","0","13.56","Humid","26.25","0","44.00","379799.08","SABD0000000001","AAV1.0.0.11","4.0.0.2323","PSt7-10","170328-019","7/29/2022 11:23:46 AM","0000-00","0","no battery","V","","µV","","µV"
"08/11/2022","09:44:13","6","default","383292078","Oxt_06","0.301","min","98.373","%a.s.","Humid","20.539","deg","40723","µV","27.764","°C","1021.000","hPa","36.4","pmil","0","55.390","deg","20.000","°C","100.000","%a.s.","21.720","deg","20.000","°C","977.000","hPa","0.861","-0.02617","0.00035","0","0","13.56","Humid","26.25","0","44.00","379786.49","SABD0000000001","AAV1.0.0.11","4.0.0.2323","PSt7-10","170328-019","7/29/2022 11:23:46 AM","0000-00","0","no battery","V","","µV","","µV"
"08/11/2022","09:44:14","6","default","383292078","Oxt_06","0.317","min","98.344","%a.s.","Humid","20.543","deg","40723","µV","27.759","°C","1021.000","hPa","36.4","pmil","0","55.390","deg","20.000","°C","100.000","%a.s.","21.720","deg","20.000","°C","977.000","hPa","0.861","-0.02617","0.00035","0","0","13.56","Humid","26.25","0","44.00","379788.48","SABD0000000001","AAV1.0.0.11","4.0.0.2323","PSt7-10","170328-019","7/29/2022 11:23:46 AM","0000-00","0","no battery","V","","µV","","µV"
"08/11/2022","09:44:15","6","default","383292078","Oxt_06","0.334","min","98.401","%a.s.","Humid","20.536","deg","40724","µV","27.764","°C","1021.000","hPa","36.4","pmil","0","55.390","deg","20.000","°C","100.000","%a.s.","21.720","deg","20.000","°C","977.000","hPa","0.861","-0.02617","0.00035","0","0","13.56","Humid","26.25","0","44.00","379786.26","SABD0000000001","AAV1.0.0.11","4.0.0.2323","PSt7-10","170328-019","7/29/2022 11:23:46 AM","0000-00","0","no battery","V","","µV","","µV"
"08/11/2022","09:44:16","6","default","383292078","Oxt_06","0.351","min","98.466","%a.s.","Humid","20.530","deg","40730","µV","27.751","°C","1021.000","hPa","36.4","pmil","0","55.390","deg","20.000","°C","100.000","%a.s.","21.720","deg","20.000","°C","977.000","hPa","0.861","-0.02617","0.00035","0","0","13.56","Humid","26.25","0","44.00","379781.03","SABD0000000001","AAV1.0.0.11","4.0.0.2323","PSt7-10","170328-019","7/29/2022 11:23:46 AM","0000-00","0","no battery","V","","µV","","µV"
"08/11/2022","09:44:17","6","default","383292078","Oxt_06","0.367","min","98.422","%a.s.","Humid","20.535","deg","40726","µV","27.751","°C","1021.000","hPa","36.4","pmil","0","55.390","deg","20.000","°C","100.000","%a.s.","21.720","deg","20.000","°C","977.000","hPa","0.861","-0.02617","0.00035","0","0","13.56","Humid","26.25","0","44.00","379786.47","SABD0000000001","AAV1.0.0.11","4.0.0.2323","PSt7-10","170328-019","7/29/2022 11:23:46 AM","0000-00","0","no battery","V","","µV","","µV"
"08/11/2022","09:44:18","6","default","383292078","Oxt_06","0.384","min","98.387","%a.s.","Humid","20.539","deg","40728","µV","27.750","°C","1021.000","hPa","36.4","pmil","0","55.390","deg","20.000","°C","100.000","%a.s.","21.720","deg","20.000","°C","977.000","hPa","0.861","-0.02617","0.00035","0","0","13.56","Humid","26.25","0","44.00","379780.66","SABD0000000001","AAV1.0.0.11","4.0.0.2323","PSt7-10","170328-019","7/29/2022 11:23:46 AM","0000-00","0","no battery","V","","µV","","µV"
"08/11/2022","09:44:19","6","default","383292078","Oxt_06","0.400","min","98.436","%a.s.","Humid","20.533","deg","40721","µV","27.755","°C","1021.000","hPa","36.4","pmil","0","55.390","deg","20.000","°C","100.000","%a.s.","21.720","deg","20.000","°C","977.000","hPa","0.861","-0.02617","0.00035","0","0","13.56","Humid","26.25","0","44.00","379797.63","SABD0000000001","AAV1.0.0.11","4.0.0.2323","PSt7-10","170328-019","7/29/2022 11:23:46 AM","0000-00","0","no battery","V","","µV","","µV"
"08/11/2022","09:44:20","6","default","383292078","Oxt_06","0.417","min","98.387","%a.s.","Humid","20.538","deg","40725","µV","27.759","°C","1021.000","hPa","36.4","pmil","0","55.390","deg","20.000","°C","100.000","%a.s.","21.720","deg","20.000","°C","977.000","hPa","0.861","-0.02617","0.00035","0","0","13.56","Humid","26.25","0","44.00","379787.18","SABD0000000001","AAV1.0.0.11","4.0.0.2323","PSt7-10","170328-019","7/29/2022 11:23:46 AM","0000-00","0","no battery","V","","µV","","µV"
"08/11/2022","09:44:21","6","default","383292078","Oxt_06","0.435","min","98.358","%a.s.","Humid","20.542","deg","40723","µV","27.753","°C","1021.000","hPa","36.4","pmil","0","55.390","deg","20.000","°C","100.000","%a.s.","21.720","deg","20.000","°C","977.000","hPa","0.861","-0.02617","0.00035","0","0","13.56","Humid","26.25","0","44.00","379778.13","SABD0000000001","AAV1.0.0.11","4.0.0.2323","PSt7-10","170328-019","7/29/2022 11:23:46 AM","0000-00","0","no battery","V","","µV","","µV"
"08/11/2022","09:44:22","6","default","383292078","Oxt_06","0.451","min","98.371","%a.s.","Humid","20.540","deg","40729","µV","27.757","°C","1021.000","hPa","36.4","pmil","0","55.390","deg","20.000","°C","100.000","%a.s.","21.720","deg","20.000","°C","977.000","hPa","0.861","-0.02617","0.00035","0","0","13.56","Humid","26.25","0","44.00","379780.25","SABD0000000001","AAV1.0.0.11","4.0.0.2323","PSt7-10","170328-019","7/29/2022 11:23:46 AM","0000-00","0","no battery","V","","µV","","µV"
"08/11/2022","09:44:23","6","default","383292078","Oxt_06","0.468","min","98.371","%a.s.","Humid","20.538","deg","40726","µV","27.776","°C","1021.000","hPa","36.4","pmil","0","55.390","deg","20.000","°C","100.000","%a.s.","21.720","deg","20.000","°C","977.000","hPa","0.861","-0.02617","0.00035","0","0","13.56","Humid","26.25","0","44.00","379792.09","SABD0000000001","AAV1.0.0.11","4.0.0.2323","PSt7-10","170328-019","7/29/2022 11:23:46 AM","0000-00","0","no battery","V","","µV","","µV"
"08/11/2022","09:44:24","6","default","383292078","Oxt_06","0.484","min","98.348","%a.s.","Humid","20.542","deg","40726","µV","27.764","°C","1021.000","hPa","36.4","pmil","0","55.390","deg","20.000","°C","100.000","%a.s.","21.720","deg","20.000","°C","977.000","hPa","0.861","-0.02617","0.00035","0","0","13.56","Humid","26.25","0","44.00","379801.90","SABD0000000001","AAV1.0.0.11","4.0.0.2323","PSt7-10","170328-019","7/29/2022 11:23:46 AM","0000-00","0","no battery","V","","µV","","µV"
"08/11/2022","09:44:25","6","default","383292078","Oxt_06","0.501","min","98.331","%a.s.","Humid","20.544","deg","40728","µV","27.763","°C","1021.000","hPa","36.4","pmil","0","55.390","deg","20.000","°C","100.000","%a.s.","21.720","deg","20.000","°C","977.000","hPa","0.861","-0.02617","0.00035","0","0","13.56","Humid","26.25","0","44.00","379785.99","SABD0000000001","AAV1.0.0.11","4.0.0.2323","PSt7-10","170328-019","7/29/2022 11:23:46 AM","0000-00","0","no battery","V","","µV","","µV"
"08/11/2022","09:44:26","6","default","383292078","Oxt_06","0.518","min","98.376","%a.s.","Humid","20.539","deg","40719","µV","27.762","°C","1021.000","hPa","36.4","pmil","0","55.390","deg","20.000","°C","100.000","%a.s.","21.720","deg","20.000","°C","977.000","hPa","0.861","-0.02617","0.00035","0","0","13.56","Humid","26.25","0","44.00","379780.93","SABD0000000001","AAV1.0.0.11","4.0.0.2323","PSt7-10","170328-019","7/29/2022 11:23:46 AM","0000-00","0","no battery","V","","µV","","µV"
"08/11/2022","09:44:27","6","default","383292078","Oxt_06","0.534","min","98.348","%a.s.","Humid","20.543","deg","40730","µV","27.754","°C","1021.000","hPa","36.4","pmil","0","55.390","deg","20.000","°C","100.000","%a.s.","21.720","deg","20.000","°C","977.000","hPa","0.861","-0.02617","0.00035","0","0","13.56","Humid","26.25","0","44.00","379801.25","SABD0000000001","AAV1.0.0.11","4.0.0.2323","PSt7-10","170328-019","7/29/2022 11:23:46 AM","0000-00","0","no battery","V","","µV","","µV"
"08/11/2022","09:44:28","6","default","383292078","Oxt_06","0.551","min","98.405","%a.s.","Humid","20.535","deg","40724","µV","27.768","°C","1021.000","hPa","36.4","pmil","0","55.390","deg","20.000","°C","100.000","%a.s.","21.720","deg","20.000","°C","977.000","hPa","0.861","-0.02617","0.00035","0","0","13.56","Humid","26.25","0","44.00","379778.90","SABD0000000001","AAV1.0.0.11","4.0.0.2323","PSt7-10","170328-019","7/29/2022 11:23:46 AM","0000-00","0","no battery","V","","µV","","µV"
"08/11/2022","09:44:29","6","default","383292078","Oxt_06","0.568","min","98.346","%a.s.","Humid","20.541","deg","40727","µV","27.775","°C","1021.000","hPa","36.4","pmil","0","55.390","deg","20.000","°C","100.000","%a.s.","21.720","deg","20.000","°C","977.000","hPa","0.861","-0.02617","0.00035","0","0","13.56","Humid","26.25","0","44.00","379787.86","SABD0000000001","AAV1.0.0.11","4.0.0.2323","PSt7-10","170328-019","7/29/2022 11:23:46 AM","0000-00","0","no battery","V","","µV","","µV"
"08/11/2022","09:44:30","6","default","383292078","Oxt_06","0.584","min","98.320","%a.s.","Humid","20.545","deg","40720","µV","27.765","°C","1021.000","hPa","36.4","pmil","0","55.390","deg","20.000","°C","100.000","%a.s.","21.720","deg","20.000","°C","977.000","hPa","0.861","-0.02617","0.00035","0","0","13.56","Humid","26.25","0","44.00","379790.66","SABD0000000001","AAV1.0.0.11","4.0.0.2323","PSt7-10","170328-019","7/29/2022 11:23:46 AM","0000-00","0","no battery","V","","µV","","µV"
"08/11/2022","09:44:31","6","default","383292078","Oxt_06","0.601","min","98.317","%a.s.","Humid","20.546","deg","40729","µV","27.759","°C","1021.000","hPa","36.4","pmil","0","55.390","deg","20.000","°C","100.000","%a.s.","21.720","deg","20.000","°C","977.000","hPa","0.861","-0.02617","0.00035","0","0","13.56","Humid","26.25","0","44.00","379782.65","SABD0000000001","AAV1.0.0.11","4.0.0.2323","PSt7-10","170328-019","7/29/2022 11:23:46 AM","0000-00","0","no battery","V","","µV","","µV"
"08/11/2022","09:44:32","6","default","383292078","Oxt_06","0.617","min","98.300","%a.s.","Humid","20.548","deg","40730","µV","27.758","°C","1021.000","hPa","36.4","pmil","0","55.390","deg","20.000","°C","100.000","%a.s.","21.720","deg","20.000","°C","977.000","hPa","0.861","-0.02617","0.00035","0","0","13.56","Humid","26.25","0","44.00","379785.97","SABD0000000001","AAV1.0.0.11","4.0.0.2323","PSt7-10","170328-019","7/29/2022 11:23:46 AM","0000-00","0","no battery","V","","µV","","µV"
"08/11/2022","09:44:33","6","default","383292078","Oxt_06","0.634","min","98.397","%a.s.","Humid","20.537","deg","40724","µV","27.758","°C","1021.000","hPa","36.4","pmil","0","55.390","deg","20.000","°C","100.000","%a.s.","21.720","deg","20.000","°C","977.000","hPa","0.861","-0.02617","0.00035","0","0","13.56","Humid","26.25","0","44.00","379799.69","SABD0000000001","AAV1.0.0.11","4.0.0.2323","PSt7-10","170328-019","7/29/2022 11:23:46 AM","0000-00","0","no battery","V","","µV","","µV"
"08/11/2022","09:44:34","6","default","383292078","Oxt_06","0.651","min","98.391","%a.s.","Humid","20.539","deg","40733","µV","27.746","°C","1021.000","hPa","36.4","pmil","0","55.390","deg","20.000","°C","100.000","%a.s.","21.720","deg","20.000","°C","977.000","hPa","0.861","-0.02617","0.00035","0","0","13.56","Humid","26.25","0","44.00","379789.61","SABD0000000001","AAV1.0.0.11","4.0.0.2323","PSt7-10","170328-019","7/29/2022 11:23:46 AM","0000-00","0","no battery","V","","µV","","µV"
"08/11/2022","09:44:35","6","default","383292078","Oxt_06","0.667","min","98.277","%a.s.","Humid","20.550","deg","40726","µV","27.764","°C","1021.000","hPa","36.4","pmil","0","55.390","deg","20.000","°C","100.000","%a.s.","21.720","deg","20.000","°C","977.000","hPa","0.861","-0.02617","0.00035","0","0","13.56","Humid","26.25","0","44.00","379782.06","SABD0000000001","AAV1.0.0.11","4.0.0.2323","PSt7-10","170328-019","7/29/2022 11:23:46 AM","0000-00","0","no battery","V","","µV","","µV"
"08/11/2022","09:44:36","6","default","383292078","Oxt_06","0.684","min","98.336","%a.s.","Humid","20.545","deg","40725","µV","27.748","°C","1021.000","hPa","36.4","pmil","0","55.390","deg","20.000","°C","100.000","%a.s.","21.720","deg","20.000","°C","977.000","hPa","0.861","-0.02617","0.00035","0","0","13.56","Humid","26.25","0","44.00","379771.05","SABD0000000001","AAV1.0.0.11","4.0.0.2323","PSt7-10","170328-019","7/29/2022 11:23:46 AM","0000-00","0","no battery","V","","µV","","µV"
"08/11/2022","09:44:37","6","default","383292078","Oxt_06","0.701","min","98.441","%a.s.","Humid","20.534","deg","40725","µV","27.740","°C","1021.000","hPa","36.4","pmil","0","55.390","deg","20.000","°C","100.000","%a.s.","21.720","deg","20.000","°C","977.000","hPa","0.861","-0.02617","0.00035","0","0","13.56","Humid","26.25","0","44.00","379785.81","SABD0000000001","AAV1.0.0.11","4.0.0.2323","PSt7-10","170328-019","7/29/2022 11:23:46 AM","0000-00","0","no battery","V","","µV","","µV"
"08/11/2022","09:44:38","6","default","383292078","Oxt_06","0.717","min","98.365","%a.s.","Humid","20.541","deg","40728","µV","27.755","°C","1021.000","hPa","36.4","pmil","0","55.390","deg","20.000","°C","100.000","%a.s.","21.720","deg","20.000","°C","977.000","hPa","0.861","-0.02617","0.00035","0","0","13.56","Humid","26.25","0","44.00","379775.91","SABD0000000001","AAV1.0.0.11","4.0.0.2323","PSt7-10","170328-019","7/29/2022 11:23:46 AM","0000-00","0","no battery","V","","µV","","µV"
"08/11/2022","09:44:39","6","default","383292078","Oxt_06","0.734","min","98.310","%a.s.","Humid","20.548","deg","40725","µV","27.747","°C","1021.000","hPa","36.4","pmil","0","55.390","deg","20.000","°C","100.000","%a.s.","21.720","deg","20.000","°C","977.000","hPa","0.861","-0.02617","0.00035","0","0","13.56","Humid","26.25","0","44.00","379778.07","SABD0000000001","AAV1.0.0.11","4.0.0.2323","PSt7-10","170328-019","7/29/2022 11:23:46 AM","0000-00","0","no battery","V","","µV","","µV"
"08/11/2022","09:44:40","6","default","383292078","Oxt_06","0.750","min","98.364","%a.s.","Humid","20.542","deg","40728","µV","27.747","°C","1021.000","hPa","36.4","pmil","0","55.390","deg","20.000","°C","100.000","%a.s.","21.720","deg","20.000","°C","977.000","hPa","0.861","-0.02617","0.00035","0","0","13.56","Humid","26.25","0","44.00","379779.29","SABD0000000001","AAV1.0.0.11","4.0.0.2323","PSt7-10","170328-019","7/29/2022 11:23:46 AM","0000-00","0","no battery","V","","µV","","µV"
"08/11/2022","09:44:41","6","default","383292078","Oxt_06","0.767","min","98.312","%a.s.","Humid","20.547","deg","40723","µV","27.754","°C","1021.000","hPa","36.4","pmil","0","55.390","deg","20.000","°C","100.000","%a.s.","21.720","deg","20.000","°C","977.000","hPa","0.861","-0.02617","0.00035","0","0","13.56","Humid","26.25","0","44.00","379772.71","SABD0000000001","AAV1.0.0.11","4.0.0.2323","PSt7-10","170328-019","7/29/2022 11:23:46 AM","0000-00","0","no battery","V","","µV","","µV"
"08/11/2022","09:44:42","6","default","383292078","Oxt_06","0.785","min","98.328","%a.s.","Humid","20.543","deg","40729","µV","27.775","°C","1021.000","hPa","36.4","pmil","0","55.390","deg","20.000","°C","100.000","%a.s.","21.720","deg","20.000","°C","977.000","hPa","0.861","-0.02617","0.00035","0","0","13.56","Humid","26.25","0","44.00","379769.15","SABD0000000001","AAV1.0.0.11","4.0.0.2323","PSt7-10","170328-019","7/29/2022 11:23:46 AM","0000-00","0","no battery","V","","µV","","µV"
"08/11/2022","09:44:43","6","default","383292078","Oxt_06","0.801","min","98.343","%a.s.","Humid","20.542","deg","40724","µV","27.769","°C","1021.000","hPa","36.4","pmil","0","55.390","deg","20.000","°C","100.000","%a.s.","21.720","deg","20.000","°C","977.000","hPa","0.861","-0.02617","0.00035","0","0","13.56","Humid","26.25","0","44.00","379782.96","SABD0000000001","AAV1.0.0.11","4.0.0.2323","PSt7-10","170328-019","7/29/2022 11:23:46 AM","0000-00","0","no battery","V","","µV","","µV"
"08/11/2022","09:44:44","6","default","383292078","Oxt_06","0.818","min","98.285","%a.s.","Humid","20.549","deg","40731","µV","27.764","°C","1021.000","hPa","36.4","pmil","0","55.390","deg","20.000","°C","100.000","%a.s.","21.720","deg","20.000","°C","977.000","hPa","0.861","-0.02617","0.00035","0","0","13.56","Humid","26.25","0","44.00","379770.42","SABD0000000001","AAV1.0.0.11","4.0.0.2323","PSt7-10","170328-019","7/29/2022 11:23:46 AM","0000-00","0","no battery","V","","µV","","µV"
"08/11/2022","09:44:45","6","default","383292078","Oxt_06","0.834","min","98.340","%a.s.","Humid","20.544","deg","40731","µV","27.753","°C","1021.000","hPa","36.4","pmil","0","55.390","deg","20.000","°C","100.000","%a.s.","21.720","deg","20.000","°C","977.000","hPa","0.861","-0.02617","0.00035","0","0","13.56","Humid","26.25","0","44.00","379769.52","SABD0000000001","AAV1.0.0.11","4.0.0.2323","PSt7-10","170328-019","7/29/2022 11:23:46 AM","0000-00","0","no battery","V","","µV","","µV"
"08/11/2022","09:44:46","6","default","383292078","Oxt_06","0.851","min","98.348","%a.s.","Humid","20.542","deg","40726","µV","27.763","°C","1021.000","hPa","36.4","pmil","0","55.390","deg","20.000","°C","100.000","%a.s.","21.720","deg","20.000","°C","977.000","hPa","0.861","-0.02617","0.00035","0","0","13.56","Humid","26.25","0","44.00","379791.92","SABD0000000001","AAV1.0.0.11","4.0.0.2323","PSt7-10","170328-019","7/29/2022 11:23:46 AM","0000-00","0","no battery","V","","µV","","µV"
"08/11/2022","09:44:47","6","default","383292078","Oxt_06","0.868","min","98.304","%a.s.","Humid","20.548","deg","40722","µV","27.754","°C","1021.000","hPa","36.4","pmil","0","55.390","deg","20.000","°C","100.000","%a.s.","21.720","deg","20.000","°C","977.000","hPa","0.861","-0.02617","0.00035","0","0","13.56","Humid","26.25","0","44.00","379787.93","SABD0000000001","AAV1.0.0.11","4.0.0.2323","PSt7-10","170328-019","7/29/2022 11:23:46 AM","0000-00","0","no battery","V","","µV","","µV"
"08/11/2022","09:44:48","6","default","383292078","Oxt_06","0.884","min","98.287","%a.s.","Humid","20.549","deg","40730","µV","27.763","°C","1021.000","hPa","36.4","pmil","0","55.390","deg","20.000","°C","100.000","%a.s.","21.720","deg","20.000","°C","977.000","hPa","0.861","-0.02617","0.00035","0","0","13.56","Humid","26.25","0","44.00","379771.48","SABD0000000001","AAV1.0.0.11","4.0.0.2323","PSt7-10","170328-019","7/29/2022 11:23:46 AM","0000-00","0","no battery","V","","µV","","µV"
"08/11/2022","09:44:49","6","default","383292078","Oxt_06","0.901","min","98.306","%a.s.","Humid","20.547","deg","40724","µV","27.761","°C","1021.000","hPa","36.4","pmil","0","55.390","deg","20.000","°C","100.000","%a.s.","21.720","deg","20.000","°C","977.000","hPa","0.861","-0.02617","0.00035","0","0","13.56","Humid","26.25","0","44.00","379778.68","SABD0000000001","AAV1.0.0.11","4.0.0.2323","PSt7-10","170328-019","7/29/2022 11:23:46 AM","0000-00","0","no battery","V","","µV","","µV"
"08/11/2022","09:44:50","6","default","383292078","Oxt_06","0.918","min","98.345","%a.s.","Humid","20.544","deg","40720","µV","27.748","°C","1021.000","hPa","36.4","pmil","0","55.390","deg","20.000","°C","100.000","%a.s.","21.720","deg","20.000","°C","977.000","hPa","0.861","-0.02617","0.00035","0","0","13.56","Humid","26.25","0","44.00","379777.75","SABD0000000001","AAV1.0.0.11","4.0.0.2323","PSt7-10","170328-019","7/29/2022 11:23:46 AM","0000-00","0","no battery","V","","µV","","µV"
"08/11/2022","09:44:51","6","default","383292078","Oxt_06","0.934","min","98.318","%a.s.","Humid","20.547","deg","40721","µV","27.748","°C","1021.000","hPa","36.4","pmil","0","55.390","deg","20.000","°C","100.000","%a.s.","21.720","deg","20.000","°C","977.000","hPa","0.861","-0.02617","0.00035","0","0","13.56","Humid","26.25","0","44.00","379769.29","SABD0000000001","AAV1.0.0.11","4.0.0.2323","PSt7-10","170328-019","7/29/2022 11:23:46 AM","0000-00","0","no battery","V","","µV","","µV"
"08/11/2022","09:44:52","6","default","383292078","Oxt_06","0.951","min","98.282","%a.s.","Humid","20.549","deg","40725","µV","27.768","°C","1021.000","hPa","36.4","pmil","0","55.390","deg","20.000","°C","100.000","%a.s.","21.720","deg","20.000","°C","977.000","hPa","0.861","-0.02617","0.00035","0","0","13.56","Humid","26.25","0","44.00","379778.28","SABD0000000001","AAV1.0.0.11","4.0.0.2323","PSt7-10","170328-019","7/29/2022 11:23:46 AM","0000-00","0","no battery","V","","µV","","µV"
"08/11/2022","09:44:53","6","default","383292078","Oxt_06","0.967","min","98.223","%a.s.","Humid","20.556","deg","40725","µV","27.765","°C","1021.000","hPa","36.4","pmil","0","55.390","deg","20.000","°C","100.000","%a.s.","21.720","deg","20.000","°C","977.000","hPa","0.861","-0.02617","0.00035","0","0","13.56","Humid","26.25","0","44.00","379782.86","SABD0000000001","AAV1.0.0.11","4.0.0.2323","PSt7-10","170328-019","7/29/2022 11:23:46 AM","0000-00","0","no battery","V","","µV","","µV"
"08/11/2022","09:44:54","6","default","383292078","Oxt_06","0.984","min","98.311","%a.s.","Humid","20.546","deg","40732","µV","27.765","°C","1021.000","hPa","36.4","pmil","0","55.390","deg","20.000","°C","100.000","%a.s.","21.720","deg","20.000","°C","977.000","hPa","0.861","-0.02617","0.00035","0","0","13.56","Humid","26.25","0","44.00","379781.42","SABD0000000001","AAV1.0.0.11","4.0.0.2323","PSt7-10","170328-019","7/29/2022 11:23:46 AM","0000-00","0","no battery","V","","µV","","µV"
"08/11/2022","09:44:55","6","default","383292078","Oxt_06","1.001","min","98.258","%a.s.","Humid","20.553","deg","40731","µV","27.756","°C","1021.000","hPa","36.4","pmil","0","55.390","deg","20.000","°C","100.000","%a.s.","21.720","deg","20.000","°C","977.000","hPa","0.861","-0.02617","0.00035","0","0","13.56","Humid","26.25","0","44.00","379783.90","SABD0000000001","AAV1.0.0.11","4.0.0.2323","PSt7-10","170328-019","7/29/2022 11:23:46 AM","0000-00","0","no battery","V","","µV","","µV"
"08/11/2022","09:44:56","6","default","383292078","Oxt_06","1.017","min","98.318","%a.s.","Humid","20.547","deg","40730","µV","27.748","°C","1021.000","hPa","36.4","pmil","0","55.390","deg","20.000","°C","100.000","%a.s.","21.720","deg","20.000","°C","977.000","hPa","0.861","-0.02617","0.00035","0","0","13.56","Humid","26.25","0","44.00","379772.47","SABD0000000001","AAV1.0.0.11","4.0.0.2323","PSt7-10","170328-019","7/29/2022 11:23:46 AM","0000-00","0","no battery","V","","µV","","µV"
"08/11/2022","09:44:57","6","default","383292078","Oxt_06","1.034","min","98.270","%a.s.","Humid","20.553","deg","40729","µV","27.743","°C","1021.000","hPa","36.4","pmil","0","55.390","deg","20.000","°C","100.000","%a.s.","21.720","deg","20.000","°C","977.000","hPa","0.861","-0.02617","0.00035","0","0","13.56","Humid","26.25","0","44.00","379778.10","SABD0000000001","AAV1.0.0.11","4.0.0.2323","PSt7-10","170328-019","7/29/2022 11:23:46 AM","0000-00","0","no battery","V","","µV","","µV"
"08/11/2022","09:44:58","6","default","383292078","Oxt_06","1.051","min","98.239","%a.s.","Humid","20.556","deg","40725","µV","27.748","°C","1021.000","hPa","36.4","pmil","0","55.390","deg","20.000","°C","100.000","%a.s.","21.720","deg","20.000","°C","977.000","hPa","0.861","-0.02617","0.00035","0","0","13.56","Humid","26.25","0","44.00","379775.71","SABD0000000001","AAV1.0.0.11","4.0.0.2323","PSt7-10","170328-019","7/29/2022 11:23:46 AM","0000-00","0","no battery","V","","µV","","µV"
"08/11/2022","09:44:59","6","default","383292078","Oxt_06","1.067","min","98.275","%a.s.","Humid","20.552","deg","40730","µV","27.747","°C","1021.000","hPa","36.4","pmil","0","55.390","deg","20.000","°C","100.000","%a.s.","21.720","deg","20.000","°C","977.000","hPa","0.861","-0.02617","0.00035","0","0","13.56","Humid","26.25","0","44.00","379776.90","SABD0000000001","AAV1.0.0.11","4.0.0.2323","PSt7-10","170328-019","7/29/2022 11:23:46 AM","0000-00","0","no battery","V","","µV","","µV"
"08/11/2022","09:45:00","6","default","383292078","Oxt_06","1.084","min","98.391","%a.s.","Humid","20.539","deg","40727","µV","27.746","°C","1021.000","hPa","36.4","pmil","0","55.390","deg","20.000","°C","100.000","%a.s.","21.720","deg","20.000","°C","977.000","hPa","0.861","-0.02617","0.00035","0","0","13.56","Humid","26.25","0","44.00","379761.53","SABD0000000001","AAV1.0.0.11","4.0.0.2323","PSt7-10","170328-019","7/29/2022 11:23:46 AM","0000-00","0","no battery","V","","µV","","µV"
"08/11/2022","09:45:01","6","default","383292078","Oxt_06","1.101","min","98.239","%a.s.","Humid","20.557","deg","40731","µV","27.739","°C","1021.000","hPa","36.4","pmil","0","55.390","deg","20.000","°C","100.000","%a.s.","21.720","deg","20.000","°C","977.000","hPa","0.861","-0.02617","0.00035","0","0","13.56","Humid","26.25","0","44.00","379778.49","SABD0000000001","AAV1.0.0.11","4.0.0.2323","PSt7-10","170328-019","7/29/2022 11:23:46 AM","0000-00","0","no battery","V","","µV","","µV"
"08/11/2022","09:45:02","6","default","383292078","Oxt_06","1.117","min","98.288","%a.s.","Humid","20.549","deg","40730","µV","27.761","°C","1021.000","hPa","36.4","pmil","0","55.390","deg","20.000","°C","100.000","%a.s.","21.720","deg","20.000","°C","977.000","hPa","0.861","-0.02617","0.00035","0","0","13.56","Humid","26.25","0","44.00","379766.49","SABD0000000001","AAV1.0.0.11","4.0.0.2323","PSt7-10","170328-019","7/29/2022 11:23:46 AM","0000-00","0","no battery","V","","µV","","µV"
"08/11/2022","09:45:03","6","default","383292078","Oxt_06","1.134","min","98.292","%a.s.","Humid","20.548","deg","40729","µV","27.766","°C","1021.000","hPa","36.4","pmil","0","55.390","deg","20.000","°C","100.000","%a.s.","21.720","deg","20.000","°C","977.000","hPa","0.861","-0.02617","0.00035","0","0","13.56","Humid","26.25","0","44.00","379775.69","SABD0000000001","AAV1.0.0.11","4.0.0.2323","PSt7-10","170328-019","7/29/2022 11:23:46 AM","0000-00","0","no battery","V","","µV","","µV"
"08/11/2022","09:45:04","6","default","383292078","Oxt_06","1.150","min","98.284","%a.s.","Humid","20.550","deg","40726","µV","27.756","°C","1021.000","hPa","36.4","pmil","0","55.390","deg","20.000","°C","100.000","%a.s.","21.720","deg","20.000","°C","977.000","hPa","0.861","-0.02617","0.00035","0","0","13.56","Humid","26.25","0","44.00","379776.01","SABD0000000001","AAV1.0.0.11","4.0.0.2323","PSt7-10","170328-019","7/29/2022 11:23:46 AM","0000-00","0","no battery","V","","µV","","µV"
"08/11/2022","09:45:05","6","default","383292078","Oxt_06","1.167","min","98.353","%a.s.","Humid","20.543","deg","40725","µV","27.749","°C","1021.000","hPa","36.4","pmil","0","55.390","deg","20.000","°C","100.000","%a.s.","21.720","deg","20.000","°C","977.000","hPa","0.861","-0.02617","0.00035","0","0","13.56","Humid","26.25","0","44.00","379789.39","SABD0000000001","AAV1.0.0.11","4.0.0.2323","PSt7-10","170328-019","7/29/2022 11:23:46 AM","0000-00","0","no battery","V","","µV","","µV"
"08/11/2022","09:45:06","6","default","383292078","Oxt_06","1.184","min","98.249","%a.s.","Humid","20.554","deg","40727","µV","27.756","°C","1021.000","hPa","36.4","pmil","0","55.390","deg","20.000","°C","100.000","%a.s.","21.720","deg","20.000","°C","977.000","hPa","0.861","-0.02617","0.00035","0","0","13.56","Humid","26.25","0","44.00","379785.29","SABD0000000001","AAV1.0.0.11","4.0.0.2323","PSt7-10","170328-019","7/29/2022 11:23:46 AM","0000-00","0","no battery","V","","µV","","µV"
"08/11/2022","09:45:07","6","default","383292078","Oxt_06","1.200","min","98.330","%a.s.","Humid","20.546","deg","40727","µV","27.745","°C","1021.000","hPa","36.4","pmil","0","55.390","deg","20.000","°C","100.000","%a.s.","21.720","deg","20.000","°C","977.000","hPa","0.861","-0.02617","0.00035","0","0","13.56","Humid","26.25","0","44.00","379777.25","SABD0000000001","AAV1.0.0.11","4.0.0.2323","PSt7-10","170328-019","7/29/2022 11:23:46 AM","0000-00","0","no battery","V","","µV","","µV"
"08/11/2022","09:45:08","6","default","383292078","Oxt_06","1.218","min","98.244","%a.s.","Humid","20.554","deg","40725","µV","27.761","°C","1021.000","hPa","36.4","pmil","0","55.390","deg","20.000","°C","100.000","%a.s.","21.720","deg","20.000","°C","977.000","hPa","0.861","-0.02617","0.00035","0","0","13.56","Humid","26.25","0","44.00","379779.70","SABD0000000001","AAV1.0.0.11","4.0.0.2323","PSt7-10","170328-019","7/29/2022 11:23:46 AM","0000-00","0","no battery","V","","µV","","µV"
"08/11/2022","09:45:09","6","default","383292078","Oxt_06","1.235","min","98.247","%a.s.","Humid","20.555","deg","40724","µV","27.748","°C","1021.000","hPa","36.4","pmil","0","55.390","deg","20.000","°C","100.000","%a.s.","21.720","deg","20.000","°C","977.000","hPa","0.861","-0.02617","0.00035","0","0","13.56","Humid","26.25","0","44.00","379778.94","SABD0000000001","AAV1.0.0.11","4.0.0.2323","PSt7-10","170328-019","7/29/2022 11:23:46 AM","0000-00","0","no battery","V","","µV","","µV"
"08/11/2022","09:45:10","6","default","383292078","Oxt_06","1.251","min","98.340","%a.s.","Humid","20.546","deg","40724","µV","27.735","°C","1021.000","hPa","36.4","pmil","0","55.390","deg","20.000","°C","100.000","%a.s.","21.720","deg","20.000","°C","977.000","hPa","0.861","-0.02617","0.00035","0","0","13.56","Humid","26.25","0","44.00","379773.61","SABD0000000001","AAV1.0.0.11","4.0.0.2323","PSt7-10","170328-019","7/29/2022 11:23:46 AM","0000-00","0","no battery","V","","µV","","µV"
"08/11/2022","09:45:11","6","default","383292078","Oxt_06","1.268","min","98.255","%a.s.","Humid","20.555","deg","40726","µV","27.740","°C","1021.000","hPa","36.4","pmil","0","55.390","deg","20.000","°C","100.000","%a.s.","21.720","deg","20.000","°C","977.000","hPa","0.861","-0.02617","0.00035","0","0","13.56","Humid","26.25","0","44.00","379765.11","SABD0000000001","AAV1.0.0.11","4.0.0.2323","PSt7-10","170328-019","7/29/2022 11:23:46 AM","0000-00","0","no battery","V","","µV","","µV"
"08/11/2022","09:45:12","6","default","383292078","Oxt_06","1.284","min","98.248","%a.s.","Humid","20.554","deg","40730","µV","27.757","°C","1021.000","hPa","36.4","pmil","0","55.390","deg","20.000","°C","100.000","%a.s.","21.720","deg","20.000","°C","977.000","hPa","0.861","-0.02617","0.00035","0","0","13.56","Humid","26.25","0","44.00","379780.94","SABD0000000001","AAV1.0.0.11","4.0.0.2323","PSt7-10","170328-019","7/29/2022 11:23:46 AM","0000-00","0","no battery","V","","µV","","µV"
"08/11/2022","09:45:13","6","default","383292078","Oxt_06","1.301","min","98.240","%a.s.","Humid","20.555","deg","40731","µV","27.756","°C","1021.000","hPa","36.4","pmil","0","55.390","deg","20.000","°C","100.000","%a.s.","21.720","deg","20.000","°C","977.000","hPa","0.861","-0.02617","0.00035","0","0","13.56","Humid","26.25","0","44.00","379781.67","SABD0000000001","AAV1.0.0.11","4.0.0.2323","PSt7-10","170328-019","7/29/2022 11:23:46 AM","0000-00","0","no battery","V","","µV","","µV"
"08/11/2022","09:45:14","6","default","383292078","Oxt_06","1.318","min","98.229","%a.s.","Humid","20.557","deg","40731","µV","27.749","°C","1021.000","hPa","36.4","pmil","0","55.390","deg","20.000","°C","100.000","%a.s.","21.720","deg","20.000","°C","977.000","hPa","0.861","-0.02617","0.00035","0","0","13.56","Humid","26.25","0","44.00","379769.38","SABD0000000001","AAV1.0.0.11","4.0.0.2323","PSt7-10","170328-019","7/29/2022 11:23:46 AM","0000-00","0","no battery","V","","µV","","µV"
"08/11/2022","09:45:15","6","default","383292078","Oxt_06","1.334","min","98.228","%a.s.","Humid","20.557","deg","40729","µV","27.750","°C","1021.000","hPa","36.4","pmil","0","55.390","deg","20.000","°C","100.000","%a.s.","21.720","deg","20.000","°C","977.000","hPa","0.861","-0.02617","0.00035","0","0","13.56","Humid","26.25","0","44.00","379768.92","SABD0000000001","AAV1.0.0.11","4.0.0.2323","PSt7-10","170328-019","7/29/2022 11:23:46 AM","0000-00","0","no battery","V","","µV","","µV"
"08/11/2022","09:45:16","6","default","383292078","Oxt_06","1.351","min","98.199","%a.s.","Humid","20.560","deg","40734","µV","27.753","°C","1021.000","hPa","36.4","pmil","0","55.390","deg","20.000","°C","100.000","%a.s.","21.720","deg","20.000","°C","977.000","hPa","0.861","-0.02617","0.00035","0","0","13.56","Humid","26.25","0","44.00","379783.51","SABD0000000001","AAV1.0.0.11","4.0.0.2323","PSt7-10","170328-019","7/29/2022 11:23:46 AM","0000-00","0","no battery","V","","µV","","µV"
"08/11/2022","09:45:17","6","default","383292078","Oxt_06","1.367","min","98.207","%a.s.","Humid","20.560","deg","40731","µV","27.744","°C","1021.000","hPa","36.4","pmil","0","55.390","deg","20.000","°C","100.000","%a.s.","21.720","deg","20.000","°C","977.000","hPa","0.861","-0.02617","0.00035","0","0","13.56","Humid","26.25","0","44.00","379773.71","SABD0000000001","AAV1.0.0.11","4.0.0.2323","PSt7-10","170328-019","7/29/2022 11:23:46 AM","0000-00","0","no battery","V","","µV","","µV"
"08/11/2022","09:45:18","6","default","383292078","Oxt_06","1.384","min","98.229","%a.s.","Humid","20.558","deg","40735","µV","27.740","°C","1021.000","hPa","36.4","pmil","0","55.390","deg","20.000","°C","100.000","%a.s.","21.720","deg","20.000","°C","977.000","hPa","0.861","-0.02617","0.00035","0","0","13.56","Humid","26.25","0","44.00","379768.10","SABD0000000001","AAV1.0.0.11","4.0.0.2323","PSt7-10","170328-019","7/29/2022 11:23:46 AM","0000-00","0","no battery","V","","µV","","µV"
"08/11/2022","09:45:19","6","default","383292078","Oxt_06","1.401","min","98.170","%a.s.","Humid","20.565","deg","40738","µV","27.737","°C","1021.000","hPa","36.4","pmil","0","55.390","deg","20.000","°C","100.000","%a.s.","21.720","deg","20.000","°C","977.000","hPa","0.861","-0.02617","0.00035","0","0","13.56","Humid","26.25","0","44.00","379771.60","SABD0000000001","AAV1.0.0.11","4.0.0.2323","PSt7-10","170328-019","7/29/2022 11:23:46 AM","0000-00","0","no battery","V","","µV","","µV"
"08/11/2022","09:45:20","6","default","383292078","Oxt_06","1.417","min","98.318","%a.s.","Humid","20.546","deg","40734","µV","27.758","°C","1021.000","hPa","36.4","pmil","0","55.390","deg","20.000","°C","100.000","%a.s.","21.720","deg","20.000","°C","977.000","hPa","0.861","-0.02617","0.00035","0","0","13.56","Humid","26.25","0","44.00","379770.04","SABD0000000001","AAV1.0.0.11","4.0.0.2323","PSt7-10","170328-019","7/29/2022 11:23:46 AM","0000-00","0","no battery","V","","µV","","µV"
"08/11/2022","09:45:21","6","default","383292078","Oxt_06","1.434","min","98.250","%a.s.","Humid","20.553","deg","40728","µV","27.764","°C","1021.000","hPa","36.4","pmil","0","55.390","deg","20.000","°C","100.000","%a.s.","21.720","deg","20.000","°C","977.000","hPa","0.861","-0.02617","0.00035","0","0","13.56","Humid","26.25","0","44.00","379773.86","SABD0000000001","AAV1.0.0.11","4.0.0.2323","PSt7-10","170328-019","7/29/2022 11:23:46 AM","0000-00","0","no battery","V","","µV","","µV"
"08/11/2022","09:45:22","6","default","383292078","Oxt_06","1.450","min","98.229","%a.s.","Humid","20.556","deg","40734","µV","27.759","°C","1021.000","hPa","36.4","pmil","0","55.390","deg","20.000","°C","100.000","%a.s.","21.720","deg","20.000","°C","977.000","hPa","0.861","-0.02617","0.00035","0","0","13.56","Humid","26.25","0","44.00","379764.32","SABD0000000001","AAV1.0.0.11","4.0.0.2323","PSt7-10","170328-019","7/29/2022 11:23:46 AM","0000-00","0","no battery","V","","µV","","µV"
"08/11/2022","09:45:23","6","default","383292078","Oxt_06","1.467","min","98.256","%a.s.","Humid","20.553","deg","40735","µV","27.758","°C","1021.000","hPa","36.4","pmil","0","55.390","deg","20.000","°C","100.000","%a.s.","21.720","deg","20.000","°C","977.000","hPa","0.861","-0.02617","0.00035","0","0","13.56","Humid","26.25","0","44.00","379765.37","SABD0000000001","AAV1.0.0.11","4.0.0.2323","PSt7-10","170328-019","7/29/2022 11:23:46 AM","0000-00","0","no battery","V","","µV","","µV"
"08/11/2022","09:45:24","6","default","383292078","Oxt_06","1.484","min","98.232","%a.s.","Humid","20.556","deg","40734","µV","27.755","°C","1021.000","hPa","36.4","pmil","0","55.390","deg","20.000","°C","100.000","%a.s.","21.720","deg","20.000","°C","977.000","hPa","0.861","-0.02617","0.00035","0","0","13.56","Humid","26.25","0","44.00","379768.74","SABD0000000001","AAV1.0.0.11","4.0.0.2323","PSt7-10","170328-019","7/29/2022 11:23:46 AM","0000-00","0","no battery","V","","µV","","µV"
"08/11/2022","09:45:25","6","default","383292078","Oxt_06","1.501","min","98.233","%a.s.","Humid","20.557","deg","40735","µV","27.745","°C","1021.000","hPa","36.4","pmil","0","55.390","deg","20.000","°C","100.000","%a.s.","21.720","deg","20.000","°C","977.000","hPa","0.861","-0.02617","0.00035","0","0","13.56","Humid","26.25","0","44.00","379767.02","SABD0000000001","AAV1.0.0.11","4.0.0.2323","PSt7-10","170328-019","7/29/2022 11:23:46 AM","0000-00","0","no battery","V","","µV","","µV"
"08/11/2022","09:45:26","6","default","383292078","Oxt_06","1.518","min","98.193","%a.s.","Humid","20.562","deg","40727","µV","27.741","°C","1021.000","hPa","36.4","pmil","0","55.390","deg","20.000","°C","100.000","%a.s.","21.720","deg","20.000","°C","977.000","hPa","0.861","-0.02617","0.00035","0","0","13.56","Humid","26.25","0","44.00","379760.62","SABD0000000001","AAV1.0.0.11","4.0.0.2323","PSt7-10","170328-019","7/29/2022 11:23:46 AM","0000-00","0","no battery","V","","µV","","µV"
"08/11/2022","09:45:27","6","default","383292078","Oxt_06","1.535","min","98.256","%a.s.","Humid","20.554","deg","40735","µV","27.749","°C","1021.000","hPa","36.4","pmil","0","55.390","deg","20.000","°C","100.000","%a.s.","21.720","deg","20.000","°C","977.000","hPa","0.861","-0.02617","0.00035","0","0","13.56","Humid","26.25","0","44.00","379760.84","SABD0000000001","AAV1.0.0.11","4.0.0.2323","PSt7-10","170328-019","7/29/2022 11:23:46 AM","0000-00","0","no battery","V","","µV","","µV"
"08/11/2022","09:45:28","6","default","383292078","Oxt_06","1.551","min","98.200","%a.s.","Humid","20.561","deg","40736","µV","27.742","°C","1021.000","hPa","36.4","pmil","0","55.390","deg","20.000","°C","100.000","%a.s.","21.720","deg","20.000","°C","977.000","hPa","0.861","-0.02617","0.00035","0","0","13.56","Humid","26.25","0","44.00","379757.61","SABD0000000001","AAV1.0.0.11","4.0.0.2323","PSt7-10","170328-019","7/29/2022 11:23:46 AM","0000-00","0","no battery","V","","µV","","µV"
"08/11/2022","09:45:29","6","default","383292078","Oxt_06","1.568","min","98.146","%a.s.","Humid","20.566","deg","40740","µV","27.753","°C","1021.000","hPa","36.4","pmil","0","55.390","deg","20.000","°C","100.000","%a.s.","21.720","deg","20.000","°C","977.000","hPa","0.861","-0.02617","0.00035","0","0","13.56","Humid","26.25","0","44.00","379759.27","SABD0000000001","AAV1.0.0.11","4.0.0.2323","PSt7-10","170328-019","7/29/2022 11:23:46 AM","0000-00","0","no battery","V","","µV","","µV"
"08/11/2022","09:45:30","6","default","383292078","Oxt_06","1.584","min","98.211","%a.s.","Humid","20.559","deg","40734","µV","27.749","°C","1021.000","hPa","36.4","pmil","0","55.390","deg","20.000","°C","100.000","%a.s.","21.720","deg","20.000","°C","977.000","hPa","0.861","-0.02617","0.00035","0","0","13.56","Humid","26.25","0","44.00","379769.80","SABD0000000001","AAV1.0.0.11","4.0.0.2323","PSt7-10","170328-019","7/29/2022 11:23:46 AM","0000-00","0","no battery","V","","µV","","µV"
"08/11/2022","09:45:31","6","default","383292078","Oxt_06","1.601","min","98.205","%a.s.","Humid","20.560","deg","40737","µV","27.746","°C","1021.000","hPa","36.4","pmil","0","55.390","deg","20.000","°C","100.000","%a.s.","21.720","deg","20.000","°C","977.000","hPa","0.861","-0.02617","0.00035","0","0","13.56","Humid","26.25","0","44.00","379766.41","SABD0000000001","AAV1.0.0.11","4.0.0.2323","PSt7-10","170328-019","7/29/2022 11:23:46 AM","0000-00","0","no battery","V","","µV","","µV"
"08/11/2022","09:45:32","6","default","383292078","Oxt_06","1.617","min","98.218","%a.s.","Humid","20.558","deg","40735","µV","27.751","°C","1021.000","hPa","36.4","pmil","0","55.390","deg","20.000","°C","100.000","%a.s.","21.720","deg","20.000","°C","977.000","hPa","0.861","-0.02617","0.00035","0","0","13.56","Humid","26.25","0","44.00","379746.24","SABD0000000001","AAV1.0.0.11","4.0.0.2323","PSt7-10","170328-019","7/29/2022 11:23:46 AM","0000-00","0","no battery","V","","µV","","µV"
"08/11/2022","09:45:33","6","default","383292078","Oxt_06","1.634","min","98.184","%a.s.","Humid","20.562","deg","40736","µV","27.750","°C","1021.000","hPa","36.4","pmil","0","55.390","deg","20.000","°C","100.000","%a.s.","21.720","deg","20.000","°C","977.000","hPa","0.861","-0.02617","0.00035","0","0","13.56","Humid","26.25","0","44.00","379742.55","SABD0000000001","AAV1.0.0.11","4.0.0.2323","PSt7-10","170328-019","7/29/2022 11:23:46 AM","0000-00","0","no battery","V","","µV","","µV"
"08/11/2022","09:45:34","6","default","383292078","Oxt_06","1.651","min","98.270","%a.s.","Humid","20.554","deg","40733","µV","27.733","°C","1021.000","hPa","36.4","pmil","0","55.390","deg","20.000","°C","100.000","%a.s.","21.720","deg","20.000","°C","977.000","hPa","0.861","-0.02617","0.00035","0","0","13.56","Humid","26.25","0","44.00","379755.56","SABD0000000001","AAV1.0.0.11","4.0.0.2323","PSt7-10","170328-019","7/29/2022 11:23:46 AM","0000-00","0","no battery","V","","µV","","µV"
"08/11/2022","09:45:35","6","default","383292078","Oxt_06","1.667","min","98.293","%a.s.","Humid","20.550","deg","40737","µV","27.747","°C","1021.000","hPa","36.4","pmil","0","55.390","deg","20.000","°C","100.000","%a.s.","21.720","deg","20.000","°C","977.000","hPa","0.861","-0.02617","0.00035","0","0","13.56","Humid","26.25","0","44.00","379749.00","SABD0000000001","AAV1.0.0.11","4.0.0.2323","PSt7-10","170328-019","7/29/2022 11:23:46 AM","0000-00","0","no battery","V","","µV","","µV"
"08/11/2022","09:45:36","6","default","383292078","Oxt_06","1.684","min","98.243","%a.s.","Humid","20.557","deg","40745","µV","27.734","°C","1021.000","hPa","36.4","pmil","0","55.390","deg","20.000","°C","100.000","%a.s.","21.720","deg","20.000","°C","977.000","hPa","0.861","-0.02617","0.00035","0","0","13.56","Humid","26.25","0","44.00","379761.56","SABD0000000001","AAV1.0.0.11","4.0.0.2323","PSt7-10","170328-019","7/29/2022 11:23:46 AM","0000-00","0","no battery","V","","µV","","µV"
"08/11/2022","09:45:37","6","default","383292078","Oxt_06","1.701","min","98.194","%a.s.","Humid","20.563","deg","40737","µV","27.730","°C","1021.000","hPa","36.4","pmil","0","55.390","deg","20.000","°C","100.000","%a.s.","21.720","deg","20.000","°C","977.000","hPa","0.861","-0.02617","0.00035","0","0","13.56","Humid","26.25","0","44.00","379761.90","SABD0000000001","AAV1.0.0.11","4.0.0.2323","PSt7-10","170328-019","7/29/2022 11:23:46 AM","0000-00","0","no battery","V","","µV","","µV"
"08/11/2022","09:45:38","6","default","383292078","Oxt_06","1.718","min","98.213","%a.s.","Humid","20.559","deg","40739","µV","27.748","°C","1021.000","hPa","36.4","pmil","0","55.390","deg","20.000","°C","100.000","%a.s.","21.720","deg","20.000","°C","977.000","hPa","0.861","-0.02617","0.00035","0","0","13.56","Humid","26.25","0","44.00","379765.46","SABD0000000001","AAV1.0.0.11","4.0.0.2323","PSt7-10","170328-019","7/29/2022 11:23:46 AM","0000-00","0","no battery","V","","µV","","µV"
"08/11/2022","09:45:39","6","default","383292078","Oxt_06","1.735","min","98.224","%a.s.","Humid","20.558","deg","40734","µV","27.745","°C","1021.000","hPa","36.4","pmil","0","55.390","deg","20.000","°C","100.000","%a.s.","21.720","deg","20.000","°C","977.000","hPa","0.861","-0.02617","0.00035","0","0","13.56","Humid","26.25","0","44.00","379749.90","SABD0000000001","AAV1.0.0.11","4.0.0.2323","PSt7-10","170328-019","7/29/2022 11:23:46 AM","0000-00","0","no battery","V","","µV","","µV"
"08/11/2022","09:45:40","6","default","383292078","Oxt_06","1.751","min","98.213","%a.s.","Humid","20.558","deg","40740","µV","27.756","°C","1021.000","hPa","36.4","pmil","0","55.390","deg","20.000","°C","100.000","%a.s.","21.720","deg","20.000","°C","977.000","hPa","0.861","-0.02617","0.00035","0","0","13.56","Humid","26.25","0","44.00","379749.44","SABD0000000001","AAV1.0.0.11","4.0.0.2323","PSt7-10","170328-019","7/29/2022 11:23:46 AM","0000-00","0","no battery","V","","µV","","µV"
"08/11/2022","09:45:41","6","default","383292078","Oxt_06","1.768","min","98.219","%a.s.","Humid","20.556","deg","40741","µV","27.769","°C","1021.000","hPa","36.4","pmil","0","55.390","deg","20.000","°C","100.000","%a.s.","21.720","deg","20.000","°C","977.000","hPa","0.861","-0.02617","0.00035","0","0","13.56","Humid","26.25","0","44.00","379753.98","SABD0000000001","AAV1.0.0.11","4.0.0.2323","PSt7-10","170328-019","7/29/2022 11:23:46 AM","0000-00","0","no battery","V","","µV","","µV"
"08/11/2022","09:45:42","6","default","383292078","Oxt_06","1.784","min","98.194","%a.s.","Humid","20.561","deg","40737","µV","27.749","°C","1021.000","hPa","36.4","pmil","0","55.390","deg","20.000","°C","100.000","%a.s.","21.720","deg","20.000","°C","977.000","hPa","0.861","-0.02617","0.00035","0","0","13.56","Humid","26.25","0","44.00","379752.33","SABD0000000001","AAV1.0.0.11","4.0.0.2323","PSt7-10","170328-019","7/29/2022 11:23:46 AM","0000-00","0","no battery","V","","µV","","µV"
"08/11/2022","09:45:43","6","default","383292078","Oxt_06","1.801","min","98.155","%a.s.","Humid","20.564","deg","40736","µV","27.762","°C","1021.000","hPa","36.4","pmil","0","55.390","deg","20.000","°C","100.000","%a.s.","21.720","deg","20.000","°C","977.000","hPa","0.861","-0.02617","0.00035","0","0","13.56","Humid","26.25","0","44.00","379743.75","SABD0000000001","AAV1.0.0.11","4.0.0.2323","PSt7-10","170328-019","7/29/2022 11:23:46 AM","0000-00","0","no battery","V","","µV","","µV"
"08/11/2022","09:45:44","6","default","383292078","Oxt_06","1.818","min","98.171","%a.s.","Humid","20.563","deg","40738","µV","27.755","°C","1021.000","hPa","36.4","pmil","0","55.390","deg","20.000","°C","100.000","%a.s.","21.720","deg","20.000","°C","977.000","hPa","0.861","-0.02617","0.00035","0","0","13.56","Humid","26.25","0","44.00","379750.72","SABD0000000001","AAV1.0.0.11","4.0.0.2323","PSt7-10","170328-019","7/29/2022 11:23:46 AM","0000-00","0","no battery","V","","µV","","µV"
"08/11/2022","09:45:45","6","default","383292078","Oxt_06","1.834","min","98.199","%a.s.","Humid","20.561","deg","40739","µV","27.744","°C","1021.000","hPa","36.4","pmil","0","55.390","deg","20.000","°C","100.000","%a.s.","21.720","deg","20.000","°C","977.000","hPa","0.861","-0.02617","0.00035","0","0","13.56","Humid","26.25","0","44.00","379754.80","SABD0000000001","AAV1.0.0.11","4.0.0.2323","PSt7-10","170328-019","7/29/2022 11:23:46 AM","0000-00","0","no battery","V","","µV","","µV"
"08/11/2022","09:45:46","6","default","383292078","Oxt_06","1.851","min","98.154","%a.s.","Humid","20.566","deg","40737","µV","27.745","°C","1021.000","hPa","36.4","pmil","0","55.390","deg","20.000","°C","100.000","%a.s.","21.720","deg","20.000","°C","977.000","hPa","0.861","-0.02617","0.00035","0","0","13.56","Humid","26.25","0","44.00","379744.75","SABD0000000001","AAV1.0.0.11","4.0.0.2323","PSt7-10","170328-019","7/29/2022 11:23:46 AM","0000-00","0","no battery","V","","µV","","µV"
"08/11/2022","09:45:47","6","default","383292078","Oxt_06","1.868","min","98.170","%a.s.","Humid","20.564","deg","40739","µV","27.746","°C","1021.000","hPa","36.4","pmil","0","55.390","deg","20.000","°C","100.000","%a.s.","21.720","deg","20.000","°C","977.000","hPa","0.861","-0.02617","0.00035","0","0","13.56","Humid","26.25","0","44.00","379750.05","SABD0000000001","AAV1.0.0.11","4.0.0.2323","PSt7-10","170328-019","7/29/2022 11:23:46 AM","0000-00","0","no battery","V","","µV","","µV"
"08/11/2022","09:45:48","6","default","383292078","Oxt_06","1.884","min","98.140","%a.s.","Humid","20.568","deg","40742","µV","27.740","°C","1021.000","hPa","36.4","pmil","0","55.390","deg","20.000","°C","100.000","%a.s.","21.720","deg","20.000","°C","977.000","hPa","0.861","-0.02617","0.00035","0","0","13.56","Humid","26.25","0","44.00","379758.41","SABD0000000001","AAV1.0.0.11","4.0.0.2323","PSt7-10","170328-019","7/29/2022 11:23:46 AM","0000-00","0","no battery","V","","µV","","µV"
"08/11/2022","09:45:49","6","default","383292078","Oxt_06","1.901","min","98.163","%a.s.","Humid","20.565","deg","40737","µV","27.744","°C","1021.000","hPa","36.4","pmil","0","55.390","deg","20.000","°C","100.000","%a.s.","21.720","deg","20.000","°C","977.000","hPa","0.861","-0.02617","0.00035","0","0","13.56","Humid","26.25","0","44.00","379752.91","SABD0000000001","AAV1.0.0.11","4.0.0.2323","PSt7-10","170328-019","7/29/2022 11:23:46 AM","0000-00","0","no battery","V","","µV","","µV"
"08/11/2022","09:45:50","6","default","383292078","Oxt_06","1.917","min","98.298","%a.s.","Humid","20.550","deg","40739","µV","27.741","°C","1021.000","hPa","36.4","pmil","0","55.390","deg","20.000","°C","100.000","%a.s.","21.720","deg","20.000","°C","977.000","hPa","0.861","-0.02617","0.00035","0","0","13.56","Humid","26.25","0","44.00","379741.81","SABD0000000001","AAV1.0.0.11","4.0.0.2323","PSt7-10","170328-019","7/29/2022 11:23:46 AM","0000-00","0","no battery","V","","µV","","µV"
"08/11/2022","09:45:51","6","default","383292078","Oxt_06","1.934","min","98.145","%a.s.","Humid","20.567","deg","40738","µV","27.744","°C","1021.000","hPa","36.4","pmil","0","55.390","deg","20.000","°C","100.000","%a.s.","21.720","deg","20.000","°C","977.000","hPa","0.861","-0.02617","0.00035","0","0","13.56","Humid","26.25","0","44.00","379750.49","SABD0000000001","AAV1.0.0.11","4.0.0.2323","PSt7-10","170328-019","7/29/2022 11:23:46 AM","0000-00","0","no battery","V","","µV","","µV"
"08/11/2022","09:45:52","6","default","383292078","Oxt_06","1.951","min","98.177","%a.s.","Humid","20.565","deg","40744","µV","27.730","°C","1021.000","hPa","36.4","pmil","0","55.390","deg","20.000","°C","100.000","%a.s.","21.720","deg","20.000","°C","977.000","hPa","0.861","-0.02617","0.00035","0","0","13.56","Humid","26.25","0","44.00","379761.66","SABD0000000001","AAV1.0.0.11","4.0.0.2323","PSt7-10","170328-019","7/29/2022 11:23:46 AM","0000-00","0","no battery","V","","µV","","µV"
"08/11/2022","09:45:53","6","default","383292078","Oxt_06","1.967","min","98.113","%a.s.","Humid","20.571","deg","40747","µV","27.741","°C","1021.000","hPa","36.4","pmil","0","55.390","deg","20.000","°C","100.000","%a.s.","21.720","deg","20.000","°C","977.000","hPa","0.861","-0.02617","0.00035","0","0","13.56","Humid","26.25","0","44.00","379769.42","SABD0000000001","AAV1.0.0.11","4.0.0.2323","PSt7-10","170328-019","7/29/2022 11:23:46 AM","0000-00","0","no battery","V","","µV","","µV"
"08/11/2022","09:45:54","6","default","383292078","Oxt_06","1.984","min","98.214","%a.s.","Humid","20.559","deg","40741","µV","27.747","°C","1021.000","hPa","36.4","pmil","0","55.390","deg","20.000","°C","100.000","%a.s.","21.720","deg","20.000","°C","977.000","hPa","0.861","-0.02617","0.00035","0","0","13.56","Humid","26.25","0","44.00","379755.14","SABD0000000001","AAV1.0.0.11","4.0.0.2323","PSt7-10","170328-019","7/29/2022 11:23:46 AM","0000-00","0","no battery","V","","µV","","µV"
"08/11/2022","09:45:55","6","default","383292078","Oxt_06","2.001","min","98.200","%a.s.","Humid","20.561","deg","40743","µV","27.742","°C","1021.000","hPa","36.4","pmil","0","55.390","deg","20.000","°C","100.000","%a.s.","21.720","deg","20.000","°C","977.000","hPa","0.861","-0.02617","0.00035","0","0","13.56","Humid","26.25","0","44.00","379753.05","SABD0000000001","AAV1.0.0.11","4.0.0.2323","PSt7-10","170328-019","7/29/2022 11:23:46 AM","0000-00","0","no battery","V","","µV","","µV"
"08/11/2022","09:45:56","6","default","383292078","Oxt_06","2.017","min","98.153","%a.s.","Humid","20.566","deg","40743","µV","27.745","°C","1021.000","hPa","36.4","pmil","0","55.390","deg","20.000","°C","100.000","%a.s.","21.720","deg","20.000","°C","977.000","hPa","0.861","-0.02617","0.00035","0","0","13.56","Humid","26.25","0","44.00","379756.75","SABD0000000001","AAV1.0.0.11","4.0.0.2323","PSt7-10","170328-019","7/29/2022 11:23:46 AM","0000-00","0","no battery","V","","µV","","µV"
"08/11/2022","09:45:57","6","default","383292078","Oxt_06","2.034","min","98.173","%a.s.","Humid","20.565","deg","40746","µV","27.734","°C","1021.000","hPa","36.4","pmil","0","55.390","deg","20.000","°C","100.000","%a.s.","21.720","deg","20.000","°C","977.000","hPa","0.861","-0.02617","0.00035","0","0","13.56","Humid","26.25","0","44.00","379749.80","SABD0000000001","AAV1.0.0.11","4.0.0.2323","PSt7-10","170328-019","7/29/2022 11:23:46 AM","0000-00","0","no battery","V","","µV","","µV"
"08/11/2022","09:45:58","6","default","383292078","Oxt_06","2.050","min","98.212","%a.s.","Humid","20.560","deg","40740","µV","27.738","°C","1021.000","hPa","36.4","pmil","0","55.390","deg","20.000","°C","100.000","%a.s.","21.720","deg","20.000","°C","977.000","hPa","0.861","-0.02617","0.00035","0","0","13.56","Humid","26.25","0","44.00","379760.38","SABD0000000001","AAV1.0.0.11","4.0.0.2323","PSt7-10","170328-019","7/29/2022 11:23:46 AM","0000-00","0","no battery","V","","µV","","µV"
"08/11/2022","09:45:59","6","default","383292078","Oxt_06","2.067","min","98.129","%a.s.","Humid","20.568","deg","40743","µV","27.752","°C","1021.000","hPa","36.4","pmil","0","55.390","deg","20.000","°C","100.000","%a.s.","21.720","deg","20.000","°C","977.000","hPa","0.861","-0.02617","0.00035","0","0","13.56","Humid","26.25","0","44.00","379744.34","SABD0000000001","AAV1.0.0.11","4.0.0.2323","PSt7-10","170328-019","7/29/2022 11:23:46 AM","0000-00","0","no battery","V","","µV","","µV"
"08/11/2022","09:46:00","6","default","383292078","Oxt_06","2.084","min","98.190","%a.s.","Humid","20.561","deg","40741","µV","27.753","°C","1021.000","hPa","36.4","pmil","0","55.390","deg","20.000","°C","100.000","%a.s.","21.720","deg","20.000","°C","977.000","hPa","0.861","-0.02617","0.00035","0","0","13.56","Humid","26.25","0","44.00","379743.52","SABD0000000001","AAV1.0.0.11","4.0.0.2323","PSt7-10","170328-019","7/29/2022 11:23:46 AM","0000-00","0","no battery","V","","µV","","µV"
"08/11/2022","09:46:01","6","default","383292078","Oxt_06","2.100","min","98.140","%a.s.","Humid","20.567","deg","40738","µV","27.750","°C","1021.000","hPa","36.4","pmil","0","55.390","deg","20.000","°C","100.000","%a.s.","21.720","deg","20.000","°C","977.000","hPa","0.861","-0.02617","0.00035","0","0","13.56","Humid","26.25","0","44.00","379739.78","SABD0000000001","AAV1.0.0.11","4.0.0.2323","PSt7-10","170328-019","7/29/2022 11:23:46 AM","0000-00","0","no battery","V","","µV","","µV"
"08/11/2022","09:46:02","6","default","383292078","Oxt_06","2.117","min","98.143","%a.s.","Humid","20.566","deg","40746","µV","27.756","°C","1021.000","hPa","36.4","pmil","0","55.390","deg","20.000","°C","100.000","%a.s.","21.720","deg","20.000","°C","977.000","hPa","0.861","-0.02617","0.00035","0","0","13.56","Humid","26.25","0","44.00","379750.09","SABD0000000001","AAV1.0.0.11","4.0.0.2323","PSt7-10","170328-019","7/29/2022 11:23:46 AM","0000-00","0","no battery","V","","µV","","µV"
"08/11/2022","09:46:03","6","default","383292078","Oxt_06","2.134","min","98.178","%a.s.","Humid","20.564","deg","40747","µV","27.737","°C","1021.000","hPa","36.4","pmil","0","55.390","deg","20.000","°C","100.000","%a.s.","21.720","deg","20.000","°C","977.000","hPa","0.861","-0.02617","0.00035","0","0","13.56","Humid","26.25","0","44.00","379766.64","SABD0000000001","AAV1.0.0.11","4.0.0.2323","PSt7-10","170328-019","7/29/2022 11:23:46 AM","0000-00","0","no battery","V","","µV","","µV"
"08/11/2022","09:46:04","6","default","383292078","Oxt_06","2.150","min","98.153","%a.s.","Humid","20.565","deg","40746","µV","27.754","°C","1021.000","hPa","36.4","pmil","0","55.390","deg","20.000","°C","100.000","%a.s.","21.720","deg","20.000","°C","977.000","hPa","0.861","-0.02617","0.00035","0","0","13.56","Humid","26.25","0","44.00","379751.59","SABD0000000001","AAV1.0.0.11","4.0.0.2323","PSt7-10","170328-019","7/29/2022 11:23:46 AM","0000-00","0","no battery","V","","µV","","µV"
"08/11/2022","09:46:05","6","default","383292078","Oxt_06","2.167","min","98.154","%a.s.","Humid","20.566","deg","40749","µV","27.744","°C","1021.000","hPa","36.4","pmil","0","55.390","deg","20.000","°C","100.000","%a.s.","21.720","deg","20.000","°C","977.000","hPa","0.861","-0.02617","0.00035","0","0","13.56","Humid","26.25","0","44.00","379752.80","SABD0000000001","AAV1.0.0.11","4.0.0.2323","PSt7-10","170328-019","7/29/2022 11:23:46 AM","0000-00","0","no battery","V","","µV","","µV"
"08/11/2022","09:46:06","6","default","383292078","Oxt_06","2.184","min","98.200","%a.s.","Humid","20.561","deg","40748","µV","27.742","°C","1021.000","hPa","36.4","pmil","0","55.390","deg","20.000","°C","100.000","%a.s.","21.720","deg","20.000","°C","977.000","hPa","0.861","-0.02617","0.00035","0","0","13.56","Humid","26.25","0","44.00","379757.65","SABD0000000001","AAV1.0.0.11","4.0.0.2323","PSt7-10","170328-019","7/29/2022 11:23:46 AM","0000-00","0","no battery","V","","µV","","µV"
"08/11/2022","09:46:07","6","default","383292078","Oxt_06","2.200","min","98.119","%a.s.","Humid","20.569","deg","40748","µV","27.753","°C","1021.000","hPa","36.4","pmil","0","55.390","deg","20.000","°C","100.000","%a.s.","21.720","deg","20.000","°C","977.000","hPa","0.861","-0.02617","0.00035","0","0","13.56","Humid","26.25","0","44.00","379744.79","SABD0000000001","AAV1.0.0.11","4.0.0.2323","PSt7-10","170328-019","7/29/2022 11:23:46 AM","0000-00","0","no battery","V","","µV","","µV"
"08/11/2022","09:46:08","6","default","383292078","Oxt_06","2.217","min","98.162","%a.s.","Humid","20.565","deg","40745","µV","27.745","°C","1021.000","hPa","36.4","pmil","0","55.390","deg","20.000","°C","100.000","%a.s.","21.720","deg","20.000","°C","977.000","hPa","0.861","-0.02617","0.00035","0","0","13.56","Humid","26.25","0","44.00","379751.47","SABD0000000001","AAV1.0.0.11","4.0.0.2323","PSt7-10","170328-019","7/29/2022 11:23:46 AM","0000-00","0","no battery","V","","µV","","µV"
"08/11/2022","09:46:09","6","default","383292078","Oxt_06","2.234","min","98.132","%a.s.","Humid","20.568","deg","40745","µV","27.749","°C","1021.000","hPa","36.4","pmil","0","55.390","deg","20.000","°C","100.000","%a.s.","21.720","deg","20.000","°C","977.000","hPa","0.861","-0.02617","0.00035","0","0","13.56","Humid","26.25","0","44.00","379740.28","SABD0000000001","AAV1.0.0.11","4.0.0.2323","PSt7-10","170328-019","7/29/2022 11:23:46 AM","0000-00","0","no battery","V","","µV","","µV"
"08/11/2022","09:46:10","6","default","383292078","Oxt_06","2.250","min","98.125","%a.s.","Humid","20.570","deg","40747","µV","27.737","°C","1021.000","hPa","36.4","pmil","0","55.390","deg","20.000","°C","100.000","%a.s.","21.720","deg","20.000","°C","977.000","hPa","0.861","-0.02617","0.00035","0","0","13.56","Humid","26.25","0","44.00","379736.60","SABD0000000001","AAV1.0.0.11","4.0.0.2323","PSt7-10","170328-019","7/29/2022 11:23:46 AM","0000-00","0","no battery","V","","µV","","µV"
"08/11/2022","09:46:11","6","default","383292078","Oxt_06","2.267","min","98.143","%a.s.","Humid","20.567","deg","40743","µV","27.747","°C","1021.000","hPa","36.4","pmil","0","55.390","deg","20.000","°C","100.000","%a.s.","21.720","deg","20.000","°C","977.000","hPa","0.861","-0.02617","0.00035","0","0","13.56","Humid","26.25","0","44.00","379740.24","SABD0000000001","AAV1.0.0.11","4.0.0.2323","PSt7-10","170328-019","7/29/2022 11:23:46 AM","0000-00","0","no battery","V","","µV","","µV"
"08/11/2022","09:46:12","6","default","383292078","Oxt_06","2.284","min","98.107","%a.s.","Humid","20.570","deg","40750","µV","27.757","°C","1021.000","hPa","36.4","pmil","0","55.390","deg","20.000","°C","100.000","%a.s.","21.720","deg","20.000","°C","977.000","hPa","0.861","-0.02617","0.00035","0","0","13.56","Humid","26.25","0","44.00","379745.91","SABD0000000001","AAV1.0.0.11","4.0.0.2323","PSt7-10","170328-019","7/29/2022 11:23:46 AM","0000-00","0","no battery","V","","µV","","µV"
"08/11/2022","09:46:13","6","default","383292078","Oxt_06","2.300","min","98.135","%a.s.","Humid","20.568","deg","40751","µV","27.746","°C","1021.000","hPa","36.4","pmil","0","55.390","deg","20.000","°C","100.000","%a.s.","21.720","deg","20.000","°C","977.000","hPa","0.861","-0.02617","0.00035","0","0","13.56","Humid","26.25","0","44.00","379742.39","SABD0000000001","AAV1.0.0.11","4.0.0.2323","PSt7-10","170328-019","7/29/2022 11:23:46 AM","0000-00","0","no battery","V","","µV","","µV"
"08/11/2022","09:46:14","6","default","383292078","Oxt_06","2.317","min","98.146","%a.s.","Humid","20.566","deg","40748","µV","27.753","°C","1021.000","hPa","36.4","pmil","0","55.390","deg","20.000","°C","100.000","%a.s.","21.720","deg","20.000","°C","977.000","hPa","0.861","-0.02617","0.00035","0","0","13.56","Humid","26.25","0","44.00","379754.59","SABD0000000001","AAV1.0.0.11","4.0.0.2323","PSt7-10","170328-019","7/29/2022 11:23:46 AM","0000-00","0","no battery","V","","µV","","µV"
"08/11/2022","09:46:15","6","default","383292078","Oxt_06","2.334","min","98.122","%a.s.","Humid","20.571","deg","40743","µV","27.732","°C","1021.000","hPa","36.4","pmil","0","55.390","deg","20.000","°C","100.000","%a.s.","21.720","deg","20.000","°C","977.000","hPa","0.861","-0.02617","0.00035","0","0","13.56","Humid","26.25","0","44.00","379740.97","SABD0000000001","AAV1.0.0.11","4.0.0.2323","PSt7-10","170328-019","7/29/2022 11:23:46 AM","0000-00","0","no battery","V","","µV","","µV"
"08/11/2022","09:46:16","6","default","383292078","Oxt_06","2.351","min","98.151","%a.s.","Humid","20.568","deg","40749","µV","27.729","°C","1021.000","hPa","36.4","pmil","0","55.390","deg","20.000","°C","100.000","%a.s.","21.720","deg","20.000","°C","977.000","hPa","0.861","-0.02617","0.00035","0","0","13.56","Humid","26.25","0","44.00","379738.96","SABD0000000001","AAV1.0.0.11","4.0.0.2323","PSt7-10","170328-019","7/29/2022 11:23:46 AM","0000-00","0","no battery","V","","µV","","µV"
"08/11/2022","09:46:17","6","default","383292078","Oxt_06","2.367","min","98.139","%a.s.","Humid","20.569","deg","40748","µV","27.732","°C","1021.000","hPa","36.4","pmil","0","55.390","deg","20.000","°C","100.000","%a.s.","21.720","deg","20.000","°C","977.000","hPa","0.861","-0.02617","0.00035","0","0","13.56","Humid","26.25","0","44.00","379731.52","SABD0000000001","AAV1.0.0.11","4.0.0.2323","PSt7-10","170328-019","7/29/2022 11:23:46 AM","0000-00","0","no battery","V","","µV","","µV"
"08/11/2022","09:46:18","6","default","383292078","Oxt_06","2.384","min","98.097","%a.s.","Humid","20.571","deg","40752","µV","27.758","°C","1021.000","hPa","36.4","pmil","0","55.390","deg","20.000","°C","100.000","%a.s.","21.720","deg","20.000","°C","977.000","hPa","0.861","-0.02617","0.00035","0","0","13.56","Humid","26.25","0","44.00","379737.69","SABD0000000001","AAV1.0.0.11","4.0.0.2323","PSt7-10","170328-019","7/29/2022 11:23:46 AM","0000-00","0","no battery","V","","µV","","µV"
"08/11/2022","09:46:19","6","default","383292078","Oxt_06","2.401","min","98.145","%a.s.","Humid","20.567","deg","40748","µV","27.744","°C","1021.000","hPa","36.4","pmil","0","55.390","deg","20.000","°C","100.000","%a.s.","21.720","deg","20.000","°C","977.000","hPa","0.861","-0.02617","0.00035","0","0","13.56","Humid","26.25","0","44.00","379748.51","SABD0000000001","AAV1.0.0.11","4.0.0.2323","PSt7-10","170328-019","7/29/2022 11:23:46 AM","0000-00","0","no battery","V","","µV","","µV"
"08/11/2022","09:46:20","6","default","383292078","Oxt_06","2.417","min","98.052","%a.s.","Humid","20.577","deg","40751","µV","27.750","°C","1021.000","hPa","36.4","pmil","0","55.390","deg","20.000","°C","100.000","%a.s.","21.720","deg","20.000","°C","977.000","hPa","0.861","-0.02617","0.00035","0","0","13.56","Humid","26.25","0","44.00","379722.36","SABD0000000001","AAV1.0.0.11","4.0.0.2323","PSt7-10","170328-019","7/29/2022 11:23:46 AM","0000-00","0","no battery","V","","µV","","µV"
"08/11/2022","09:46:21","6","default","383292078","Oxt_06","2.434","min","98.112","%a.s.","Humid","20.571","deg","40746","µV","27.743","°C","1021.000","hPa","36.4","pmil","0","55.390","deg","20.000","°C","100.000","%a.s.","21.720","deg","20.000","°C","977.000","hPa","0.861","-0.02617","0.00035","0","0","13.56","Humid","26.25","0","44.00","379738.32","SABD0000000001","AAV1.0.0.11","4.0.0.2323","PSt7-10","170328-019","7/29/2022 11:23:46 AM","0000-00","0","no battery","V","","µV","","µV"
"08/11/2022","09:46:22","6","default","383292078","Oxt_06","2.451","min","98.066","%a.s.","Humid","20.575","deg","40753","µV","27.754","°C","1021.000","hPa","36.4","pmil","0","55.390","deg","20.000","°C","100.000","%a.s.","21.720","deg","20.000","°C","977.000","hPa","0.861","-0.02617","0.00035","0","0","13.56","Humid","26.25","0","44.00","379741.90","SABD0000000001","AAV1.0.0.11","4.0.0.2323","PSt7-10","170328-019","7/29/2022 11:23:46 AM","0000-00","0","no battery","V","","µV","","µV"
"08/11/2022","09:46:23","6","default","383292078","Oxt_06","2.467","min","98.136","%a.s.","Humid","20.567","deg","40746","µV","27.754","°C","1021.000","hPa","36.4","pmil","0","55.390","deg","20.000","°C","100.000","%a.s.","21.720","deg","20.000","°C","977.000","hPa","0.861","-0.02617","0.00035","0","0","13.56","Humid","26.25","0","44.00","379735.61","SABD0000000001","AAV1.0.0.11","4.0.0.2323","PSt7-10","170328-019","7/29/2022 11:23:46 AM","0000-00","0","no battery","V","","µV","","µV"
"08/11/2022","09:46:24","6","default","383292078","Oxt_06","2.484","min","98.084","%a.s.","Humid","20.574","deg","40752","µV","27.744","°C","1021.000","hPa","36.4","pmil","0","55.390","deg","20.000","°C","100.000","%a.s.","21.720","deg","20.000","°C","977.000","hPa","0.861","-0.02617","0.00035","0","0","13.56","Humid","26.25","0","44.00","379742.26","SABD0000000001","AAV1.0.0.11","4.0.0.2323","PSt7-10","170328-019","7/29/2022 11:23:46 AM","0000-00","0","no battery","V","","µV","","µV"
"08/11/2022","09:46:25","6","default","383292078","Oxt_06","2.501","min","98.095","%a.s.","Humid","20.573","deg","40750","µV","27.741","°C","1021.000","hPa","36.4","pmil","0","55.390","deg","20.000","°C","100.000","%a.s.","21.720","deg","20.000","°C","977.000","hPa","0.861","-0.02617","0.00035","0","0","13.56","Humid","26.25","0","44.00","379724.76","SABD0000000001","AAV1.0.0.11","4.0.0.2323","PSt7-10","170328-019","7/29/2022 11:23:46 AM","0000-00","0","no battery","V","","µV","","µV"
"08/11/2022","09:46:26","6","default","383292078","Oxt_06","2.517","min","98.091","%a.s.","Humid","20.573","deg","40747","µV","27.745","°C","1021.000","hPa","36.4","pmil","0","55.390","deg","20.000","°C","100.000","%a.s.","21.720","deg","20.000","°C","977.000","hPa","0.861","-0.02617","0.00035","0","0","13.56","Humid","26.25","0","44.00","379732.95","SABD0000000001","AAV1.0.0.11","4.0.0.2323","PSt7-10","170328-019","7/29/2022 11:23:46 AM","0000-00","0","no battery","V","","µV","","µV"
"08/11/2022","09:46:27","6","default","383292078","Oxt_06","2.534","min","98.241","%a.s.","Humid","20.556","deg","40754","µV","27.745","°C","1021.000","hPa","36.4","pmil","0","55.390","deg","20.000","°C","100.000","%a.s.","21.720","deg","20.000","°C","977.000","hPa","0.861","-0.02617","0.00035","0","0","13.56","Humid","26.25","0","44.00","379733.14","SABD0000000001","AAV1.0.0.11","4.0.0.2323","PSt7-10","170328-019","7/29/2022 11:23:46 AM","0000-00","0","no battery","V","","µV","","µV"
"08/11/2022","09:46:28","6","default","383292078","Oxt_06","2.551","min","98.119","%a.s.","Humid","20.571","deg","40751","µV","27.734","°C","1021.000","hPa","36.4","pmil","0","55.390","deg","20.000","°C","100.000","%a.s.","21.720","deg","20.000","°C","977.000","hPa","0.861","-0.02617","0.00035","0","0","13.56","Humid","26.25","0","44.00","379726.72","SABD0000000001","AAV1.0.0.11","4.0.0.2323","PSt7-10","170328-019","7/29/2022 11:23:46 AM","0000-00","0","no battery","V","","µV","","µV"
"08/11/2022","09:46:29","6","default","383292078","Oxt_06","2.567","min","98.158","%a.s.","Humid","20.566","deg","40750","µV","27.740","°C","1021.000","hPa","36.4","pmil","0","55.390","deg","20.000","°C","100.000","%a.s.","21.720","deg","20.000","°C","977.000","hPa","0.861","-0.02617","0.00035","0","0","13.56","Humid","26.25","0","44.00","379730.71","SABD0000000001","AAV1.0.0.11","4.0.0.2323","PSt7-10","170328-019","7/29/2022 11:23:46 AM","0000-00","0","no battery","V","","µV","","µV"
"08/11/2022","09:46:30","6","default","383292078","Oxt_06","2.584","min","98.191","%a.s.","Humid","20.563","deg","40750","µV","27.733","°C","1021.000","hPa","36.4","pmil","0","55.390","deg","20.000","°C","100.000","%a.s.","21.720","deg","20.000","°C","977.000","hPa","0.861","-0.02617","0.00035","0","0","13.56","Humid","26.25","0","44.00","379735.22","SABD0000000001","AAV1.0.0.11","4.0.0.2323","PSt7-10","170328-019","7/29/2022 11:23:46 AM","0000-00","0","no battery","V","","µV","","µV"
"08/11/2022","09:46:31","6","default","383292078","Oxt_06","2.601","min","98.164","%a.s.","Humid","20.565","deg","40751","µV","27.743","°C","1021.000","hPa","36.4","pmil","0","55.390","deg","20.000","°C","100.000","%a.s.","21.720","deg","20.000","°C","977.000","hPa","0.861","-0.02617","0.00035","0","0","13.56","Humid","26.25","0","44.00","379733.36","SABD0000000001","AAV1.0.0.11","4.0.0.2323","PSt7-10","170328-019","7/29/2022 11:23:46 AM","0000-00","0","no battery","V","","µV","","µV"
"08/11/2022","09:46:32","6","default","383292078","Oxt_06","2.617","min","98.075","%a.s.","Humid","20.576","deg","40748","µV","27.735","°C","1021.000","hPa","36.4","pmil","0","55.390","deg","20.000","°C","100.000","%a.s.","21.720","deg","20.000","°C","977.000","hPa","0.861","-0.02617","0.00035","0","0","13.56","Humid","26.25","0","44.00","379726.63","SABD0000000001","AAV1.0.0.11","4.0.0.2323","PSt7-10","170328-019","7/29/2022 11:23:46 AM","0000-00","0","no battery","V","","µV","","µV"
"08/11/2022","09:46:33","6","default","383292078","Oxt_06","2.634","min","98.121","%a.s.","Humid","20.571","deg","40752","µV","27.733","°C","1021.000","hPa","36.4","pmil","0","55.390","deg","20.000","°C","100.000","%a.s.","21.720","deg","20.000","°C","977.000","hPa","0.861","-0.02617","0.00035","0","0","13.56","Humid","26.25","0","44.00","379747.25","SABD0000000001","AAV1.0.0.11","4.0.0.2323","PSt7-10","170328-019","7/29/2022 11:23:46 AM","0000-00","0","no battery","V","","µV","","µV"
"08/11/2022","09:46:34","6","default","383292078","Oxt_06","2.651","min","98.105","%a.s.","Humid","20.573","deg","40756","µV","27.730","°C","1021.000","hPa","36.4","pmil","0","55.390","deg","20.000","°C","100.000","%a.s.","21.720","deg","20.000","°C","977.000","hPa","0.861","-0.02617","0.00035","0","0","13.56","Humid","26.25","0","44.00","379727.36","SABD0000000001","AAV1.0.0.11","4.0.0.2323","PSt7-10","170328-019","7/29/2022 11:23:46 AM","0000-00","0","no battery","V","","µV","","µV"
"08/11/2022","09:46:35","6","default","383292078","Oxt_06","2.667","min","98.144","%a.s.","Humid","20.568","deg","40753","µV","27.736","°C","1021.000","hPa","36.4","pmil","0","55.390","deg","20.000","°C","100.000","%a.s.","21.720","deg","20.000","°C","977.000","hPa","0.861","-0.02617","0.00035","0","0","13.56","Humid","26.25","0","44.00","379740.84","SABD0000000001","AAV1.0.0.11","4.0.0.2323","PSt7-10","170328-019","7/29/2022 11:23:46 AM","0000-00","0","no battery","V","","µV","","µV"
"08/11/2022","09:46:36","6","default","383292078","Oxt_06","2.684","min","98.068","%a.s.","Humid","20.578","deg","40758","µV","27.723","°C","1021.000","hPa","36.4","pmil","0","55.390","deg","20.000","°C","100.000","%a.s.","21.720","deg","20.000","°C","977.000","hPa","0.861","-0.02617","0.00035","0","0","13.56","Humid","26.25","0","44.00","379740.98","SABD0000000001","AAV1.0.0.11","4.0.0.2323","PSt7-10","170328-019","7/29/2022 11:23:46 AM","0000-00","0","no battery","V","","µV","","µV"
"08/11/2022","09:46:37","6","default","383292078","Oxt_06","2.701","min","98.225","%a.s.","Humid","20.558","deg","40758","µV","27.744","°C","1021.000","hPa","36.4","pmil","0","55.390","deg","20.000","°C","100.000","%a.s.","21.720","deg","20.000","°C","977.000","hPa","0.861","-0.02617","0.00035","0","0","13.56","Humid","26.25","0","44.00","379734.09","SABD0000000001","AAV1.0.0.11","4.0.0.2323","PSt7-10","170328-019","7/29/2022 11:23:46 AM","0000-00","0","no battery","V","","µV","","µV"
"08/11/2022","09:46:38","6","default","383292078","Oxt_06","2.717","min","98.085","%a.s.","Humid","20.573","deg","40758","µV","27.752","°C","1021.000","hPa","36.4","pmil","0","55.390","deg","20.000","°C","100.000","%a.s.","21.720","deg","20.000","°C","977.000","hPa","0.861","-0.02617","0.00035","0","0","13.56","Humid","26.25","0","44.00","379719.72","SABD0000000001","AAV1.0.0.11","4.0.0.2323","PSt7-10","170328-019","7/29/2022 11:23:46 AM","0000-00","0","no battery","V","","µV","","µV"
"08/11/2022","09:46:39","6","default","383292078","Oxt_06","2.734","min","98.168","%a.s.","Humid","20.565","deg","40756","µV","27.738","°C","1021.000","hPa","36.4","pmil","0","55.390","deg","20.000","°C","100.000","%a.s.","21.720","deg","20.000","°C","977.000","hPa","0.861","-0.02617","0.00035","0","0","13.56","Humid","26.25","0","44.00","379719.25","SABD0000000001","AAV1.0.0.11","4.0.0.2323","PSt7-10","170328-019","7/29/2022 11:23:46 AM","0000-00","0","no battery","V","","µV","","µV"
"08/11/2022","09:46:40","6","default","383292078","Oxt_06","2.751","min","98.129","%a.s.","Humid","20.569","deg","40757","µV","27.742","°C","1021.000","hPa","36.4","pmil","0","55.390","deg","20.000","°C","100.000","%a.s.","21.720","deg","20.000","°C","977.000","hPa","0.861","-0.02617","0.00035","0","0","13.56","Humid","26.25","0","44.00","379738.66","SABD0000000001","AAV1.0.0.11","4.0.0.2323","PSt7-10","170328-019","7/29/2022 11:23:46 AM","0000-00","0","no battery","V","","µV","","µV"
"08/11/2022","09:46:41","6","default","383292078","Oxt_06","2.767","min","98.107","%a.s.","Humid","20.573","deg","40754","µV","27.729","°C","1021.000","hPa","36.4","pmil","0","55.390","deg","20.000","°C","100.000","%a.s.","21.720","deg","20.000","°C","977.000","hPa","0.861","-0.02617","0.00035","0","0","13.56","Humid","26.25","0","44.00","379722.34","SABD0000000001","AAV1.0.0.11","4.0.0.2323","PSt7-10","170328-019","7/29/2022 11:23:46 AM","0000-00","0","no battery","V","","µV","","µV"
"08/11/2022","09:46:42","6","default","383292078","Oxt_06","2.784","min","98.066","%a.s.","Humid","20.577","deg","40755","µV","27.735","°C","1021.000","hPa","36.4","pmil","0","55.390","deg","20.000","°C","100.000","%a.s.","21.720","deg","20.000","°C","977.000","hPa","0.861","-0.02617","0.00035","0","0","13.56","Humid","26.25","0","44.00","379737.45","SABD0000000001","AAV1.0.0.11","4.0.0.2323","PSt7-10","170328-019","7/29/2022 11:23:46 AM","0000-00","0","no battery","V","","µV","","µV"
"08/11/2022","09:46:43","6","default","383292078","Oxt_06","2.801","min","98.099","%a.s.","Humid","20.571","deg","40753","µV","27.756","°C","1021.000","hPa","36.4","pmil","0","55.390","deg","20.000","°C","100.000","%a.s.","21.720","deg","20.000","°C","977.000","hPa","0.861","-0.02617","0.00035","0","0","13.56","Humid","26.25","0","44.00","379731.20","SABD0000000001","AAV1.0.0.11","4.0.0.2323","PSt7-10","170328-019","7/29/2022 11:23:46 AM","0000-00","0","no battery","V","","µV","","µV"
"08/11/2022","09:46:44","6","default","383292078","Oxt_06","2.817","min","98.054","%a.s.","Humid","20.578","deg","40755","µV","27.738","°C","1021.000","hPa","36.4","pmil","0","55.390","deg","20.000","°C","100.000","%a.s.","21.720","deg","20.000","°C","977.000","hPa","0.861","-0.02617","0.00035","0","0","13.56","Humid","26.25","0","44.00","379711.94","SABD0000000001","AAV1.0.0.11","4.0.0.2323","PSt7-10","170328-019","7/29/2022 11:23:46 AM","0000-00","0","no battery","V","","µV","","µV"
"08/11/2022","09:46:45","6","default","383292078","Oxt_06","2.834","min","98.027","%a.s.","Humid","20.581","deg","40753","µV","27.738","°C","1021.000","hPa","36.4","pmil","0","55.390","deg","20.000","°C","100.000","%a.s.","21.720","deg","20.000","°C","977.000","hPa","0.861","-0.02617","0.00035","0","0","13.56","Humid","26.25","0","44.00","379718.60","SABD0000000001","AAV1.0.0.11","4.0.0.2323","PSt7-10","170328-019","7/29/2022 11:23:46 AM","0000-00","0","no battery","V","","µV","","µV"
"08/11/2022","09:46:46","6","default","383292078","Oxt_06","2.851","min","98.034","%a.s.","Humid","20.581","deg","40757","µV","27.731","°C","1021.000","hPa","36.4","pmil","0","55.390","deg","20.000","°C","100.000","%a.s.","21.720","deg","20.000","°C","977.000","hPa","0.861","-0.02617","0.00035","0","0","13.56","Humid","26.25","0","44.00","379731.54","SABD0000000001","AAV1.0.0.11","4.0.0.2323","PSt7-10","170328-019","7/29/2022 11:23:46 AM","0000-00","0","no battery","V","","µV","","µV"
"08/11/2022","09:46:47","6","default","383292078","Oxt_06","2.867","min","98.042","%a.s.","Humid","20.580","deg","40757","µV","27.732","°C","1021.000","hPa","36.4","pmil","0","55.390","deg","20.000","°C","100.000","%a.s.","21.720","deg","20.000","°C","977.000","hPa","0.861","-0.02617","0.00035","0","0","13.56","Humid","26.25","0","44.00","379717.07","SABD0000000001","AAV1.0.0.11","4.0.0.2323","PSt7-10","170328-019","7/29/2022 11:23:46 AM","0000-00","0","no battery","V","","µV","","µV"
"08/11/2022","09:46:48","6","default","383292078","Oxt_06","2.884","min","98.102","%a.s.","Humid","20.572","deg","40759","µV","27.743","°C","1021.000","hPa","36.4","pmil","0","55.390","deg","20.000","°C","100.000","%a.s.","21.720","deg","20.000","°C","977.000","hPa","0.861","-0.02617","0.00035","0","0","13.56","Humid","26.25","0","44.00","379712.85","SABD0000000001","AAV1.0.0.11","4.0.0.2323","PSt7-10","170328-019","7/29/2022 11:23:46 AM","0000-00","0","no battery","V","","µV","","µV"
"08/11/2022","09:46:49","6","default","383292078","Oxt_06","2.901","min","98.112","%a.s.","Humid","20.573","deg","40762","µV","27.724","°C","1021.000","hPa","36.4","pmil","0","55.390","deg","20.000","°C","100.000","%a.s.","21.720","deg","20.000","°C","977.000","hPa","0.861","-0.02617","0.00035","0","0","13.56","Humid","26.25","0","44.00","379726.75","SABD0000000001","AAV1.0.0.11","4.0.0.2323","PSt7-10","170328-019","7/29/2022 11:23:46 AM","0000-00","0","no battery","V","","µV","","µV"
"08/11/2022","09:46:50","6","default","383292078","Oxt_06","2.917","min","98.121","%a.s.","Humid","20.571","deg","40755","µV","27.732","°C","1021.000","hPa","36.4","pmil","0","55.390","deg","20.000","°C","100.000","%a.s.","21.720","deg","20.000","°C","977.000","hPa","0.861","-0.02617","0.00035","0","0","13.56","Humid","26.25","0","44.00","379717.83","SABD0000000001","AAV1.0.0.11","4.0.0.2323","PSt7-10","170328-019","7/29/2022 11:23:46 AM","0000-00","0","no battery","V","","µV","","µV"
"08/11/2022","09:46:51","6","default","383292078","Oxt_06","2.934","min","98.136","%a.s.","Humid","20.569","deg","40755","µV","27.736","°C","1021.000","hPa","36.4","pmil","0","55.390","deg","20.000","°C","100.000","%a.s.","21.720","deg","20.000","°C","977.000","hPa","0.861","-0.02617","0.00035","0","0","13.56","Humid","26.25","0","44.00","379725.41","SABD0000000001","AAV1.0.0.11","4.0.0.2323","PSt7-10","170328-019","7/29/2022 11:23:46 AM","0000-00","0","no battery","V","","µV","","µV"
"08/11/2022","09:46:52","6","default","383292078","Oxt_06","2.951","min","98.046","%a.s.","Humid","20.579","deg","40756","µV","27.737","°C","1021.000","hPa","36.4","pmil","0","55.390","deg","20.000","°C","100.000","%a.s.","21.720","deg","20.000","°C","977.000","hPa","0.861","-0.02617","0.00035","0","0","13.56","Humid","26.25","0","44.00","379719.91","SABD0000000001","AAV1.0.0.11","4.0.0.2323","PSt7-10","170328-019","7/29/2022 11:23:46 AM","0000-00","0","no battery","V","","µV","","µV"
"08/11/2022","09:46:53","6","default","383292078","Oxt_06","2.968","min","98.085","%a.s.","Humid","20.574","deg","40761","µV","27.743","°C","1021.000","hPa","36.4","pmil","0","55.390","deg","20.000","°C","100.000","%a.s.","21.720","deg","20.000","°C","977.000","hPa","0.861","-0.02617","0.00035","0","0","13.56","Humid","26.25","0","44.00","379723.45","SABD0000000001","AAV1.0.0.11","4.0.0.2323","PSt7-10","170328-019","7/29/2022 11:23:46 AM","0000-00","0","no battery","V","","µV","","µV"
"08/11/2022","09:46:54","6","default","383292078","Oxt_06","2.984","min","98.100","%a.s.","Humid","20.574","deg","40761","µV","27.727","°C","1021.000","hPa","36.4","pmil","0","55.390","deg","20.000","°C","100.000","%a.s.","21.720","deg","20.000","°C","977.000","hPa","0.861","-0.02617","0.00035","0","0","13.56","Humid","26.25","0","44.00","379727.92","SABD0000000001","AAV1.0.0.11","4.0.0.2323","PSt7-10","170328-019","7/29/2022 11:23:46 AM","0000-00","0","no battery","V","","µV","","µV"
"08/11/2022","09:46:55","6","default","383292078","Oxt_06","3.001","min","98.124","%a.s.","Humid","20.571","deg","40760","µV","27.729","°C","1021.000","hPa","36.4","pmil","0","55.390","deg","20.000","°C","100.000","%a.s.","21.720","deg","20.000","°C","977.000","hPa","0.861","-0.02617","0.00035","0","0","13.56","Humid","26.25","0","44.00","379724.18","SABD0000000001","AAV1.0.0.11","4.0.0.2323","PSt7-10","170328-019","7/29/2022 11:23:46 AM","0000-00","0","no battery","V","","µV","","µV"
"08/11/2022","09:46:56","6","default","383292078","Oxt_06","3.018","min","98.095","%a.s.","Humid","20.573","deg","40764","µV","27.741","°C","1021.000","hPa","36.4","pmil","0","55.390","deg","20.000","°C","100.000","%a.s.","21.720","deg","20.000","°C","977.000","hPa","0.861","-0.02617","0.00035","0","0","13.56","Humid","26.25","0","44.00","379733.20","SABD0000000001","AAV1.0.0.11","4.0.0.2323","PSt7-10","170328-019","7/29/2022 11:23:46 AM","0000-00","0","no battery","V","","µV","","µV"
"08/11/2022","09:46:57","6","default","383292078","Oxt_06","3.034","min","98.116","%a.s.","Humid","20.571","deg","40754","µV","27.738","°C","1021.000","hPa","36.4","pmil","0","55.390","deg","20.000","°C","100.000","%a.s.","21.720","deg","20.000","°C","977.000","hPa","0.861","-0.02617","0.00035","0","0","13.56","Humid","26.25","0","44.00","379724.48","SABD0000000001","AAV1.0.0.11","4.0.0.2323","PSt7-10","170328-019","7/29/2022 11:23:46 AM","0000-00","0","no battery","V","","µV","","µV"
"08/11/2022","09:46:58","6","default","383292078","Oxt_06","3.051","min","98.068","%a.s.","Humid","20.576","deg","40757","µV","27.742","°C","1021.000","hPa","36.4","pmil","0","55.390","deg","20.000","°C","100.000","%a.s.","21.720","deg","20.000","°C","977.000","hPa","0.861","-0.02617","0.00035","0","0","13.56","Humid","26.25","0","44.00","379714.00","SABD0000000001","AAV1.0.0.11","4.0.0.2323","PSt7-10","170328-019","7/29/2022 11:23:46 AM","0000-00","0","no battery","V","","µV","","µV"
"08/11/2022","09:46:59","6","default","383292078","Oxt_06","3.068","min","98.043","%a.s.","Humid","20.580","deg","40760","µV","27.732","°C","1021.000","hPa","36.4","pmil","0","55.390","deg","20.000","°C","100.000","%a.s.","21.720","deg","20.000","°C","977.000","hPa","0.861","-0.02617","0.00035","0","0","13.56","Humid","26.25","0","44.00","379720.36","SABD0000000001","AAV1.0.0.11","4.0.0.2323","PSt7-10","170328-019","7/29/2022 11:23:46 AM","0000-00","0","no battery","V","","µV","","µV"
"08/11/2022","09:47:00","6","default","383292078","Oxt_06","3.084","min","98.086","%a.s.","Humid","20.574","deg","40752","µV","27.742","°C","1021.000","hPa","36.4","pmil","0","55.390","deg","20.000","°C","100.000","%a.s.","21.720","deg","20.000","°C","977.000","hPa","0.861","-0.02617","0.00035","0","0","13.56","Humid","26.25","0","44.00","379706.82","SABD0000000001","AAV1.0.0.11","4.0.0.2323","PSt7-10","170328-019","7/29/2022 11:23:46 AM","0000-00","0","no battery","V","","µV","","µV"
"08/11/2022","09:47:01","6","default","383292078","Oxt_06","3.101","min","98.104","%a.s.","Humid","20.571","deg","40757","µV","27.750","°C","1021.000","hPa","36.4","pmil","0","55.390","deg","20.000","°C","100.000","%a.s.","21.720","deg","20.000","°C","977.000","hPa","0.861","-0.02617","0.00035","0","0","13.56","Humid","26.25","0","44.00","379717.79","SABD0000000001","AAV1.0.0.11","4.0.0.2323","PSt7-10","170328-019","7/29/2022 11:23:46 AM","0000-00","0","no battery","V","","µV","","µV"
"08/11/2022","09:47:02","6","default","383292078","Oxt_06","3.118","min","98.038","%a.s.","Humid","20.579","deg","40759","µV","27.746","°C","1021.000","hPa","36.4","pmil","0","55.390","deg","20.000","°C","100.000","%a.s.","21.720","deg","20.000","°C","977.000","hPa","0.861","-0.02617","0.00035","0","0","13.56","Humid","26.25","0","44.00","379704.01","SABD0000000001","AAV1.0.0.11","4.0.0.2323","PSt7-10","170328-019","7/29/2022 11:23:46 AM","0000-00","0","no battery","V","","µV","","µV"
"08/11/2022","09:47:03","6","default","383292078","Oxt_06","3.134","min","98.078","%a.s.","Humid","20.576","deg","40757","µV","27.731","°C","1021.000","hPa","36.4","pmil","0","55.390","deg","20.000","°C","100.000","%a.s.","21.720","deg","20.000","°C","977.000","hPa","0.861","-0.02617","0.00035","0","0","13.56","Humid","26.25","0","44.00","379728.56","SABD0000000001","AAV1.0.0.11","4.0.0.2323","PSt7-10","170328-019","7/29/2022 11:23:46 AM","0000-00","0","no battery","V","","µV","","µV"
"08/11/2022","09:47:04","6","default","383292078","Oxt_06","3.151","min","98.094","%a.s.","Humid","20.573","deg","40758","µV","27.742","°C","1021.000","hPa","36.4","pmil","0","55.390","deg","20.000","°C","100.000","%a.s.","21.720","deg","20.000","°C","977.000","hPa","0.861","-0.02617","0.00035","0","0","13.56","Humid","26.25","0","44.00","379709.59","SABD0000000001","AAV1.0.0.11","4.0.0.2323","PSt7-10","170328-019","7/29/2022 11:23:46 AM","0000-00","0","no battery","V","","µV","","µV"
"08/11/2022","09:47:05","6","default","383292078","Oxt_06","3.168","min","98.054","%a.s.","Humid","20.579","deg","40757","µV","27.728","°C","1021.000","hPa","36.4","pmil","0","55.390","deg","20.000","°C","100.000","%a.s.","21.720","deg","20.000","°C","977.000","hPa","0.861","-0.02617","0.00035","0","0","13.56","Humid","26.25","0","44.00","379713.25","SABD0000000001","AAV1.0.0.11","4.0.0.2323","PSt7-10","170328-019","7/29/2022 11:23:46 AM","0000-00","0","no battery","V","","µV","","µV"
"08/11/2022","09:47:06","6","default","383292078","Oxt_06","3.184","min","98.099","%a.s.","Humid","20.574","deg","40759","µV","27.728","°C","1021.000","hPa","36.4","pmil","0","55.390","deg","20.000","°C","100.000","%a.s.","21.720","deg","20.000","°C","977.000","hPa","0.861","-0.02617","0.00035","0","0","13.56","Humid","26.25","0","44.00","379714.96","SABD0000000001","AAV1.0.0.11","4.0.0.2323","PSt7-10","170328-019","7/29/2022 11:23:46 AM","0000-00","0","no battery","V","","µV","","µV"
"08/11/2022","09:47:07","6","default","383292078","Oxt_06","3.201","min","98.042","%a.s.","Humid","20.579","deg","40757","µV","27.742","°C","1021.000","hPa","36.4","pmil","0","55.390","deg","20.000","°C","100.000","%a.s.","21.720","deg","20.000","°C","977.000","hPa","0.861","-0.02617","0.00035","0","0","13.56","Humid","26.25","0","44.00","379726.66","SABD0000000001","AAV1.0.0.11","4.0.0.2323","PSt7-10","170328-019","7/29/2022 11:23:46 AM","0000-00","0","no battery","V","","µV","","µV"
"08/11/2022","09:47:08","6","default","383292078","Oxt_06","3.218","min","98.025","%a.s.","Humid","20.581","deg","40759","µV","27.741","°C","1021.000","hPa","36.4","pmil","0","55.390","deg","20.000","°C","100.000","%a.s.","21.720","deg","20.000","°C","977.000","hPa","0.861","-0.02617","0.00035","0","0","13.56","Humid","26.25","0","44.00","379717.58","SABD0000000001","AAV1.0.0.11","4.0.0.2323","PSt7-10","170328-019","7/29/2022 11:23:46 AM","0000-00","0","no battery","V","","µV","","µV"
"08/11/2022","09:47:09","6","default","383292078","Oxt_06","3.234","min","98.068","%a.s.","Humid","20.575","deg","40761","µV","27.752","°C","1021.000","hPa","36.4","pmil","0","55.390","deg","20.000","°C","100.000","%a.s.","21.720","deg","20.000","°C","977.000","hPa","0.861","-0.02617","0.00035","0","0","13.56","Humid","26.25","0","44.00","379695.09","SABD0000000001","AAV1.0.0.11","4.0.0.2323","PSt7-10","170328-019","7/29/2022 11:23:46 AM","0000-00","0","no battery","V","","µV","","µV"
"08/11/2022","09:47:10","6","default","383292078","Oxt_06","3.251","min","97.947","%a.s.","Humid","20.590","deg","40765","µV","27.740","°C","1021.000","hPa","36.4","pmil","0","55.390","deg","20.000","°C","100.000","%a.s.","21.720","deg","20.000","°C","977.000","hPa","0.861","-0.02617","0.00035","0","0","13.56","Humid","26.25","0","44.00","379717.70","SABD0000000001","AAV1.0.0.11","4.0.0.2323","PSt7-10","170328-019","7/29/2022 11:23:46 AM","0000-00","0","no battery","V","","µV","","µV"
"08/11/2022","09:47:11","6","default","383292078","Oxt_06","3.268","min","98.065","%a.s.","Humid","20.578","deg","40762","µV","27.727","°C","1021.000","hPa","36.4","pmil","0","55.390","deg","20.000","°C","100.000","%a.s.","21.720","deg","20.000","°C","977.000","hPa","0.861","-0.02617","0.00035","0","0","13.56","Humid","26.25","0","44.00","379701.81","SABD0000000001","AAV1.0.0.11","4.0.0.2323","PSt7-10","170328-019","7/29/2022 11:23:46 AM","0000-00","0","no battery","V","","µV","","µV"
"08/11/2022","09:47:12","6","default","383292078","Oxt_06","3.284","min","98.043","%a.s.","Humid","20.579","deg","40765","µV","27.741","°C","1021.000","hPa","36.4","pmil","0","55.390","deg","20.000","°C","100.000","%a.s.","21.720","deg","20.000","°C","977.000","hPa","0.861","-0.02617","0.00035","0","0","13.56","Humid","26.25","0","44.00","379689.91","SABD0000000001","AAV1.0.0.11","4.0.0.2323","PSt7-10","170328-019","7/29/2022 11:23:46 AM","0000-00","0","no battery","V","","µV","","µV"
"08/11/2022","09:47:13","6","default","383292078","Oxt_06","3.301","min","98.040","%a.s.","Humid","20.580","deg","40763","µV","27.735","°C","1021.000","hPa","36.4","pmil","0","55.390","deg","20.000","°C","100.000","%a.s.","21.720","deg","20.000","°C","977.000","hPa","0.861","-0.02617","0.00035","0","0","13.56","Humid","26.25","0","44.00","379706.47","SABD0000000001","AAV1.0.0.11","4.0.0.2323","PSt7-10","170328-019","7/29/2022 11:23:46 AM","0000-00","0","no battery","V","","µV","","µV"
"08/11/2022","09:47:14","6","default","383292078","Oxt_06","3.318","min","97.990","%a.s.","Humid","20.587","deg","40765","µV","27.722","°C","1021.000","hPa","36.4","pmil","0","55.390","deg","20.000","°C","100.000","%a.s.","21.720","deg","20.000","°C","977.000","hPa","0.861","-0.02617","0.00035","0","0","13.56","Humid","26.25","0","44.00","379711.72","SABD0000000001","AAV1.0.0.11","4.0.0.2323","PSt7-10","170328-019","7/29/2022 11:23:46 AM","0000-00","0","no battery","V","","µV","","µV"
"08/11/2022","09:47:15","6","default","383292078","Oxt_06","3.334","min","98.003","%a.s.","Humid","20.583","deg","40762","µV","27.746","°C","1021.000","hPa","36.4","pmil","0","55.390","deg","20.000","°C","100.000","%a.s.","21.720","deg","20.000","°C","977.000","hPa","0.861","-0.02617","0.00035","0","0","13.56","Humid","26.25","0","44.00","379703.78","SABD0000000001","AAV1.0.0.11","4.0.0.2323","PSt7-10","170328-019","7/29/2022 11:23:46 AM","0000-00","0","no battery","V","","µV","","µV"
"08/11/2022","09:47:16","6","default","383292078","Oxt_06","3.351","min","98.041","%a.s.","Humid","20.580","deg","40764","µV","27.734","°C","1021.000","hPa","36.4","pmil","0","55.390","deg","20.000","°C","100.000","%a.s.","21.720","deg","20.000","°C","977.000","hPa","0.861","-0.02617","0.00035","0","0","13.56","Humid","26.25","0","44.00","379704.80","SABD0000000001","AAV1.0.0.11","4.0.0.2323","PSt7-10","170328-019","7/29/2022 11:23:46 AM","0000-00","0","no battery","V","","µV","","µV"
"08/11/2022","09:47:17","6","default","383292078","Oxt_06","3.368","min","98.058","%a.s.","Humid","20.578","deg","40764","µV","27.734","°C","1021.000","hPa","36.4","pmil","0","55.390","deg","20.000","°C","100.000","%a.s.","21.720","deg","20.000","°C","977.000","hPa","0.861","-0.02617","0.00035","0","0","13.56","Humid","26.25","0","44.00","379706.57","SABD0000000001","AAV1.0.0.11","4.0.0.2323","PSt7-10","170328-019","7/29/2022 11:23:46 AM","0000-00","0","no battery","V","","µV","","µV"
"08/11/2022","09:47:18","6","default","383292078","Oxt_06","3.384","min","98.046","%a.s.","Humid","20.579","deg","40758","µV","27.737","°C","1021.000","hPa","36.4","pmil","0","55.390","deg","20.000","°C","100.000","%a.s.","21.720","deg","20.000","°C","977.000","hPa","0.861","-0.02617","0.00035","0","0","13.56","Humid","26.25","0","44.00","379704.57","SABD0000000001","AAV1.0.0.11","4.0.0.2323","PSt7-10","170328-019","7/29/2022 11:23:46 AM","0000-00","0","no battery","V","","µV","","µV"
"08/11/2022","09:47:19","6","default","383292078","Oxt_06","3.401","min","98.042","%a.s.","Humid","20.580","deg","40760","µV","27.732","°C","1021.000","hPa","36.4","pmil","0","55.390","deg","20.000","°C","100.000","%a.s.","21.720","deg","20.000","°C","977.000","hPa","0.861","-0.02617","0.00035","0","0","13.56","Humid","26.25","0","44.00","379711.07","SABD0000000001","AAV1.0.0.11","4.0.0.2323","PSt7-10","170328-019","7/29/2022 11:23:46 AM","0000-00","0","no battery","V","","µV","","µV"
"08/11/2022","09:47:20","6","default","383292078","Oxt_06","3.418","min","98.002","%a.s.","Humid","20.584","deg","40764","µV","27.738","°C","1021.000","hPa","36.4","pmil","0","55.390","deg","20.000","°C","100.000","%a.s.","21.720","deg","20.000","°C","977.000","hPa","0.861","-0.02617","0.00035","0","0","13.56","Humid","26.25","0","44.00","379704.89","SABD0000000001","AAV1.0.0.11","4.0.0.2323","PSt7-10","170328-019","7/29/2022 11:23:46 AM","0000-00","0","no battery","V","","µV","","µV"
"08/11/2022","09:47:21","6","default","383292078","Oxt_06","3.434","min","98.054","%a.s.","Humid","20.578","deg","40765","µV","27.738","°C","1021.000","hPa","36.4","pmil","0","55.390","deg","20.000","°C","100.000","%a.s.","21.720","deg","20.000","°C","977.000","hPa","0.861","-0.02617","0.00035","0","0","13.56","Humid","26.25","0","44.00","379699.98","SABD0000000001","AAV1.0.0.11","4.0.0.2323","PSt7-10","170328-019","7/29/2022 11:23:46 AM","0000-00","0","no battery","V","","µV","","µV"
"08/11/2022","09:47:22","6","default","383292078","Oxt_06","3.451","min","98.010","%a.s.","Humid","20.584","deg","40769","µV","27.729","°C","1021.000","hPa","36.4","pmil","0","55.390","deg","20.000","°C","100.000","%a.s.","21.720","deg","20.000","°C","977.000","hPa","0.861","-0.02617","0.00035","0","0","13.56","Humid","26.25","0","44.00","379705.54","SABD0000000001","AAV1.0.0.11","4.0.0.2323","PSt7-10","170328-019","7/29/2022 11:23:46 AM","0000-00","0","no battery","V","","µV","","µV"
"08/11/2022","09:47:23","6","default","383292078","Oxt_06","3.468","min","97.961","%a.s.","Humid","20.588","deg","40766","µV","27.743","°C","1021.000","hPa","36.4","pmil","0","55.390","deg","20.000","°C","100.000","%a.s.","21.720","deg","20.000","°C","977.000","hPa","0.861","-0.02617","0.00035","0","0","13.56","Humid","26.25","0","44.00","379711.46","SABD0000000001","AAV1.0.0.11","4.0.0.2323","PSt7-10","170328-019","7/29/2022 11:23:46 AM","0000-00","0","no battery","V","","µV","","µV"
"08/11/2022","09:47:24","6","default","383292078","Oxt_06","3.484","min","97.975","%a.s.","Humid","20.587","deg","40758","µV","27.738","°C","1021.000","hPa","36.4","pmil","0","55.390","deg","20.000","°C","100.000","%a.s.","21.720","deg","20.000","°C","977.000","hPa","0.861","-0.02617","0.00035","0","0","13.56","Humid","26.25","0","44.00","379713.38","SABD0000000001","AAV1.0.0.11","4.0.0.2323","PSt7-10","170328-019","7/29/2022 11:23:46 AM","0000-00","0","no battery","V","","µV","","µV"
"08/11/2022","09:47:25","6","default","383292078","Oxt_06","3.501","min","98.047","%a.s.","Humid","20.579","deg","40769","µV","27.736","°C","1021.000","hPa","36.4","pmil","0","55.390","deg","20.000","°C","100.000","%a.s.","21.720","deg","20.000","°C","977.000","hPa","0.861","-0.02617","0.00035","0","0","13.56","Humid","26.25","0","44.00","379705.79","SABD0000000001","AAV1.0.0.11","4.0.0.2323","PSt7-10","170328-019","7/29/2022 11:23:46 AM","0000-00","0","no battery","V","","µV","","µV"
"08/11/2022","09:47:26","6","default","383292078","Oxt_06","3.517","min","98.021","%a.s.","Humid","20.582","deg","40768","µV","27.736","°C","1021.000","hPa","36.4","pmil","0","55.390","deg","20.000","°C","100.000","%a.s.","21.720","deg","20.000","°C","977.000","hPa","0.861","-0.02617","0.00035","0","0","13.56","Humid","26.25","0","44.00","379710.22","SABD0000000001","AAV1.0.0.11","4.0.0.2323","PSt7-10","170328-019","7/29/2022 11:23:46 AM","0000-00","0","no battery","V","","µV","","µV"
"08/11/2022","09:47:27","6","default","383292078","Oxt_06","3.534","min","98.002","%a.s.","Humid","20.584","deg","40764","µV","27.737","°C","1021.000","hPa","36.4","pmil","0","55.390","deg","20.000","°C","100.000","%a.s.","21.720","deg","20.000","°C","977.000","hPa","0.861","-0.02617","0.00035","0","0","13.56","Humid","26.25","0","44.00","379702.19","SABD0000000001","AAV1.0.0.11","4.0.0.2323","PSt7-10","170328-019","7/29/2022 11:23:46 AM","0000-00","0","no battery","V","","µV","","µV"
"08/11/2022","09:47:28","6","default","383292078","Oxt_06","3.550","min","97.991","%a.s.","Humid","20.586","deg","40767","µV","27.731","°C","1021.000","hPa","36.4","pmil","0","55.390","deg","20.000","°C","100.000","%a.s.","21.720","deg","20.000","°C","977.000","hPa","0.861","-0.02617","0.00035","0","0","13.56","Humid","26.25","0","44.00","379692.55","SABD0000000001","AAV1.0.0.11","4.0.0.2323","PSt7-10","170328-019","7/29/2022 11:23:46 AM","0000-00","0","no battery","V","","µV","","µV"
"08/11/2022","09:47:29","6","default","383292078","Oxt_06","3.567","min","97.990","%a.s.","Humid","20.586","deg","40772","µV","27.732","°C","1021.000","hPa","36.4","pmil","0","55.390","deg","20.000","°C","100.000","%a.s.","21.720","deg","20.000","°C","977.000","hPa","0.861","-0.02617","0.00035","0","0","13.56","Humid","26.25","0","44.00","379701.42","SABD0000000001","AAV1.0.0.11","4.0.0.2323","PSt7-10","170328-019","7/29/2022 11:23:46 AM","0000-00","0","no battery","V","","µV","","µV"
"08/11/2022","09:47:30","6","default","383292078","Oxt_06","3.584","min","98.083","%a.s.","Humid","20.576","deg","40769","µV","27.726","°C","1021.000","hPa","36.4","pmil","0","55.390","deg","20.000","°C","100.000","%a.s.","21.720","deg","20.000","°C","977.000","hPa","0.861","-0.02617","0.00035","0","0","13.56","Humid","26.25","0","44.00","379711.37","SABD0000000001","AAV1.0.0.11","4.0.0.2323","PSt7-10","170328-019","7/29/2022 11:23:46 AM","0000-00","0","no battery","V","","µV","","µV"
"08/11/2022","09:47:31","6","default","383292078","Oxt_06","3.600","min","98.030","%a.s.","Humid","20.582","deg","40757","µV","27.726","°C","1021.000","hPa","36.4","pmil","0","55.390","deg","20.000","°C","100.000","%a.s.","21.720","deg","20.000","°C","977.000","hPa","0.861","-0.02617","0.00035","0","0","13.56","Humid","26.25","0","44.00","379703.48","SABD0000000001","AAV1.0.0.11","4.0.0.2323","PSt7-10","170328-019","7/29/2022 11:23:46 AM","0000-00","0","no battery","V","","µV","","µV"
"08/11/2022","09:47:32","6","default","383292078","Oxt_06","3.617","min","97.963","%a.s.","Humid","20.590","deg","40767","µV","27.722","°C","1021.000","hPa","36.4","pmil","0","55.390","deg","20.000","°C","100.000","%a.s.","21.720","deg","20.000","°C","977.000","hPa","0.861","-0.02617","0.00035","0","0","13.56","Humid","26.25","0","44.00","379705.01","SABD0000000001","AAV1.0.0.11","4.0.0.2323","PSt7-10","170328-019","7/29/2022 11:23:46 AM","0000-00","0","no battery","V","","µV","","µV"
"08/11/2022","09:47:33","6","default","383292078","Oxt_06","3.634","min","98.019","%a.s.","Humid","20.584","deg","40766","µV","27.719","°C","1021.000","hPa","36.4","pmil","0","55.390","deg","20.000","°C","100.000","%a.s.","21.720","deg","20.000","°C","977.000","hPa","0.861","-0.02617","0.00035","0","0","13.56","Humid","26.25","0","44.00","379695.76","SABD0000000001","AAV1.0.0.11","4.0.0.2323","PSt7-10","170328-019","7/29/2022 11:23:46 AM","0000-00","0","no battery","V","","µV","","µV"
"08/11/2022","09:47:34","6","default","383292078","Oxt_06","3.650","min","97.943","%a.s.","Humid","20.590","deg","40767","µV","27.744","°C","1021.000","hPa","36.4","pmil","0","55.390","deg","20.000","°C","100.000","%a.s.","21.720","deg","20.000","°C","977.000","hPa","0.861","-0.02617","0.00035","0","0","13.56","Humid","26.25","0","44.00","379703.95","SABD0000000001","AAV1.0.0.11","4.0.0.2323","PSt7-10","170328-019","7/29/2022 11:23:46 AM","0000-00","0","no battery","V","","µV","","µV"
"08/11/2022","09:47:35","6","default","383292078","Oxt_06","3.667","min","97.966","%a.s.","Humid","20.586","deg","40767","µV","27.757","°C","1021.000","hPa","36.4","pmil","0","55.390","deg","20.000","°C","100.000","%a.s.","21.720","deg","20.000","°C","977.000","hPa","0.861","-0.02617","0.00035","0","0","13.56","Humid","26.25","0","44.00","379706.43","SABD0000000001","AAV1.0.0.11","4.0.0.2323","PSt7-10","170328-019","7/29/2022 11:23:46 AM","0000-00","0","no battery","V","","µV","","µV"
"08/11/2022","09:47:36","6","default","383292078","Oxt_06","3.684","min","98.015","%a.s.","Humid","20.582","deg","40767","µV","27.743","°C","1021.000","hPa","36.4","pmil","0","55.390","deg","20.000","°C","100.000","%a.s.","21.720","deg","20.000","°C","977.000","hPa","0.861","-0.02617","0.00035","0","0","13.56","Humid","26.25","0","44.00","379689.12","SABD0000000001","AAV1.0.0.11","4.0.0.2323","PSt7-10","170328-019","7/29/2022 11:23:46 AM","0000-00","0","no battery","V","","µV","","µV"
"08/11/2022","09:47:37","6","default","383292078","Oxt_06","3.701","min","98.026","%a.s.","Humid","20.582","deg","40765","µV","27.730","°C","1021.000","hPa","36.4","pmil","0","55.390","deg","20.000","°C","100.000","%a.s.","21.720","deg","20.000","°C","977.000","hPa","0.861","-0.02617","0.00035","0","0","13.56","Humid","26.25","0","44.00","379692.95","SABD0000000001","AAV1.0.0.11","4.0.0.2323","PSt7-10","170328-019","7/29/2022 11:23:46 AM","0000-00","0","no battery","V","","µV","","µV"
"08/11/2022","09:47:38","6","default","383292078","Oxt_06","3.717","min","97.967","%a.s.","Humid","20.589","deg","40768","µV","27.728","°C","1021.000","hPa","36.4","pmil","0","55.390","deg","20.000","°C","100.000","%a.s.","21.720","deg","20.000","°C","977.000","hPa","0.861","-0.02617","0.00035","0","0","13.56","Humid","26.25","0","44.00","379696.18","SABD0000000001","AAV1.0.0.11","4.0.0.2323","PSt7-10","170328-019","7/29/2022 11:23:46 AM","0000-00","0","no battery","V","","µV","","µV"
"08/11/2022","09:47:39","6","default","383292078","Oxt_06","3.734","min","98.003","%a.s.","Humid","20.584","deg","40774","µV","27.736","°C","1021.000","hPa","36.4","pmil","0","55.390","deg","20.000","°C","100.000","%a.s.","21.720","deg","20.000","°C","977.000","hPa","0.861","-0.02617","0.00035","0","0","13.56","Humid","26.25","0","44.00","379711.49","SABD0000000001","AAV1.0.0.11","4.0.0.2323","PSt7-10","170328-019","7/29/2022 11:23:46 AM","0000-00","0","no battery","V","","µV","","µV"
"08/11/2022","09:47:40","6","default","383292078","Oxt_06","3.750","min","97.971","%a.s.","Humid","20.589","deg","40765","µV","27.724","°C","1021.000","hPa","36.4","pmil","0","55.390","deg","20.000","°C","100.000","%a.s.","21.720","deg","20.000","°C","977.000","hPa","0.861","-0.02617","0.00035","0","0","13.56","Humid","26.25","0","44.00","379700.99","SABD0000000001","AAV1.0.0.11","4.0.0.2323","PSt7-10","170328-019","7/29/2022 11:23:46 AM","0000-00","0","no battery","V","","µV","","µV"
"08/11/2022","09:47:41","6","default","383292078","Oxt_06","3.767","min","97.995","%a.s.","Humid","20.586","deg","40771","µV","27.727","°C","1021.000","hPa","36.4","pmil","0","55.390","deg","20.000","°C","100.000","%a.s.","21.720","deg","20.000","°C","977.000","hPa","0.861","-0.02617","0.00035","0","0","13.56","Humid","26.25","0","44.00","379709.79","SABD0000000001","AAV1.0.0.11","4.0.0.2323","PSt7-10","170328-019","7/29/2022 11:23:46 AM","0000-00","0","no battery","V","","µV","","µV"
"08/11/2022","09:47:42","6","default","383292078","Oxt_06","3.784","min","98.026","%a.s.","Humid","20.581","deg","40772","µV","27.740","°C","1021.000","hPa","36.4","pmil","0","55.390","deg","20.000","°C","100.000","%a.s.","21.720","deg","20.000","°C","977.000","hPa","0.861","-0.02617","0.00035","0","0","13.56","Humid","26.25","0","44.00","379702.04","SABD0000000001","AAV1.0.0.11","4.0.0.2323","PSt7-10","170328-019","7/29/2022 11:23:46 AM","0000-00","0","no battery","V","","µV","","µV"
"08/11/2022","09:47:43","6","default","383292078","Oxt_06","3.800","min","98.009","%a.s.","Humid","20.585","deg","40769","µV","27.721","°C","1021.000","hPa","36.4","pmil","0","55.390","deg","20.000","°C","100.000","%a.s.","21.720","deg","20.000","°C","977.000","hPa","0.861","-0.02617","0.00035","0","0","13.56","Humid","26.25","0","44.00","379676.59","SABD0000000001","AAV1.0.0.11","4.0.0.2323","PSt7-10","170328-019","7/29/2022 11:23:46 AM","0000-00","0","no battery","V","","µV","","µV"
"08/11/2022","09:47:44","6","default","383292078","Oxt_06","3.817","min","98.047","%a.s.","Humid","20.580","deg","40769","µV","27.727","°C","1021.000","hPa","36.4","pmil","0","55.390","deg","20.000","°C","100.000","%a.s.","21.720","deg","20.000","°C","977.000","hPa","0.861","-0.02617","0.00035","0","0","13.56","Humid","26.25","0","44.00","379692.75","SABD0000000001","AAV1.0.0.11","4.0.0.2323","PSt7-10","170328-019","7/29/2022 11:23:46 AM","0000-00","0","no battery","V","","µV","","µV"
"08/11/2022","09:47:45","6","default","383292078","Oxt_06","3.834","min","97.994","%a.s.","Humid","20.585","deg","40769","µV","27.736","°C","1021.000","hPa","36.4","pmil","0","55.390","deg","20.000","°C","100.000","%a.s.","21.720","deg","20.000","°C","977.000","hPa","0.861","-0.02617","0.00035","0","0","13.56","Humid","26.25","0","44.00","379692.79","SABD0000000001","AAV1.0.0.11","4.0.0.2323","PSt7-10","170328-019","7/29/2022 11:23:46 AM","0000-00","0","no battery","V","","µV","","µV"
"08/11/2022","09:47:46","6","default","383292078","Oxt_06","3.850","min","97.968","%a.s.","Humid","20.589","deg","40773","µV","27.727","°C","1021.000","hPa","36.4","pmil","0","55.390","deg","20.000","°C","100.000","%a.s.","21.720","deg","20.000","°C","977.000","hPa","0.861","-0.02617","0.00035","0","0","13.56","Humid","26.25","0","44.00","379690.24","SABD0000000001","AAV1.0.0.11","4.0.0.2323","PSt7-10","170328-019","7/29/2022 11:23:46 AM","0000-00","0","no battery","V","","µV","","µV"
"08/11/2022","09:47:47","6","default","383292078","Oxt_06","3.867","min","97.976","%a.s.","Humid","20.587","deg","40770","µV","27.737","°C","1021.000","hPa","36.4","pmil","0","55.390","deg","20.000","°C","100.000","%a.s.","21.720","deg","20.000","°C","977.000","hPa","0.861","-0.02617","0.00035","0","0","13.56","Humid","26.25","0","44.00","379688.48","SABD0000000001","AAV1.0.0.11","4.0.0.2323","PSt7-10","170328-019","7/29/2022 11:23:46 AM","0000-00","0","no battery","V","","µV","","µV"
"08/11/2022","09:47:48","6","default","383292078","Oxt_06","3.884","min","98.022","%a.s.","Humid","20.583","deg","40767","µV","27.726","°C","1021.000","hPa","36.4","pmil","0","55.390","deg","20.000","°C","100.000","%a.s.","21.720","deg","20.000","°C","977.000","hPa","0.861","-0.02617","0.00035","0","0","13.56","Humid","26.25","0","44.00","379689.35","SABD0000000001","AAV1.0.0.11","4.0.0.2323","PSt7-10","170328-019","7/29/2022 11:23:46 AM","0000-00","0","no battery","V","","µV","","µV"
"08/11/2022","09:47:49","6","default","383292078","Oxt_06","3.900","min","98.053","%a.s.","Humid","20.579","deg","40770","µV","27.729","°C","1021.000","hPa","36.4","pmil","0","55.390","deg","20.000","°C","100.000","%a.s.","21.720","deg","20.000","°C","977.000","hPa","0.861","-0.02617","0.00035","0","0","13.56","Humid","26.25","0","44.00","379690.29","SABD0000000001","AAV1.0.0.11","4.0.0.2323","PSt7-10","170328-019","7/29/2022 11:23:46 AM","0000-00","0","no battery","V","","µV","","µV"
"08/11/2022","09:47:50","6","default","383292078","Oxt_06","3.917","min","98.013","%a.s.","Humid","20.583","deg","40779","µV","27.735","°C","1021.000","hPa","36.4","pmil","0","55.390","deg","20.000","°C","100.000","%a.s.","21.720","deg","20.000","°C","977.000","hPa","0.861","-0.02617","0.00035","0","0","13.56","Humid","26.25","0","44.00","379683.14","SABD0000000001","AAV1.0.0.11","4.0.0.2323","PSt7-10","170328-019","7/29/2022 11:23:46 AM","0000-00","0","no battery","V","","µV","","µV"
"08/11/2022","09:47:51","6","default","383292078","Oxt_06","3.934","min","98.006","%a.s.","Humid","20.585","deg","40774","µV","27.724","°C","1021.000","hPa","36.4","pmil","0","55.390","deg","20.000","°C","100.000","%a.s.","21.720","deg","20.000","°C","977.000","hPa","0.861","-0.02617","0.00035","0","0","13.56","Humid","26.25","0","44.00","379676.41","SABD0000000001","AAV1.0.0.11","4.0.0.2323","PSt7-10","170328-019","7/29/2022 11:23:46 AM","0000-00","0","no battery","V","","µV","","µV"
"08/11/2022","09:47:52","6","default","383292078","Oxt_06","3.950","min","97.958","%a.s.","Humid","20.591","deg","40771","µV","27.718","°C","1021.000","hPa","36.4","pmil","0","55.390","deg","20.000","°C","100.000","%a.s.","21.720","deg","20.000","°C","977.000","hPa","0.861","-0.02617","0.00035","0","0","13.56","Humid","26.25","0","44.00","379672.93","SABD0000000001","AAV1.0.0.11","4.0.0.2323","PSt7-10","170328-019","7/29/2022 11:23:46 AM","0000-00","0","no battery","V","","µV","","µV"
"08/11/2022","09:47:53","6","default","383292078","Oxt_06","3.967","min","98.015","%a.s.","Humid","20.582","deg","40770","µV","27.742","°C","1021.000","hPa","36.4","pmil","0","55.390","deg","20.000","°C","100.000","%a.s.","21.720","deg","20.000","°C","977.000","hPa","0.861","-0.02617","0.00035","0","0","13.56","Humid","26.25","0","44.00","379685.88","SABD0000000001","AAV1.0.0.11","4.0.0.2323","PSt7-10","170328-019","7/29/2022 11:23:46 AM","0000-00","0","no battery","V","","µV","","µV"
"08/11/2022","09:47:54","6","default","383292078","Oxt_06","3.984","min","98.006","%a.s.","Humid","20.584","deg","40775","µV","27.733","°C","1021.000","hPa","36.4","pmil","0","55.390","deg","20.000","°C","100.000","%a.s.","21.720","deg","20.000","°C","977.000","hPa","0.861","-0.02617","0.00035","0","0","13.56","Humid","26.25","0","44.00","379681.44","SABD0000000001","AAV1.0.0.11","4.0.0.2323","PSt7-10","170328-019","7/29/2022 11:23:46 AM","0000-00","0","no battery","V","","µV","","µV"
"08/11/2022","09:47:55","6","default","383292078","Oxt_06","4.000","min","97.898","%a.s.","Humid","20.597","deg","40774","µV","27.726","°C","1021.000","hPa","36.4","pmil","0","55.390","deg","20.000","°C","100.000","%a.s.","21.720","deg","20.000","°C","977.000","hPa","0.861","-0.02617","0.00035","0","0","13.56","Humid","26.25","0","44.00","379676.51","SABD0000000001","AAV1.0.0.11","4.0.0.2323","PSt7-10","170328-019","7/29/2022 11:23:46 AM","0000-00","0","no battery","V","","µV","","µV"
"08/11/2022","09:47:56","6","default","383292078","Oxt_06","4.017","min","97.935","%a.s.","Humid","20.592","deg","40776","µV","27.733","°C","1021.000","hPa","36.4","pmil","0","55.390","deg","20.000","°C","100.000","%a.s.","21.720","deg","20.000","°C","977.000","hPa","0.861","-0.02617","0.00035","0","0","13.56","Humid","26.25","0","44.00","379676.66","SABD0000000001","AAV1.0.0.11","4.0.0.2323","PSt7-10","170328-019","7/29/2022 11:23:46 AM","0000-00","0","no battery","V","","µV","","µV"
"08/11/2022","09:47:57","6","default","383292078","Oxt_06","4.034","min","97.991","%a.s.","Humid","20.585","deg","40773","µV","27.739","°C","1021.000","hPa","36.4","pmil","0","55.390","deg","20.000","°C","100.000","%a.s.","21.720","deg","20.000","°C","977.000","hPa","0.861","-0.02617","0.00035","0","0","13.56","Humid","26.25","0","44.00","379677.04","SABD0000000001","AAV1.0.0.11","4.0.0.2323","PSt7-10","170328-019","7/29/2022 11:23:46 AM","0000-00","0","no battery","V","","µV","","µV"
"08/11/2022","09:47:58","6","default","383292078","Oxt_06","4.050","min","97.998","%a.s.","Humid","20.584","deg","40769","µV","27.742","°C","1021.000","hPa","36.4","pmil","0","55.390","deg","20.000","°C","100.000","%a.s.","21.720","deg","20.000","°C","977.000","hPa","0.861","-0.02617","0.00035","0","0","13.56","Humid","26.25","0","44.00","379672.37","SABD0000000001","AAV1.0.0.11","4.0.0.2323","PSt7-10","170328-019","7/29/2022 11:23:46 AM","0000-00","0","no battery","V","","µV","","µV"
"08/11/2022","09:47:59","6","default","383292078","Oxt_06","4.067","min","97.906","%a.s.","Humid","20.595","deg","40773","µV","27.737","°C","1021.000","hPa","36.4","pmil","0","55.390","deg","20.000","°C","100.000","%a.s.","21.720","deg","20.000","°C","977.000","hPa","0.861","-0.02617","0.00035","0","0","13.56","Humid","26.25","0","44.00","379679.07","SABD0000000001","AAV1.0.0.11","4.0.0.2323","PSt7-10","170328-019","7/29/2022 11:23:46 AM","0000-00","0","no battery","V","","µV","","µV"
"08/11/2022","09:48:00","6","default","383292078","Oxt_06","4.084","min","97.998","%a.s.","Humid","20.587","deg","40772","µV","27.714","°C","1021.000","hPa","36.4","pmil","0","55.390","deg","20.000","°C","100.000","%a.s.","21.720","deg","20.000","°C","977.000","hPa","0.861","-0.02617","0.00035","0","0","13.56","Humid","26.25","0","44.00","379682.89","SABD0000000001","AAV1.0.0.11","4.0.0.2323","PSt7-10","170328-019","7/29/2022 11:23:46 AM","0000-00","0","no battery","V","","µV","","µV"
"08/11/2022","09:48:01","6","default","383292078","Oxt_06","4.100","min","97.949","%a.s.","Humid","20.591","deg","40773","µV","27.728","°C","1021.000","hPa","36.4","pmil","0","55.390","deg","20.000","°C","100.000","%a.s.","21.720","deg","20.000","°C","977.000","hPa","0.861","-0.02617","0.00035","0","0","13.56","Humid","26.25","0","44.00","379677.20","SABD0000000001","AAV1.0.0.11","4.0.0.2323","PSt7-10","170328-019","7/29/2022 11:23:46 AM","0000-00","0","no battery","V","","µV","","µV"
"08/11/2022","09:48:02","6","default","383292078","Oxt_06","4.117","min","97.931","%a.s.","Humid","20.592","deg","40774","µV","27.738","°C","1021.000","hPa","36.4","pmil","0","55.390","deg","20.000","°C","100.000","%a.s.","21.720","deg","20.000","°C","977.000","hPa","0.861","-0.02617","0.00035","0","0","13.56","Humid","26.25","0","44.00","379664.98","SABD0000000001","AAV1.0.0.11","4.0.0.2323","PSt7-10","170328-019","7/29/2022 11:23:46 AM","0000-00","0","no battery","V","","µV","","µV"
"08/11/2022","09:48:03","6","default","383292078","Oxt_06","4.134","min","98.027","%a.s.","Humid","20.581","deg","40776","µV","27.739","°C","1021.000","hPa","36.4","pmil","0","55.390","deg","20.000","°C","100.000","%a.s.","21.720","deg","20.000","°C","977.000","hPa","0.861","-0.02617","0.00035","0","0","13.56","Humid","26.25","0","44.00","379664.03","SABD0000000001","AAV1.0.0.11","4.0.0.2323","PSt7-10","170328-019","7/29/2022 11:23:46 AM","0000-00","0","no battery","V","","µV","","µV"
"08/11/2022","09:48:04","6","default","383292078","Oxt_06","4.150","min","97.945","%a.s.","Humid","20.591","deg","40777","µV","27.732","°C","1021.000","hPa","36.4","pmil","0","55.390","deg","20.000","°C","100.000","%a.s.","21.720","deg","20.000","°C","977.000","hPa","0.861","-0.02617","0.00035","0","0","13.56","Humid","26.25","0","44.00","379680.95","SABD0000000001","AAV1.0.0.11","4.0.0.2323","PSt7-10","170328-019","7/29/2022 11:23:46 AM","0000-00","0","no battery","V","","µV","","µV"
"08/11/2022","09:48:05","6","default","383292078","Oxt_06","4.167","min","97.954","%a.s.","Humid","20.591","deg","40775","µV","27.723","°C","1021.000","hPa","36.4","pmil","0","55.390","deg","20.000","°C","100.000","%a.s.","21.720","deg","20.000","°C","977.000","hPa","0.861","-0.02617","0.00035","0","0","13.56","Humid","26.25","0","44.00","379687.94","SABD0000000001","AAV1.0.0.11","4.0.0.2323","PSt7-10","170328-019","7/29/2022 11:23:46 AM","0000-00","0","no battery","V","","µV","","µV"
"08/11/2022","09:48:06","6","default","383292078","Oxt_06","4.184","min","97.928","%a.s.","Humid","20.595","deg","40775","µV","27.714","°C","1021.000","hPa","36.4","pmil","0","55.390","deg","20.000","°C","100.000","%a.s.","21.720","deg","20.000","°C","977.000","hPa","0.861","-0.02617","0.00035","0","0","13.56","Humid","26.25","0","44.00","379688.20","SABD0000000001","AAV1.0.0.11","4.0.0.2323","PSt7-10","170328-019","7/29/2022 11:23:46 AM","0000-00","0","no battery","V","","µV","","µV"
"08/11/2022","09:48:07","6","default","383292078","Oxt_06","4.200","min","97.969","%a.s.","Humid","20.588","deg","40777","µV","27.735","°C","1021.000","hPa","36.4","pmil","0","55.390","deg","20.000","°C","100.000","%a.s.","21.720","deg","20.000","°C","977.000","hPa","0.861","-0.02617","0.00035","0","0","13.56","Humid","26.25","0","44.00","379671.52","SABD0000000001","AAV1.0.0.11","4.0.0.2323","PSt7-10","170328-019","7/29/2022 11:23:46 AM","0000-00","0","no battery","V","","µV","","µV"
"08/11/2022","09:48:08","6","default","383292078","Oxt_06","4.217","min","97.916","%a.s.","Humid","20.595","deg","40773","µV","27.726","°C","1021.000","hPa","36.4","pmil","0","55.390","deg","20.000","°C","100.000","%a.s.","21.720","deg","20.000","°C","977.000","hPa","0.861","-0.02617","0.00035","0","0","13.56","Humid","26.25","0","44.00","379678.73","SABD0000000001","AAV1.0.0.11","4.0.0.2323","PSt7-10","170328-019","7/29/2022 11:23:46 AM","0000-00","0","no battery","V","","µV","","µV"
"08/11/2022","09:48:09","6","default","383292078","Oxt_06","4.234","min","97.966","%a.s.","Humid","20.589","deg","40777","µV","27.729","°C","1021.000","hPa","36.4","pmil","0","55.390","deg","20.000","°C","100.000","%a.s.","21.720","deg","20.000","°C","977.000","hPa","0.861","-0.02617","0.00035","0","0","13.56","Humid","26.25","0","44.00","379665.41","SABD0000000001","AAV1.0.0.11","4.0.0.2323","PSt7-10","170328-019","7/29/2022 11:23:46 AM","0000-00","0","no battery","V","","µV","","µV"
"08/11/2022","09:48:10","6","default","383292078","Oxt_06","4.251","min","97.963","%a.s.","Humid","20.590","deg","40779","µV","27.723","°C","1021.000","hPa","36.4","pmil","0","55.390","deg","20.000","°C","100.000","%a.s.","21.720","deg","20.000","°C","977.000","hPa","0.861","-0.02617","0.00035","0","0","13.56","Humid","26.25","0","44.00","379666.70","SABD0000000001","AAV1.0.0.11","4.0.0.2323","PSt7-10","170328-019","7/29/2022 11:23:46 AM","0000-00","0","no battery","V","","µV","","µV"
"08/11/2022","09:48:11","6","default","383292078","Oxt_06","4.267","min","97.929","%a.s.","Humid","20.594","deg","40778","µV","27.721","°C","1021.000","hPa","36.4","pmil","0","55.390","deg","20.000","°C","100.000","%a.s.","21.720","deg","20.000","°C","977.000","hPa","0.861","-0.02617","0.00035","0","0","13.56","Humid","26.25","0","44.00","379648.64","SABD0000000001","AAV1.0.0.11","4.0.0.2323","PSt7-10","170328-019","7/29/2022 11:23:46 AM","0000-00","0","no battery","V","","µV","","µV"
"08/11/2022","09:48:12","6","default","383292078","Oxt_06","4.284","min","97.887","%a.s.","Humid","20.597","deg","40782","µV","27.738","°C","1021.000","hPa","36.4","pmil","0","55.390","deg","20.000","°C","100.000","%a.s.","21.720","deg","20.000","°C","977.000","hPa","0.861","-0.02617","0.00035","0","0","13.56","Humid","26.25","0","44.00","379670.06","SABD0000000001","AAV1.0.0.11","4.0.0.2323","PSt7-10","170328-019","7/29/2022 11:23:46 AM","0000-00","0","no battery","V","","µV","","µV"
"08/11/2022","09:48:13","6","default","383292078","Oxt_06","4.300","min","97.920","%a.s.","Humid","20.593","deg","40773","µV","27.740","°C","1021.000","hPa","36.4","pmil","0","55.390","deg","20.000","°C","100.000","%a.s.","21.720","deg","20.000","°C","977.000","hPa","0.861","-0.02617","0.00035","0","0","13.56","Humid","26.25","0","44.00","379641.07","SABD0000000001","AAV1.0.0.11","4.0.0.2323","PSt7-10","170328-019","7/29/2022 11:23:46 AM","0000-00","0","no battery","V","","µV","","µV"
"08/11/2022","09:48:14","6","default","383292078","Oxt_06","4.317","min","97.926","%a.s.","Humid","20.592","deg","40774","µV","27.743","°C","1021.000","hPa","36.4","pmil","0","55.390","deg","20.000","°C","100.000","%a.s.","21.720","deg","20.000","°C","977.000","hPa","0.861","-0.02617","0.00035","0","0","13.56","Humid","26.25","0","44.00","379659.28","SABD0000000001","AAV1.0.0.11","4.0.0.2323","PSt7-10","170328-019","7/29/2022 11:23:46 AM","0000-00","0","no battery","V","","µV","","µV"
"08/11/2022","09:48:15","6","default","383292078","Oxt_06","4.334","min","97.863","%a.s.","Humid","20.601","deg","40777","µV","27.726","°C","1021.000","hPa","36.4","pmil","0","55.390","deg","20.000","°C","100.000","%a.s.","21.720","deg","20.000","°C","977.000","hPa","0.861","-0.02617","0.00035","0","0","13.56","Humid","26.25","0","44.00","379663.66","SABD0000000001","AAV1.0.0.11","4.0.0.2323","PSt7-10","170328-019","7/29/2022 11:23:46 AM","0000-00","0","no battery","V","","µV","","µV"
"08/11/2022","09:48:16","6","default","383292078","Oxt_06","4.351","min","97.974","%a.s.","Humid","20.588","deg","40779","µV","27.730","°C","1021.000","hPa","36.4","pmil","0","55.390","deg","20.000","°C","100.000","%a.s.","21.720","deg","20.000","°C","977.000","hPa","0.861","-0.02617","0.00035","0","0","13.56","Humid","26.25","0","44.00","379667.64","SABD0000000001","AAV1.0.0.11","4.0.0.2323","PSt7-10","170328-019","7/29/2022 11:23:46 AM","0000-00","0","no battery","V","","µV","","µV"
"08/11/2022","09:48:17","6","default","383292078","Oxt_06","4.367","min","97.921","%a.s.","Humid","20.594","deg","40778","µV","27.730","°C","1021.000","hPa","36.4","pmil","0","55.390","deg","20.000","°C","100.000","%a.s.","21.720","deg","20.000","°C","977.000","hPa","0.861","-0.02617","0.00035","0","0","13.56","Humid","26.25","0","44.00","379667.09","SABD0000000001","AAV1.0.0.11","4.0.0.2323","PSt7-10","170328-019","7/29/2022 11:23:46 AM","0000-00","0","no battery","V","","µV","","µV"
"08/11/2022","09:48:18","6","default","383292078","Oxt_06","4.384","min","97.903","%a.s.","Humid","20.595","deg","40784","µV","27.739","°C","1021.000","hPa","36.4","pmil","0","55.390","deg","20.000","°C","100.000","%a.s.","21.720","deg","20.000","°C","977.000","hPa","0.861","-0.02617","0.00035","0","0","13.56","Humid","26.25","0","44.00","379670.92","SABD0000000001","AAV1.0.0.11","4.0.0.2323","PSt7-10","170328-019","7/29/2022 11:23:46 AM","0000-00","0","no battery","V","","µV","","µV"
"08/11/2022","09:48:19","6","default","383292078","Oxt_06","4.401","min","97.900","%a.s.","Humid","20.596","deg","40782","µV","27.733","°C","1021.000","hPa","36.4","pmil","0","55.390","deg","20.000","°C","100.000","%a.s.","21.720","deg","20.000","°C","977.000","hPa","0.861","-0.02617","0.00035","0","0","13.56","Humid","26.25","0","44.00","379671.84","SABD0000000001","AAV1.0.0.11","4.0.0.2323","PSt7-10","170328-019","7/29/2022 11:23:46 AM","0000-00","0","no battery","V","","µV","","µV"
"08/11/2022","09:48:20","6","default","383292078","Oxt_06","4.417","min","97.919","%a.s.","Humid","20.595","deg","40775","µV","27.723","°C","1021.000","hPa","36.4","pmil","0","55.390","deg","20.000","°C","100.000","%a.s.","21.720","deg","20.000","°C","977.000","hPa","0.861","-0.02617","0.00035","0","0","13.56","Humid","26.25","0","44.00","379651.61","SABD0000000001","AAV1.0.0.11","4.0.0.2323","PSt7-10","170328-019","7/29/2022 11:23:46 AM","0000-00","0","no battery","V","","µV","","µV"
"08/11/2022","09:48:21","6","default","383292078","Oxt_06","4.434","min","97.896","%a.s.","Humid","20.597","deg","40776","µV","27.728","°C","1021.000","hPa","36.4","pmil","0","55.390","deg","20.000","°C","100.000","%a.s.","21.720","deg","20.000","°C","977.000","hPa","0.861","-0.02617","0.00035","0","0","13.56","Humid","26.25","0","44.00","379652.70","SABD0000000001","AAV1.0.0.11","4.0.0.2323","PSt7-10","170328-019","7/29/2022 11:23:46 AM","0000-00","0","no battery","V","","µV","","µV"
"08/11/2022","09:48:22","6","default","383292078","Oxt_06","4.451","min","97.887","%a.s.","Humid","20.597","deg","40777","µV","27.738","°C","1021.000","hPa","36.4","pmil","0","55.390","deg","20.000","°C","100.000","%a.s.","21.720","deg","20.000","°C","977.000","hPa","0.861","-0.02617","0.00035","0","0","13.56","Humid","26.25","0","44.00","379653.06","SABD0000000001","AAV1.0.0.11","4.0.0.2323","PSt7-10","170328-019","7/29/2022 11:23:46 AM","0000-00","0","no battery","V","","µV","","µV"
"08/11/2022","09:48:23","6","default","383292078","Oxt_06","4.467","min","98.006","%a.s.","Humid","20.585","deg","40781","µV","27.724","°C","1021.000","hPa","36.4","pmil","0","55.390","deg","20.000","°C","100.000","%a.s.","21.720","deg","20.000","°C","977.000","hPa","0.861","-0.02617","0.00035","0","0","13.56","Humid","26.25","0","44.00","379664.82","SABD0000000001","AAV1.0.0.11","4.0.0.2323","PSt7-10","170328-019","7/29/2022 11:23:46 AM","0000-00","0","no battery","V","","µV","","µV"
"08/11/2022","09:48:24","6","default","383292078","Oxt_06","4.484","min","98.035","%a.s.","Humid","20.581","deg","40778","µV","27.730","°C","1021.000","hPa","36.4","pmil","0","55.390","deg","20.000","°C","100.000","%a.s.","21.720","deg","20.000","°C","977.000","hPa","0.861","-0.02617","0.00035","0","0","13.56","Humid","26.25","0","44.00","379652.51","SABD0000000001","AAV1.0.0.11","4.0.0.2323","PSt7-10","170328-019","7/29/2022 11:23:46 AM","0000-00","0","no battery","V","","µV","","µV"
"08/11/2022","09:48:25","6","default","383292078","Oxt_06","4.501","min","97.858","%a.s.","Humid","20.602","deg","40778","µV","27.722","°C","1021.000","hPa","36.4","pmil","0","55.390","deg","20.000","°C","100.000","%a.s.","21.720","deg","20.000","°C","977.000","hPa","0.861","-0.02617","0.00035","0","0","13.56","Humid","26.25","0","44.00","379666.28","SABD0000000001","AAV1.0.0.11","4.0.0.2323","PSt7-10","170328-019","7/29/2022 11:23:46 AM","0000-00","0","no battery","V","","µV","","µV"
"08/11/2022","09:48:26","6","default","383292078","Oxt_06","4.517","min","97.902","%a.s.","Humid","20.597","deg","40782","µV","27.722","°C","1021.000","hPa","36.4","pmil","0","55.390","deg","20.000","°C","100.000","%a.s.","21.720","deg","20.000","°C","977.000","hPa","0.861","-0.02617","0.00035","0","0","13.56","Humid","26.25","0","44.00","379660.40","SABD0000000001","AAV1.0.0.11","4.0.0.2323","PSt7-10","170328-019","7/29/2022 11:23:46 AM","0000-00","0","no battery","V","","µV","","µV"
"08/11/2022","09:48:27","6","default","383292078","Oxt_06","4.534","min","97.825","%a.s.","Humid","20.604","deg","40780","µV","27.738","°C","1021.000","hPa","36.4","pmil","0","55.390","deg","20.000","°C","100.000","%a.s.","21.720","deg","20.000","°C","977.000","hPa","0.861","-0.02617","0.00035","0","0","13.56","Humid","26.25","0","44.00","379651.44","SABD0000000001","AAV1.0.0.11","4.0.0.2323","PSt7-10","170328-019","7/29/2022 11:23:46 AM","0000-00","0","no battery","V","","µV","","µV"
"08/11/2022","09:48:28","6","default","383292078","Oxt_06","4.551","min","97.881","%a.s.","Humid","20.599","deg","40785","µV","27.726","°C","1021.000","hPa","36.4","pmil","0","55.390","deg","20.000","°C","100.000","%a.s.","21.720","deg","20.000","°C","977.000","hPa","0.861","-0.02617","0.00035","0","0","13.56","Humid","26.25","0","44.00","379678.78","SABD0000000001","AAV1.0.0.11","4.0.0.2323","PSt7-10","170328-019","7/29/2022 11:23:46 AM","0000-00","0","no battery","V","","µV","","µV"
"08/11/2022","09:48:29","6","default","383292078","Oxt_06","4.567","min","97.933","%a.s.","Humid","20.594","deg","40783","µV","27.717","°C","1021.000","hPa","36.4","pmil","0","55.390","deg","20.000","°C","100.000","%a.s.","21.720","deg","20.000","°C","977.000","hPa","0.861","-0.02617","0.00035","0","0","13.56","Humid","26.25","0","44.00","379652.16","SABD0000000001","AAV1.0.0.11","4.0.0.2323","PSt7-10","170328-019","7/29/2022 11:23:46 AM","0000-00","0","no battery","V","","µV","","µV"
"08/11/2022","09:48:30","6","default","383292078","Oxt_06","4.584","min","97.851","%a.s.","Humid","20.603","deg","40778","µV","27.720","°C","1021.000","hPa","36.4","pmil","0","55.390","deg","20.000","°C","100.000","%a.s.","21.720","deg","20.000","°C","977.000","hPa","0.861","-0.02617","0.00035","0","0","13.56","Humid","26.25","0","44.00","379666.51","SABD0000000001","AAV1.0.0.11","4.0.0.2323","PSt7-10","170328-019","7/29/2022 11:23:46 AM","0000-00","0","no battery","V","","µV","","µV"
"08/11/2022","09:48:31","6","default","383292078","Oxt_06","4.601","min","97.958","%a.s.","Humid","20.590","deg","40782","µV","27.728","°C","1021.000","hPa","36.4","pmil","0","55.390","deg","20.000","°C","100.000","%a.s.","21.720","deg","20.000","°C","977.000","hPa","0.861","-0.02617","0.00035","0","0","13.56","Humid","26.25","0","44.00","379655.88","SABD0000000001","AAV1.0.0.11","4.0.0.2323","PSt7-10","170328-019","7/29/2022 11:23:46 AM","0000-00","0","no battery","V","","µV","","µV"
"08/11/2022","09:48:32","6","default","383292078","Oxt_06","4.617","min","97.861","%a.s.","Humid","20.599","deg","40778","µV","27.747","°C","1021.000","hPa","36.4","pmil","0","55.390","deg","20.000","°C","100.000","%a.s.","21.720","deg","20.000","°C","977.000","hPa","0.861","-0.02617","0.00035","0","0","13.56","Humid","26.25","0","44.00","379654.35","SABD0000000001","AAV1.0.0.11","4.0.0.2323","PSt7-10","170328-019","7/29/2022 11:23:46 AM","0000-00","0","no battery","V","","µV","","µV"
"08/11/2022","09:48:33","6","default","383292078","Oxt_06","4.634","min","97.836","%a.s.","Humid","20.603","deg","40784","µV","27.736","°C","1021.000","hPa","36.4","pmil","0","55.390","deg","20.000","°C","100.000","%a.s.","21.720","deg","20.000","°C","977.000","hPa","0.861","-0.02617","0.00035","0","0","13.56","Humid","26.25","0","44.00","379659.72","SABD0000000001","AAV1.0.0.11","4.0.0.2323","PSt7-10","170328-019","7/29/2022 11:23:46 AM","0000-00","0","no battery","V","","µV","","µV"
"08/11/2022","09:48:34","6","default","383292078","Oxt_06","4.651","min","97.889","%a.s.","Humid","20.598","deg","40786","µV","27.727","°C","1021.000","hPa","36.4","pmil","0","55.390","deg","20.000","°C","100.000","%a.s.","21.720","deg","20.000","°C","977.000","hPa","0.861","-0.02617","0.00035","0","0","13.56","Humid","26.25","0","44.00","379663.27","SABD0000000001","AAV1.0.0.11","4.0.0.2323","PSt7-10","170328-019","7/29/2022 11:23:46 AM","0000-00","0","no battery","V","","µV","","µV"
"08/11/2022","09:48:35","6","default","383292078","Oxt_06","4.667","min","97.919","%a.s.","Humid","20.594","deg","40780","µV","27.732","°C","1021.000","hPa","36.4","pmil","0","55.390","deg","20.000","°C","100.000","%a.s.","21.720","deg","20.000","°C","977.000","hPa","0.861","-0.02617","0.00035","0","0","13.56","Humid","26.25","0","44.00","379654.59","SABD0000000001","AAV1.0.0.11","4.0.0.2323","PSt7-10","170328-019","7/29/2022 11:23:46 AM","0000-00","0","no battery","V","","µV","","µV"
"08/11/2022","09:48:36","6","default","383292078","Oxt_06","4.684","min","97.891","%a.s.","Humid","20.598","deg","40788","µV","27.724","°C","1021.000","hPa","36.4","pmil","0","55.390","deg","20.000","°C","100.000","%a.s.","21.720","deg","20.000","°C","977.000","hPa","0.861","-0.02617","0.00035","0","0","13.56","Humid","26.25","0","44.00","379665.68","SABD0000000001","AAV1.0.0.11","4.0.0.2323","PSt7-10","170328-019","7/29/2022 11:23:46 AM","0000-00","0","no battery","V","","µV","","µV"
"08/11/2022","09:48:37","6","default","383292078","Oxt_06","4.701","min","97.833","%a.s.","Humid","20.604","deg","40788","µV","27.730","°C","1021.000","hPa","36.4","pmil","0","55.390","deg","20.000","°C","100.000","%a.s.","21.720","deg","20.000","°C","977.000","hPa","0.861","-0.02617","0.00035","0","0","13.56","Humid","26.25","0","44.00","379661.84","SABD0000000001","AAV1.0.0.11","4.0.0.2323","PSt7-10","170328-019","7/29/2022 11:23:46 AM","0000-00","0","no battery","V","","µV","","µV"
"08/11/2022","09:48:38","6","default","383292078","Oxt_06","4.717","min","97.847","%a.s.","Humid","20.602","deg","40786","µV","27.734","°C","1021.000","hPa","36.4","pmil","0","55.390","deg","20.000","°C","100.000","%a.s.","21.720","deg","20.000","°C","977.000","hPa","0.861","-0.02617","0.00035","0","0","13.56","Humid","26.25","0","44.00","379654.54","SABD0000000001","AAV1.0.0.11","4.0.0.2323","PSt7-10","170328-019","7/29/2022 11:23:46 AM","0000-00","0","no battery","V","","µV","","µV"
"08/11/2022","09:48:39","6","default","383292078","Oxt_06","4.734","min","97.849","%a.s.","Humid","20.603","deg","40788","µV","27.723","°C","1021.000","hPa","36.4","pmil","0","55.390","deg","20.000","°C","100.000","%a.s.","21.720","deg","20.000","°C","977.000","hPa","0.861","-0.02617","0.00035","0","0","13.56","Humid","26.25","0","44.00","379676.65","SABD0000000001","AAV1.0.0.11","4.0.0.2323","PSt7-10","170328-019","7/29/2022 11:23:46 AM","0000-00","0","no battery","V","","µV","","µV"
"08/11/2022","09:48:40","6","default","383292078","Oxt_06","4.751","min","97.884","%a.s.","Humid","20.600","deg","40788","µV","27.714","°C","1021.000","hPa","36.4","pmil","0","55.390","deg","20.000","°C","100.000","%a.s.","21.720","deg","20.000","°C","977.000","hPa","0.861","-0.02617","0.00035","0","0","13.56","Humid","26.25","0","44.00","379668.68","SABD0000000001","AAV1.0.0.11","4.0.0.2323","PSt7-10","170328-019","7/29/2022 11:23:46 AM","0000-00","0","no battery","V","","µV","","µV"
"08/11/2022","09:48:41","6","default","383292078","Oxt_06","4.767","min","97.879","%a.s.","Humid","20.599","deg","40784","µV","27.728","°C","1021.000","hPa","36.4","pmil","0","55.390","deg","20.000","°C","100.000","%a.s.","21.720","deg","20.000","°C","977.000","hPa","0.861","-0.02617","0.00035","0","0","13.56","Humid","26.25","0","44.00","379653.32","SABD0000000001","AAV1.0.0.11","4.0.0.2323","PSt7-10","170328-019","7/29/2022 11:23:46 AM","0000-00","0","no battery","V","","µV","","µV"
"08/11/2022","09:48:42","6","default","383292078","Oxt_06","4.784","min","97.934","%a.s.","Humid","20.593","deg","40786","µV","27.725","°C","1021.000","hPa","36.4","pmil","0","55.390","deg","20.000","°C","100.000","%a.s.","21.720","deg","20.000","°C","977.000","hPa","0.861","-0.02617","0.00035","0","0","13.56","Humid","26.25","0","44.00","379652.71","SABD0000000001","AAV1.0.0.11","4.0.0.2323","PSt7-10","170328-019","7/29/2022 11:23:46 AM","0000-00","0","no battery","V","","µV","","µV"
"08/11/2022","09:48:43","6","default","383292078","Oxt_06","4.801","min","97.827","%a.s.","Humid","20.605","deg","40791","µV","27.727","°C","1021.000","hPa","36.4","pmil","0","55.390","deg","20.000","°C","100.000","%a.s.","21.720","deg","20.000","°C","977.000","hPa","0.861","-0.02617","0.00035","0","0","13.56","Humid","26.25","0","44.00","379659.63","SABD0000000001","AAV1.0.0.11","4.0.0.2323","PSt7-10","170328-019","7/29/2022 11:23:46 AM","0000-00","0","no battery","V","","µV","","µV"
"08/11/2022","09:48:44","6","default","383292078","Oxt_06","4.817","min","97.848","%a.s.","Humid","20.602","deg","40786","µV","27.733","°C","1021.000","hPa","36.4","pmil","0","55.390","deg","20.000","°C","100.000","%a.s.","21.720","deg","20.000","°C","977.000","hPa","0.861","-0.02617","0.00035","0","0","13.56","Humid","26.25","0","44.00","379636.02","SABD0000000001","AAV1.0.0.11","4.0.0.2323","PSt7-10","170328-019","7/29/2022 11:23:46 AM","0000-00","0","no battery","V","","µV","","µV"
"08/11/2022","09:48:45","6","default","383292078","Oxt_06","4.834","min","97.899","%a.s.","Humid","20.597","deg","40787","µV","27.725","°C","1021.000","hPa","36.4","pmil","0","55.390","deg","20.000","°C","100.000","%a.s.","21.720","deg","20.000","°C","977.000","hPa","0.861","-0.02617","0.00035","0","0","13.56","Humid","26.25","0","44.00","379641.54","SABD0000000001","AAV1.0.0.11","4.0.0.2323","PSt7-10","170328-019","7/29/2022 11:23:46 AM","0000-00","0","no battery","V","","µV","","µV"
"08/11/2022","09:48:46","6","default","383292078","Oxt_06","4.851","min","97.881","%a.s.","Humid","20.598","deg","40783","µV","27.735","°C","1021.000","hPa","36.4","pmil","0","55.390","deg","20.000","°C","100.000","%a.s.","21.720","deg","20.000","°C","977.000","hPa","0.861","-0.02617","0.00035","0","0","13.56","Humid","26.25","0","44.00","379662.97","SABD0000000001","AAV1.0.0.11","4.0.0.2323","PSt7-10","170328-019","7/29/2022 11:23:46 AM","0000-00","0","no battery","V","","µV","","µV"
"08/11/2022","09:48:47","6","default","383292078","Oxt_06","4.867","min","97.922","%a.s.","Humid","20.596","deg","40781","µV","27.711","°C","1021.000","hPa","36.4","pmil","0","55.390","deg","20.000","°C","100.000","%a.s.","21.720","deg","20.000","°C","977.000","hPa","0.861","-0.02617","0.00035","0","0","13.56","Humid","26.25","0","44.00","379649.72","SABD0000000001","AAV1.0.0.11","4.0.0.2323","PSt7-10","170328-019","7/29/2022 11:23:46 AM","0000-00","0","no battery","V","","µV","","µV"
"08/11/2022","09:48:48","6","default","383292078","Oxt_06","4.884","min","97.889","%a.s.","Humid","20.600","deg","40788","µV","27.708","°C","1021.000","hPa","36.4","pmil","0","55.390","deg","20.000","°C","100.000","%a.s.","21.720","deg","20.000","°C","977.000","hPa","0.861","-0.02617","0.00035","0","0","13.56","Humid","26.25","0","44.00","379654.55","SABD0000000001","AAV1.0.0.11","4.0.0.2323","PSt7-10","170328-019","7/29/2022 11:23:46 AM","0000-00","0","no battery","V","","µV","","µV"
"08/11/2022","09:48:49","6","default","383292078","Oxt_06","4.901","min","97.893","%a.s.","Humid","20.596","deg","40787","µV","27.741","°C","1021.000","hPa","36.4","pmil","0","55.390","deg","20.000","°C","100.000","%a.s.","21.720","deg","20.000","°C","977.000","hPa","0.861","-0.02617","0.00035","0","0","13.56","Humid","26.25","0","44.00","379641.04","SABD0000000001","AAV1.0.0.11","4.0.0.2323","PSt7-10","170328-019","7/29/2022 11:23:46 AM","0000-00","0","no battery","V","","µV","","µV"
"08/11/2022","09:48:50","6","default","383292078","Oxt_06","4.917","min","97.873","%a.s.","Humid","20.598","deg","40789","µV","27.744","°C","1021.000","hPa","36.4","pmil","0","55.390","deg","20.000","°C","100.000","%a.s.","21.720","deg","20.000","°C","977.000","hPa","0.861","-0.02617","0.00035","0","0","13.56","Humid","26.25","0","44.00","379644.45","SABD0000000001","AAV1.0.0.11","4.0.0.2323","PSt7-10","170328-019","7/29/2022 11:23:46 AM","0000-00","0","no battery","V","","µV","","µV"
"08/11/2022","09:48:51","6","default","383292078","Oxt_06","4.934","min","97.874","%a.s.","Humid","20.599","deg","40788","µV","27.733","°C","1021.000","hPa","36.4","pmil","0","55.390","deg","20.000","°C","100.000","%a.s.","21.720","deg","20.000","°C","977.000","hPa","0.861","-0.02617","0.00035","0","0","13.56","Humid","26.25","0","44.00","379656.38","SABD0000000001","AAV1.0.0.11","4.0.0.2323","PSt7-10","170328-019","7/29/2022 11:23:46 AM","0000-00","0","no battery","V","","µV","","µV"
"08/11/2022","09:48:52","6","default","383292078","Oxt_06","4.951","min","97.939","%a.s.","Humid","20.593","deg","40789","µV","27.720","°C","1021.000","hPa","36.4","pmil","0","55.390","deg","20.000","°C","100.000","%a.s.","21.720","deg","20.000","°C","977.000","hPa","0.861","-0.02617","0.00035","0","0","13.56","Humid","26.25","0","44.00","379651.83","SABD0000000001","AAV1.0.0.11","4.0.0.2323","PSt7-10","170328-019","7/29/2022 11:23:46 AM","0000-00","0","no battery","V","","µV","","µV"
"08/11/2022","09:48:53","6","default","383292078","Oxt_06","4.968","min","97.925","%a.s.","Humid","20.595","deg","40787","µV","27.716","°C","1021.000","hPa","36.4","pmil","0","55.390","deg","20.000","°C","100.000","%a.s.","21.720","deg","20.000","°C","977.000","hPa","0.861","-0.02617","0.00035","0","0","13.56","Humid","26.25","0","44.00","379646.40","SABD0000000001","AAV1.0.0.11","4.0.0.2323","PSt7-10","170328-019","7/29/2022 11:23:46 AM","0000-00","0","no battery","V","","µV","","µV"
"08/11/2022","09:48:54","6","default","383292078","Oxt_06","4.984","min","97.832","%a.s.","Humid","20.604","deg","40792","µV","27.731","°C","1021.000","hPa","36.4","pmil","0","55.390","deg","20.000","°C","100.000","%a.s.","21.720","deg","20.000","°C","977.000","hPa","0.861","-0.02617","0.00035","0","0","13.56","Humid","26.25","0","44.00","379651.47","SABD0000000001","AAV1.0.0.11","4.0.0.2323","PSt7-10","170328-019","7/29/2022 11:23:46 AM","0000-00","0","no battery","V","","µV","","µV"
"08/11/2022","09:48:55","6","default","383292078","Oxt_06","5.001","min","97.832","%a.s.","Humid","20.604","deg","40790","µV","27.731","°C","1021.000","hPa","36.4","pmil","0","55.390","deg","20.000","°C","100.000","%a.s.","21.720","deg","20.000","°C","977.000","hPa","0.861","-0.02617","0.00035","0","0","13.56","Humid","26.25","0","44.00","379653.24","SABD0000000001","AAV1.0.0.11","4.0.0.2323","PSt7-10","170328-019","7/29/2022 11:23:46 AM","0000-00","0","no battery","V","","µV","","µV"
"08/11/2022","09:48:56","6","default","383292078","Oxt_06","5.018","min","97.852","%a.s.","Humid","20.601","deg","40791","µV","27.738","°C","1021.000","hPa","36.4","pmil","0","55.390","deg","20.000","°C","100.000","%a.s.","21.720","deg","20.000","°C","977.000","hPa","0.861","-0.02617","0.00035","0","0","13.56","Humid","26.25","0","44.00","379643.00","SABD0000000001","AAV1.0.0.11","4.0.0.2323","PSt7-10","170328-019","7/29/2022 11:23:46 AM","0000-00","0","no battery","V","","µV","","µV"
"08/11/2022","09:48:57","6","default","383292078","Oxt_06","5.034","min","97.835","%a.s.","Humid","20.605","deg","40794","µV","27.719","°C","1021.000","hPa","36.4","pmil","0","55.390","deg","20.000","°C","100.000","%a.s.","21.720","deg","20.000","°C","977.000","hPa","0.861","-0.02617","0.00035","0","0","13.56","Humid","26.25","0","44.00","379644.26","SABD0000000001","AAV1.0.0.11","4.0.0.2323","PSt7-10","170328-019","7/29/2022 11:23:46 AM","0000-00","0","no battery","V","","µV","","µV"
"08/11/2022","09:48:58","6","default","383292078","Oxt_06","5.051","min","97.831","%a.s.","Humid","20.606","deg","40791","µV","27.713","°C","1021.000","hPa","36.4","pmil","0","55.390","deg","20.000","°C","100.000","%a.s.","21.720","deg","20.000","°C","977.000","hPa","0.861","-0.02617","0.00035","0","0","13.56","Humid","26.25","0","44.00","379660.89","SABD0000000001","AAV1.0.0.11","4.0.0.2323","PSt7-10","170328-019","7/29/2022 11:23:46 AM","0000-00","0","no battery","V","","µV","","µV"
"08/11/2022","09:48:59","6","default","383292078","Oxt_06","5.068","min","97.817","%a.s.","Humid","20.608","deg","40792","µV","27.710","°C","1021.000","hPa","36.4","pmil","0","55.390","deg","20.000","°C","100.000","%a.s.","21.720","deg","20.000","°C","977.000","hPa","0.861","-0.02617","0.00035","0","0","13.56","Humid","26.25","0","44.00","379645.40","SABD0000000001","AAV1.0.0.11","4.0.0.2323","PSt7-10","170328-019","7/29/2022 11:23:46 AM","0000-00","0","no battery","V","","µV","","µV"
"08/11/2022","09:49:00","6","default","383292078","Oxt_06","5.084","min","97.894","%a.s.","Humid","20.597","deg","40793","µV","27.731","°C","1021.000","hPa","36.4","pmil","0","55.390","deg","20.000","°C","100.000","%a.s.","21.720","deg","20.000","°C","977.000","hPa","0.861","-0.02617","0.00035","0","0","13.56","Humid","26.25","0","44.00","379629.02","SABD0000000001","AAV1.0.0.11","4.0.0.2323","PSt7-10","170328-019","7/29/2022 11:23:46 AM","0000-00","0","no battery","V","","µV","","µV"
"08/11/2022","09:49:01","6","default","383292078","Oxt_06","5.101","min","97.872","%a.s.","Humid","20.600","deg","40788","µV","27.727","°C","1021.000","hPa","36.4","pmil","0","55.390","deg","20.000","°C","100.000","%a.s.","21.720","deg","20.000","°C","977.000","hPa","0.861","-0.02617","0.00035","0","0","13.56","Humid","26.25","0","44.00","379632.55","SABD0000000001","AAV1.0.0.11","4.0.0.2323","PSt7-10","170328-019","7/29/2022 11:23:46 AM","0000-00","0","no battery","V","","µV","","µV"
"08/11/2022","09:49:02","6","default","383292078","Oxt_06","5.118","min","97.850","%a.s.","Humid","20.604","deg","40789","µV","27.712","°C","1021.000","hPa","36.4","pmil","0","55.390","deg","20.000","°C","100.000","%a.s.","21.720","deg","20.000","°C","977.000","hPa","0.861","-0.02617","0.00035","0","0","13.56","Humid","26.25","0","44.00","379632.74","SABD0000000001","AAV1.0.0.11","4.0.0.2323","PSt7-10","170328-019","7/29/2022 11:23:46 AM","0000-00","0","no battery","V","","µV","","µV"
"08/11/2022","09:49:03","6","default","383292078","Oxt_06","5.134","min","97.845","%a.s.","Humid","20.604","deg","40791","µV","27.718","°C","1021.000","hPa","36.4","pmil","0","55.390","deg","20.000","°C","100.000","%a.s.","21.720","deg","20.000","°C","977.000","hPa","0.861","-0.02617","0.00035","0","0","13.56","Humid","26.25","0","44.00","379624.96","SABD0000000001","AAV1.0.0.11","4.0.0.2323","PSt7-10","170328-019","7/29/2022 11:23:46 AM","0000-00","0","no battery","V","","µV","","µV"
"08/11/2022","09:49:04","6","default","383292078","Oxt_06","5.151","min","97.836","%a.s.","Humid","20.606","deg","40786","µV","27.708","°C","1021.000","hPa","36.4","pmil","0","55.390","deg","20.000","°C","100.000","%a.s.","21.720","deg","20.000","°C","977.000","hPa","0.861","-0.02617","0.00035","0","0","13.56","Humid","26.25","0","44.00","379630.46","SABD0000000001","AAV1.0.0.11","4.0.0.2323","PSt7-10","170328-019","7/29/2022 11:23:46 AM","0000-00","0","no battery","V","","µV","","µV"
"08/11/2022","09:49:05","6","default","383292078","Oxt_06","5.168","min","97.847","%a.s.","Humid","20.604","deg","40792","µV","27.715","°C","1021.000","hPa","36.4","pmil","0","55.390","deg","20.000","°C","100.000","%a.s.","21.720","deg","20.000","°C","977.000","hPa","0.861","-0.02617","0.00035","0","0","13.56","Humid","26.25","0","44.00","379638.06","SABD0000000001","AAV1.0.0.11","4.0.0.2323","PSt7-10","170328-019","7/29/2022 11:23:46 AM","0000-00","0","no battery","V","","µV","","µV"
"08/11/2022","09:49:06","6","default","383292078","Oxt_06","5.184","min","97.894","%a.s.","Humid","20.598","deg","40789","µV","27.722","°C","1021.000","hPa","36.4","pmil","0","55.390","deg","20.000","°C","100.000","%a.s.","21.720","deg","20.000","°C","977.000","hPa","0.861","-0.02617","0.00035","0","0","13.56","Humid","26.25","0","44.00","379639.40","SABD0000000001","AAV1.0.0.11","4.0.0.2323","PSt7-10","170328-019","7/29/2022 11:23:46 AM","0000-00","0","no battery","V","","µV","","µV"
"08/11/2022","09:49:07","6","default","383292078","Oxt_06","5.201","min","97.808","%a.s.","Humid","20.608","deg","40792","µV","27.719","°C","1021.000","hPa","36.4","pmil","0","55.390","deg","20.000","°C","100.000","%a.s.","21.720","deg","20.000","°C","977.000","hPa","0.861","-0.02617","0.00035","0","0","13.56","Humid","26.25","0","44.00","379629.74","SABD0000000001","AAV1.0.0.11","4.0.0.2323","PSt7-10","170328-019","7/29/2022 11:23:46 AM","0000-00","0","no battery","V","","µV","","µV"
"08/11/2022","09:49:08","6","default","383292078","Oxt_06","5.218","min","97.864","%a.s.","Humid","20.602","deg","40790","µV","27.715","°C","1021.000","hPa","36.4","pmil","0","55.390","deg","20.000","°C","100.000","%a.s.","21.720","deg","20.000","°C","977.000","hPa","0.861","-0.02617","0.00035","0","0","13.56","Humid","26.25","0","44.00","379634.20","SABD0000000001","AAV1.0.0.11","4.0.0.2323","PSt7-10","170328-019","7/29/2022 11:23:46 AM","0000-00","0","no battery","V","","µV","","µV"
"08/11/2022","09:49:09","6","default","383292078","Oxt_06","5.234","min","97.794","%a.s.","Humid","20.609","deg","40788","µV","27.725","°C","1021.000","hPa","36.4","pmil","0","55.390","deg","20.000","°C","100.000","%a.s.","21.720","deg","20.000","°C","977.000","hPa","0.861","-0.02617","0.00035","0","0","13.56","Humid","26.25","0","44.00","379631.68","SABD0000000001","AAV1.0.0.11","4.0.0.2323","PSt7-10","170328-019","7/29/2022 11:23:46 AM","0000-00","0","no battery","V","","µV","","µV"
"08/11/2022","09:49:10","6","default","383292078","Oxt_06","5.251","min","97.794","%a.s.","Humid","20.609","deg","40799","µV","27.725","°C","1021.000","hPa","36.4","pmil","0","55.390","deg","20.000","°C","100.000","%a.s.","21.720","deg","20.000","°C","977.000","hPa","0.861","-0.02617","0.00035","0","0","13.56","Humid","26.25","0","44.00","379631.70","SABD0000000001","AAV1.0.0.11","4.0.0.2323","PSt7-10","170328-019","7/29/2022 11:23:46 AM","0000-00","0","no battery","V","","µV","","µV"
"08/11/2022","09:49:11","6","default","383292078","Oxt_06","5.268","min","97.818","%a.s.","Humid","20.606","deg","40790","µV","27.728","°C","1021.000","hPa","36.4","pmil","0","55.390","deg","20.000","°C","100.000","%a.s.","21.720","deg","20.000","°C","977.000","hPa","0.861","-0.02617","0.00035","0","0","13.56","Humid","26.25","0","44.00","379626.36","SABD0000000001","AAV1.0.0.11","4.0.0.2323","PSt7-10","170328-019","7/29/2022 11:23:46 AM","0000-00","0","no battery","V","","µV","","µV"
"08/11/2022","09:49:12","6","default","383292078","Oxt_06","5.284","min","97.823","%a.s.","Humid","20.604","deg","40791","µV","27.740","°C","1021.000","hPa","36.4","pmil","0","55.390","deg","20.000","°C","100.000","%a.s.","21.720","deg","20.000","°C","977.000","hPa","0.861","-0.02617","0.00035","0","0","13.56","Humid","26.25","0","44.00","379613.00","SABD0000000001","AAV1.0.0.11","4.0.0.2323","PSt7-10","170328-019","7/29/2022 11:23:46 AM","0000-00","0","no battery","V","","µV","","µV"
"08/11/2022","09:49:13","6","default","383292078","Oxt_06","5.301","min","97.844","%a.s.","Humid","20.602","deg","40789","µV","27.737","°C","1021.000","hPa","36.4","pmil","0","55.390","deg","20.000","°C","100.000","%a.s.","21.720","deg","20.000","°C","977.000","hPa","0.861","-0.02617","0.00035","0","0","13.56","Humid","26.25","0","44.00","379625.21","SABD0000000001","AAV1.0.0.11","4.0.0.2323","PSt7-10","170328-019","7/29/2022 11:23:46 AM","0000-00","0","no battery","V","","µV","","µV"
"08/11/2022","09:49:14","6","default","383292078","Oxt_06","5.318","min","97.801","%a.s.","Humid","20.608","deg","40798","µV","27.727","°C","1021.000","hPa","36.4","pmil","0","55.390","deg","20.000","°C","100.000","%a.s.","21.720","deg","20.000","°C","977.000","hPa","0.861","-0.02617","0.00035","0","0","13.56","Humid","26.25","0","44.00","379636.71","SABD0000000001","AAV1.0.0.11","4.0.0.2323","PSt7-10","170328-019","7/29/2022 11:23:46 AM","0000-00","0","no battery","V","","µV","","µV"
"08/11/2022","09:49:15","6","default","383292078","Oxt_06","5.334","min","97.800","%a.s.","Humid","20.608","deg","40796","µV","27.728","°C","1021.000","hPa","36.4","pmil","0","55.390","deg","20.000","°C","100.000","%a.s.","21.720","deg","20.000","°C","977.000","hPa","0.861","-0.02617","0.00035","0","0","13.56","Humid","26.25","0","44.00","379628.19","SABD0000000001","AAV1.0.0.11","4.0.0.2323","PSt7-10","170328-019","7/29/2022 11:23:46 AM","0000-00","0","no battery","V","","µV","","µV"
"08/11/2022","09:49:16","6","default","383292078","Oxt_06","5.351","min","97.856","%a.s.","Humid","20.601","deg","40796","µV","27.733","°C","1021.000","hPa","36.4","pmil","0","55.390","deg","20.000","°C","100.000","%a.s.","21.720","deg","20.000","°C","977.000","hPa","0.861","-0.02617","0.00035","0","0","13.56","Humid","26.25","0","44.00","379624.76","SABD0000000001","AAV1.0.0.11","4.0.0.2323","PSt7-10","170328-019","7/29/2022 11:23:46 AM","0000-00","0","no battery","V","","µV","","µV"
"08/11/2022","09:49:17","6","default","383292078","Oxt_06","5.368","min","97.847","%a.s.","Humid","20.603","deg","40795","µV","27.725","°C","1021.000","hPa","36.4","pmil","0","55.390","deg","20.000","°C","100.000","%a.s.","21.720","deg","20.000","°C","977.000","hPa","0.861","-0.02617","0.00035","0","0","13.56","Humid","26.25","0","44.00","379629.37","SABD0000000001","AAV1.0.0.11","4.0.0.2323","PSt7-10","170328-019","7/29/2022 11:23:46 AM","0000-00","0","no battery","V","","µV","","µV"
"08/11/2022","09:49:18","6","default","383292078","Oxt_06","5.384","min","97.830","%a.s.","Humid","20.605","deg","40795","µV","27.724","°C","1021.000","hPa","36.4","pmil","0","55.390","deg","20.000","°C","100.000","%a.s.","21.720","deg","20.000","°C","977.000","hPa","0.861","-0.02617","0.00035","0","0","13.56","Humid","26.25","0","44.00","379636.27","SABD0000000001","AAV1.0.0.11","4.0.0.2323","PSt7-10","170328-019","7/29/2022 11:23:46 AM","0000-00","0","no battery","V","","µV","","µV"
"08/11/2022","09:49:19","6","default","383292078","Oxt_06","5.401","min","97.808","%a.s.","Humid","20.608","deg","40789","µV","27.720","°C","1021.000","hPa","36.4","pmil","0","55.390","deg","20.000","°C","100.000","%a.s.","21.720","deg","20.000","°C","977.000","hPa","0.861","-0.02617","0.00035","0","0","13.56","Humid","26.25","0","44.00","379628.67","SABD0000000001","AAV1.0.0.11","4.0.0.2323","PSt7-10","170328-019","7/29/2022 11:23:46 AM","0000-00","0","no battery","V","","µV","","µV"
"08/11/2022","09:49:20","6","default","383292078","Oxt_06","5.418","min","97.753","%a.s.","Humid","20.614","deg","40796","µV","27.721","°C","1021.000","hPa","36.4","pmil","0","55.390","deg","20.000","°C","100.000","%a.s.","21.720","deg","20.000","°C","977.000","hPa","0.861","-0.02617","0.00035","0","0","13.56","Humid","26.25","0","44.00","379624.42","SABD0000000001","AAV1.0.0.11","4.0.0.2323","PSt7-10","170328-019","7/29/2022 11:23:46 AM","0000-00","0","no battery","V","","µV","","µV"
"08/11/2022","09:49:21","6","default","383292078","Oxt_06","5.434","min","97.805","%a.s.","Humid","20.608","deg","40793","µV","27.723","°C","1021.000","hPa","36.4","pmil","0","55.390","deg","20.000","°C","100.000","%a.s.","21.720","deg","20.000","°C","977.000","hPa","0.861","-0.02617","0.00035","0","0","13.56","Humid","26.25","0","44.00","379624.03","SABD0000000001","AAV1.0.0.11","4.0.0.2323","PSt7-10","170328-019","7/29/2022 11:23:46 AM","0000-00","0","no battery","V","","µV","","µV"
"08/11/2022","09:49:22","6","default","383292078","Oxt_06","5.451","min","97.809","%a.s.","Humid","20.607","deg","40796","µV","27.728","°C","1021.000","hPa","36.4","pmil","0","55.390","deg","20.000","°C","100.000","%a.s.","21.720","deg","20.000","°C","977.000","hPa","0.861","-0.02617","0.00035","0","0","13.56","Humid","26.25","0","44.00","379625.73","SABD0000000001","AAV1.0.0.11","4.0.0.2323","PSt7-10","170328-019","7/29/2022 11:23:46 AM","0000-00","0","no battery","V","","µV","","µV"
"08/11/2022","09:49:23","6","default","383292078","Oxt_06","5.468","min","97.768","%a.s.","Humid","20.612","deg","40798","µV","27.725","°C","1021.000","hPa","36.4","pmil","0","55.390","deg","20.000","°C","100.000","%a.s.","21.720","deg","20.000","°C","977.000","hPa","0.861","-0.02617","0.00035","0","0","13.56","Humid","26.25","0","44.00","379615.14","SABD0000000001","AAV1.0.0.11","4.0.0.2323","PSt7-10","170328-019","7/29/2022 11:23:46 AM","0000-00","0","no battery","V","","µV","","µV"
"08/11/2022","09:49:24","6","default","383292078","Oxt_06","5.484","min","97.764","%a.s.","Humid","20.613","deg","40793","µV","27.720","°C","1021.000","hPa","36.4","pmil","0","55.390","deg","20.000","°C","100.000","%a.s.","21.720","deg","20.000","°C","977.000","hPa","0.861","-0.02617","0.00035","0","0","13.56","Humid","26.25","0","44.00","379629.55","SABD0000000001","AAV1.0.0.11","4.0.0.2323","PSt7-10","170328-019","7/29/2022 11:23:46 AM","0000-00","0","no battery","V","","µV","","µV"
"08/11/2022","09:49:25","6","default","383292078","Oxt_06","5.501","min","97.752","%a.s.","Humid","20.613","deg","40788","µV","27.732","°C","1021.000","hPa","36.4","pmil","0","55.390","deg","20.000","°C","100.000","%a.s.","21.720","deg","20.000","°C","977.000","hPa","0.861","-0.02617","0.00035","0","0","13.56","Humid","26.25","0","44.00","379624.63","SABD0000000001","AAV1.0.0.11","4.0.0.2323","PSt7-10","170328-019","7/29/2022 11:23:46 AM","0000-00","0","no battery","V","","µV","","µV"
"08/11/2022","09:49:26","6","default","383292078","Oxt_06","5.518","min","97.765","%a.s.","Humid","20.612","deg","40805","µV","27.728","°C","1021.000","hPa","36.4","pmil","0","55.390","deg","20.000","°C","100.000","%a.s.","21.720","deg","20.000","°C","977.000","hPa","0.861","-0.02617","0.00035","0","0","13.56","Humid","26.25","0","44.00","379640.81","SABD0000000001","AAV1.0.0.11","4.0.0.2323","PSt7-10","170328-019","7/29/2022 11:23:46 AM","0000-00","0","no battery","V","","µV","","µV"
"08/11/2022","09:49:27","6","default","383292078","Oxt_06","5.534","min","97.810","%a.s.","Humid","20.607","deg","40793","µV","27.726","°C","1021.000","hPa","36.4","pmil","0","55.390","deg","20.000","°C","100.000","%a.s.","21.720","deg","20.000","°C","977.000","hPa","0.861","-0.02617","0.00035","0","0","13.56","Humid","26.25","0","44.00","379633.22","SABD0000000001","AAV1.0.0.11","4.0.0.2323","PSt7-10","170328-019","7/29/2022 11:23:46 AM","0000-00","0","no battery","V","","µV","","µV"
"08/11/2022","09:49:28","6","default","383292078","Oxt_06","5.551","min","97.802","%a.s.","Humid","20.608","deg","40795","µV","27.726","°C","1021.000","hPa","36.4","pmil","0","55.390","deg","20.000","°C","100.000","%a.s.","21.720","deg","20.000","°C","977.000","hPa","0.861","-0.02617","0.00035","0","0","13.56","Humid","26.25","0","44.00","379620.08","SABD0000000001","AAV1.0.0.11","4.0.0.2323","PSt7-10","170328-019","7/29/2022 11:23:46 AM","0000-00","0","no battery","V","","µV","","µV"
"08/11/2022","09:49:29","6","default","383292078","Oxt_06","5.568","min","97.836","%a.s.","Humid","20.603","deg","40798","µV","27.736","°C","1021.000","hPa","36.4","pmil","0","55.390","deg","20.000","°C","100.000","%a.s.","21.720","deg","20.000","°C","977.000","hPa","0.861","-0.02617","0.00035","0","0","13.56","Humid","26.25","0","44.00","379619.10","SABD0000000001","AAV1.0.0.11","4.0.0.2323","PSt7-10","170328-019","7/29/2022 11:23:46 AM","0000-00","0","no battery","V","","µV","","µV"
"08/11/2022","09:49:30","6","default","383292078","Oxt_06","5.584","min","97.832","%a.s.","Humid","20.604","deg","40804","µV","27.731","°C","1021.000","hPa","36.4","pmil","0","55.390","deg","20.000","°C","100.000","%a.s.","21.720","deg","20.000","°C","977.000","hPa","0.861","-0.02617","0.00035","0","0","13.56","Humid","26.25","0","44.00","379616.78","SABD0000000001","AAV1.0.0.11","4.0.0.2323","PSt7-10","170328-019","7/29/2022 11:23:46 AM","0000-00","0","no battery","V","","µV","","µV"
"08/11/2022","09:49:31","6","default","383292078","Oxt_06","5.601","min","97.836","%a.s.","Humid","20.604","deg","40795","µV","27.727","°C","1021.000","hPa","36.4","pmil","0","55.390","deg","20.000","°C","100.000","%a.s.","21.720","deg","20.000","°C","977.000","hPa","0.861","-0.02617","0.00035","0","0","13.56","Humid","26.25","0","44.00","379604.24","SABD0000000001","AAV1.0.0.11","4.0.0.2323","PSt7-10","170328-019","7/29/2022 11:23:46 AM","0000-00","0","no battery","V","","µV","","µV"
"08/11/2022","09:49:32","6","default","383292078","Oxt_06","5.617","min","97.817","%a.s.","Humid","20.606","deg","40797","µV","27.729","°C","1021.000","hPa","36.4","pmil","0","55.390","deg","20.000","°C","100.000","%a.s.","21.720","deg","20.000","°C","977.000","hPa","0.861","-0.02617","0.00035","0","0","13.56","Humid","26.25","0","44.00","379613.68","SABD0000000001","AAV1.0.0.11","4.0.0.2323","PSt7-10","170328-019","7/29/2022 11:23:46 AM","0000-00","0","no battery","V","","µV","","µV"
"08/11/2022","09:49:33","6","default","383292078","Oxt_06","5.634","min","97.742","%a.s.","Humid","20.615","deg","40801","µV","27.724","°C","1021.000","hPa","36.4","pmil","0","55.390","deg","20.000","°C","100.000","%a.s.","21.720","deg","20.000","°C","977.000","hPa","0.861","-0.02617","0.00035","0","0","13.56","Humid","26.25","0","44.00","379619.82","SABD0000000001","AAV1.0.0.11","4.0.0.2323","PSt7-10","170328-019","7/29/2022 11:23:46 AM","0000-00","0","no battery","V","","µV","","µV"
"08/11/2022","09:49:34","6","default","383292078","Oxt_06","5.651","min","97.787","%a.s.","Humid","20.610","deg","40798","µV","27.723","°C","1021.000","hPa","36.4","pmil","0","55.390","deg","20.000","°C","100.000","%a.s.","21.720","deg","20.000","°C","977.000","hPa","0.861","-0.02617","0.00035","0","0","13.56","Humid","26.25","0","44.00","379609.59","SABD0000000001","AAV1.0.0.11","4.0.0.2323","PSt7-10","170328-019","7/29/2022 11:23:46 AM","0000-00","0","no battery","V","","µV","","µV"
"08/11/2022","09:49:35","6","default","383292078","Oxt_06","5.667","min","97.775","%a.s.","Humid","20.610","deg","40798","µV","27.736","°C","1021.000","hPa","36.4","pmil","0","55.390","deg","20.000","°C","100.000","%a.s.","21.720","deg","20.000","°C","977.000","hPa","0.861","-0.02617","0.00035","0","0","13.56","Humid","26.25","0","44.00","379608.59","SABD0000000001","AAV1.0.0.11","4.0.0.2323","PSt7-10","170328-019","7/29/2022 11:23:46 AM","0000-00","0","no battery","V","","µV","","µV"
"08/11/2022","09:49:36","6","default","383292078","Oxt_06","5.684","min","97.742","%a.s.","Humid","20.614","deg","40801","µV","27.733","°C","1021.000","hPa","36.4","pmil","0","55.390","deg","20.000","°C","100.000","%a.s.","21.720","deg","20.000","°C","977.000","hPa","0.861","-0.02617","0.00035","0","0","13.56","Humid","26.25","0","44.00","379602.35","SABD0000000001","AAV1.0.0.11","4.0.0.2323","PSt7-10","170328-019","7/29/2022 11:23:46 AM","0000-00","0","no battery","V","","µV","","µV"
"08/11/2022","09:49:37","6","default","383292078","Oxt_06","5.701","min","97.730","%a.s.","Humid","20.615","deg","40797","µV","27.736","°C","1021.000","hPa","36.4","pmil","0","55.390","deg","20.000","°C","100.000","%a.s.","21.720","deg","20.000","°C","977.000","hPa","0.861","-0.02617","0.00035","0","0","13.56","Humid","26.25","0","44.00","379610.73","SABD0000000001","AAV1.0.0.11","4.0.0.2323","PSt7-10","170328-019","7/29/2022 11:23:46 AM","0000-00","0","no battery","V","","µV","","µV"
"08/11/2022","09:49:38","6","default","383292078","Oxt_06","5.717","min","97.808","%a.s.","Humid","20.606","deg","40800","µV","27.738","°C","1021.000","hPa","36.4","pmil","0","55.390","deg","20.000","°C","100.000","%a.s.","21.720","deg","20.000","°C","977.000","hPa","0.861","-0.02617","0.00035","0","0","13.56","Humid","26.25","0","44.00","379604.84","SABD0000000001","AAV1.0.0.11","4.0.0.2323","PSt7-10","170328-019","7/29/2022 11:23:46 AM","0000-00","0","no battery","V","","µV","","µV"
"08/11/2022","09:49:39","6","default","383292078","Oxt_06","5.734","min","97.737","%a.s.","Humid","20.615","deg","40801","µV","27.730","°C","1021.000","hPa","36.4","pmil","0","55.390","deg","20.000","°C","100.000","%a.s.","21.720","deg","20.000","°C","977.000","hPa","0.861","-0.02617","0.00035","0","0","13.56","Humid","26.25","0","44.00","379610.31","SABD0000000001","AAV1.0.0.11","4.0.0.2323","PSt7-10","170328-019","7/29/2022 11:23:46 AM","0000-00","0","no battery","V","","µV","","µV"
"08/11/2022","09:49:40","6","default","383292078","Oxt_06","5.751","min","97.793","%a.s.","Humid","20.610","deg","40802","µV","27.717","°C","1021.000","hPa","36.4","pmil","0","55.390","deg","20.000","°C","100.000","%a.s.","21.720","deg","20.000","°C","977.000","hPa","0.861","-0.02617","0.00035","0","0","13.56","Humid","26.25","0","44.00","379603.24","SABD0000000001","AAV1.0.0.11","4.0.0.2323","PSt7-10","170328-019","7/29/2022 11:23:46 AM","0000-00","0","no battery","V","","µV","","µV"
"08/11/2022","09:49:41","6","default","383292078","Oxt_06","5.767","min","97.789","%a.s.","Humid","20.610","deg","40802","µV","27.720","°C","1021.000","hPa","36.4","pmil","0","55.390","deg","20.000","°C","100.000","%a.s.","21.720","deg","20.000","°C","977.000","hPa","0.861","-0.02617","0.00035","0","0","13.56","Humid","26.25","0","44.00","379603.83","SABD0000000001","AAV1.0.0.11","4.0.0.2323","PSt7-10","170328-019","7/29/2022 11:23:46 AM","0000-00","0","no battery","V","","µV","","µV"
"08/11/2022","09:49:42","6","default","383292078","Oxt_06","5.784","min","97.809","%a.s.","Humid","20.608","deg","40802","µV","27.718","°C","1021.000","hPa","36.4","pmil","0","55.390","deg","20.000","°C","100.000","%a.s.","21.720","deg","20.000","°C","977.000","hPa","0.861","-0.02617","0.00035","0","0","13.56","Humid","26.25","0","44.00","379592.51","SABD0000000001","AAV1.0.0.11","4.0.0.2323","PSt7-10","170328-019","7/29/2022 11:23:46 AM","0000-00","0","no battery","V","","µV","","µV"
"08/11/2022","09:49:43","6","default","383292078","Oxt_06","5.800","min","97.755","%a.s.","Humid","20.614","deg","40800","µV","27.720","°C","1021.000","hPa","36.4","pmil","0","55.390","deg","20.000","°C","100.000","%a.s.","21.720","deg","20.000","°C","977.000","hPa","0.861","-0.02617","0.00035","0","0","13.56","Humid","26.25","0","44.00","379593.76","SABD0000000001","AAV1.0.0.11","4.0.0.2323","PSt7-10","170328-019","7/29/2022 11:23:46 AM","0000-00","0","no battery","V","","µV","","µV"
"08/11/2022","09:49:44","6","default","383292078","Oxt_06","5.817","min","97.790","%a.s.","Humid","20.609","deg","40806","µV","27.729","°C","1021.000","hPa","36.4","pmil","0","55.390","deg","20.000","°C","100.000","%a.s.","21.720","deg","20.000","°C","977.000","hPa","0.861","-0.02617","0.00035","0","0","13.56","Humid","26.25","0","44.00","379602.88","SABD0000000001","AAV1.0.0.11","4.0.0.2323","PSt7-10","170328-019","7/29/2022 11:23:46 AM","0000-00","0","no battery","V","","µV","","µV"
"08/11/2022","09:49:45","6","default","383292078","Oxt_06","5.834","min","97.787","%a.s.","Humid","20.612","deg","40798","µV","27.705","°C","1021.000","hPa","36.4","pmil","0","55.390","deg","20.000","°C","100.000","%a.s.","21.720","deg","20.000","°C","977.000","hPa","0.861","-0.02617","0.00035","0","0","13.56","Humid","26.25","0","44.00","379597.06","SABD0000000001","AAV1.0.0.11","4.0.0.2323","PSt7-10","170328-019","7/29/2022 11:23:46 AM","0000-00","0","no battery","V","","µV","","µV"
"08/11/2022","09:49:46","6","default","383292078","Oxt_06","5.850","min","97.833","%a.s.","Humid","20.606","deg","40800","µV","27.711","°C","1021.000","hPa","36.4","pmil","0","55.390","deg","20.000","°C","100.000","%a.s.","21.720","deg","20.000","°C","977.000","hPa","0.861","-0.02617","0.00035","0","0","13.56","Humid","26.25","0","44.00","379599.92","SABD0000000001","AAV1.0.0.11","4.0.0.2323","PSt7-10","170328-019","7/29/2022 11:23:46 AM","0000-00","0","no battery","V","","µV","","µV"
"08/11/2022","09:49:47","6","default","383292078","Oxt_06","5.867","min","97.754","%a.s.","Humid","20.612","deg","40800","µV","27.739","°C","1021.000","hPa","36.4","pmil","0","55.390","deg","20.000","°C","100.000","%a.s.","21.720","deg","20.000","°C","977.000","hPa","0.861","-0.02617","0.00035","0","0","13.56","Humid","26.25","0","44.00","379585.84","SABD0000000001","AAV1.0.0.11","4.0.0.2323","PSt7-10","170328-019","7/29/2022 11:23:46 AM","0000-00","0","no battery","V","","µV","","µV"
"08/11/2022","09:49:48","6","default","383292078","Oxt_06","5.884","min","97.720","%a.s.","Humid","20.615","deg","40803","µV","27.748","°C","1021.000","hPa","36.4","pmil","0","55.390","deg","20.000","°C","100.000","%a.s.","21.720","deg","20.000","°C","977.000","hPa","0.861","-0.02617","0.00035","0","0","13.56","Humid","26.25","0","44.00","379583.05","SABD0000000001","AAV1.0.0.11","4.0.0.2323","PSt7-10","170328-019","7/29/2022 11:23:46 AM","0000-00","0","no battery","V","","µV","","µV"
"08/11/2022","09:49:49","6","default","383292078","Oxt_06","5.900","min","97.771","%a.s.","Humid","20.609","deg","40799","µV","27.749","°C","1021.000","hPa","36.4","pmil","0","55.390","deg","20.000","°C","100.000","%a.s.","21.720","deg","20.000","°C","977.000","hPa","0.861","-0.02617","0.00035","0","0","13.56","Humid","26.25","0","44.00","379580.72","SABD0000000001","AAV1.0.0.11","4.0.0.2323","PSt7-10","170328-019","7/29/2022 11:23:46 AM","0000-00","0","no battery","V","","µV","","µV"
"08/11/2022","09:49:50","6","default","383292078","Oxt_06","5.917","min","97.764","%a.s.","Humid","20.612","deg","40798","µV","27.729","°C","1021.000","hPa","36.4","pmil","0","55.390","deg","20.000","°C","100.000","%a.s.","21.720","deg","20.000","°C","977.000","hPa","0.861","-0.02617","0.00035","0","0","13.56","Humid","26.25","0","44.00","379581.80","SABD0000000001","AAV1.0.0.11","4.0.0.2323","PSt7-10","170328-019","7/29/2022 11:23:46 AM","0000-00","0","no battery","V","","µV","","µV"
"08/11/2022","09:49:51","6","default","383292078","Oxt_06","5.934","min","97.733","%a.s.","Humid","20.617","deg","40794","µV","27.715","°C","1021.000","hPa","36.4","pmil","0","55.390","deg","20.000","°C","100.000","%a.s.","21.720","deg","20.000","°C","977.000","hPa","0.861","-0.02617","0.00035","0","0","13.56","Humid","26.25","0","44.00","379595.64","SABD0000000001","AAV1.0.0.11","4.0.0.2323","PSt7-10","170328-019","7/29/2022 11:23:46 AM","0000-00","0","no battery","V","","µV","","µV"
"08/11/2022","09:49:52","6","default","383292078","Oxt_06","5.950","min","97.735","%a.s.","Humid","20.614","deg","40802","µV","27.741","°C","1021.000","hPa","36.4","pmil","0","55.390","deg","20.000","°C","100.000","%a.s.","21.720","deg","20.000","°C","977.000","hPa","0.861","-0.02617","0.00035","0","0","13.56","Humid","26.25","0","44.00","379592.21","SABD0000000001","AAV1.0.0.11","4.0.0.2323","PSt7-10","170328-019","7/29/2022 11:23:46 AM","0000-00","0","no battery","V","","µV","","µV"
"08/11/2022","09:49:53","6","default","383292078","Oxt_06","5.967","min","97.644","%a.s.","Humid","20.626","deg","40805","µV","27.726","°C","1021.000","hPa","36.4","pmil","0","55.390","deg","20.000","°C","100.000","%a.s.","21.720","deg","20.000","°C","977.000","hPa","0.861","-0.02617","0.00035","0","0","13.56","Humid","26.25","0","44.00","379592.36","SABD0000000001","AAV1.0.0.11","4.0.0.2323","PSt7-10","170328-019","7/29/2022 11:23:46 AM","0000-00","0","no battery","V","","µV","","µV"
"08/11/2022","09:49:54","6","default","383292078","Oxt_06","5.984","min","97.795","%a.s.","Humid","20.609","deg","40801","µV","27.724","°C","1021.000","hPa","36.4","pmil","0","55.390","deg","20.000","°C","100.000","%a.s.","21.720","deg","20.000","°C","977.000","hPa","0.861","-0.02617","0.00035","0","0","13.56","Humid","26.25","0","44.00","379583.93","SABD0000000001","AAV1.0.0.11","4.0.0.2323","PSt7-10","170328-019","7/29/2022 11:23:46 AM","0000-00","0","no battery","V","","µV","","µV"
"08/11/2022","09:49:55","6","default","383292078","Oxt_06","6.000","min","97.796","%a.s.","Humid","20.609","deg","40802","µV","27.723","°C","1021.000","hPa","36.4","pmil","0","55.390","deg","20.000","°C","100.000","%a.s.","21.720","deg","20.000","°C","977.000","hPa","0.861","-0.02617","0.00035","0","0","13.56","Humid","26.25","0","44.00","379587.37","SABD0000000001","AAV1.0.0.11","4.0.0.2323","PSt7-10","170328-019","7/29/2022 11:23:46 AM","0000-00","0","no battery","V","","µV","","µV"
"08/11/2022","09:49:56","6","default","383292078","Oxt_06","6.017","min","97.824","%a.s.","Humid","20.607","deg","40799","µV","27.712","°C","1021.000","hPa","36.4","pmil","0","55.390","deg","20.000","°C","100.000","%a.s.","21.720","deg","20.000","°C","977.000","hPa","0.861","-0.02617","0.00035","0","0","13.56","Humid","26.25","0","44.00","379582.90","SABD0000000001","AAV1.0.0.11","4.0.0.2323","PSt7-10","170328-019","7/29/2022 11:23:46 AM","0000-00","0","no battery","V","","µV","","µV"
"08/11/2022","09:49:57","6","default","383292078","Oxt_06","6.034","min","97.722","%a.s.","Humid","20.616","deg","40804","µV","27.736","°C","1021.000","hPa","36.4","pmil","0","55.390","deg","20.000","°C","100.000","%a.s.","21.720","deg","20.000","°C","977.000","hPa","0.861","-0.02617","0.00035","0","0","13.56","Humid","26.25","0","44.00","379581.57","SABD0000000001","AAV1.0.0.11","4.0.0.2323","PSt7-10","170328-019","7/29/2022 11:23:46 AM","0000-00","0","no battery","V","","µV","","µV"
"08/11/2022","09:49:58","6","default","383292078","Oxt_06","6.051","min","97.715","%a.s.","Humid","20.618","deg","40811","µV","27.724","°C","1021.000","hPa","36.4","pmil","0","55.390","deg","20.000","°C","100.000","%a.s.","21.720","deg","20.000","°C","977.000","hPa","0.861","-0.02617","0.00035","0","0","13.56","Humid","26.25","0","44.00","379588.42","SABD0000000001","AAV1.0.0.11","4.0.0.2323","PSt7-10","170328-019","7/29/2022 11:23:46 AM","0000-00","0","no battery","V","","µV","","µV"
"08/11/2022","09:49:59","6","default","383292078","Oxt_06","6.067","min","97.695","%a.s.","Humid","20.620","deg","40802","µV","27.728","°C","1021.000","hPa","36.4","pmil","0","55.390","deg","20.000","°C","100.000","%a.s.","21.720","deg","20.000","°C","977.000","hPa","0.861","-0.02617","0.00035","0","0","13.56","Humid","26.25","0","44.00","379590.34","SABD0000000001","AAV1.0.0.11","4.0.0.2323","PSt7-10","170328-019","7/29/2022 11:23:46 AM","0000-00","0","no battery","V","","µV","","µV"
"08/11/2022","09:50:00","6","default","383292078","Oxt_06","6.084","min","97.761","%a.s.","Humid","20.612","deg","40811","µV","27.732","°C","1021.000","hPa","36.4","pmil","0","55.390","deg","20.000","°C","100.000","%a.s.","21.720","deg","20.000","°C","977.000","hPa","0.861","-0.02617","0.00035","0","0","13.56","Humid","26.25","0","44.00","379586.08","SABD0000000001","AAV1.0.0.11","4.0.0.2323","PSt7-10","170328-019","7/29/2022 11:23:46 AM","0000-00","0","no battery","V","","µV","","µV"
"08/11/2022","09:50:01","6","default","383292078","Oxt_06","6.101","min","97.727","%a.s.","Humid","20.616","deg","40807","µV","27.731","°C","1021.000","hPa","36.4","pmil","0","55.390","deg","20.000","°C","100.000","%a.s.","21.720","deg","20.000","°C","977.000","hPa","0.861","-0.02617","0.00035","0","0","13.56","Humid","26.25","0","44.00","379576.00","SABD0000000001","AAV1.0.0.11","4.0.0.2323","PSt7-10","170328-019","7/29/2022 11:23:46 AM","0000-00","0","no battery","V","","µV","","µV"
"08/11/2022","09:50:02","6","default","383292078","Oxt_06","6.117","min","97.712","%a.s.","Humid","20.619","deg","40808","µV","27.719","°C","1021.000","hPa","36.4","pmil","0","55.390","deg","20.000","°C","100.000","%a.s.","21.720","deg","20.000","°C","977.000","hPa","0.861","-0.02617","0.00035","0","0","13.56","Humid","26.25","0","44.00","379589.87","SABD0000000001","AAV1.0.0.11","4.0.0.2323","PSt7-10","170328-019","7/29/2022 11:23:46 AM","0000-00","0","no battery","V","","µV","","µV"
"08/11/2022","09:50:03","6","default","383292078","Oxt_06","6.134","min","97.736","%a.s.","Humid","20.616","deg","40809","µV","27.721","°C","1021.000","hPa","36.4","pmil","0","55.390","deg","20.000","°C","100.000","%a.s.","21.720","deg","20.000","°C","977.000","hPa","0.861","-0.02617","0.00035","0","0","13.56","Humid","26.25","0","44.00","379587.34","SABD0000000001","AAV1.0.0.11","4.0.0.2323","PSt7-10","170328-019","7/29/2022 11:23:46 AM","0000-00","0","no battery","V","","µV","","µV"
"08/11/2022","09:50:04","6","default","383292078","Oxt_06","6.151","min","97.693","%a.s.","Humid","20.621","deg","40805","µV","27.721","°C","1021.000","hPa","36.4","pmil","0","55.390","deg","20.000","°C","100.000","%a.s.","21.720","deg","20.000","°C","977.000","hPa","0.861","-0.02617","0.00035","0","0","13.56","Humid","26.25","0","44.00","379580.37","SABD0000000001","AAV1.0.0.11","4.0.0.2323","PSt7-10","170328-019","7/29/2022 11:23:46 AM","0000-00","0","no battery","V","","µV","","µV"
"08/11/2022","09:50:05","6","default","383292078","Oxt_06","6.167","min","97.810","%a.s.","Humid","20.608","deg","40802","µV","27.717","°C","1021.000","hPa","36.4","pmil","0","55.390","deg","20.000","°C","100.000","%a.s.","21.720","deg","20.000","°C","977.000","hPa","0.861","-0.02617","0.00035","0","0","13.56","Humid","26.25","0","44.00","379574.44","SABD0000000001","AAV1.0.0.11","4.0.0.2323","PSt7-10","170328-019","7/29/2022 11:23:46 AM","0000-00","0","no battery","V","","µV","","µV"
"08/11/2022","09:50:06","6","default","383292078","Oxt_06","6.184","min","97.663","%a.s.","Humid","20.624","deg","40807","µV","27.724","°C","1021.000","hPa","36.4","pmil","0","55.390","deg","20.000","°C","100.000","%a.s.","21.720","deg","20.000","°C","977.000","hPa","0.861","-0.02617","0.00035","0","0","13.56","Humid","26.25","0","44.00","379574.72","SABD0000000001","AAV1.0.0.11","4.0.0.2323","PSt7-10","170328-019","7/29/2022 11:23:46 AM","0000-00","0","no battery","V","","µV","","µV"
"08/11/2022","09:50:07","6","default","383292078","Oxt_06","6.201","min","97.697","%a.s.","Humid","20.619","deg","40808","µV","27.734","°C","1021.000","hPa","36.4","pmil","0","55.390","deg","20.000","°C","100.000","%a.s.","21.720","deg","20.000","°C","977.000","hPa","0.861","-0.02617","0.00035","0","0","13.56","Humid","26.25","0","44.00","379580.89","SABD0000000001","AAV1.0.0.11","4.0.0.2323","PSt7-10","170328-019","7/29/2022 11:23:46 AM","0000-00","0","no battery","V","","µV","","µV"
"08/11/2022","09:50:08","6","default","383292078","Oxt_06","6.217","min","97.669","%a.s.","Humid","20.622","deg","40812","µV","27.736","°C","1021.000","hPa","36.4","pmil","0","55.390","deg","20.000","°C","100.000","%a.s.","21.720","deg","20.000","°C","977.000","hPa","0.861","-0.02617","0.00035","0","0","13.56","Humid","26.25","0","44.00","379576.88","SABD0000000001","AAV1.0.0.11","4.0.0.2323","PSt7-10","170328-019","7/29/2022 11:23:46 AM","0000-00","0","no battery","V","","µV","","µV"
"08/11/2022","09:50:09","6","default","383292078","Oxt_06","6.234","min","97.682","%a.s.","Humid","20.621","deg","40802","µV","27.732","°C","1021.000","hPa","36.4","pmil","0","55.390","deg","20.000","°C","100.000","%a.s.","21.720","deg","20.000","°C","977.000","hPa","0.861","-0.02617","0.00035","0","0","13.56","Humid","26.25","0","44.00","379579.19","SABD0000000001","AAV1.0.0.11","4.0.0.2323","PSt7-10","170328-019","7/29/2022 11:23:46 AM","0000-00","0","no battery","V","","µV","","µV"
"08/11/2022","09:50:10","6","default","383292078","Oxt_06","6.251","min","97.731","%a.s.","Humid","20.615","deg","40808","µV","27.736","°C","1021.000","hPa","36.4","pmil","0","55.390","deg","20.000","°C","100.000","%a.s.","21.720","deg","20.000","°C","977.000","hPa","0.861","-0.02617","0.00035","0","0","13.56","Humid","26.25","0","44.00","379583.74","SABD0000000001","AAV1.0.0.11","4.0.0.2323","PSt7-10","170328-019","7/29/2022 11:23:46 AM","0000-00","0","no battery","V","","µV","","µV"
"08/11/2022","09:50:11","6","default","383292078","Oxt_06","6.267","min","97.761","%a.s.","Humid","20.612","deg","40808","µV","27.732","°C","1021.000","hPa","36.4","pmil","0","55.390","deg","20.000","°C","100.000","%a.s.","21.720","deg","20.000","°C","977.000","hPa","0.861","-0.02617","0.00035","0","0","13.56","Humid","26.25","0","44.00","379589.60","SABD0000000001","AAV1.0.0.11","4.0.0.2323","PSt7-10","170328-019","7/29/2022 11:23:46 AM","0000-00","0","no battery","V","","µV","","µV"
"08/11/2022","09:50:12","6","default","383292078","Oxt_06","6.284","min","97.791","%a.s.","Humid","20.609","deg","40801","µV","27.728","°C","1021.000","hPa","36.4","pmil","0","55.390","deg","20.000","°C","100.000","%a.s.","21.720","deg","20.000","°C","977.000","hPa","0.861","-0.02617","0.00035","0","0","13.56","Humid","26.25","0","44.00","379582.48","SABD0000000001","AAV1.0.0.11","4.0.0.2323","PSt7-10","170328-019","7/29/2022 11:23:46 AM","0000-00","0","no battery","V","","µV","","µV"
"08/11/2022","09:50:13","6","default","383292078","Oxt_06","6.301","min","97.694","%a.s.","Humid","20.621","deg","40807","µV","27.719","°C","1021.000","hPa","36.4","pmil","0","55.390","deg","20.000","°C","100.000","%a.s.","21.720","deg","20.000","°C","977.000","hPa","0.861","-0.02617","0.00035","0","0","13.56","Humid","26.25","0","44.00","379564.68","SABD0000000001","AAV1.0.0.11","4.0.0.2323","PSt7-10","170328-019","7/29/2022 11:23:46 AM","0000-00","0","no battery","V","","µV","","µV"
"08/11/2022","09:50:14","6","default","383292078","Oxt_06","6.317","min","97.756","%a.s.","Humid","20.613","deg","40810","µV","27.728","°C","1021.000","hPa","36.4","pmil","0","55.390","deg","20.000","°C","100.000","%a.s.","21.720","deg","20.000","°C","977.000","hPa","0.861","-0.02617","0.00035","0","0","13.56","Humid","26.25","0","44.00","379558.42","SABD0000000001","AAV1.0.0.11","4.0.0.2323","PSt7-10","170328-019","7/29/2022 11:23:46 AM","0000-00","0","no battery","V","","µV","","µV"
"08/11/2022","09:50:15","6","default","383292078","Oxt_06","6.334","min","97.768","%a.s.","Humid","20.613","deg","40811","µV","27.715","°C","1021.000","hPa","36.4","pmil","0","55.390","deg","20.000","°C","100.000","%a.s.","21.720","deg","20.000","°C","977.000","hPa","0.861","-0.02617","0.00035","0","0","13.56","Humid","26.25","0","44.00","379571.73","SABD0000000001","AAV1.0.0.11","4.0.0.2323","PSt7-10","170328-019","7/29/2022 11:23:46 AM","0000-00","0","no battery","V","","µV","","µV"
"08/11/2022","09:50:16","6","default","383292078","Oxt_06","6.351","min","97.773","%a.s.","Humid","20.611","deg","40812","µV","27.729","°C","1021.000","hPa","36.4","pmil","0","55.390","deg","20.000","°C","100.000","%a.s.","21.720","deg","20.000","°C","977.000","hPa","0.861","-0.02617","0.00035","0","0","13.56","Humid","26.25","0","44.00","379555.56","SABD0000000001","AAV1.0.0.11","4.0.0.2323","PSt7-10","170328-019","7/29/2022 11:23:46 AM","0000-00","0","no battery","V","","µV","","µV"
"08/11/2022","09:50:17","6","default","383292078","Oxt_06","6.367","min","97.669","%a.s.","Humid","20.622","deg","40807","µV","27.737","°C","1021.000","hPa","36.4","pmil","0","55.390","deg","20.000","°C","100.000","%a.s.","21.720","deg","20.000","°C","977.000","hPa","0.861","-0.02617","0.00035","0","0","13.56","Humid","26.25","0","44.00","379578.32","SABD0000000001","AAV1.0.0.11","4.0.0.2323","PSt7-10","170328-019","7/29/2022 11:23:46 AM","0000-00","0","no battery","V","","µV","","µV"
"08/11/2022","09:50:18","6","default","383292078","Oxt_06","6.384","min","97.709","%a.s.","Humid","20.619","deg","40806","µV","27.722","°C","1021.000","hPa","36.4","pmil","0","55.390","deg","20.000","°C","100.000","%a.s.","21.720","deg","20.000","°C","977.000","hPa","0.861","-0.02617","0.00035","0","0","13.56","Humid","26.25","0","44.00","379553.46","SABD0000000001","AAV1.0.0.11","4.0.0.2323","PSt7-10","170328-019","7/29/2022 11:23:46 AM","0000-00","0","no battery","V","","µV","","µV"
"08/11/2022","09:50:19","6","default","383292078","Oxt_06","6.401","min","97.731","%a.s.","Humid","20.618","deg","40813","µV","27.708","°C","1021.000","hPa","36.4","pmil","0","55.390","deg","20.000","°C","100.000","%a.s.","21.720","deg","20.000","°C","977.000","hPa","0.861","-0.02617","0.00035","0","0","13.56","Humid","26.25","0","44.00","379565.15","SABD0000000001","AAV1.0.0.11","4.0.0.2323","PSt7-10","170328-019","7/29/2022 11:23:46 AM","0000-00","0","no battery","V","","µV","","µV"
"08/11/2022","09:50:20","6","default","383292078","Oxt_06","6.417","min","97.702","%a.s.","Humid","20.620","deg","40809","µV","27.720","°C","1021.000","hPa","36.4","pmil","0","55.390","deg","20.000","°C","100.000","%a.s.","21.720","deg","20.000","°C","977.000","hPa","0.861","-0.02617","0.00035","0","0","13.56","Humid","26.25","0","44.00","379567.09","SABD0000000001","AAV1.0.0.11","4.0.0.2323","PSt7-10","170328-019","7/29/2022 11:23:46 AM","0000-00","0","no battery","V","","µV","","µV"
"08/11/2022","09:50:21","6","default","383292078","Oxt_06","6.434","min","97.804","%a.s.","Humid","20.608","deg","40813","µV","27.724","°C","1021.000","hPa","36.4","pmil","0","55.390","deg","20.000","°C","100.000","%a.s.","21.720","deg","20.000","°C","977.000","hPa","0.861","-0.02617","0.00035","0","0","13.56","Humid","26.25","0","44.00","379560.07","SABD0000000001","AAV1.0.0.11","4.0.0.2323","PSt7-10","170328-019","7/29/2022 11:23:46 AM","0000-00","0","no battery","V","","µV","","µV"
"08/11/2022","09:50:22","6","default","383292078","Oxt_06","6.451","min","97.699","%a.s.","Humid","20.620","deg","40804","µV","27.723","°C","1021.000","hPa","36.4","pmil","0","55.390","deg","20.000","°C","100.000","%a.s.","21.720","deg","20.000","°C","977.000","hPa","0.861","-0.02617","0.00035","0","0","13.56","Humid","26.25","0","44.00","379554.22","SABD0000000001","AAV1.0.0.11","4.0.0.2323","PSt7-10","170328-019","7/29/2022 11:23:46 AM","0000-00","0","no battery","V","","µV","","µV"
"08/11/2022","09:50:23","6","default","383292078","Oxt_06","6.467","min","97.687","%a.s.","Humid","20.621","deg","40804","µV","27.727","°C","1021.000","hPa","36.4","pmil","0","55.390","deg","20.000","°C","100.000","%a.s.","21.720","deg","20.000","°C","977.000","hPa","0.861","-0.02617","0.00035","0","0","13.56","Humid","26.25","0","44.00","379556.70","SABD0000000001","AAV1.0.0.11","4.0.0.2323","PSt7-10","170328-019","7/29/2022 11:23:46 AM","0000-00","0","no battery","V","","µV","","µV"
"08/11/2022","09:50:24","6","default","383292078","Oxt_06","6.484","min","97.785","%a.s.","Humid","20.612","deg","40810","µV","27.707","°C","1021.000","hPa","36.4","pmil","0","55.390","deg","20.000","°C","100.000","%a.s.","21.720","deg","20.000","°C","977.000","hPa","0.861","-0.02617","0.00035","0","0","13.56","Humid","26.25","0","44.00","379562.07","SABD0000000001","AAV1.0.0.11","4.0.0.2323","PSt7-10","170328-019","7/29/2022 11:23:46 AM","0000-00","0","no battery","V","","µV","","µV"
"08/11/2022","09:50:25","6","default","383292078","Oxt_06","6.501","min","97.721","%a.s.","Humid","20.618","deg","40813","µV","27.719","°C","1021.000","hPa","36.4","pmil","0","55.390","deg","20.000","°C","100.000","%a.s.","21.720","deg","20.000","°C","977.000","hPa","0.861","-0.02617","0.00035","0","0","13.56","Humid","26.25","0","44.00","379554.99","SABD0000000001","AAV1.0.0.11","4.0.0.2323","PSt7-10","170328-019","7/29/2022 11:23:46 AM","0000-00","0","no battery","V","","µV","","µV"
"08/11/2022","09:50:26","6","default","383292078","Oxt_06","6.517","min","97.800","%a.s.","Humid","20.608","deg","40811","µV","27.727","°C","1021.000","hPa","36.4","pmil","0","55.390","deg","20.000","°C","100.000","%a.s.","21.720","deg","20.000","°C","977.000","hPa","0.861","-0.02617","0.00035","0","0","13.56","Humid","26.25","0","44.00","379564.41","SABD0000000001","AAV1.0.0.11","4.0.0.2323","PSt7-10","170328-019","7/29/2022 11:23:46 AM","0000-00","0","no battery","V","","µV","","µV"
"08/11/2022","09:50:27","6","default","383292078","Oxt_06","6.534","min","97.636","%a.s.","Humid","20.626","deg","40811","µV","27.735","°C","1021.000","hPa","36.4","pmil","0","55.390","deg","20.000","°C","100.000","%a.s.","21.720","deg","20.000","°C","977.000","hPa","0.861","-0.02617","0.00035","0","0","13.56","Humid","26.25","0","44.00","379562.36","SABD0000000001","AAV1.0.0.11","4.0.0.2323","PSt7-10","170328-019","7/29/2022 11:23:46 AM","0000-00","0","no battery","V","","µV","","µV"
"08/11/2022","09:50:28","6","default","383292078","Oxt_06","6.551","min","97.707","%a.s.","Humid","20.618","deg","40811","µV","27.733","°C","1021.000","hPa","36.4","pmil","0","55.390","deg","20.000","°C","100.000","%a.s.","21.720","deg","20.000","°C","977.000","hPa","0.861","-0.02617","0.00035","0","0","13.56","Humid","26.25","0","44.00","379556.63","SABD0000000001","AAV1.0.0.11","4.0.0.2323","PSt7-10","170328-019","7/29/2022 11:23:46 AM","0000-00","0","no battery","V","","µV","","µV"
"08/11/2022","09:50:29","6","default","383292078","Oxt_06","6.567","min","97.671","%a.s.","Humid","20.622","deg","40809","µV","27.735","°C","1021.000","hPa","36.4","pmil","0","55.390","deg","20.000","°C","100.000","%a.s.","21.720","deg","20.000","°C","977.000","hPa","0.861","-0.02617","0.00035","0","0","13.56","Humid","26.25","0","44.00","379547.29","SABD0000000001","AAV1.0.0.11","4.0.0.2323","PSt7-10","170328-019","7/29/2022 11:23:46 AM","0000-00","0","no battery","V","","µV","","µV"
"08/11/2022","09:50:30","6","default","383292078","Oxt_06","6.584","min","97.659","%a.s.","Humid","20.626","deg","40814","µV","27.710","°C","1021.000","hPa","36.4","pmil","0","55.390","deg","20.000","°C","100.000","%a.s.","21.720","deg","20.000","°C","977.000","hPa","0.861","-0.02617","0.00035","0","0","13.56","Humid","26.25","0","44.00","379560.55","SABD0000000001","AAV1.0.0.11","4.0.0.2323","PSt7-10","170328-019","7/29/2022 11:23:46 AM","0000-00","0","no battery","V","","µV","","µV"
"08/11/2022","09:50:31","6","default","383292078","Oxt_06","6.601","min","97.702","%a.s.","Humid","20.619","deg","40817","µV","27.730","°C","1021.000","hPa","36.4","pmil","0","55.390","deg","20.000","°C","100.000","%a.s.","21.720","deg","20.000","°C","977.000","hPa","0.861","-0.02617","0.00035","0","0","13.56","Humid","26.25","0","44.00","379554.63","SABD0000000001","AAV1.0.0.11","4.0.0.2323","PSt7-10","170328-019","7/29/2022 11:23:46 AM","0000-00","0","no battery","V","","µV","","µV"
"08/11/2022","09:50:32","6","default","383292078","Oxt_06","6.617","min","97.760","%a.s.","Humid","20.614","deg","40806","µV","27.714","°C","1021.000","hPa","36.4","pmil","0","55.390","deg","20.000","°C","100.000","%a.s.","21.720","deg","20.000","°C","977.000","hPa","0.861","-0.02617","0.00035","0","0","13.56","Humid","26.25","0","44.00","379556.55","SABD0000000001","AAV1.0.0.11","4.0.0.2323","PSt7-10","170328-019","7/29/2022 11:23:46 AM","0000-00","0","no battery","V","","µV","","µV"
"08/11/2022","09:50:33","6","default","383292078","Oxt_06","6.634","min","97.642","%a.s.","Humid","20.627","deg","40813","µV","27.719","°C","1021.000","hPa","36.4","pmil","0","55.390","deg","20.000","°C","100.000","%a.s.","21.720","deg","20.000","°C","977.000","hPa","0.861","-0.02617","0.00035","0","0","13.56","Humid","26.25","0","44.00","379548.12","SABD0000000001","AAV1.0.0.11","4.0.0.2323","PSt7-10","170328-019","7/29/2022 11:23:46 AM","0000-00","0","no battery","V","","µV","","µV"
"08/11/2022","09:50:34","6","default","383292078","Oxt_06","6.651","min","97.665","%a.s.","Humid","20.624","deg","40812","µV","27.723","°C","1021.000","hPa","36.4","pmil","0","55.390","deg","20.000","°C","100.000","%a.s.","21.720","deg","20.000","°C","977.000","hPa","0.861","-0.02617","0.00035","0","0","13.56","Humid","26.25","0","44.00","379554.62","SABD0000000001","AAV1.0.0.11","4.0.0.2323","PSt7-10","170328-019","7/29/2022 11:23:46 AM","0000-00","0","no battery","V","","µV","","µV"
"08/11/2022","09:50:35","6","default","383292078","Oxt_06","6.667","min","97.715","%a.s.","Humid","20.618","deg","40812","µV","27.725","°C","1021.000","hPa","36.4","pmil","0","55.390","deg","20.000","°C","100.000","%a.s.","21.720","deg","20.000","°C","977.000","hPa","0.861","-0.02617","0.00035","0","0","13.56","Humid","26.25","0","44.00","379533.97","SABD0000000001","AAV1.0.0.11","4.0.0.2323","PSt7-10","170328-019","7/29/2022 11:23:46 AM","0000-00","0","no battery","V","","µV","","µV"
"08/11/2022","09:50:36","6","default","383292078","Oxt_06","6.684","min","97.611","%a.s.","Humid","20.629","deg","40812","µV","27.733","°C","1021.000","hPa","36.4","pmil","0","55.390","deg","20.000","°C","100.000","%a.s.","21.720","deg","20.000","°C","977.000","hPa","0.861","-0.02617","0.00035","0","0","13.56","Humid","26.25","0","44.00","379542.19","SABD0000000001","AAV1.0.0.11","4.0.0.2323","PSt7-10","170328-019","7/29/2022 11:23:46 AM","0000-00","0","no battery","V","","µV","","µV"
"08/11/2022","09:50:37","6","default","383292078","Oxt_06","6.701","min","97.637","%a.s.","Humid","20.628","deg","40817","µV","27.715","°C","1021.000","hPa","36.4","pmil","0","55.390","deg","20.000","°C","100.000","%a.s.","21.720","deg","20.000","°C","977.000","hPa","0.861","-0.02617","0.00035","0","0","13.56","Humid","26.25","0","44.00","379544.84","SABD0000000001","AAV1.0.0.11","4.0.0.2323","PSt7-10","170328-019","7/29/2022 11:23:46 AM","0000-00","0","no battery","V","","µV","","µV"
"08/11/2022","09:50:38","6","default","383292078","Oxt_06","6.717","min","97.624","%a.s.","Humid","20.629","deg","40814","µV","27.719","°C","1021.000","hPa","36.4","pmil","0","55.390","deg","20.000","°C","100.000","%a.s.","21.720","deg","20.000","°C","977.000","hPa","0.861","-0.02617","0.00035","0","0","13.56","Humid","26.25","0","44.00","379547.59","SABD0000000001","AAV1.0.0.11","4.0.0.2323","PSt7-10","170328-019","7/29/2022 11:23:46 AM","0000-00","0","no battery","V","","µV","","µV"
"08/11/2022","09:50:39","6","default","383292078","Oxt_06","6.734","min","97.667","%a.s.","Humid","20.624","deg","40813","µV","27.721","°C","1021.000","hPa","36.4","pmil","0","55.390","deg","20.000","°C","100.000","%a.s.","21.720","deg","20.000","°C","977.000","hPa","0.861","-0.02617","0.00035","0","0","13.56","Humid","26.25","0","44.00","379542.21","SABD0000000001","AAV1.0.0.11","4.0.0.2323","PSt7-10","170328-019","7/29/2022 11:23:46 AM","0000-00","0","no battery","V","","µV","","µV"
"08/11/2022","09:50:40","6","default","383292078","Oxt_06","6.751","min","97.656","%a.s.","Humid","20.624","deg","40813","µV","27.732","°C","1021.000","hPa","36.4","pmil","0","55.390","deg","20.000","°C","100.000","%a.s.","21.720","deg","20.000","°C","977.000","hPa","0.861","-0.02617","0.00035","0","0","13.56","Humid","26.25","0","44.00","379549.50","SABD0000000001","AAV1.0.0.11","4.0.0.2323","PSt7-10","170328-019","7/29/2022 11:23:46 AM","0000-00","0","no battery","V","","µV","","µV"
"08/11/2022","09:50:41","6","default","383292078","Oxt_06","6.767","min","97.645","%a.s.","Humid","20.626","deg","40803","µV","27.725","°C","1021.000","hPa","36.4","pmil","0","55.390","deg","20.000","°C","100.000","%a.s.","21.720","deg","20.000","°C","977.000","hPa","0.861","-0.02617","0.00035","0","0","13.56","Humid","26.25","0","44.00","379543.61","SABD0000000001","AAV1.0.0.11","4.0.0.2323","PSt7-10","170328-019","7/29/2022 11:23:46 AM","0000-00","0","no battery","V","","µV","","µV"
"08/11/2022","09:50:42","6","default","383292078","Oxt_06","6.784","min","97.652","%a.s.","Humid","20.626","deg","40817","µV","27.717","°C","1021.000","hPa","36.4","pmil","0","55.390","deg","20.000","°C","100.000","%a.s.","21.720","deg","20.000","°C","977.000","hPa","0.861","-0.02617","0.00035","0","0","13.56","Humid","26.25","0","44.00","379543.44","SABD0000000001","AAV1.0.0.11","4.0.0.2323","PSt7-10","170328-019","7/29/2022 11:23:46 AM","0000-00","0","no battery","V","","µV","","µV"
"08/11/2022","09:50:43","6","default","383292078","Oxt_06","6.801","min","97.664","%a.s.","Humid","20.625","deg","40815","µV","27.714","°C","1021.000","hPa","36.4","pmil","0","55.390","deg","20.000","°C","100.000","%a.s.","21.720","deg","20.000","°C","977.000","hPa","0.861","-0.02617","0.00035","0","0","13.56","Humid","26.25","0","44.00","379536.41","SABD0000000001","AAV1.0.0.11","4.0.0.2323","PSt7-10","170328-019","7/29/2022 11:23:46 AM","0000-00","0","no battery","V","","µV","","µV"
"08/11/2022","09:50:44","6","default","383292078","Oxt_06","6.817","min","97.659","%a.s.","Humid","20.623","deg","40810","µV","27.738","°C","1021.000","hPa","36.4","pmil","0","55.390","deg","20.000","°C","100.000","%a.s.","21.720","deg","20.000","°C","977.000","hPa","0.861","-0.02617","0.00035","0","0","13.56","Humid","26.25","0","44.00","379527.83","SABD0000000001","AAV1.0.0.11","4.0.0.2323","PSt7-10","170328-019","7/29/2022 11:23:46 AM","0000-00","0","no battery","V","","µV","","µV"
"08/11/2022","09:50:45","6","default","383292078","Oxt_06","6.834","min","97.647","%a.s.","Humid","20.624","deg","40816","µV","27.742","°C","1021.000","hPa","36.4","pmil","0","55.390","deg","20.000","°C","100.000","%a.s.","21.720","deg","20.000","°C","977.000","hPa","0.861","-0.02617","0.00035","0","0","13.56","Humid","26.25","0","44.00","379547.99","SABD0000000001","AAV1.0.0.11","4.0.0.2323","PSt7-10","170328-019","7/29/2022 11:23:46 AM","0000-00","0","no battery","V","","µV","","µV"
"08/11/2022","09:50:46","6","default","383292078","Oxt_06","6.851","min","97.654","%a.s.","Humid","20.624","deg","40817","µV","27.734","°C","1021.000","hPa","36.4","pmil","0","55.390","deg","20.000","°C","100.000","%a.s.","21.720","deg","20.000","°C","977.000","hPa","0.861","-0.02617","0.00035","0","0","13.56","Humid","26.25","0","44.00","379544.42","SABD0000000001","AAV1.0.0.11","4.0.0.2323","PSt7-10","170328-019","7/29/2022 11:23:46 AM","0000-00","0","no battery","V","","µV","","µV"
"08/11/2022","09:50:47","6","default","383292078","Oxt_06","6.868","min","97.584","%a.s.","Humid","20.633","deg","40819","µV","27.724","°C","1021.000","hPa","36.4","pmil","0","55.390","deg","20.000","°C","100.000","%a.s.","21.720","deg","20.000","°C","977.000","hPa","0.861","-0.02617","0.00035","0","0","13.56","Humid","26.25","0","44.00","379537.69","SABD0000000001","AAV1.0.0.11","4.0.0.2323","PSt7-10","170328-019","7/29/2022 11:23:46 AM","0000-00","0","no battery","V","","µV","","µV"
"08/11/2022","09:50:48","6","default","383292078","Oxt_06","6.884","min","97.704","%a.s.","Humid","20.620","deg","40809","µV","27.718","°C","1021.000","hPa","36.4","pmil","0","55.390","deg","20.000","°C","100.000","%a.s.","21.720","deg","20.000","°C","977.000","hPa","0.861","-0.02617","0.00035","0","0","13.56","Humid","26.25","0","44.00","379534.45","SABD0000000001","AAV1.0.0.11","4.0.0.2323","PSt7-10","170328-019","7/29/2022 11:23:46 AM","0000-00","0","no battery","V","","µV","","µV"
"08/11/2022","09:50:49","6","default","383292078","Oxt_06","6.901","min","97.654","%a.s.","Humid","20.626","deg","40817","µV","27.715","°C","1021.000","hPa","36.4","pmil","0","55.390","deg","20.000","°C","100.000","%a.s.","21.720","deg","20.000","°C","977.000","hPa","0.861","-0.02617","0.00035","0","0","13.56","Humid","26.25","0","44.00","379525.72","SABD0000000001","AAV1.0.0.11","4.0.0.2323","PSt7-10","170328-019","7/29/2022 11:23:46 AM","0000-00","0","no battery","V","","µV","","µV"
"08/11/2022","09:50:50","6","default","383292078","Oxt_06","6.918","min","97.636","%a.s.","Humid","20.627","deg","40814","µV","27.725","°C","1021.000","hPa","36.4","pmil","0","55.390","deg","20.000","°C","100.000","%a.s.","21.720","deg","20.000","°C","977.000","hPa","0.861","-0.02617","0.00035","0","0","13.56","Humid","26.25","0","44.00","379516.61","SABD0000000001","AAV1.0.0.11","4.0.0.2323","PSt7-10","170328-019","7/29/2022 11:23:46 AM","0000-00","0","no battery","V","","µV","","µV"
"08/11/2022","09:50:51","6","default","383292078","Oxt_06","6.934","min","97.671","%a.s.","Humid","20.623","deg","40817","µV","27.725","°C","1021.000","hPa","36.4","pmil","0","55.390","deg","20.000","°C","100.000","%a.s.","21.720","deg","20.000","°C","977.000","hPa","0.861","-0.02617","0.00035","0","0","13.56","Humid","26.25","0","44.00","379525.48","SABD0000000001","AAV1.0.0.11","4.0.0.2323","PSt7-10","170328-019","7/29/2022 11:23:46 AM","0000-00","0","no battery","V","","µV","","µV"
"08/11/2022","09:50:52","6","default","383292078","Oxt_06","6.951","min","97.666","%a.s.","Humid","20.624","deg","40817","µV","27.721","°C","1021.000","hPa","36.4","pmil","0","55.390","deg","20.000","°C","100.000","%a.s.","21.720","deg","20.000","°C","977.000","hPa","0.861","-0.02617","0.00035","0","0","13.56","Humid","26.25","0","44.00","379532.32","SABD0000000001","AAV1.0.0.11","4.0.0.2323","PSt7-10","170328-019","7/29/2022 11:23:46 AM","0000-00","0","no battery","V","","µV","","µV"
"08/11/2022","09:50:53","6","default","383292078","Oxt_06","6.968","min","97.701","%a.s.","Humid","20.620","deg","40819","µV","27.721","°C","1021.000","hPa","36.4","pmil","0","55.390","deg","20.000","°C","100.000","%a.s.","21.720","deg","20.000","°C","977.000","hPa","0.861","-0.02617","0.00035","0","0","13.56","Humid","26.25","0","44.00","379526.83","SABD0000000001","AAV1.0.0.11","4.0.0.2323","PSt7-10","170328-019","7/29/2022 11:23:46 AM","0000-00","0","no battery","V","","µV","","µV"
"08/11/2022","09:50:54","6","default","383292078","Oxt_06","6.984","min","97.650","%a.s.","Humid","20.625","deg","40818","µV","27.728","°C","1021.000","hPa","36.4","pmil","0","55.390","deg","20.000","°C","100.000","%a.s.","21.720","deg","20.000","°C","977.000","hPa","0.861","-0.02617","0.00035","0","0","13.56","Humid","26.25","0","44.00","379552.30","SABD0000000001","AAV1.0.0.11","4.0.0.2323","PSt7-10","170328-019","7/29/2022 11:23:46 AM","0000-00","0","no battery","V","","µV","","µV"
"08/11/2022","09:50:55","6","default","383292078","Oxt_06","7.001","min","97.691","%a.s.","Humid","20.622","deg","40822","µV","27.713","°C","1021.000","hPa","36.4","pmil","0","55.390","deg","20.000","°C","100.000","%a.s.","21.720","deg","20.000","°C","977.000","hPa","0.861","-0.02617","0.00035","0","0","13.56","Humid","26.25","0","44.00","379523.12","SABD0000000001","AAV1.0.0.11","4.0.0.2323","PSt7-10","170328-019","7/29/2022 11:23:46 AM","0000-00","0","no battery","V","","µV","","µV"
"08/11/2022","09:50:56","6","default","383292078","Oxt_06","7.018","min","97.612","%a.s.","Humid","20.630","deg","40822","µV","27.723","°C","1021.000","hPa","36.4","pmil","0","55.390","deg","20.000","°C","100.000","%a.s.","21.720","deg","20.000","°C","977.000","hPa","0.861","-0.02617","0.00035","0","0","13.56","Humid","26.25","0","44.00","379530.15","SABD0000000001","AAV1.0.0.11","4.0.0.2323","PSt7-10","170328-019","7/29/2022 11:23:46 AM","0000-00","0","no battery","V","","µV","","µV"
"08/11/2022","09:50:57","6","default","383292078","Oxt_06","7.034","min","97.632","%a.s.","Humid","20.628","deg","40819","µV","27.720","°C","1021.000","hPa","36.4","pmil","0","55.390","deg","20.000","°C","100.000","%a.s.","21.720","deg","20.000","°C","977.000","hPa","0.861","-0.02617","0.00035","0","0","13.56","Humid","26.25","0","44.00","379524.69","SABD0000000001","AAV1.0.0.11","4.0.0.2323","PSt7-10","170328-019","7/29/2022 11:23:46 AM","0000-00","0","no battery","V","","µV","","µV"
"08/11/2022","09:50:58","6","default","383292078","Oxt_06","7.051","min","97.675","%a.s.","Humid","20.624","deg","40821","µV","27.711","°C","1021.000","hPa","36.4","pmil","0","55.390","deg","20.000","°C","100.000","%a.s.","21.720","deg","20.000","°C","977.000","hPa","0.861","-0.02617","0.00035","0","0","13.56","Humid","26.25","0","44.00","379516.56","SABD0000000001","AAV1.0.0.11","4.0.0.2323","PSt7-10","170328-019","7/29/2022 11:23:46 AM","0000-00","0","no battery","V","","µV","","µV"
"08/11/2022","09:50:59","6","default","383292078","Oxt_06","7.068","min","97.623","%a.s.","Humid","20.629","deg","40821","µV","27.721","°C","1021.000","hPa","36.4","pmil","0","55.390","deg","20.000","°C","100.000","%a.s.","21.720","deg","20.000","°C","977.000","hPa","0.861","-0.02617","0.00035","0","0","13.56","Humid","26.25","0","44.00","379532.41","SABD0000000001","AAV1.0.0.11","4.0.0.2323","PSt7-10","170328-019","7/29/2022 11:23:46 AM","0000-00","0","no battery","V","","µV","","µV"
"08/11/2022","09:51:00","6","default","383292078","Oxt_06","7.084","min","97.619","%a.s.","Humid","20.631","deg","40818","µV","27.706","°C","1021.000","hPa","36.4","pmil","0","55.390","deg","20.000","°C","100.000","%a.s.","21.720","deg","20.000","°C","977.000","hPa","0.861","-0.02617","0.00035","0","0","13.56","Humid","26.25","0","44.00","379516.32","SABD0000000001","AAV1.0.0.11","4.0.0.2323","PSt7-10","170328-019","7/29/2022 11:23:46 AM","0000-00","0","no battery","V","","µV","","µV"
"08/11/2022","09:51:01","6","default","383292078","Oxt_06","7.101","min","97.670","%a.s.","Humid","20.625","deg","40818","µV","27.707","°C","1021.000","hPa","36.4","pmil","0","55.390","deg","20.000","°C","100.000","%a.s.","21.720","deg","20.000","°C","977.000","hPa","0.861","-0.02617","0.00035","0","0","13.56","Humid","26.25","0","44.00","379516.82","SABD0000000001","AAV1.0.0.11","4.0.0.2323","PSt7-10","170328-019","7/29/2022 11:23:46 AM","0000-00","0","no battery","V","","µV","","µV"
"08/11/2022","09:51:02","6","default","383292078","Oxt_06","7.118","min","97.694","%a.s.","Humid","20.621","deg","40821","µV","27.719","°C","1021.000","hPa","36.4","pmil","0","55.390","deg","20.000","°C","100.000","%a.s.","21.720","deg","20.000","°C","977.000","hPa","0.861","-0.02617","0.00035","0","0","13.56","Humid","26.25","0","44.00","379526.86","SABD0000000001","AAV1.0.0.11","4.0.0.2323","PSt7-10","170328-019","7/29/2022 11:23:46 AM","0000-00","0","no battery","V","","µV","","µV"
"08/11/2022","09:51:03","6","default","383292078","Oxt_06","7.134","min","97.703","%a.s.","Humid","20.620","deg","40825","µV","27.719","°C","1021.000","hPa","36.4","pmil","0","55.390","deg","20.000","°C","100.000","%a.s.","21.720","deg","20.000","°C","977.000","hPa","0.861","-0.02617","0.00035","0","0","13.56","Humid","26.25","0","44.00","379507.36","SABD0000000001","AAV1.0.0.11","4.0.0.2323","PSt7-10","170328-019","7/29/2022 11:23:46 AM","0000-00","0","no battery","V","","µV","","µV"
"08/11/2022","09:51:04","6","default","383292078","Oxt_06","7.151","min","97.707","%a.s.","Humid","20.620","deg","40818","µV","27.715","°C","1021.000","hPa","36.4","pmil","0","55.390","deg","20.000","°C","100.000","%a.s.","21.720","deg","20.000","°C","977.000","hPa","0.861","-0.02617","0.00035","0","0","13.56","Humid","26.25","0","44.00","379519.79","SABD0000000001","AAV1.0.0.11","4.0.0.2323","PSt7-10","170328-019","7/29/2022 11:23:46 AM","0000-00","0","no battery","V","","µV","","µV"
"08/11/2022","09:51:05","6","default","383292078","Oxt_06","7.168","min","97.550","%a.s.","Humid","20.636","deg","40826","µV","27.733","°C","1021.000","hPa","36.4","pmil","0","55.390","deg","20.000","°C","100.000","%a.s.","21.720","deg","20.000","°C","977.000","hPa","0.861","-0.02617","0.00035","0","0","13.56","Humid","26.25","0","44.00","379512.52","SABD0000000001","AAV1.0.0.11","4.0.0.2323","PSt7-10","170328-019","7/29/2022 11:23:46 AM","0000-00","0","no battery","V","","µV","","µV"
"08/11/2022","09:51:06","6","default","383292078","Oxt_06","7.184","min","97.598","%a.s.","Humid","20.633","deg","40826","µV","27.710","°C","1021.000","hPa","36.4","pmil","0","55.390","deg","20.000","°C","100.000","%a.s.","21.720","deg","20.000","°C","977.000","hPa","0.861","-0.02617","0.00035","0","0","13.56","Humid","26.25","0","44.00","379522.52","SABD0000000001","AAV1.0.0.11","4.0.0.2323","PSt7-10","170328-019","7/29/2022 11:23:46 AM","0000-00","0","no battery","V","","µV","","µV"
"08/11/2022","09:51:07","6","default","383292078","Oxt_06","7.201","min","97.652","%a.s.","Humid","20.626","deg","40819","µV","27.717","°C","1021.000","hPa","36.4","pmil","0","55.390","deg","20.000","°C","100.000","%a.s.","21.720","deg","20.000","°C","977.000","hPa","0.861","-0.02617","0.00035","0","0","13.56","Humid","26.25","0","44.00","379529.40","SABD0000000001","AAV1.0.0.11","4.0.0.2323","PSt7-10","170328-019","7/29/2022 11:23:46 AM","0000-00","0","no battery","V","","µV","","µV"
"08/11/2022","09:51:08","6","default","383292078","Oxt_06","7.218","min","97.662","%a.s.","Humid","20.625","deg","40820","µV","27.716","°C","1021.000","hPa","36.4","pmil","0","55.390","deg","20.000","°C","100.000","%a.s.","21.720","deg","20.000","°C","977.000","hPa","0.861","-0.02617","0.00035","0","0","13.56","Humid","26.25","0","44.00","379515.04","SABD0000000001","AAV1.0.0.11","4.0.0.2323","PSt7-10","170328-019","7/29/2022 11:23:46 AM","0000-00","0","no battery","V","","µV","","µV"
"08/11/2022","09:51:09","6","default","383292078","Oxt_06","7.234","min","97.590","%a.s.","Humid","20.634","deg","40818","µV","27.709","°C","1021.000","hPa","36.4","pmil","0","55.390","deg","20.000","°C","100.000","%a.s.","21.720","deg","20.000","°C","977.000","hPa","0.861","-0.02617","0.00035","0","0","13.56","Humid","26.25","0","44.00","379503.59","SABD0000000001","AAV1.0.0.11","4.0.0.2323","PSt7-10","170328-019","7/29/2022 11:23:46 AM","0000-00","0","no battery","V","","µV","","µV"
"08/11/2022","09:51:10","6","default","383292078","Oxt_06","7.251","min","97.580","%a.s.","Humid","20.634","deg","40818","µV","27.719","°C","1021.000","hPa","36.4","pmil","0","55.390","deg","20.000","°C","100.000","%a.s.","21.720","deg","20.000","°C","977.000","hPa","0.861","-0.02617","0.00035","0","0","13.56","Humid","26.25","0","44.00","379500.33","SABD0000000001","AAV1.0.0.11","4.0.0.2323","PSt7-10","170328-019","7/29/2022 11:23:46 AM","0000-00","0","no battery","V","","µV","","µV"
"08/11/2022","09:51:11","6","default","383292078","Oxt_06","7.268","min","97.587","%a.s.","Humid","20.632","deg","40823","µV","27.731","°C","1021.000","hPa","36.4","pmil","0","55.390","deg","20.000","°C","100.000","%a.s.","21.720","deg","20.000","°C","977.000","hPa","0.861","-0.02617","0.00035","0","0","13.56","Humid","26.25","0","44.00","379505.02","SABD0000000001","AAV1.0.0.11","4.0.0.2323","PSt7-10","170328-019","7/29/2022 11:23:46 AM","0000-00","0","no battery","V","","µV","","µV"
"08/11/2022","09:51:12","6","default","383292078","Oxt_06","7.284","min","97.613","%a.s.","Humid","20.629","deg","40817","µV","27.731","°C","1021.000","hPa","36.4","pmil","0","55.390","deg","20.000","°C","100.000","%a.s.","21.720","deg","20.000","°C","977.000","hPa","0.861","-0.02617","0.00035","0","0","13.56","Humid","26.25","0","44.00","379502.62","SABD0000000001","AAV1.0.0.11","4.0.0.2323","PSt7-10","170328-019","7/29/2022 11:23:46 AM","0000-00","0","no battery","V","","µV","","µV"
"08/11/2022","09:51:13","6","default","383292078","Oxt_06","7.301","min","97.591","%a.s.","Humid","20.632","deg","40823","µV","27.726","°C","1021.000","hPa","36.4","pmil","0","55.390","deg","20.000","°C","100.000","%a.s.","21.720","deg","20.000","°C","977.000","hPa","0.861","-0.02617","0.00035","0","0","13.56","Humid","26.25","0","44.00","379506.49","SABD0000000001","AAV1.0.0.11","4.0.0.2323","PSt7-10","170328-019","7/29/2022 11:23:46 AM","0000-00","0","no battery","V","","µV","","µV"
"08/11/2022","09:51:14","6","default","383292078","Oxt_06","7.318","min","97.606","%a.s.","Humid","20.630","deg","40815","µV","27.729","°C","1021.000","hPa","36.4","pmil","0","55.390","deg","20.000","°C","100.000","%a.s.","21.720","deg","20.000","°C","977.000","hPa","0.861","-0.02617","0.00035","0","0","13.56","Humid","26.25","0","44.00","379508.33","SABD0000000001","AAV1.0.0.11","4.0.0.2323","PSt7-10","170328-019","7/29/2022 11:23:46 AM","0000-00","0","no battery","V","","µV","","µV"
"08/11/2022","09:51:15","6","default","383292078","Oxt_06","7.334","min","97.586","%a.s.","Humid","20.632","deg","40825","µV","27.732","°C","1021.000","hPa","36.4","pmil","0","55.390","deg","20.000","°C","100.000","%a.s.","21.720","deg","20.000","°C","977.000","hPa","0.861","-0.02617","0.00035","0","0","13.56","Humid","26.25","0","44.00","379509.33","SABD0000000001","AAV1.0.0.11","4.0.0.2323","PSt7-10","170328-019","7/29/2022 11:23:46 AM","0000-00","0","no battery","V","","µV","","µV"
"08/11/2022","09:51:16","6","default","383292078","Oxt_06","7.351","min","97.607","%a.s.","Humid","20.631","deg","40826","µV","27.718","°C","1021.000","hPa","36.4","pmil","0","55.390","deg","20.000","°C","100.000","%a.s.","21.720","deg","20.000","°C","977.000","hPa","0.861","-0.02617","0.00035","0","0","13.56","Humid","26.25","0","44.00","379504.56","SABD0000000001","AAV1.0.0.11","4.0.0.2323","PSt7-10","170328-019","7/29/2022 11:23:46 AM","0000-00","0","no battery","V","","µV","","µV"
"08/11/2022","09:51:17","6","default","383292078","Oxt_06","7.367","min","97.676","%a.s.","Humid","20.623","deg","40824","µV","27.720","°C","1021.000","hPa","36.4","pmil","0","55.390","deg","20.000","°C","100.000","%a.s.","21.720","deg","20.000","°C","977.000","hPa","0.861","-0.02617","0.00035","0","0","13.56","Humid","26.25","0","44.00","379497.34","SABD0000000001","AAV1.0.0.11","4.0.0.2323","PSt7-10","170328-019","7/29/2022 11:23:46 AM","0000-00","0","no battery","V","","µV","","µV"
"08/11/2022","09:51:18","6","default","383292078","Oxt_06","7.384","min","97.659","%a.s.","Humid","20.626","deg","40818","µV","27.710","°C","1021.000","hPa","36.4","pmil","0","55.390","deg","20.000","°C","100.000","%a.s.","21.720","deg","20.000","°C","977.000","hPa","0.861","-0.02617","0.00035","0","0","13.56","Humid","26.25","0","44.00","379500.60","SABD0000000001","AAV1.0.0.11","4.0.0.2323","PSt7-10","170328-019","7/29/2022 11:23:46 AM","0000-00","0","no battery","V","","µV","","µV"
"08/11/2022","09:51:19","6","default","383292078","Oxt_06","7.400","min","97.566","%a.s.","Humid","20.636","deg","40817","µV","27.715","°C","1021.000","hPa","36.4","pmil","0","55.390","deg","20.000","°C","100.000","%a.s.","21.720","deg","20.000","°C","977.000","hPa","0.861","-0.02617","0.00035","0","0","13.56","Humid","26.25","0","44.00","379494.94","SABD0000000001","AAV1.0.0.11","4.0.0.2323","PSt7-10","170328-019","7/29/2022 11:23:46 AM","0000-00","0","no battery","V","","µV","","µV"
"08/11/2022","09:51:20","6","default","383292078","Oxt_06","7.417","min","97.536","%a.s.","Humid","20.639","deg","40825","µV","27.720","°C","1021.000","hPa","36.4","pmil","0","55.390","deg","20.000","°C","100.000","%a.s.","21.720","deg","20.000","°C","977.000","hPa","0.861","-0.02617","0.00035","0","0","13.56","Humid","26.25","0","44.00","379516.89","SABD0000000001","AAV1.0.0.11","4.0.0.2323","PSt7-10","170328-019","7/29/2022 11:23:46 AM","0000-00","0","no battery","V","","µV","","µV"
"08/11/2022","09:51:21","6","default","383292078","Oxt_06","7.434","min","97.577","%a.s.","Humid","20.636","deg","40821","µV","27.704","°C","1021.000","hPa","36.4","pmil","0","55.390","deg","20.000","°C","100.000","%a.s.","21.720","deg","20.000","°C","977.000","hPa","0.861","-0.02617","0.00035","0","0","13.56","Humid","26.25","0","44.00","379503.90","SABD0000000001","AAV1.0.0.11","4.0.0.2323","PSt7-10","170328-019","7/29/2022 11:23:46 AM","0000-00","0","no battery","V","","µV","","µV"
"08/11/2022","09:51:22","6","default","383292078","Oxt_06","7.450","min","97.580","%a.s.","Humid","20.635","deg","40826","µV","27.711","°C","1021.000","hPa","36.4","pmil","0","55.390","deg","20.000","°C","100.000","%a.s.","21.720","deg","20.000","°C","977.000","hPa","0.861","-0.02617","0.00035","0","0","13.56","Humid","26.25","0","44.00","379507.43","SABD0000000001","AAV1.0.0.11","4.0.0.2323","PSt7-10","170328-019","7/29/2022 11:23:46 AM","0000-00","0","no battery","V","","µV","","µV"
"08/11/2022","09:51:23","6","default","383292078","Oxt_06","7.467","min","97.555","%a.s.","Humid","20.636","deg","40827","µV","27.728","°C","1021.000","hPa","36.4","pmil","0","55.390","deg","20.000","°C","100.000","%a.s.","21.720","deg","20.000","°C","977.000","hPa","0.861","-0.02617","0.00035","0","0","13.56","Humid","26.25","0","44.00","379503.07","SABD0000000001","AAV1.0.0.11","4.0.0.2323","PSt7-10","170328-019","7/29/2022 11:23:46 AM","0000-00","0","no battery","V","","µV","","µV"
"08/11/2022","09:51:24","6","default","383292078","Oxt_06","7.484","min","97.580","%a.s.","Humid","20.633","deg","40825","µV","27.729","°C","1021.000","hPa","36.4","pmil","0","55.390","deg","20.000","°C","100.000","%a.s.","21.720","deg","20.000","°C","977.000","hPa","0.861","-0.02617","0.00035","0","0","13.56","Humid","26.25","0","44.00","379499.72","SABD0000000001","AAV1.0.0.11","4.0.0.2323","PSt7-10","170328-019","7/29/2022 11:23:46 AM","0000-00","0","no battery","V","","µV","","µV"
"08/11/2022","09:51:25","6","default","383292078","Oxt_06","7.500","min","97.584","%a.s.","Humid","20.632","deg","40831","µV","27.734","°C","1021.000","hPa","36.4","pmil","0","55.390","deg","20.000","°C","100.000","%a.s.","21.720","deg","20.000","°C","977.000","hPa","0.861","-0.02617","0.00035","0","0","13.56","Humid","26.25","0","44.00","379500.60","SABD0000000001","AAV1.0.0.11","4.0.0.2323","PSt7-10","170328-019","7/29/2022 11:23:46 AM","0000-00","0","no battery","V","","µV","","µV"
"08/11/2022","09:51:26","6","default","383292078","Oxt_06","7.517","min","97.585","%a.s.","Humid","20.632","deg","40826","µV","27.732","°C","1021.000","hPa","36.4","pmil","0","55.390","deg","20.000","°C","100.000","%a.s.","21.720","deg","20.000","°C","977.000","hPa","0.861","-0.02617","0.00035","0","0","13.56","Humid","26.25","0","44.00","379499.91","SABD0000000001","AAV1.0.0.11","4.0.0.2323","PSt7-10","170328-019","7/29/2022 11:23:46 AM","0000-00","0","no battery","V","","µV","","µV"
"08/11/2022","09:51:27","6","default","383292078","Oxt_06","7.534","min","97.540","%a.s.","Humid","20.637","deg","40827","µV","27.734","°C","1021.000","hPa","36.4","pmil","0","55.390","deg","20.000","°C","100.000","%a.s.","21.720","deg","20.000","°C","977.000","hPa","0.861","-0.02617","0.00035","0","0","13.56","Humid","26.25","0","44.00","379496.15","SABD0000000001","AAV1.0.0.11","4.0.0.2323","PSt7-10","170328-019","7/29/2022 11:23:46 AM","0000-00","0","no battery","V","","µV","","µV"
"08/11/2022","09:51:28","6","default","383292078","Oxt_06","7.551","min","97.566","%a.s.","Humid","20.635","deg","40823","µV","27.725","°C","1021.000","hPa","36.4","pmil","0","55.390","deg","20.000","°C","100.000","%a.s.","21.720","deg","20.000","°C","977.000","hPa","0.861","-0.02617","0.00035","0","0","13.56","Humid","26.25","0","44.00","379497.49","SABD0000000001","AAV1.0.0.11","4.0.0.2323","PSt7-10","170328-019","7/29/2022 11:23:46 AM","0000-00","0","no battery","V","","µV","","µV"
"08/11/2022","09:51:29","6","default","383292078","Oxt_06","7.568","min","97.527","%a.s.","Humid","20.639","deg","40821","µV","27.729","°C","1021.000","hPa","36.4","pmil","0","55.390","deg","20.000","°C","100.000","%a.s.","21.720","deg","20.000","°C","977.000","hPa","0.861","-0.02617","0.00035","0","0","13.56","Humid","26.25","0","44.00","379489.32","SABD0000000001","AAV1.0.0.11","4.0.0.2323","PSt7-10","170328-019","7/29/2022 11:23:46 AM","0000-00","0","no battery","V","","µV","","µV"
"08/11/2022","09:51:30","6","default","383292078","Oxt_06","7.584","min","97.581","%a.s.","Humid","20.634","deg","40827","µV","27.718","°C","1021.000","hPa","36.4","pmil","0","55.390","deg","20.000","°C","100.000","%a.s.","21.720","deg","20.000","°C","977.000","hPa","0.861","-0.02617","0.00035","0","0","13.56","Humid","26.25","0","44.00","379498.29","SABD0000000001","AAV1.0.0.11","4.0.0.2323","PSt7-10","170328-019","7/29/2022 11:23:46 AM","0000-00","0","no battery","V","","µV","","µV"
"08/11/2022","09:51:31","6","default","383292078","Oxt_06","7.601","min","97.600","%a.s.","Humid","20.631","deg","40823","µV","27.726","°C","1021.000","hPa","36.4","pmil","0","55.390","deg","20.000","°C","100.000","%a.s.","21.720","deg","20.000","°C","977.000","hPa","0.861","-0.02617","0.00035","0","0","13.56","Humid","26.25","0","44.00","379489.46","SABD0000000001","AAV1.0.0.11","4.0.0.2323","PSt7-10","170328-019","7/29/2022 11:23:46 AM","0000-00","0","no battery","V","","µV","","µV"
"08/11/2022","09:51:32","6","default","383292078","Oxt_06","7.618","min","97.596","%a.s.","Humid","20.631","deg","40824","µV","27.730","°C","1021.000","hPa","36.4","pmil","0","55.390","deg","20.000","°C","100.000","%a.s.","21.720","deg","20.000","°C","977.000","hPa","0.861","-0.02617","0.00035","0","0","13.56","Humid","26.25","0","44.00","379485.26","SABD0000000001","AAV1.0.0.11","4.0.0.2323","PSt7-10","170328-019","7/29/2022 11:23:46 AM","0000-00","0","no battery","V","","µV","","µV"
"08/11/2022","09:51:33","6","default","383292078","Oxt_06","7.634","min","97.590","%a.s.","Humid","20.632","deg","40821","µV","27.728","°C","1021.000","hPa","36.4","pmil","0","55.390","deg","20.000","°C","100.000","%a.s.","21.720","deg","20.000","°C","977.000","hPa","0.861","-0.02617","0.00035","0","0","13.56","Humid","26.25","0","44.00","379483.84","SABD0000000001","AAV1.0.0.11","4.0.0.2323","PSt7-10","170328-019","7/29/2022 11:23:46 AM","0000-00","0","no battery","V","","µV","","µV"
"08/11/2022","09:51:34","6","default","383292078","Oxt_06","7.651","min","97.561","%a.s.","Humid","20.635","deg","40820","µV","27.730","°C","1021.000","hPa","36.4","pmil","0","55.390","deg","20.000","°C","100.000","%a.s.","21.720","deg","20.000","°C","977.000","hPa","0.861","-0.02617","0.00035","0","0","13.56","Humid","26.25","0","44.00","379491.05","SABD0000000001","AAV1.0.0.11","4.0.0.2323","PSt7-10","170328-019","7/29/2022 11:23:46 AM","0000-00","0","no battery","V","","µV","","µV"
"08/11/2022","09:51:35","6","default","383292078","Oxt_06","7.668","min","97.586","%a.s.","Humid","20.633","deg","40822","µV","27.722","°C","1021.000","hPa","36.4","pmil","0","55.390","deg","20.000","°C","100.000","%a.s.","21.720","deg","20.000","°C","977.000","hPa","0.861","-0.02617","0.00035","0","0","13.56","Humid","26.25","0","44.00","379497.51","SABD0000000001","AAV1.0.0.11","4.0.0.2323","PSt7-10","170328-019","7/29/2022 11:23:46 AM","0000-00","0","no battery","V","","µV","","µV"
"08/11/2022","09:51:36","6","default","383292078","Oxt_06","7.684","min","97.590","%a.s.","Humid","20.633","deg","40823","µV","27.718","°C","1021.000","hPa","36.4","pmil","0","55.390","deg","20.000","°C","100.000","%a.s.","21.720","deg","20.000","°C","977.000","hPa","0.861","-0.02617","0.00035","0","0","13.56","Humid","26.25","0","44.00","379495.82","SABD0000000001","AAV1.0.0.11","4.0.0.2323","PSt7-10","170328-019","7/29/2022 11:23:46 AM","0000-00","0","no battery","V","","µV","","µV"
"08/11/2022","09:51:37","6","default","383292078","Oxt_06","7.701","min","97.606","%a.s.","Humid","20.631","deg","40829","µV","27.719","°C","1021.000","hPa","36.4","pmil","0","55.390","deg","20.000","°C","100.000","%a.s.","21.720","deg","20.000","°C","977.000","hPa","0.861","-0.02617","0.00035","0","0","13.56","Humid","26.25","0","44.00","379493.65","SABD0000000001","AAV1.0.0.11","4.0.0.2323","PSt7-10","170328-019","7/29/2022 11:23:46 AM","0000-00","0","no battery","V","","µV","","µV"
"08/11/2022","09:51:38","6","default","383292078","Oxt_06","7.717","min","97.604","%a.s.","Humid","20.630","deg","40821","µV","27.731","°C","1021.000","hPa","36.4","pmil","0","55.390","deg","20.000","°C","100.000","%a.s.","21.720","deg","20.000","°C","977.000","hPa","0.861","-0.02617","0.00035","0","0","13.56","Humid","26.25","0","44.00","379477.62","SABD0000000001","AAV1.0.0.11","4.0.0.2323","PSt7-10","170328-019","7/29/2022 11:23:46 AM","0000-00","0","no battery","V","","µV","","µV"
"08/11/2022","09:51:39","6","default","383292078","Oxt_06","7.734","min","97.587","%a.s.","Humid","20.634","deg","40825","µV","27.712","°C","1021.000","hPa","36.4","pmil","0","55.390","deg","20.000","°C","100.000","%a.s.","21.720","deg","20.000","°C","977.000","hPa","0.861","-0.02617","0.00035","0","0","13.56","Humid","26.25","0","44.00","379496.43","SABD0000000001","AAV1.0.0.11","4.0.0.2323","PSt7-10","170328-019","7/29/2022 11:23:46 AM","0000-00","0","no battery","V","","µV","","µV"
"08/11/2022","09:51:40","6","default","383292078","Oxt_06","7.751","min","97.569","%a.s.","Humid","20.636","deg","40827","µV","27.713","°C","1021.000","hPa","36.4","pmil","0","55.390","deg","20.000","°C","100.000","%a.s.","21.720","deg","20.000","°C","977.000","hPa","0.861","-0.02617","0.00035","0","0","13.56","Humid","26.25","0","44.00","379491.55","SABD0000000001","AAV1.0.0.11","4.0.0.2323","PSt7-10","170328-019","7/29/2022 11:23:46 AM","0000-00","0","no battery","V","","µV","","µV"
"08/11/2022","09:51:41","6","default","383292078","Oxt_06","7.767","min","97.499","%a.s.","Humid","20.644","deg","40826","µV","27.713","°C","1021.000","hPa","36.4","pmil","0","55.390","deg","20.000","°C","100.000","%a.s.","21.720","deg","20.000","°C","977.000","hPa","0.861","-0.02617","0.00035","0","0","13.56","Humid","26.25","0","44.00","379492.20","SABD0000000001","AAV1.0.0.11","4.0.0.2323","PSt7-10","170328-019","7/29/2022 11:23:46 AM","0000-00","0","no battery","V","","µV","","µV"
"08/11/2022","09:51:42","6","default","383292078","Oxt_06","7.784","min","97.572","%a.s.","Humid","20.634","deg","40826","µV","27.728","°C","1021.000","hPa","36.4","pmil","0","55.390","deg","20.000","°C","100.000","%a.s.","21.720","deg","20.000","°C","977.000","hPa","0.861","-0.02617","0.00035","0","0","13.56","Humid","26.25","0","44.00","379488.01","SABD0000000001","AAV1.0.0.11","4.0.0.2323","PSt7-10","170328-019","7/29/2022 11:23:46 AM","0000-00","0","no battery","V","","µV","","µV"
"08/11/2022","09:51:43","6","default","383292078","Oxt_06","7.800","min","97.521","%a.s.","Humid","20.640","deg","40829","µV","27.726","°C","1021.000","hPa","36.4","pmil","0","55.390","deg","20.000","°C","100.000","%a.s.","21.720","deg","20.000","°C","977.000","hPa","0.861","-0.02617","0.00035","0","0","13.56","Humid","26.25","0","44.00","379495.92","SABD0000000001","AAV1.0.0.11","4.0.0.2323","PSt7-10","170328-019","7/29/2022 11:23:46 AM","0000-00","0","no battery","V","","µV","","µV"
"08/11/2022","09:51:44","6","default","383292078","Oxt_06","7.817","min","97.547","%a.s.","Humid","20.637","deg","40835","µV","27.726","°C","1021.000","hPa","36.4","pmil","0","55.390","deg","20.000","°C","100.000","%a.s.","21.720","deg","20.000","°C","977.000","hPa","0.861","-0.02617","0.00035","0","0","13.56","Humid","26.25","0","44.00","379479.33","SABD0000000001","AAV1.0.0.11","4.0.0.2323","PSt7-10","170328-019","7/29/2022 11:23:46 AM","0000-00","0","no battery","V","","µV","","µV"
"08/11/2022","09:51:45","6","default","383292078","Oxt_06","7.834","min","97.552","%a.s.","Humid","20.636","deg","40828","µV","27.730","°C","1021.000","hPa","36.4","pmil","0","55.390","deg","20.000","°C","100.000","%a.s.","21.720","deg","20.000","°C","977.000","hPa","0.861","-0.02617","0.00035","0","0","13.56","Humid","26.25","0","44.00","379486.01","SABD0000000001","AAV1.0.0.11","4.0.0.2323","PSt7-10","170328-019","7/29/2022 11:23:46 AM","0000-00","0","no battery","V","","µV","","µV"
"08/11/2022","09:51:46","6","default","383292078","Oxt_06","7.850","min","97.573","%a.s.","Humid","20.634","deg","40827","µV","27.727","°C","1021.000","hPa","36.4","pmil","0","55.390","deg","20.000","°C","100.000","%a.s.","21.720","deg","20.000","°C","977.000","hPa","0.861","-0.02617","0.00035","0","0","13.56","Humid","26.25","0","44.00","379485.31","SABD0000000001","AAV1.0.0.11","4.0.0.2323","PSt7-10","170328-019","7/29/2022 11:23:46 AM","0000-00","0","no battery","V","","µV","","µV"
"08/11/2022","09:51:47","6","default","383292078","Oxt_06","7.867","min","97.574","%a.s.","Humid","20.634","deg","40831","µV","27.725","°C","1021.000","hPa","36.4","pmil","0","55.390","deg","20.000","°C","100.000","%a.s.","21.720","deg","20.000","°C","977.000","hPa","0.861","-0.02617","0.00035","0","0","13.56","Humid","26.25","0","44.00","379463.90","SABD0000000001","AAV1.0.0.11","4.0.0.2323","PSt7-10","170328-019","7/29/2022 11:23:46 AM","0000-00","0","no battery","V","","µV","","µV"
"08/11/2022","09:51:48","6","default","383292078","Oxt_06","7.885","min","97.563","%a.s.","Humid","20.637","deg","40830","µV","27.710","°C","1021.000","hPa","36.4","pmil","0","55.390","deg","20.000","°C","100.000","%a.s.","21.720","deg","20.000","°C","977.000","hPa","0.861","-0.02617","0.00035","0","0","13.56","Humid","26.25","0","44.00","379489.39","SABD0000000001","AAV1.0.0.11","4.0.0.2323","PSt7-10","170328-019","7/29/2022 11:23:46 AM","0000-00","0","no battery","V","","µV","","µV"
"08/11/2022","09:51:49","6","default","383292078","Oxt_06","7.901","min","97.618","%a.s.","Humid","20.630","deg","40830","µV","27.716","°C","1021.000","hPa","36.4","pmil","0","55.390","deg","20.000","°C","100.000","%a.s.","21.720","deg","20.000","°C","977.000","hPa","0.861","-0.02617","0.00035","0","0","13.56","Humid","26.25","0","44.00","379481.39","SABD0000000001","AAV1.0.0.11","4.0.0.2323","PSt7-10","170328-019","7/29/2022 11:23:46 AM","0000-00","0","no battery","V","","µV","","µV"
"08/11/2022","09:51:50","6","default","383292078","Oxt_06","7.918","min","97.553","%a.s.","Humid","20.637","deg","40830","µV","27.720","°C","1021.000","hPa","36.4","pmil","0","55.390","deg","20.000","°C","100.000","%a.s.","21.720","deg","20.000","°C","977.000","hPa","0.861","-0.02617","0.00035","0","0","13.56","Humid","26.25","0","44.00","379478.77","SABD0000000001","AAV1.0.0.11","4.0.0.2323","PSt7-10","170328-019","7/29/2022 11:23:46 AM","0000-00","0","no battery","V","","µV","","µV"
"08/11/2022","09:51:51","6","default","383292078","Oxt_06","7.934","min","97.644","%a.s.","Humid","20.627","deg","40830","µV","27.717","°C","1021.000","hPa","36.4","pmil","0","55.390","deg","20.000","°C","100.000","%a.s.","21.720","deg","20.000","°C","977.000","hPa","0.861","-0.02617","0.00035","0","0","13.56","Humid","26.25","0","44.00","379479.60","SABD0000000001","AAV1.0.0.11","4.0.0.2323","PSt7-10","170328-019","7/29/2022 11:23:46 AM","0000-00","0","no battery","V","","µV","","µV"
"08/11/2022","09:51:52","6","default","383292078","Oxt_06","7.951","min","97.548","%a.s.","Humid","20.638","deg","40829","µV","27.717","°C","1021.000","hPa","36.4","pmil","0","55.390","deg","20.000","°C","100.000","%a.s.","21.720","deg","20.000","°C","977.000","hPa","0.861","-0.02617","0.00035","0","0","13.56","Humid","26.25","0","44.00","379477.29","SABD0000000001","AAV1.0.0.11","4.0.0.2323","PSt7-10","170328-019","7/29/2022 11:23:46 AM","0000-00","0","no battery","V","","µV","","µV"
"08/11/2022","09:51:53","6","default","383292078","Oxt_06","7.968","min","97.536","%a.s.","Humid","20.638","deg","40829","µV","27.729","°C","1021.000","hPa","36.4","pmil","0","55.390","deg","20.000","°C","100.000","%a.s.","21.720","deg","20.000","°C","977.000","hPa","0.861","-0.02617","0.00035","0","0","13.56","Humid","26.25","0","44.00","379483.10","SABD0000000001","AAV1.0.0.11","4.0.0.2323","PSt7-10","170328-019","7/29/2022 11:23:46 AM","0000-00","0","no battery","V","","µV","","µV"
"08/11/2022","09:51:54","6","default","383292078","Oxt_06","7.984","min","97.557","%a.s.","Humid","20.636","deg","40829","µV","27.726","°C","1021.000","hPa","36.4","pmil","0","55.390","deg","20.000","°C","100.000","%a.s.","21.720","deg","20.000","°C","977.000","hPa","0.861","-0.02617","0.00035","0","0","13.56","Humid","26.25","0","44.00","379466.26","SABD0000000001","AAV1.0.0.11","4.0.0.2323","PSt7-10","170328-019","7/29/2022 11:23:46 AM","0000-00","0","no battery","V","","µV","","µV"
"08/11/2022","09:51:55","6","default","383292078","Oxt_06","8.001","min","97.541","%a.s.","Humid","20.639","deg","40830","µV","27.714","°C","1021.000","hPa","36.4","pmil","0","55.390","deg","20.000","°C","100.000","%a.s.","21.720","deg","20.000","°C","977.000","hPa","0.861","-0.02617","0.00035","0","0","13.56","Humid","26.25","0","44.00","379478.78","SABD0000000001","AAV1.0.0.11","4.0.0.2323","PSt7-10","170328-019","7/29/2022 11:23:46 AM","0000-00","0","no battery","V","","µV","","µV"
"08/11/2022","09:51:56","6","default","383292078","Oxt_06","8.017","min","97.476","%a.s.","Humid","20.645","deg","40832","µV","27.728","°C","1021.000","hPa","36.4","pmil","0","55.390","deg","20.000","°C","100.000","%a.s.","21.720","deg","20.000","°C","977.000","hPa","0.861","-0.02617","0.00035","0","0","13.56","Humid","26.25","0","44.00","379478.82","SABD0000000001","AAV1.0.0.11","4.0.0.2323","PSt7-10","170328-019","7/29/2022 11:23:46 AM","0000-00","0","no battery","V","","µV","","µV"
"08/11/2022","09:51:57","6","default","383292078","Oxt_06","8.034","min","97.567","%a.s.","Humid","20.635","deg","40827","µV","27.724","°C","1021.000","hPa","36.4","pmil","0","55.390","deg","20.000","°C","100.000","%a.s.","21.720","deg","20.000","°C","977.000","hPa","0.861","-0.02617","0.00035","0","0","13.56","Humid","26.25","0","44.00","379476.06","SABD0000000001","AAV1.0.0.11","4.0.0.2323","PSt7-10","170328-019","7/29/2022 11:23:46 AM","0000-00","0","no battery","V","","µV","","µV"
"08/11/2022","09:51:58","6","default","383292078","Oxt_06","8.051","min","97.564","%a.s.","Humid","20.635","deg","40828","µV","27.728","°C","1021.000","hPa","36.4","pmil","0","55.390","deg","20.000","°C","100.000","%a.s.","21.720","deg","20.000","°C","977.000","hPa","0.861","-0.02617","0.00035","0","0","13.56","Humid","26.25","0","44.00","379478.13","SABD0000000001","AAV1.0.0.11","4.0.0.2323","PSt7-10","170328-019","7/29/2022 11:23:46 AM","0000-00","0","no battery","V","","µV","","µV"
"08/11/2022","09:51:59","6","default","383292078","Oxt_06","8.067","min","97.498","%a.s.","Humid","20.644","deg","40833","µV","27.713","°C","1021.000","hPa","36.4","pmil","0","55.390","deg","20.000","°C","100.000","%a.s.","21.720","deg","20.000","°C","977.000","hPa","0.861","-0.02617","0.00035","0","0","13.56","Humid","26.25","0","44.00","379477.31","SABD0000000001","AAV1.0.0.11","4.0.0.2323","PSt7-10","170328-019","7/29/2022 11:23:46 AM","0000-00","0","no battery","V","","µV","","µV"
"08/11/2022","09:52:00","6","default","383292078","Oxt_06","8.084","min","97.529","%a.s.","Humid","20.640","deg","40832","µV","27.717","°C","1021.000","hPa","36.4","pmil","0","55.390","deg","20.000","°C","100.000","%a.s.","21.720","deg","20.000","°C","977.000","hPa","0.861","-0.02617","0.00035","0","0","13.56","Humid","26.25","0","44.00","379468.48","SABD0000000001","AAV1.0.0.11","4.0.0.2323","PSt7-10","170328-019","7/29/2022 11:23:46 AM","0000-00","0","no battery","V","","µV","","µV"
"08/11/2022","09:52:01","6","default","383292078","Oxt_06","8.101","min","97.595","%a.s.","Humid","20.631","deg","40833","µV","27.732","°C","1021.000","hPa","36.4","pmil","0","55.390","deg","20.000","°C","100.000","%a.s.","21.720","deg","20.000","°C","977.000","hPa","0.861","-0.02617","0.00035","0","0","13.56","Humid","26.25","0","44.00","379474.88","SABD0000000001","AAV1.0.0.11","4.0.0.2323","PSt7-10","170328-019","7/29/2022 11:23:46 AM","0000-00","0","no battery","V","","µV","","µV"
"08/11/2022","09:52:02","6","default","383292078","Oxt_06","8.117","min","97.483","%a.s.","Humid","20.644","deg","40830","µV","27.730","°C","1021.000","hPa","36.4","pmil","0","55.390","deg","20.000","°C","100.000","%a.s.","21.720","deg","20.000","°C","977.000","hPa","0.861","-0.02617","0.00035","0","0","13.56","Humid","26.25","0","44.00","379475.63","SABD0000000001","AAV1.0.0.11","4.0.0.2323","PSt7-10","170328-019","7/29/2022 11:23:46 AM","0000-00","0","no battery","V","","µV","","µV"
"08/11/2022","09:52:03","6","default","383292078","Oxt_06","8.134","min","97.537","%a.s.","Humid","20.638","deg","40832","µV","27.728","°C","1021.000","hPa","36.4","pmil","0","55.390","deg","20.000","°C","100.000","%a.s.","21.720","deg","20.000","°C","977.000","hPa","0.861","-0.02617","0.00035","0","0","13.56","Humid","26.25","0","44.00","379477.28","SABD0000000001","AAV1.0.0.11","4.0.0.2323","PSt7-10","170328-019","7/29/2022 11:23:46 AM","0000-00","0","no battery","V","","µV","","µV"
"08/11/2022","09:52:04","6","default","383292078","Oxt_06","8.151","min","97.534","%a.s.","Humid","20.639","deg","40829","µV","27.722","°C","1021.000","hPa","36.4","pmil","0","55.390","deg","20.000","°C","100.000","%a.s.","21.720","deg","20.000","°C","977.000","hPa","0.861","-0.02617","0.00035","0","0","13.56","Humid","26.25","0","44.00","379463.27","SABD0000000001","AAV1.0.0.11","4.0.0.2323","PSt7-10","170328-019","7/29/2022 11:23:46 AM","0000-00","0","no battery","V","","µV","","µV"
"08/11/2022","09:52:05","6","default","383292078","Oxt_06","8.167","min","97.624","%a.s.","Humid","20.629","deg","40829","µV","27.719","°C","1021.000","hPa","36.4","pmil","0","55.390","deg","20.000","°C","100.000","%a.s.","21.720","deg","20.000","°C","977.000","hPa","0.861","-0.02617","0.00035","0","0","13.56","Humid","26.25","0","44.00","379462.34","SABD0000000001","AAV1.0.0.11","4.0.0.2323","PSt7-10","170328-019","7/29/2022 11:23:46 AM","0000-00","0","no battery","V","","µV","","µV"
"08/11/2022","09:52:06","6","default","383292078","Oxt_06","8.184","min","97.419","%a.s.","Humid","20.652","deg","40837","µV","27.724","°C","1021.000","hPa","36.4","pmil","0","55.390","deg","20.000","°C","100.000","%a.s.","21.720","deg","20.000","°C","977.000","hPa","0.861","-0.02617","0.00035","0","0","13.56","Humid","26.25","0","44.00","379463.69","SABD0000000001","AAV1.0.0.11","4.0.0.2323","PSt7-10","170328-019","7/29/2022 11:23:46 AM","0000-00","0","no battery","V","","µV","","µV"
"08/11/2022","09:52:07","6","default","383292078","Oxt_06","8.200","min","97.544","%a.s.","Humid","20.637","deg","40831","µV","27.730","°C","1021.000","hPa","36.4","pmil","0","55.390","deg","20.000","°C","100.000","%a.s.","21.720","deg","20.000","°C","977.000","hPa","0.861","-0.02617","0.00035","0","0","13.56","Humid","26.25","0","44.00","379444.63","SABD0000000001","AAV1.0.0.11","4.0.0.2323","PSt7-10","170328-019","7/29/2022 11:23:46 AM","0000-00","0","no battery","V","","µV","","µV"
"08/11/2022","09:52:08","6","default","383292078","Oxt_06","8.217","min","97.568","%a.s.","Humid","20.635","deg","40827","µV","27.723","°C","1021.000","hPa","36.4","pmil","0","55.390","deg","20.000","°C","100.000","%a.s.","21.720","deg","20.000","°C","977.000","hPa","0.861","-0.02617","0.00035","0","0","13.56","Humid","26.25","0","44.00","379451.93","SABD0000000001","AAV1.0.0.11","4.0.0.2323","PSt7-10","170328-019","7/29/2022 11:23:46 AM","0000-00","0","no battery","V","","µV","","µV"
"08/11/2022","09:52:09","6","default","383292078","Oxt_06","8.235","min","97.487","%a.s.","Humid","20.645","deg","40834","µV","27.716","°C","1021.000","hPa","36.4","pmil","0","55.390","deg","20.000","°C","100.000","%a.s.","21.720","deg","20.000","°C","977.000","hPa","0.861","-0.02617","0.00035","0","0","13.56","Humid","26.25","0","44.00","379461.45","SABD0000000001","AAV1.0.0.11","4.0.0.2323","PSt7-10","170328-019","7/29/2022 11:23:46 AM","0000-00","0","no battery","V","","µV","","µV"
"08/11/2022","09:52:10","6","default","383292078","Oxt_06","8.251","min","97.523","%a.s.","Humid","20.640","deg","40831","µV","27.724","°C","1021.000","hPa","36.4","pmil","0","55.390","deg","20.000","°C","100.000","%a.s.","21.720","deg","20.000","°C","977.000","hPa","0.861","-0.02617","0.00035","0","0","13.56","Humid","26.25","0","44.00","379461.79","SABD0000000001","AAV1.0.0.11","4.0.0.2323","PSt7-10","170328-019","7/29/2022 11:23:46 AM","0000-00","0","no battery","V","","µV","","µV"
"08/11/2022","09:52:11","6","default","383292078","Oxt_06","8.268","min","97.534","%a.s.","Humid","20.638","deg","40831","µV","27.732","°C","1021.000","hPa","36.4","pmil","0","55.390","deg","20.000","°C","100.000","%a.s.","21.720","deg","20.000","°C","977.000","hPa","0.861","-0.02617","0.00035","0","0","13.56","Humid","26.25","0","44.00","379462.11","SABD0000000001","AAV1.0.0.11","4.0.0.2323","PSt7-10","170328-019","7/29/2022 11:23:46 AM","0000-00","0","no battery","V","","µV","","µV"
"08/11/2022","09:52:12","6","default","383292078","Oxt_06","8.284","min","97.498","%a.s.","Humid","20.643","deg","40828","µV","27.723","°C","1021.000","hPa","36.4","pmil","0","55.390","deg","20.000","°C","100.000","%a.s.","21.720","deg","20.000","°C","977.000","hPa","0.861","-0.02617","0.00035","0","0","13.56","Humid","26.25","0","44.00","379448.72","SABD0000000001","AAV1.0.0.11","4.0.0.2323","PSt7-10","170328-019","7/29/2022 11:23:46 AM","0000-00","0","no battery","V","","µV","","µV"
"08/11/2022","09:52:13","6","default","383292078","Oxt_06","8.301","min","97.588","%a.s.","Humid","20.634","deg","40834","µV","27.711","°C","1021.000","hPa","36.4","pmil","0","55.390","deg","20.000","°C","100.000","%a.s.","21.720","deg","20.000","°C","977.000","hPa","0.861","-0.02617","0.00035","0","0","13.56","Humid","26.25","0","44.00","379450.84","SABD0000000001","AAV1.0.0.11","4.0.0.2323","PSt7-10","170328-019","7/29/2022 11:23:46 AM","0000-00","0","no battery","V","","µV","","µV"
"08/11/2022","09:52:14","6","default","383292078","Oxt_06","8.318","min","97.546","%a.s.","Humid","20.639","deg","40831","µV","27.709","°C","1021.000","hPa","36.4","pmil","0","55.390","deg","20.000","°C","100.000","%a.s.","21.720","deg","20.000","°C","977.000","hPa","0.861","-0.02617","0.00035","0","0","13.56","Humid","26.25","0","44.00","379460.70","SABD0000000001","AAV1.0.0.11","4.0.0.2323","PSt7-10","170328-019","7/29/2022 11:23:46 AM","0000-00","0","no battery","V","","µV","","µV"
"08/11/2022","09:52:15","6","default","383292078","Oxt_06","8.334","min","97.536","%a.s.","Humid","20.639","deg","40834","µV","27.720","°C","1021.000","hPa","36.4","pmil","0","55.390","deg","20.000","°C","100.000","%a.s.","21.720","deg","20.000","°C","977.000","hPa","0.861","-0.02617","0.00035","0","0","13.56","Humid","26.25","0","44.00","379467.39","SABD0000000001","AAV1.0.0.11","4.0.0.2323","PSt7-10","170328-019","7/29/2022 11:23:46 AM","0000-00","0","no battery","V","","µV","","µV"
"08/11/2022","09:52:16","6","default","383292078","Oxt_06","8.351","min","97.484","%a.s.","Humid","20.645","deg","40832","µV","27.720","°C","1021.000","hPa","36.4","pmil","0","55.390","deg","20.000","°C","100.000","%a.s.","21.720","deg","20.000","°C","977.000","hPa","0.861","-0.02617","0.00035","0","0","13.56","Humid","26.25","0","44.00","379448.61","SABD0000000001","AAV1.0.0.11","4.0.0.2323","PSt7-10","170328-019","7/29/2022 11:23:46 AM","0000-00","0","no battery","V","","µV","","µV"
"08/11/2022","09:52:17","6","default","383292078","Oxt_06","8.368","min","97.555","%a.s.","Humid","20.638","deg","40839","µV","27.708","°C","1021.000","hPa","36.4","pmil","0","55.390","deg","20.000","°C","100.000","%a.s.","21.720","deg","20.000","°C","977.000","hPa","0.861","-0.02617","0.00035","0","0","13.56","Humid","26.25","0","44.00","379449.97","SABD0000000001","AAV1.0.0.11","4.0.0.2323","PSt7-10","170328-019","7/29/2022 11:23:46 AM","0000-00","0","no battery","V","","µV","","µV"
"08/11/2022","09:52:18","6","default","383292078","Oxt_06","8.384","min","97.474","%a.s.","Humid","20.646","deg","40833","µV","27.721","°C","1021.000","hPa","36.4","pmil","0","55.390","deg","20.000","°C","100.000","%a.s.","21.720","deg","20.000","°C","977.000","hPa","0.861","-0.02617","0.00035","0","0","13.56","Humid","26.25","0","44.00","379450.24","SABD0000000001","AAV1.0.0.11","4.0.0.2323","PSt7-10","170328-019","7/29/2022 11:23:46 AM","0000-00","0","no battery","V","","µV","","µV"
"08/11/2022","09:52:19","6","default","383292078","Oxt_06","8.401","min","97.584","%a.s.","Humid","20.634","deg","40831","µV","27.716","°C","1021.000","hPa","36.4","pmil","0","55.390","deg","20.000","°C","100.000","%a.s.","21.720","deg","20.000","°C","977.000","hPa","0.861","-0.02617","0.00035","0","0","13.56","Humid","26.25","0","44.00","379442.33","SABD0000000001","AAV1.0.0.11","4.0.0.2323","PSt7-10","170328-019","7/29/2022 11:23:46 AM","0000-00","0","no battery","V","","µV","","µV"
"08/11/2022","09:52:20","6","default","383292078","Oxt_06","8.417","min","97.513","%a.s.","Humid","20.641","deg","40837","µV","27.726","°C","1021.000","hPa","36.4","pmil","0","55.390","deg","20.000","°C","100.000","%a.s.","21.720","deg","20.000","°C","977.000","hPa","0.861","-0.02617","0.00035","0","0","13.56","Humid","26.25","0","44.00","379439.85","SABD0000000001","AAV1.0.0.11","4.0.0.2323","PSt7-10","170328-019","7/29/2022 11:23:46 AM","0000-00","0","no battery","V","","µV","","µV"
"08/11/2022","09:52:21","6","default","383292078","Oxt_06","8.434","min","97.577","%a.s.","Humid","20.633","deg","40837","µV","27.732","°C","1021.000","hPa","36.4","pmil","0","55.390","deg","20.000","°C","100.000","%a.s.","21.720","deg","20.000","°C","977.000","hPa","0.861","-0.02617","0.00035","0","0","13.56","Humid","26.25","0","44.00","379452.50","SABD0000000001","AAV1.0.0.11","4.0.0.2323","PSt7-10","170328-019","7/29/2022 11:23:46 AM","0000-00","0","no battery","V","","µV","","µV"
"08/11/2022","09:52:22","6","default","383292078","Oxt_06","8.451","min","97.469","%a.s.","Humid","20.645","deg","40836","µV","27.735","°C","1021.000","hPa","36.4","pmil","0","55.390","deg","20.000","°C","100.000","%a.s.","21.720","deg","20.000","°C","977.000","hPa","0.861","-0.02617","0.00035","0","0","13.56","Humid","26.25","0","44.00","379433.06","SABD0000000001","AAV1.0.0.11","4.0.0.2323","PSt7-10","170328-019","7/29/2022 11:23:46 AM","0000-00","0","no battery","V","","µV","","µV"
"08/11/2022","09:52:23","6","default","383292078","Oxt_06","8.467","min","97.526","%a.s.","Humid","20.640","deg","40837","µV","27.721","°C","1021.000","hPa","36.4","pmil","0","55.390","deg","20.000","°C","100.000","%a.s.","21.720","deg","20.000","°C","977.000","hPa","0.861","-0.02617","0.00035","0","0","13.56","Humid","26.25","0","44.00","379440.01","SABD0000000001","AAV1.0.0.11","4.0.0.2323","PSt7-10","170328-019","7/29/2022 11:23:46 AM","0000-00","0","no battery","V","","µV","","µV"
"08/11/2022","09:52:24","6","default","383292078","Oxt_06","8.484","min","97.518","%a.s.","Humid","20.640","deg","40841","µV","27.730","°C","1021.000","hPa","36.4","pmil","0","55.390","deg","20.000","°C","100.000","%a.s.","21.720","deg","20.000","°C","977.000","hPa","0.861","-0.02617","0.00035","0","0","13.56","Humid","26.25","0","44.00","379437.36","SABD0000000001","AAV1.0.0.11","4.0.0.2323","PSt7-10","170328-019","7/29/2022 11:23:46 AM","0000-00","0","no battery","V","","µV","","µV"
"08/11/2022","09:52:25","6","default","383292078","Oxt_06","8.500","min","97.493","%a.s.","Humid","20.642","deg","40829","µV","27.737","°C","1021.000","hPa","36.4","pmil","0","55.390","deg","20.000","°C","100.000","%a.s.","21.720","deg","20.000","°C","977.000","hPa","0.861","-0.02617","0.00035","0","0","13.56","Humid","26.25","0","44.00","379433.45","SABD0000000001","AAV1.0.0.11","4.0.0.2323","PSt7-10","170328-019","7/29/2022 11:23:46 AM","0000-00","0","no battery","V","","µV","","µV"
"08/11/2022","09:52:26","6","default","383292078","Oxt_06","8.517","min","97.462","%a.s.","Humid","20.647","deg","40831","µV","27.724","°C","1021.000","hPa","36.4","pmil","0","55.390","deg","20.000","°C","100.000","%a.s.","21.720","deg","20.000","°C","977.000","hPa","0.861","-0.02617","0.00035","0","0","13.56","Humid","26.25","0","44.00","379435.24","SABD0000000001","AAV1.0.0.11","4.0.0.2323","PSt7-10","170328-019","7/29/2022 11:23:46 AM","0000-00","0","no battery","V","","µV","","µV"
"08/11/2022","09:52:27","6","default","383292078","Oxt_06","8.534","min","97.541","%a.s.","Humid","20.638","deg","40838","µV","27.723","°C","1021.000","hPa","36.4","pmil","0","55.390","deg","20.000","°C","100.000","%a.s.","21.720","deg","20.000","°C","977.000","hPa","0.861","-0.02617","0.00035","0","0","13.56","Humid","26.25","0","44.00","379428.60","SABD0000000001","AAV1.0.0.11","4.0.0.2323","PSt7-10","170328-019","7/29/2022 11:23:46 AM","0000-00","0","no battery","V","","µV","","µV"
"08/11/2022","09:52:28","6","default","383292078","Oxt_06","8.550","min","97.476","%a.s.","Humid","20.646","deg","40829","µV","27.718","°C","1021.000","hPa","36.4","pmil","0","55.390","deg","20.000","°C","100.000","%a.s.","21.720","deg","20.000","°C","977.000","hPa","0.861","-0.02617","0.00035","0","0","13.56","Humid","26.25","0","44.00","379431.45","SABD0000000001","AAV1.0.0.11","4.0.0.2323","PSt7-10","170328-019","7/29/2022 11:23:46 AM","0000-00","0","no battery","V","","µV","","µV"
"08/11/2022","09:52:29","6","default","383292078","Oxt_06","8.568","min","97.474","%a.s.","Humid","20.645","deg","40836","µV","27.730","°C","1021.000","hPa","36.4","pmil","0","55.390","deg","20.000","°C","100.000","%a.s.","21.720","deg","20.000","°C","977.000","hPa","0.861","-0.02617","0.00035","0","0","13.56","Humid","26.25","0","44.00","379422.79","SABD0000000001","AAV1.0.0.11","4.0.0.2323","PSt7-10","170328-019","7/29/2022 11:23:46 AM","0000-00","0","no battery","V","","µV","","µV"
"08/11/2022","09:52:30","6","default","383292078","Oxt_06","8.585","min","97.529","%a.s.","Humid","20.639","deg","40832","µV","27.727","°C","1021.000","hPa","36.4","pmil","0","55.390","deg","20.000","°C","100.000","%a.s.","21.720","deg","20.000","°C","977.000","hPa","0.861","-0.02617","0.00035","0","0","13.56","Humid","26.25","0","44.00","379437.85","SABD0000000001","AAV1.0.0.11","4.0.0.2323","PSt7-10","170328-019","7/29/2022 11:23:46 AM","0000-00","0","no battery","V","","µV","","µV"
"08/11/2022","09:52:31","6","default","383292078","Oxt_06","8.601","min","97.546","%a.s.","Humid","20.638","deg","40830","µV","27.719","°C","1021.000","hPa","36.4","pmil","0","55.390","deg","20.000","°C","100.000","%a.s.","21.720","deg","20.000","°C","977.000","hPa","0.861","-0.02617","0.00035","0","0","13.56","Humid","26.25","0","44.00","379436.82","SABD0000000001","AAV1.0.0.11","4.0.0.2323","PSt7-10","170328-019","7/29/2022 11:23:46 AM","0000-00","0","no battery","V","","µV","","µV"
"08/11/2022","09:52:32","6","default","383292078","Oxt_06","8.618","min","97.462","%a.s.","Humid","20.647","deg","40834","µV","27.724","°C","1021.000","hPa","36.4","pmil","0","55.390","deg","20.000","°C","100.000","%a.s.","21.720","deg","20.000","°C","977.000","hPa","0.861","-0.02617","0.00035","0","0","13.56","Humid","26.25","0","44.00","379441.60","SABD0000000001","AAV1.0.0.11","4.0.0.2323","PSt7-10","170328-019","7/29/2022 11:23:46 AM","0000-00","0","no battery","V","","µV","","µV"
"08/11/2022","09:52:33","6","default","383292078","Oxt_06","8.634","min","97.521","%a.s.","Humid","20.640","deg","40840","µV","27.726","°C","1021.000","hPa","36.4","pmil","0","55.390","deg","20.000","°C","100.000","%a.s.","21.720","deg","20.000","°C","977.000","hPa","0.861","-0.02617","0.00035","0","0","13.56","Humid","26.25","0","44.00","379441.16","SABD0000000001","AAV1.0.0.11","4.0.0.2323","PSt7-10","170328-019","7/29/2022 11:23:46 AM","0000-00","0","no battery","V","","µV","","µV"
"08/11/2022","09:52:34","6","default","383292078","Oxt_06","8.651","min","97.478","%a.s.","Humid","20.645","deg","40838","µV","27.726","°C","1021.000","hPa","36.4","pmil","0","55.390","deg","20.000","°C","100.000","%a.s.","21.720","deg","20.000","°C","977.000","hPa","0.861","-0.02617","0.00035","0","0","13.56","Humid","26.25","0","44.00","379430.68","SABD0000000001","AAV1.0.0.11","4.0.0.2323","PSt7-10","170328-019","7/29/2022 11:23:46 AM","0000-00","0","no battery","V","","µV","","µV"
"08/11/2022","09:52:35","6","default","383292078","Oxt_06","8.667","min","97.479","%a.s.","Humid","20.644","deg","40832","µV","27.734","°C","1021.000","hPa","36.4","pmil","0","55.390","deg","20.000","°C","100.000","%a.s.","21.720","deg","20.000","°C","977.000","hPa","0.861","-0.02617","0.00035","0","0","13.56","Humid","26.25","0","44.00","379444.11","SABD0000000001","AAV1.0.0.11","4.0.0.2323","PSt7-10","170328-019","7/29/2022 11:23:46 AM","0000-00","0","no battery","V","","µV","","µV"
"08/11/2022","09:52:36","6","default","383292078","Oxt_06","8.684","min","97.454","%a.s.","Humid","20.646","deg","40831","µV","27.741","°C","1021.000","hPa","36.4","pmil","0","55.390","deg","20.000","°C","100.000","%a.s.","21.720","deg","20.000","°C","977.000","hPa","0.861","-0.02617","0.00035","0","0","13.56","Humid","26.25","0","44.00","379440.07","SABD0000000001","AAV1.0.0.11","4.0.0.2323","PSt7-10","170328-019","7/29/2022 11:23:46 AM","0000-00","0","no battery","V","","µV","","µV"
"08/11/2022","09:52:37","6","default","383292078","Oxt_06","8.701","min","97.423","%a.s.","Humid","20.653","deg","40836","µV","27.710","°C","1021.000","hPa","36.4","pmil","0","55.390","deg","20.000","°C","100.000","%a.s.","21.720","deg","20.000","°C","977.000","hPa","0.861","-0.02617","0.00035","0","0","13.56","Humid","26.25","0","44.00","379439.28","SABD0000000001","AAV1.0.0.11","4.0.0.2323","PSt7-10","170328-019","7/29/2022 11:23:46 AM","0000-00","0","no battery","V","","µV","","µV"
"08/11/2022","09:52:38","6","default","383292078","Oxt_06","8.717","min","97.551","%a.s.","Humid","20.639","deg","40835","µV","27.704","°C","1021.000","hPa","36.4","pmil","0","55.390","deg","20.000","°C","100.000","%a.s.","21.720","deg","20.000","°C","977.000","hPa","0.861","-0.02617","0.00035","0","0","13.56","Humid","26.25","0","44.00","379420.68","SABD0000000001","AAV1.0.0.11","4.0.0.2323","PSt7-10","170328-019","7/29/2022 11:23:46 AM","0000-00","0","no battery","V","","µV","","µV"
"08/11/2022","09:52:39","6","default","383292078","Oxt_06","8.734","min","97.508","%a.s.","Humid","20.641","deg","40830","µV","27.731","°C","1021.000","hPa","36.4","pmil","0","55.390","deg","20.000","°C","100.000","%a.s.","21.720","deg","20.000","°C","977.000","hPa","0.861","-0.02617","0.00035","0","0","13.56","Humid","26.25","0","44.00","379425.52","SABD0000000001","AAV1.0.0.11","4.0.0.2323","PSt7-10","170328-019","7/29/2022 11:23:46 AM","0000-00","0","no battery","V","","µV","","µV"
"08/11/2022","09:52:40","6","default","383292078","Oxt_06","8.751","min","97.437","%a.s.","Humid","20.650","deg","40835","µV","27.723","°C","1021.000","hPa","36.4","pmil","0","55.390","deg","20.000","°C","100.000","%a.s.","21.720","deg","20.000","°C","977.000","hPa","0.861","-0.02617","0.00035","0","0","13.56","Humid","26.25","0","44.00","379443.17","SABD0000000001","AAV1.0.0.11","4.0.0.2323","PSt7-10","170328-019","7/29/2022 11:23:46 AM","0000-00","0","no battery","V","","µV","","µV"
"08/11/2022","09:52:41","6","default","383292078","Oxt_06","8.767","min","97.537","%a.s.","Humid","20.639","deg","40835","µV","27.718","°C","1021.000","hPa","36.4","pmil","0","55.390","deg","20.000","°C","100.000","%a.s.","21.720","deg","20.000","°C","977.000","hPa","0.861","-0.02617","0.00035","0","0","13.56","Humid","26.25","0","44.00","379423.77","SABD0000000001","AAV1.0.0.11","4.0.0.2323","PSt7-10","170328-019","7/29/2022 11:23:46 AM","0000-00","0","no battery","V","","µV","","µV"
"08/11/2022","09:52:42","6","default","383292078","Oxt_06","8.784","min","97.437","%a.s.","Humid","20.651","deg","40828","µV","27.713","°C","1021.000","hPa","36.4","pmil","0","55.390","deg","20.000","°C","100.000","%a.s.","21.720","deg","20.000","°C","977.000","hPa","0.861","-0.02617","0.00035","0","0","13.56","Humid","26.25","0","44.00","379414.80","SABD0000000001","AAV1.0.0.11","4.0.0.2323","PSt7-10","170328-019","7/29/2022 11:23:46 AM","0000-00","0","no battery","V","","µV","","µV"
"08/11/2022","09:52:43","6","default","383292078","Oxt_06","8.800","min","97.465","%a.s.","Humid","20.646","deg","40842","µV","27.730","°C","1021.000","hPa","36.4","pmil","0","55.390","deg","20.000","°C","100.000","%a.s.","21.720","deg","20.000","°C","977.000","hPa","0.861","-0.02617","0.00035","0","0","13.56","Humid","26.25","0","44.00","379428.39","SABD0000000001","AAV1.0.0.11","4.0.0.2323","PSt7-10","170328-019","7/29/2022 11:23:46 AM","0000-00","0","no battery","V","","µV","","µV"
"08/11/2022","09:52:44","6","default","383292078","Oxt_06","8.817","min","97.443","%a.s.","Humid","20.649","deg","40838","µV","27.726","°C","1021.000","hPa","36.4","pmil","0","55.390","deg","20.000","°C","100.000","%a.s.","21.720","deg","20.000","°C","977.000","hPa","0.861","-0.02617","0.00035","0","0","13.56","Humid","26.25","0","44.00","379425.51","SABD0000000001","AAV1.0.0.11","4.0.0.2323","PSt7-10","170328-019","7/29/2022 11:23:46 AM","0000-00","0","no battery","V","","µV","","µV"
"08/11/2022","09:52:45","6","default","383292078","Oxt_06","8.834","min","97.449","%a.s.","Humid","20.649","deg","40839","µV","27.719","°C","1021.000","hPa","36.4","pmil","0","55.390","deg","20.000","°C","100.000","%a.s.","21.720","deg","20.000","°C","977.000","hPa","0.861","-0.02617","0.00035","0","0","13.56","Humid","26.25","0","44.00","379422.02","SABD0000000001","AAV1.0.0.11","4.0.0.2323","PSt7-10","170328-019","7/29/2022 11:23:46 AM","0000-00","0","no battery","V","","µV","","µV"
"08/11/2022","09:52:46","6","default","383292078","Oxt_06","8.850","min","97.433","%a.s.","Humid","20.651","deg","40842","µV","27.718","°C","1021.000","hPa","36.4","pmil","0","55.390","deg","20.000","°C","100.000","%a.s.","21.720","deg","20.000","°C","977.000","hPa","0.861","-0.02617","0.00035","0","0","13.56","Humid","26.25","0","44.00","379415.47","SABD0000000001","AAV1.0.0.11","4.0.0.2323","PSt7-10","170328-019","7/29/2022 11:23:46 AM","0000-00","0","no battery","V","","µV","","µV"
"08/11/2022","09:52:47","6","default","383292078","Oxt_06","8.867","min","97.436","%a.s.","Humid","20.650","deg","40838","µV","27.724","°C","1021.000","hPa","36.4","pmil","0","55.390","deg","20.000","°C","100.000","%a.s.","21.720","deg","20.000","°C","977.000","hPa","0.861","-0.02617","0.00035","0","0","13.56","Humid","26.25","0","44.00","379418.44","SABD0000000001","AAV1.0.0.11","4.0.0.2323","PSt7-10","170328-019","7/29/2022 11:23:46 AM","0000-00","0","no battery","V","","µV","","µV"
"08/11/2022","09:52:48","6","default","383292078","Oxt_06","8.884","min","97.406","%a.s.","Humid","20.652","deg","40833","µV","27.737","°C","1021.000","hPa","36.4","pmil","0","55.390","deg","20.000","°C","100.000","%a.s.","21.720","deg","20.000","°C","977.000","hPa","0.861","-0.02617","0.00035","0","0","13.56","Humid","26.25","0","44.00","379418.48","SABD0000000001","AAV1.0.0.11","4.0.0.2323","PSt7-10","170328-019","7/29/2022 11:23:46 AM","0000-00","0","no battery","V","","µV","","µV"
"08/11/2022","09:52:49","6","default","383292078","Oxt_06","8.900","min","97.464","%a.s.","Humid","20.647","deg","40835","µV","27.722","°C","1021.000","hPa","36.4","pmil","0","55.390","deg","20.000","°C","100.000","%a.s.","21.720","deg","20.000","°C","977.000","hPa","0.861","-0.02617","0.00035","0","0","13.56","Humid","26.25","0","44.00","379412.85","SABD0000000001","AAV1.0.0.11","4.0.0.2323","PSt7-10","170328-019","7/29/2022 11:23:46 AM","0000-00","0","no battery","V","","µV","","µV"
"08/11/2022","09:52:50","6","default","383292078","Oxt_06","8.917","min","97.432","%a.s.","Humid","20.649","deg","40840","µV","27.737","°C","1021.000","hPa","36.4","pmil","0","55.390","deg","20.000","°C","100.000","%a.s.","21.720","deg","20.000","°C","977.000","hPa","0.861","-0.02617","0.00035","0","0","13.56","Humid","26.25","0","44.00","379401.61","SABD0000000001","AAV1.0.0.11","4.0.0.2323","PSt7-10","170328-019","7/29/2022 11:23:46 AM","0000-00","0","no battery","V","","µV","","µV"
"08/11/2022","09:52:51","6","default","383292078","Oxt_06","8.934","min","97.485","%a.s.","Humid","20.645","deg","40838","µV","27.718","°C","1021.000","hPa","36.4","pmil","0","55.390","deg","20.000","°C","100.000","%a.s.","21.720","deg","20.000","°C","977.000","hPa","0.861","-0.02617","0.00035","0","0","13.56","Humid","26.25","0","44.00","379408.83","SABD0000000001","AAV1.0.0.11","4.0.0.2323","PSt7-10","170328-019","7/29/2022 11:23:46 AM","0000-00","0","no battery","V","","µV","","µV"
"08/11/2022","09:52:52","6","default","383292078","Oxt_06","8.950","min","97.412","%a.s.","Humid","20.653","deg","40834","µV","27.721","°C","1021.000","hPa","36.4","pmil","0","55.390","deg","20.000","°C","100.000","%a.s.","21.720","deg","20.000","°C","977.000","hPa","0.861","-0.02617","0.00035","0","0","13.56","Humid","26.25","0","44.00","379399.33","SABD0000000001","AAV1.0.0.11","4.0.0.2323","PSt7-10","170328-019","7/29/2022 11:23:46 AM","0000-00","0","no battery","V","","µV","","µV"
"08/11/2022","09:52:53","6","default","383292078","Oxt_06","8.967","min","97.427","%a.s.","Humid","20.651","deg","40838","µV","27.724","°C","1021.000","hPa","36.4","pmil","0","55.390","deg","20.000","°C","100.000","%a.s.","21.720","deg","20.000","°C","977.000","hPa","0.861","-0.02617","0.00035","0","0","13.56","Humid","26.25","0","44.00","379406.86","SABD0000000001","AAV1.0.0.11","4.0.0.2323","PSt7-10","170328-019","7/29/2022 11:23:46 AM","0000-00","0","no battery","V","","µV","","µV"
"08/11/2022","09:52:54","6","default","383292078","Oxt_06","8.984","min","97.452","%a.s.","Humid","20.648","deg","40832","µV","27.725","°C","1021.000","hPa","36.4","pmil","0","55.390","deg","20.000","°C","100.000","%a.s.","21.720","deg","20.000","°C","977.000","hPa","0.861","-0.02617","0.00035","0","0","13.56","Humid","26.25","0","44.00","379410.14","SABD0000000001","AAV1.0.0.11","4.0.0.2323","PSt7-10","170328-019","7/29/2022 11:23:46 AM","0000-00","0","no battery","V","","µV","","µV"
"08/11/2022","09:52:55","6","default","383292078","Oxt_06","9.001","min","97.447","%a.s.","Humid","20.649","deg","40841","µV","27.721","°C","1021.000","hPa","36.4","pmil","0","55.390","deg","20.000","°C","100.000","%a.s.","21.720","deg","20.000","°C","977.000","hPa","0.861","-0.02617","0.00035","0","0","13.56","Humid","26.25","0","44.00","379410.66","SABD0000000001","AAV1.0.0.11","4.0.0.2323","PSt7-10","170328-019","7/29/2022 11:23:46 AM","0000-00","0","no battery","V","","µV","","µV"
"08/11/2022","09:52:56","6","default","383292078","Oxt_06","9.018","min","97.474","%a.s.","Humid","20.646","deg","40838","µV","27.721","°C","1021.000","hPa","36.4","pmil","0","55.390","deg","20.000","°C","100.000","%a.s.","21.720","deg","20.000","°C","977.000","hPa","0.861","-0.02617","0.00035","0","0","13.56","Humid","26.25","0","44.00","379402.03","SABD0000000001","AAV1.0.0.11","4.0.0.2323","PSt7-10","170328-019","7/29/2022 11:23:46 AM","0000-00","0","no battery","V","","µV","","µV"
"08/11/2022","09:52:57","6","default","383292078","Oxt_06","9.034","min","97.412","%a.s.","Humid","20.654","deg","40841","µV","27.712","°C","1021.000","hPa","36.4","pmil","0","55.390","deg","20.000","°C","100.000","%a.s.","21.720","deg","20.000","°C","977.000","hPa","0.861","-0.02617","0.00035","0","0","13.56","Humid","26.25","0","44.00","379407.80","SABD0000000001","AAV1.0.0.11","4.0.0.2323","PSt7-10","170328-019","7/29/2022 11:23:46 AM","0000-00","0","no battery","V","","µV","","µV"
"08/11/2022","09:52:58","6","default","383292078","Oxt_06","9.051","min","97.463","%a.s.","Humid","20.648","deg","40830","µV","27.714","°C","1021.000","hPa","36.4","pmil","0","55.390","deg","20.000","°C","100.000","%a.s.","21.720","deg","20.000","°C","977.000","hPa","0.861","-0.02617","0.00035","0","0","13.56","Humid","26.25","0","44.00","379400.60","SABD0000000001","AAV1.0.0.11","4.0.0.2323","PSt7-10","170328-019","7/29/2022 11:23:46 AM","0000-00","0","no battery","V","","µV","","µV"
"08/11/2022","09:52:59","6","default","383292078","Oxt_06","9.068","min","97.508","%a.s.","Humid","20.642","deg","40840","µV","27.722","°C","1021.000","hPa","36.4","pmil","0","55.390","deg","20.000","°C","100.000","%a.s.","21.720","deg","20.000","°C","977.000","hPa","0.861","-0.02617","0.00035","0","0","13.56","Humid","26.25","0","44.00","379407.60","SABD0000000001","AAV1.0.0.11","4.0.0.2323","PSt7-10","170328-019","7/29/2022 11:23:46 AM","0000-00","0","no battery","V","","µV","","µV"
"08/11/2022","09:53:00","6","default","383292078","Oxt_06","9.084","min","97.423","%a.s.","Humid","20.651","deg","40827","µV","27.728","°C","1021.000","hPa","36.4","pmil","0","55.390","deg","20.000","°C","100.000","%a.s.","21.720","deg","20.000","°C","977.000","hPa","0.861","-0.02617","0.00035","0","0","13.56","Humid","26.25","0","44.00","379386.81","SABD0000000001","AAV1.0.0.11","4.0.0.2323","PSt7-10","170328-019","7/29/2022 11:23:46 AM","0000-00","0","no battery","V","","µV","","µV"
"08/11/2022","09:53:01","6","default","383292078","Oxt_06","9.101","min","97.464","%a.s.","Humid","20.646","deg","40835","µV","27.732","°C","1021.000","hPa","36.4","pmil","0","55.390","deg","20.000","°C","100.000","%a.s.","21.720","deg","20.000","°C","977.000","hPa","0.861","-0.02617","0.00035","0","0","13.56","Humid","26.25","0","44.00","379400.74","SABD0000000001","AAV1.0.0.11","4.0.0.2323","PSt7-10","170328-019","7/29/2022 11:23:46 AM","0000-00","0","no battery","V","","µV","","µV"
"08/11/2022","09:53:02","6","default","383292078","Oxt_06","9.118","min","97.498","%a.s.","Humid","20.643","deg","40836","µV","27.723","°C","1021.000","hPa","36.4","pmil","0","55.390","deg","20.000","°C","100.000","%a.s.","21.720","deg","20.000","°C","977.000","hPa","0.861","-0.02617","0.00035","0","0","13.56","Humid","26.25","0","44.00","379407.16","SABD0000000001","AAV1.0.0.11","4.0.0.2323","PSt7-10","170328-019","7/29/2022 11:23:46 AM","0000-00","0","no battery","V","","µV","","µV"
"08/11/2022","09:53:03","6","default","383292078","Oxt_06","9.134","min","97.410","%a.s.","Humid","20.653","deg","40832","µV","27.723","°C","1021.000","hPa","36.4","pmil","0","55.390","deg","20.000","°C","100.000","%a.s.","21.720","deg","20.000","°C","977.000","hPa","0.861","-0.02617","0.00035","0","0","13.56","Humid","26.25","0","44.00","379395.34","SABD0000000001","AAV1.0.0.11","4.0.0.2323","PSt7-10","170328-019","7/29/2022 11:23:46 AM","0000-00","0","no battery","V","","µV","","µV"
"08/11/2022","09:53:04","6","default","383292078","Oxt_06","9.151","min","97.458","%a.s.","Humid","20.648","deg","40833","µV","27.719","°C","1021.000","hPa","36.4","pmil","0","55.390","deg","20.000","°C","100.000","%a.s.","21.720","deg","20.000","°C","977.000","hPa","0.861","-0.02617","0.00035","0","0","13.56","Humid","26.25","0","44.00","379404.73","SABD0000000001","AAV1.0.0.11","4.0.0.2323","PSt7-10","170328-019","7/29/2022 11:23:46 AM","0000-00","0","no battery","V","","µV","","µV"
"08/11/2022","09:53:05","6","default","383292078","Oxt_06","9.168","min","97.424","%a.s.","Humid","20.652","deg","40828","µV","27.718","°C","1021.000","hPa","36.4","pmil","0","55.390","deg","20.000","°C","100.000","%a.s.","21.720","deg","20.000","°C","977.000","hPa","0.861","-0.02617","0.00035","0","0","13.56","Humid","26.25","0","44.00","379401.82","SABD0000000001","AAV1.0.0.11","4.0.0.2323","PSt7-10","170328-019","7/29/2022 11:23:46 AM","0000-00","0","no battery","V","","µV","","µV"
"08/11/2022","09:53:06","6","default","383292078","Oxt_06","9.184","min","97.404","%a.s.","Humid","20.653","deg","40829","µV","27.731","°C","1021.000","hPa","36.4","pmil","0","55.390","deg","20.000","°C","100.000","%a.s.","21.720","deg","20.000","°C","977.000","hPa","0.861","-0.02617","0.00035","0","0","13.56","Humid","26.25","0","44.00","379400.20","SABD0000000001","AAV1.0.0.11","4.0.0.2323","PSt7-10","170328-019","7/29/2022 11:23:46 AM","0000-00","0","no battery","V","","µV","","µV"
"08/11/2022","09:53:07","6","default","383292078","Oxt_06","9.201","min","97.437","%a.s.","Humid","20.651","deg","40834","µV","27.714","°C","1021.000","hPa","36.4","pmil","0","55.390","deg","20.000","°C","100.000","%a.s.","21.720","deg","20.000","°C","977.000","hPa","0.861","-0.02617","0.00035","0","0","13.56","Humid","26.25","0","44.00","379397.72","SABD0000000001","AAV1.0.0.11","4.0.0.2323","PSt7-10","170328-019","7/29/2022 11:23:46 AM","0000-00","0","no battery","V","","µV","","µV"
"08/11/2022","09:53:08","6","default","383292078","Oxt_06","9.217","min","97.436","%a.s.","Humid","20.651","deg","40832","µV","27.715","°C","1021.000","hPa","36.4","pmil","0","55.390","deg","20.000","°C","100.000","%a.s.","21.720","deg","20.000","°C","977.000","hPa","0.861","-0.02617","0.00035","0","0","13.56","Humid","26.25","0","44.00","379391.62","SABD0000000001","AAV1.0.0.11","4.0.0.2323","PSt7-10","170328-019","7/29/2022 11:23:46 AM","0000-00","0","no battery","V","","µV","","µV"
"08/11/2022","09:53:09","6","default","383292078","Oxt_06","9.234","min","97.488","%a.s.","Humid","20.645","deg","40834","µV","27.715","°C","1021.000","hPa","36.4","pmil","0","55.390","deg","20.000","°C","100.000","%a.s.","21.720","deg","20.000","°C","977.000","hPa","0.861","-0.02617","0.00035","0","0","13.56","Humid","26.25","0","44.00","379389.14","SABD0000000001","AAV1.0.0.11","4.0.0.2323","PSt7-10","170328-019","7/29/2022 11:23:46 AM","0000-00","0","no battery","V","","µV","","µV"
"08/11/2022","09:53:10","6","default","383292078","Oxt_06","9.251","min","97.427","%a.s.","Humid","20.651","deg","40832","µV","27.724","°C","1021.000","hPa","36.4","pmil","0","55.390","deg","20.000","°C","100.000","%a.s.","21.720","deg","20.000","°C","977.000","hPa","0.861","-0.02617","0.00035","0","0","13.56","Humid","26.25","0","44.00","379391.15","SABD0000000001","AAV1.0.0.11","4.0.0.2323","PSt7-10","170328-019","7/29/2022 11:23:46 AM","0000-00","0","no battery","V","","µV","","µV"
"08/11/2022","09:53:11","6","default","383292078","Oxt_06","9.267","min","97.441","%a.s.","Humid","20.650","deg","40831","µV","27.719","°C","1021.000","hPa","36.4","pmil","0","55.390","deg","20.000","°C","100.000","%a.s.","21.720","deg","20.000","°C","977.000","hPa","0.861","-0.02617","0.00035","0","0","13.56","Humid","26.25","0","44.00","379395.39","SABD0000000001","AAV1.0.0.11","4.0.0.2323","PSt7-10","170328-019","7/29/2022 11:23:46 AM","0000-00","0","no battery","V","","µV","","µV"
"08/11/2022","09:53:12","6","default","383292078","Oxt_06","9.284","min","97.455","%a.s.","Humid","20.648","deg","40832","µV","27.722","°C","1021.000","hPa","36.4","pmil","0","55.390","deg","20.000","°C","100.000","%a.s.","21.720","deg","20.000","°C","977.000","hPa","0.861","-0.02617","0.00035","0","0","13.56","Humid","26.25","0","44.00","379385.68","SABD0000000001","AAV1.0.0.11","4.0.0.2323","PSt7-10","170328-019","7/29/2022 11:23:46 AM","0000-00","0","no battery","V","","µV","","µV"
"08/11/2022","09:53:13","6","default","383292078","Oxt_06","9.301","min","97.444","%a.s.","Humid","20.650","deg","40828","µV","27.716","°C","1021.000","hPa","36.4","pmil","0","55.390","deg","20.000","°C","100.000","%a.s.","21.720","deg","20.000","°C","977.000","hPa","0.861","-0.02617","0.00035","0","0","13.56","Humid","26.25","0","44.00","379388.51","SABD0000000001","AAV1.0.0.11","4.0.0.2323","PSt7-10","170328-019","7/29/2022 11:23:46 AM","0000-00","0","no battery","V","","µV","","µV"
"08/11/2022","09:53:14","6","default","383292078","Oxt_06","9.317","min","97.351","%a.s.","Humid","20.661","deg","40831","µV","27.712","°C","1021.000","hPa","36.4","pmil","0","55.390","deg","20.000","°C","100.000","%a.s.","21.720","deg","20.000","°C","977.000","hPa","0.861","-0.02617","0.00035","0","0","13.56","Humid","26.25","0","44.00","379388.22","SABD0000000001","AAV1.0.0.11","4.0.0.2323","PSt7-10","170328-019","7/29/2022 11:23:46 AM","0000-00","0","no battery","V","","µV","","µV"
"08/11/2022","09:53:15","6","default","383292078","Oxt_06","9.334","min","97.474","%a.s.","Humid","20.647","deg","40829","µV","27.711","°C","1021.000","hPa","36.4","pmil","0","55.390","deg","20.000","°C","100.000","%a.s.","21.720","deg","20.000","°C","977.000","hPa","0.861","-0.02617","0.00035","0","0","13.56","Humid","26.25","0","44.00","379399.68","SABD0000000001","AAV1.0.0.11","4.0.0.2323","PSt7-10","170328-019","7/29/2022 11:23:46 AM","0000-00","0","no battery","V","","µV","","µV"
"08/11/2022","09:53:16","6","default","383292078","Oxt_06","9.350","min","97.409","%a.s.","Humid","20.653","deg","40831","µV","27.725","°C","1021.000","hPa","36.4","pmil","0","55.390","deg","20.000","°C","100.000","%a.s.","21.720","deg","20.000","°C","977.000","hPa","0.861","-0.02617","0.00035","0","0","13.56","Humid","26.25","0","44.00","379378.09","SABD0000000001","AAV1.0.0.11","4.0.0.2323","PSt7-10","170328-019","7/29/2022 11:23:46 AM","0000-00","0","no battery","V","","µV","","µV"
"08/11/2022","09:53:17","6","default","383292078","Oxt_06","9.367","min","97.409","%a.s.","Humid","20.654","deg","40830","µV","27.716","°C","1021.000","hPa","36.4","pmil","0","55.390","deg","20.000","°C","100.000","%a.s.","21.720","deg","20.000","°C","977.000","hPa","0.861","-0.02617","0.00035","0","0","13.56","Humid","26.25","0","44.00","379373.59","SABD0000000001","AAV1.0.0.11","4.0.0.2323","PSt7-10","170328-019","7/29/2022 11:23:46 AM","0000-00","0","no battery","V","","µV","","µV"
"08/11/2022","09:53:18","6","default","383292078","Oxt_06","9.384","min","97.440","%a.s.","Humid","20.648","deg","40830","µV","27.738","°C","1021.000","hPa","36.4","pmil","0","55.390","deg","20.000","°C","100.000","%a.s.","21.720","deg","20.000","°C","977.000","hPa","0.861","-0.02617","0.00035","0","0","13.56","Humid","26.25","0","44.00","379378.19","SABD0000000001","AAV1.0.0.11","4.0.0.2323","PSt7-10","170328-019","7/29/2022 11:23:46 AM","0000-00","0","no battery","V","","µV","","µV"
"08/11/2022","09:53:19","6","default","383292078","Oxt_06","9.401","min","97.414","%a.s.","Humid","20.652","deg","40830","µV","27.729","°C","1021.000","hPa","36.4","pmil","0","55.390","deg","20.000","°C","100.000","%a.s.","21.720","deg","20.000","°C","977.000","hPa","0.861","-0.02617","0.00035","0","0","13.56","Humid","26.25","0","44.00","379378.53","SABD0000000001","AAV1.0.0.11","4.0.0.2323","PSt7-10","170328-019","7/29/2022 11:23:46 AM","0000-00","0","no battery","V","","µV","","µV"
"08/11/2022","09:53:20","6","default","383292078","Oxt_06","9.417","min","97.418","%a.s.","Humid","20.651","deg","40827","µV","27.734","°C","1021.000","hPa","36.4","pmil","0","55.390","deg","20.000","°C","100.000","%a.s.","21.720","deg","20.000","°C","977.000","hPa","0.861","-0.02617","0.00035","0","0","13.56","Humid","26.25","0","44.00","379378.17","SABD0000000001","AAV1.0.0.11","4.0.0.2323","PSt7-10","170328-019","7/29/2022 11:23:46 AM","0000-00","0","no battery","V","","µV","","µV"
"08/11/2022","09:53:21","6","default","383292078","Oxt_06","9.434","min","97.387","%a.s.","Humid","20.655","deg","40833","µV","27.729","°C","1021.000","hPa","36.4","pmil","0","55.390","deg","20.000","°C","100.000","%a.s.","21.720","deg","20.000","°C","977.000","hPa","0.861","-0.02617","0.00035","0","0","13.56","Humid","26.25","0","44.00","379369.19","SABD0000000001","AAV1.0.0.11","4.0.0.2323","PSt7-10","170328-019","7/29/2022 11:23:46 AM","0000-00","0","no battery","V","","µV","","µV"
"08/11/2022","09:53:22","6","default","383292078","Oxt_06","9.451","min","97.386","%a.s.","Humid","20.655","deg","40833","µV","27.731","°C","1021.000","hPa","36.4","pmil","0","55.390","deg","20.000","°C","100.000","%a.s.","21.720","deg","20.000","°C","977.000","hPa","0.861","-0.02617","0.00035","0","0","13.56","Humid","26.25","0","44.00","379386.72","SABD0000000001","AAV1.0.0.11","4.0.0.2323","PSt7-10","170328-019","7/29/2022 11:23:46 AM","0000-00","0","no battery","V","","µV","","µV"
"08/11/2022","09:53:23","6","default","383292078","Oxt_06","9.468","min","97.481","%a.s.","Humid","20.644","deg","40829","µV","27.732","°C","1021.000","hPa","36.4","pmil","0","55.390","deg","20.000","°C","100.000","%a.s.","21.720","deg","20.000","°C","977.000","hPa","0.861","-0.02617","0.00035","0","0","13.56","Humid","26.25","0","44.00","379384.75","SABD0000000001","AAV1.0.0.11","4.0.0.2323","PSt7-10","170328-019","7/29/2022 11:23:46 AM","0000-00","0","no battery","V","","µV","","µV"
"08/11/2022","09:53:24","6","default","383292078","Oxt_06","9.485","min","97.366","%a.s.","Humid","20.659","deg","40828","µV","27.714","°C","1021.000","hPa","36.4","pmil","0","55.390","deg","20.000","°C","100.000","%a.s.","21.720","deg","20.000","°C","977.000","hPa","0.861","-0.02617","0.00035","0","0","13.56","Humid","26.25","0","44.00","379371.67","SABD0000000001","AAV1.0.0.11","4.0.0.2323","PSt7-10","170328-019","7/29/2022 11:23:46 AM","0000-00","0","no battery","V","","µV","","µV"
"08/11/2022","09:53:25","6","default","383292078","Oxt_06","9.501","min","97.388","%a.s.","Humid","20.656","deg","40829","µV","27.719","°C","1021.000","hPa","36.4","pmil","0","55.390","deg","20.000","°C","100.000","%a.s.","21.720","deg","20.000","°C","977.000","hPa","0.861","-0.02617","0.00035","0","0","13.56","Humid","26.25","0","44.00","379366.66","SABD0000000001","AAV1.0.0.11","4.0.0.2323","PSt7-10","170328-019","7/29/2022 11:23:46 AM","0000-00","0","no battery","V","","µV","","µV"
"08/11/2022","09:53:26","6","default","383292078","Oxt_06","9.518","min","97.333","%a.s.","Humid","20.663","deg","40828","µV","27.713","°C","1021.000","hPa","36.4","pmil","0","55.390","deg","20.000","°C","100.000","%a.s.","21.720","deg","20.000","°C","977.000","hPa","0.861","-0.02617","0.00035","0","0","13.56","Humid","26.25","0","44.00","379371.23","SABD0000000001","AAV1.0.0.11","4.0.0.2323","PSt7-10","170328-019","7/29/2022 11:23:46 AM","0000-00","0","no battery","V","","µV","","µV"
"08/11/2022","09:53:27","6","default","383292078","Oxt_06","9.534","min","97.431","%a.s.","Humid","20.650","deg","40831","µV","27.729","°C","1021.000","hPa","36.4","pmil","0","55.390","deg","20.000","°C","100.000","%a.s.","21.720","deg","20.000","°C","977.000","hPa","0.861","-0.02617","0.00035","0","0","13.56","Humid","26.25","0","44.00","379359.19","SABD0000000001","AAV1.0.0.11","4.0.0.2323","PSt7-10","170328-019","7/29/2022 11:23:46 AM","0000-00","0","no battery","V","","µV","","µV"
"08/11/2022","09:53:28","6","default","383292078","Oxt_06","9.551","min","97.399","%a.s.","Humid","20.655","deg","40829","µV","27.716","°C","1021.000","hPa","36.4","pmil","0","55.390","deg","20.000","°C","100.000","%a.s.","21.720","deg","20.000","°C","977.000","hPa","0.861","-0.02617","0.00035","0","0","13.56","Humid","26.25","0","44.00","379372.65","SABD0000000001","AAV1.0.0.11","4.0.0.2323","PSt7-10","170328-019","7/29/2022 11:23:46 AM","0000-00","0","no battery","V","","µV","","µV"
"08/11/2022","09:53:29","6","default","383292078","Oxt_06","9.568","min","97.516","%a.s.","Humid","20.642","deg","40828","µV","27.713","°C","1021.000","hPa","36.4","pmil","0","55.390","deg","20.000","°C","100.000","%a.s.","21.720","deg","20.000","°C","977.000","hPa","0.861","-0.02617","0.00035","0","0","13.56","Humid","26.25","0","44.00","379364.62","SABD0000000001","AAV1.0.0.11","4.0.0.2323","PSt7-10","170328-019","7/29/2022 11:23:46 AM","0000-00","0","no battery","V","","µV","","µV"
"08/11/2022","09:53:30","6","default","383292078","Oxt_06","9.584","min","97.448","%a.s.","Humid","20.649","deg","40829","µV","27.720","°C","1021.000","hPa","36.4","pmil","0","55.390","deg","20.000","°C","100.000","%a.s.","21.720","deg","20.000","°C","977.000","hPa","0.861","-0.02617","0.00035","0","0","13.56","Humid","26.25","0","44.00","379366.16","SABD0000000001","AAV1.0.0.11","4.0.0.2323","PSt7-10","170328-019","7/29/2022 11:23:46 AM","0000-00","0","no battery","V","","µV","","µV"
"08/11/2022","09:53:31","6","default","383292078","Oxt_06","9.601","min","97.425","%a.s.","Humid","20.651","deg","40834","µV","27.726","°C","1021.000","hPa","36.4","pmil","0","55.390","deg","20.000","°C","100.000","%a.s.","21.720","deg","20.000","°C","977.000","hPa","0.861","-0.02617","0.00035","0","0","13.56","Humid","26.25","0","44.00","379371.50","SABD0000000001","AAV1.0.0.11","4.0.0.2323","PSt7-10","170328-019","7/29/2022 11:23:46 AM","0000-00","0","no battery","V","","µV","","µV"
"08/11/2022","09:53:32","6","default","383292078","Oxt_06","9.618","min","97.434","%a.s.","Humid","20.650","deg","40835","µV","27.726","°C","1021.000","hPa","36.4","pmil","0","55.390","deg","20.000","°C","100.000","%a.s.","21.720","deg","20.000","°C","977.000","hPa","0.861","-0.02617","0.00035","0","0","13.56","Humid","26.25","0","44.00","379364.19","SABD0000000001","AAV1.0.0.11","4.0.0.2323","PSt7-10","170328-019","7/29/2022 11:23:46 AM","0000-00","0","no battery","V","","µV","","µV"
"08/11/2022","09:53:33","6","default","383292078","Oxt_06","9.634","min","97.414","%a.s.","Humid","20.654","deg","40833","µV","27.710","°C","1021.000","hPa","36.4","pmil","0","55.390","deg","20.000","°C","100.000","%a.s.","21.720","deg","20.000","°C","977.000","hPa","0.861","-0.02617","0.00035","0","0","13.56","Humid","26.25","0","44.00","379373.33","SABD0000000001","AAV1.0.0.11","4.0.0.2323","PSt7-10","170328-019","7/29/2022 11:23:46 AM","0000-00","0","no battery","V","","µV","","µV"
"08/11/2022","09:53:34","6","default","383292078","Oxt_06","9.651","min","97.347","%a.s.","Humid","20.661","deg","40834","µV","27.717","°C","1021.000","hPa","36.4","pmil","0","55.390","deg","20.000","°C","100.000","%a.s.","21.720","deg","20.000","°C","977.000","hPa","0.861","-0.02617","0.00035","0","0","13.56","Humid","26.25","0","44.00","379375.76","SABD0000000001","AAV1.0.0.11","4.0.0.2323","PSt7-10","170328-019","7/29/2022 11:23:46 AM","0000-00","0","no battery","V","","µV","","µV"
"08/11/2022","09:53:35","6","default","383292078","Oxt_06","9.667","min","97.419","%a.s.","Humid","20.653","deg","40842","µV","27.715","°C","1021.000","hPa","36.4","pmil","0","55.390","deg","20.000","°C","100.000","%a.s.","21.720","deg","20.000","°C","977.000","hPa","0.861","-0.02617","0.00035","0","0","13.56","Humid","26.25","0","44.00","379362.41","SABD0000000001","AAV1.0.0.11","4.0.0.2323","PSt7-10","170328-019","7/29/2022 11:23:46 AM","0000-00","0","no battery","V","","µV","","µV"
"08/11/2022","09:53:36","6","default","383292078","Oxt_06","9.684","min","97.405","%a.s.","Humid","20.653","deg","40831","µV","27.729","°C","1021.000","hPa","36.4","pmil","0","55.390","deg","20.000","°C","100.000","%a.s.","21.720","deg","20.000","°C","977.000","hPa","0.861","-0.02617","0.00035","0","0","13.56","Humid","26.25","0","44.00","379364.69","SABD0000000001","AAV1.0.0.11","4.0.0.2323","PSt7-10","170328-019","7/29/2022 11:23:46 AM","0000-00","0","no battery","V","","µV","","µV"
"08/11/2022","09:53:37","6","default","383292078","Oxt_06","9.701","min","97.413","%a.s.","Humid","20.652","deg","40833","µV","27.730","°C","1021.000","hPa","36.4","pmil","0","55.390","deg","20.000","°C","100.000","%a.s.","21.720","deg","20.000","°C","977.000","hPa","0.861","-0.02617","0.00035","0","0","13.56","Humid","26.25","0","44.00","379334.16","SABD0000000001","AAV1.0.0.11","4.0.0.2323","PSt7-10","170328-019","7/29/2022 11:23:46 AM","0000-00","0","no battery","V","","µV","","µV"
"08/11/2022","09:53:38","6","default","383292078","Oxt_06","9.718","min","97.364","%a.s.","Humid","20.657","deg","40836","µV","27.736","°C","1021.000","hPa","36.4","pmil","0","55.390","deg","20.000","°C","100.000","%a.s.","21.720","deg","20.000","°C","977.000","hPa","0.861","-0.02617","0.00035","0","0","13.56","Humid","26.25","0","44.00","379359.52","SABD0000000001","AAV1.0.0.11","4.0.0.2323","PSt7-10","170328-019","7/29/2022 11:23:46 AM","0000-00","0","no battery","V","","µV","","µV"
"08/11/2022","09:53:39","6","default","383292078","Oxt_06","9.734","min","97.455","%a.s.","Humid","20.647","deg","40833","µV","27.731","°C","1021.000","hPa","36.4","pmil","0","55.390","deg","20.000","°C","100.000","%a.s.","21.720","deg","20.000","°C","977.000","hPa","0.861","-0.02617","0.00035","0","0","13.56","Humid","26.25","0","44.00","379358.63","SABD0000000001","AAV1.0.0.11","4.0.0.2323","PSt7-10","170328-019","7/29/2022 11:23:46 AM","0000-00","0","no battery","V","","µV","","µV"
"08/11/2022","09:53:40","6","default","383292078","Oxt_06","9.751","min","97.403","%a.s.","Humid","20.654","deg","40834","µV","27.722","°C","1021.000","hPa","36.4","pmil","0","55.390","deg","20.000","°C","100.000","%a.s.","21.720","deg","20.000","°C","977.000","hPa","0.861","-0.02617","0.00035","0","0","13.56","Humid","26.25","0","44.00","379366.47","SABD0000000001","AAV1.0.0.11","4.0.0.2323","PSt7-10","170328-019","7/29/2022 11:23:46 AM","0000-00","0","no battery","V","","µV","","µV"
"08/11/2022","09:53:41","6","default","383292078","Oxt_06","9.767","min","97.383","%a.s.","Humid","20.654","deg","40843","µV","27.743","°C","1021.000","hPa","36.4","pmil","0","55.390","deg","20.000","°C","100.000","%a.s.","21.720","deg","20.000","°C","977.000","hPa","0.861","-0.02617","0.00035","0","0","13.56","Humid","26.25","0","44.00","379371.70","SABD0000000001","AAV1.0.0.11","4.0.0.2323","PSt7-10","170328-019","7/29/2022 11:23:46 AM","0000-00","0","no battery","V","","µV","","µV"
"08/11/2022","09:53:42","6","default","383292078","Oxt_06","9.784","min","97.358","%a.s.","Humid","20.658","deg","40840","µV","27.732","°C","1021.000","hPa","36.4","pmil","0","55.390","deg","20.000","°C","100.000","%a.s.","21.720","deg","20.000","°C","977.000","hPa","0.861","-0.02617","0.00035","0","0","13.56","Humid","26.25","0","44.00","379350.90","SABD0000000001","AAV1.0.0.11","4.0.0.2323","PSt7-10","170328-019","7/29/2022 11:23:46 AM","0000-00","0","no battery","V","","µV","","µV"
"08/11/2022","09:53:43","6","default","383292078","Oxt_06","9.801","min","97.373","%a.s.","Humid","20.656","deg","40837","µV","27.735","°C","1021.000","hPa","36.4","pmil","0","55.390","deg","20.000","°C","100.000","%a.s.","21.720","deg","20.000","°C","977.000","hPa","0.861","-0.02617","0.00035","0","0","13.56","Humid","26.25","0","44.00","379362.01","SABD0000000001","AAV1.0.0.11","4.0.0.2323","PSt7-10","170328-019","7/29/2022 11:23:46 AM","0000-00","0","no battery","V","","µV","","µV"
"08/11/2022","09:53:44","6","default","383292078","Oxt_06","9.817","min","97.391","%a.s.","Humid","20.657","deg","40833","µV","27.707","°C","1021.000","hPa","36.4","pmil","0","55.390","deg","20.000","°C","100.000","%a.s.","21.720","deg","20.000","°C","977.000","hPa","0.861","-0.02617","0.00035","0","0","13.56","Humid","26.25","0","44.00","379342.14","SABD0000000001","AAV1.0.0.11","4.0.0.2323","PSt7-10","170328-019","7/29/2022 11:23:46 AM","0000-00","0","no battery","V","","µV","","µV"
"08/11/2022","09:53:45","6","default","383292078","Oxt_06","9.834","min","97.337","%a.s.","Humid","20.661","deg","40838","µV","27.727","°C","1021.000","hPa","36.4","pmil","0","55.390","deg","20.000","°C","100.000","%a.s.","21.720","deg","20.000","°C","977.000","hPa","0.861","-0.02617","0.00035","0","0","13.56","Humid","26.25","0","44.00","379349.70","SABD0000000001","AAV1.0.0.11","4.0.0.2323","PSt7-10","170328-019","7/29/2022 11:23:46 AM","0000-00","0","no battery","V","","µV","","µV"
"08/11/2022","09:53:46","6","default","383292078","Oxt_06","9.851","min","97.366","%a.s.","Humid","20.658","deg","40837","µV","27.724","°C","1021.000","hPa","36.4","pmil","0","55.390","deg","20.000","°C","100.000","%a.s.","21.720","deg","20.000","°C","977.000","hPa","0.861","-0.02617","0.00035","0","0","13.56","Humid","26.25","0","44.00","379352.59","SABD0000000001","AAV1.0.0.11","4.0.0.2323","PSt7-10","170328-019","7/29/2022 11:23:46 AM","0000-00","0","no battery","V","","µV","","µV"
"08/11/2022","09:53:47","6","default","383292078","Oxt_06","9.867","min","97.366","%a.s.","Humid","20.657","deg","40831","µV","27.733","°C","1021.000","hPa","36.4","pmil","0","55.390","deg","20.000","°C","100.000","%a.s.","21.720","deg","20.000","°C","977.000","hPa","0.861","-0.02617","0.00035","0","0","13.56","Humid","26.25","0","44.00","379351.20","SABD0000000001","AAV1.0.0.11","4.0.0.2323","PSt7-10","170328-019","7/29/2022 11:23:46 AM","0000-00","0","no battery","V","","µV","","µV"
"08/11/2022","09:53:48","6","default","383292078","Oxt_06","9.884","min","97.299","%a.s.","Humid","20.664","deg","40839","µV","27.740","°C","1021.000","hPa","36.4","pmil","0","55.390","deg","20.000","°C","100.000","%a.s.","21.720","deg","20.000","°C","977.000","hPa","0.861","-0.02617","0.00035","0","0","13.56","Humid","26.25","0","44.00","379344.27","SABD0000000001","AAV1.0.0.11","4.0.0.2323","PSt7-10","170328-019","7/29/2022 11:23:46 AM","0000-00","0","no battery","V","","µV","","µV"
"08/11/2022","09:53:49","6","default","383292078","Oxt_06","9.901","min","97.415","%a.s.","Humid","20.653","deg","40843","µV","27.718","°C","1021.000","hPa","36.4","pmil","0","55.390","deg","20.000","°C","100.000","%a.s.","21.720","deg","20.000","°C","977.000","hPa","0.861","-0.02617","0.00035","0","0","13.56","Humid","26.25","0","44.00","379351.26","SABD0000000001","AAV1.0.0.11","4.0.0.2323","PSt7-10","170328-019","7/29/2022 11:23:46 AM","0000-00","0","no battery","V","","µV","","µV"
"08/11/2022","09:53:50","6","default","383292078","Oxt_06","9.917","min","97.369","%a.s.","Humid","20.658","deg","40833","µV","27.721","°C","1021.000","hPa","36.4","pmil","0","55.390","deg","20.000","°C","100.000","%a.s.","21.720","deg","20.000","°C","977.000","hPa","0.861","-0.02617","0.00035","0","0","13.56","Humid","26.25","0","44.00","379347.63","SABD0000000001","AAV1.0.0.11","4.0.0.2323","PSt7-10","170328-019","7/29/2022 11:23:46 AM","0000-00","0","no battery","V","","µV","","µV"
"08/11/2022","09:53:51","6","default","383292078","Oxt_06","9.934","min","97.378","%a.s.","Humid","20.657","deg","40834","µV","27.720","°C","1021.000","hPa","36.4","pmil","0","55.390","deg","20.000","°C","100.000","%a.s.","21.720","deg","20.000","°C","977.000","hPa","0.861","-0.02617","0.00035","0","0","13.56","Humid","26.25","0","44.00","379355.59","SABD0000000001","AAV1.0.0.11","4.0.0.2323","PSt7-10","170328-019","7/29/2022 11:23:46 AM","0000-00","0","no battery","V","","µV","","µV"
"08/11/2022","09:53:52","6","default","383292078","Oxt_06","9.951","min","97.409","%a.s.","Humid","20.655","deg","40836","µV","27.706","°C","1021.000","hPa","36.4","pmil","0","55.390","deg","20.000","°C","100.000","%a.s.","21.720","deg","20.000","°C","977.000","hPa","0.861","-0.02617","0.00035","0","0","13.56","Humid","26.25","0","44.00","379349.50","SABD0000000001","AAV1.0.0.11","4.0.0.2323","PSt7-10","170328-019","7/29/2022 11:23:46 AM","0000-00","0","no battery","V","","µV","","µV"
"08/11/2022","09:53:53","6","default","383292078","Oxt_06","9.967","min","97.355","%a.s.","Humid","20.659","deg","40836","µV","27.727","°C","1021.000","hPa","36.4","pmil","0","55.390","deg","20.000","°C","100.000","%a.s.","21.720","deg","20.000","°C","977.000","hPa","0.861","-0.02617","0.00035","0","0","13.56","Humid","26.25","0","44.00","379341.51","SABD0000000001","AAV1.0.0.11","4.0.0.2323","PSt7-10","170328-019","7/29/2022 11:23:46 AM","0000-00","0","no battery","V","","µV","","µV"
"08/11/2022","09:53:54","6","default","383292078","Oxt_06","9.984","min","97.299","%a.s.","Humid","20.665","deg","40838","µV","27.730","°C","1021.000","hPa","36.4","pmil","0","55.390","deg","20.000","°C","100.000","%a.s.","21.720","deg","20.000","°C","977.000","hPa","0.861","-0.02617","0.00035","0","0","13.56","Humid","26.25","0","44.00","379351.92","SABD0000000001","AAV1.0.0.11","4.0.0.2323","PSt7-10","170328-019","7/29/2022 11:23:46 AM","0000-00","0","no battery","V","","µV","","µV"
"08/11/2022","09:53:55","6","default","383292078","Oxt_06","10.001","min","97.378","%a.s.","Humid","20.659","deg","40843","µV","27.702","°C","1021.000","hPa","36.4","pmil","0","55.390","deg","20.000","°C","100.000","%a.s.","21.720","deg","20.000","°C","977.000","hPa","0.861","-0.02617","0.00035","0","0","13.56","Humid","26.25","0","44.00","379353.21","SABD0000000001","AAV1.0.0.11","4.0.0.2323","PSt7-10","170328-019","7/29/2022 11:23:46 AM","0000-00","0","no battery","V","","µV","","µV"
"08/11/2022","09:53:56","6","default","383292078","Oxt_06","10.018","min","97.319","%a.s.","Humid","20.662","deg","40837","µV","27.736","°C","1021.000","hPa","36.4","pmil","0","55.390","deg","20.000","°C","100.000","%a.s.","21.720","deg","20.000","°C","977.000","hPa","0.861","-0.02617","0.00035","0","0","13.56","Humid","26.25","0","44.00","379342.23","SABD0000000001","AAV1.0.0.11","4.0.0.2323","PSt7-10","170328-019","7/29/2022 11:23:46 AM","0000-00","0","no battery","V","","µV","","µV"
"08/11/2022","09:53:57","6","default","383292078","Oxt_06","10.035","min","97.350","%a.s.","Humid","20.660","deg","40839","µV","27.723","°C","1021.000","hPa","36.4","pmil","0","55.390","deg","20.000","°C","100.000","%a.s.","21.720","deg","20.000","°C","977.000","hPa","0.861","-0.02617","0.00035","0","0","13.56","Humid","26.25","0","44.00","379351.66","SABD0000000001","AAV1.0.0.11","4.0.0.2323","PSt7-10","170328-019","7/29/2022 11:23:46 AM","0000-00","0","no battery","V","","µV","","µV"
"08/11/2022","09:53:58","6","default","383292078","Oxt_06","10.051","min","97.339","%a.s.","Humid","20.660","deg","40836","µV","27.734","°C","1021.000","hPa","36.4","pmil","0","55.390","deg","20.000","°C","100.000","%a.s.","21.720","deg","20.000","°C","977.000","hPa","0.861","-0.02617","0.00035","0","0","13.56","Humid","26.25","0","44.00","379336.58","SABD0000000001","AAV1.0.0.11","4.0.0.2323","PSt7-10","170328-019","7/29/2022 11:23:46 AM","0000-00","0","no battery","V","","µV","","µV"
"08/11/2022","09:53:59","6","default","383292078","Oxt_06","10.068","min","97.343","%a.s.","Humid","20.660","deg","40839","µV","27.730","°C","1021.000","hPa","36.4","pmil","0","55.390","deg","20.000","°C","100.000","%a.s.","21.720","deg","20.000","°C","977.000","hPa","0.861","-0.02617","0.00035","0","0","13.56","Humid","26.25","0","44.00","379350.95","SABD0000000001","AAV1.0.0.11","4.0.0.2323","PSt7-10","170328-019","7/29/2022 11:23:46 AM","0000-00","0","no battery","V","","µV","","µV"
"08/11/2022","09:54:00","6","default","383292078","Oxt_06","10.085","min","97.350","%a.s.","Humid","20.660","deg","40843","µV","27.723","°C","1021.000","hPa","36.4","pmil","0","55.390","deg","20.000","°C","100.000","%a.s.","21.720","deg","20.000","°C","977.000","hPa","0.861","-0.02617","0.00035","0","0","13.56","Humid","26.25","0","44.00","379354.37","SABD0000000001","AAV1.0.0.11","4.0.0.2323","PSt7-10","170328-019","7/29/2022 11:23:46 AM","0000-00","0","no battery","V","","µV","","µV"
"08/11/2022","09:54:01","6","default","383292078","Oxt_06","10.101","min","97.402","%a.s.","Humid","20.654","deg","40842","µV","27.723","°C","1021.000","hPa","36.4","pmil","0","55.390","deg","20.000","°C","100.000","%a.s.","21.720","deg","20.000","°C","977.000","hPa","0.861","-0.02617","0.00035","0","0","13.56","Humid","26.25","0","44.00","379348.92","SABD0000000001","AAV1.0.0.11","4.0.0.2323","PSt7-10","170328-019","7/29/2022 11:23:46 AM","0000-00","0","no battery","V","","µV","","µV"
"08/11/2022","09:54:02","6","default","383292078","Oxt_06","10.118","min","97.304","%a.s.","Humid","20.664","deg","40823","µV","27.735","°C","1021.000","hPa","36.4","pmil","0","55.390","deg","20.000","°C","100.000","%a.s.","21.720","deg","20.000","°C","977.000","hPa","0.861","-0.02617","0.00035","0","0","13.56","Humid","26.25","0","44.00","379347.90","SABD0000000001","AAV1.0.0.11","4.0.0.2323","PSt7-10","170328-019","7/29/2022 11:23:46 AM","0000-00","0","no battery","V","","µV","","µV"
"08/11/2022","09:54:03","6","default","383292078","Oxt_06","10.134","min","97.320","%a.s.","Humid","20.662","deg","40817","µV","27.736","°C","1021.000","hPa","36.4","pmil","0","55.390","deg","20.000","°C","100.000","%a.s.","21.720","deg","20.000","°C","977.000","hPa","0.861","-0.02617","0.00035","0","0","13.56","Humid","26.25","0","44.00","379334.51","SABD0000000001","AAV1.0.0.11","4.0.0.2323","PSt7-10","170328-019","7/29/2022 11:23:46 AM","0000-00","0","no battery","V","","µV","","µV"
"08/11/2022","09:54:04","6","default","383292078","Oxt_06","10.151","min","97.324","%a.s.","Humid","20.664","deg","40826","µV","27.713","°C","1021.000","hPa","36.4","pmil","0","55.390","deg","20.000","°C","100.000","%a.s.","21.720","deg","20.000","°C","977.000","hPa","0.861","-0.02617","0.00035","0","0","13.56","Humid","26.25","0","44.00","379340.22","SABD0000000001","AAV1.0.0.11","4.0.0.2323","PSt7-10","170328-019","7/29/2022 11:23:46 AM","0000-00","0","no battery","V","","µV","","µV"
"08/11/2022","09:54:05","6","default","383292078","Oxt_06","10.168","min","97.281","%a.s.","Humid","20.669","deg","40824","µV","27.712","°C","1021.000","hPa","36.4","pmil","0","55.390","deg","20.000","°C","100.000","%a.s.","21.720","deg","20.000","°C","977.000","hPa","0.861","-0.02617","0.00035","0","0","13.56","Humid","26.25","0","44.00","379339.46","SABD0000000001","AAV1.0.0.11","4.0.0.2323","PSt7-10","170328-019","7/29/2022 11:23:46 AM","0000-00","0","no battery","V","","µV","","µV"
"08/11/2022","09:54:06","6","default","383292078","Oxt_06","10.184","min","97.337","%a.s.","Humid","20.661","deg","40819","µV","27.727","°C","1021.000","hPa","36.4","pmil","0","55.390","deg","20.000","°C","100.000","%a.s.","21.720","deg","20.000","°C","977.000","hPa","0.861","-0.02617","0.00035","0","0","13.56","Humid","26.25","0","44.00","379348.18","SABD0000000001","AAV1.0.0.11","4.0.0.2323","PSt7-10","170328-019","7/29/2022 11:23:46 AM","0000-00","0","no battery","V","","µV","","µV"
"08/11/2022","09:54:07","6","default","383292078","Oxt_06","10.201","min","97.327","%a.s.","Humid","20.661","deg","40822","µV","27.738","°C","1021.000","hPa","36.4","pmil","0","55.390","deg","20.000","°C","100.000","%a.s.","21.720","deg","20.000","°C","977.000","hPa","0.861","-0.02617","0.00035","0","0","13.56","Humid","26.25","0","44.00","379345.75","SABD0000000001","AAV1.0.0.11","4.0.0.2323","PSt7-10","170328-019","7/29/2022 11:23:46 AM","0000-00","0","no battery","V","","µV","","µV"
"08/11/2022","09:54:08","6","default","383292078","Oxt_06","10.218","min","97.402","%a.s.","Humid","20.654","deg","40822","µV","27.723","°C","1021.000","hPa","36.4","pmil","0","55.390","deg","20.000","°C","100.000","%a.s.","21.720","deg","20.000","°C","977.000","hPa","0.861","-0.02617","0.00035","0","0","13.56","Humid","26.25","0","44.00","379334.55","SABD0000000001","AAV1.0.0.11","4.0.0.2323","PSt7-10","170328-019","7/29/2022 11:23:46 AM","0000-00","0","no battery","V","","µV","","µV"
"08/11/2022","09:54:09","6","default","383292078","Oxt_06","10.234","min","97.290","%a.s.","Humid","20.667","deg","40824","µV","27.721","°C","1021.000","hPa","36.4","pmil","0","55.390","deg","20.000","°C","100.000","%a.s.","21.720","deg","20.000","°C","977.000","hPa","0.861","-0.02617","0.00035","0","0","13.56","Humid","26.25","0","44.00","379305.95","SABD0000000001","AAV1.0.0.11","4.0.0.2323","PSt7-10","170328-019","7/29/2022 11:23:46 AM","0000-00","0","no battery","V","","µV","","µV"
"08/11/2022","09:54:10","6","default","383292078","Oxt_06","10.251","min","97.337","%a.s.","Humid","20.662","deg","40821","µV","27.718","°C","1021.000","hPa","36.4","pmil","0","55.390","deg","20.000","°C","100.000","%a.s.","21.720","deg","20.000","°C","977.000","hPa","0.861","-0.02617","0.00035","0","0","13.56","Humid","26.25","0","44.00","379320.41","SABD0000000001","AAV1.0.0.11","4.0.0.2323","PSt7-10","170328-019","7/29/2022 11:23:46 AM","0000-00","0","no battery","V","","µV","","µV"
"08/11/2022","09:54:11","6","default","383292078","Oxt_06","10.268","min","97.352","%a.s.","Humid","20.661","deg","40825","µV","27.711","°C","1021.000","hPa","36.4","pmil","0","55.390","deg","20.000","°C","100.000","%a.s.","21.720","deg","20.000","°C","977.000","hPa","0.861","-0.02617","0.00035","0","0","13.56","Humid","26.25","0","44.00","379317.74","SABD0000000001","AAV1.0.0.11","4.0.0.2323","PSt7-10","170328-019","7/29/2022 11:23:46 AM","0000-00","0","no battery","V","","µV","","µV"
"08/11/2022","09:54:12","6","default","383292078","Oxt_06","10.284","min","97.319","%a.s.","Humid","20.663","deg","40823","µV","27.727","°C","1021.000","hPa","36.4","pmil","0","55.390","deg","20.000","°C","100.000","%a.s.","21.720","deg","20.000","°C","977.000","hPa","0.861","-0.02617","0.00035","0","0","13.56","Humid","26.25","0","44.00","379329.48","SABD0000000001","AAV1.0.0.11","4.0.0.2323","PSt7-10","170328-019","7/29/2022 11:23:46 AM","0000-00","0","no battery","V","","µV","","µV"
"08/11/2022","09:54:13","6","default","383292078","Oxt_06","10.301","min","97.326","%a.s.","Humid","20.663","deg","40827","µV","27.720","°C","1021.000","hPa","36.4","pmil","0","55.390","deg","20.000","°C","100.000","%a.s.","21.720","deg","20.000","°C","977.000","hPa","0.861","-0.02617","0.00035","0","0","13.56","Humid","26.25","0","44.00","379320.18","SABD0000000001","AAV1.0.0.11","4.0.0.2323","PSt7-10","170328-019","7/29/2022 11:23:46 AM","0000-00","0","no battery","V","","µV","","µV"
"08/11/2022","09:54:14","6","default","383292078","Oxt_06","10.317","min","97.294","%a.s.","Humid","20.666","deg","40824","µV","27.726","°C","1021.000","hPa","36.4","pmil","0","55.390","deg","20.000","°C","100.000","%a.s.","21.720","deg","20.000","°C","977.000","hPa","0.861","-0.02617","0.00035","0","0","13.56","Humid","26.25","0","44.00","379310.72","SABD0000000001","AAV1.0.0.11","4.0.0.2323","PSt7-10","170328-019","7/29/2022 11:23:46 AM","0000-00","0","no battery","V","","µV","","µV"
"08/11/2022","09:54:15","6","default","383292078","Oxt_06","10.334","min","97.392","%a.s.","Humid","20.653","deg","40823","µV","27.743","°C","1021.000","hPa","36.4","pmil","0","55.390","deg","20.000","°C","100.000","%a.s.","21.720","deg","20.000","°C","977.000","hPa","0.861","-0.02617","0.00035","0","0","13.56","Humid","26.25","0","44.00","379317.72","SABD0000000001","AAV1.0.0.11","4.0.0.2323","PSt7-10","170328-019","7/29/2022 11:23:46 AM","0000-00","0","no battery","V","","µV","","µV"
"08/11/2022","09:54:16","6","default","383292078","Oxt_06","10.351","min","97.316","%a.s.","Humid","20.661","deg","40823","µV","27.750","°C","1021.000","hPa","36.4","pmil","0","55.390","deg","20.000","°C","100.000","%a.s.","21.720","deg","20.000","°C","977.000","hPa","0.861","-0.02617","0.00035","0","0","13.56","Humid","26.25","0","44.00","379329.00","SABD0000000001","AAV1.0.0.11","4.0.0.2323","PSt7-10","170328-019","7/29/2022 11:23:46 AM","0000-00","0","no battery","V","","µV","","µV"
"08/11/2022","09:54:17","6","default","383292078","Oxt_06","10.367","min","97.305","%a.s.","Humid","20.665","deg","40828","µV","27.724","°C","1021.000","hPa","36.4","pmil","0","55.390","deg","20.000","°C","100.000","%a.s.","21.720","deg","20.000","°C","977.000","hPa","0.861","-0.02617","0.00035","0","0","13.56","Humid","26.25","0","44.00","379332.14","SABD0000000001","AAV1.0.0.11","4.0.0.2323","PSt7-10","170328-019","7/29/2022 11:23:46 AM","0000-00","0","no battery","V","","µV","","µV"
"08/11/2022","09:54:18","6","default","383292078","Oxt_06","10.384","min","97.373","%a.s.","Humid","20.657","deg","40831","µV","27.725","°C","1021.000","hPa","36.4","pmil","0","55.390","deg","20.000","°C","100.000","%a.s.","21.720","deg","20.000","°C","977.000","hPa","0.861","-0.02617","0.00035","0","0","13.56","Humid","26.25","0","44.00","379327.64","SABD0000000001","AAV1.0.0.11","4.0.0.2323","PSt7-10","170328-019","7/29/2022 11:23:46 AM","0000-00","0","no battery","V","","µV","","µV"
"08/11/2022","09:54:19","6","default","383292078","Oxt_06","10.401","min","97.361","%a.s.","Humid","20.658","deg","40825","µV","27.729","°C","1021.000","hPa","36.4","pmil","0","55.390","deg","20.000","°C","100.000","%a.s.","21.720","deg","20.000","°C","977.000","hPa","0.861","-0.02617","0.00035","0","0","13.56","Humid","26.25","0","44.00","379327.85","SABD0000000001","AAV1.0.0.11","4.0.0.2323","PSt7-10","170328-019","7/29/2022 11:23:46 AM","0000-00","0","no battery","V","","µV","","µV"
"08/11/2022","09:54:20","6","default","383292078","Oxt_06","10.417","min","97.313","%a.s.","Humid","20.663","deg","40826","µV","27.734","°C","1021.000","hPa","36.4","pmil","0","55.390","deg","20.000","°C","100.000","%a.s.","21.720","deg","20.000","°C","977.000","hPa","0.861","-0.02617","0.00035","0","0","13.56","Humid","26.25","0","44.00","379321.61","SABD0000000001","AAV1.0.0.11","4.0.0.2323","PSt7-10","170328-019","7/29/2022 11:23:46 AM","0000-00","0","no battery","V","","µV","","µV"
"08/11/2022","09:54:21","6","default","383292078","Oxt_06","10.434","min","97.258","%a.s.","Humid","20.671","deg","40834","µV","27.718","°C","1021.000","hPa","36.4","pmil","0","55.390","deg","20.000","°C","100.000","%a.s.","21.720","deg","20.000","°C","977.000","hPa","0.861","-0.02617","0.00035","0","0","13.56","Humid","26.25","0","44.00","379310.58","SABD0000000001","AAV1.0.0.11","4.0.0.2323","PSt7-10","170328-019","7/29/2022 11:23:46 AM","0000-00","0","no battery","V","","µV","","µV"
"08/11/2022","09:54:22","6","default","383292078","Oxt_06","10.450","min","97.286","%a.s.","Humid","20.667","deg","40829","µV","27.725","°C","1021.000","hPa","36.4","pmil","0","55.390","deg","20.000","°C","100.000","%a.s.","21.720","deg","20.000","°C","977.000","hPa","0.861","-0.02617","0.00035","0","0","13.56","Humid","26.25","0","44.00","379319.46","SABD0000000001","AAV1.0.0.11","4.0.0.2323","PSt7-10","170328-019","7/29/2022 11:23:46 AM","0000-00","0","no battery","V","","µV","","µV"
"08/11/2022","09:54:23","6","default","383292078","Oxt_06","10.467","min","97.320","%a.s.","Humid","20.664","deg","40826","µV","27.718","°C","1021.000","hPa","36.4","pmil","0","55.390","deg","20.000","°C","100.000","%a.s.","21.720","deg","20.000","°C","977.000","hPa","0.861","-0.02617","0.00035","0","0","13.56","Humid","26.25","0","44.00","379313.29","SABD0000000001","AAV1.0.0.11","4.0.0.2323","PSt7-10","170328-019","7/29/2022 11:23:46 AM","0000-00","0","no battery","V","","µV","","µV"
"08/11/2022","09:54:24","6","default","383292078","Oxt_06","10.484","min","97.322","%a.s.","Humid","20.663","deg","40830","µV","27.725","°C","1021.000","hPa","36.4","pmil","0","55.390","deg","20.000","°C","100.000","%a.s.","21.720","deg","20.000","°C","977.000","hPa","0.861","-0.02617","0.00035","0","0","13.56","Humid","26.25","0","44.00","379319.16","SABD0000000001","AAV1.0.0.11","4.0.0.2323","PSt7-10","170328-019","7/29/2022 11:23:46 AM","0000-00","0","no battery","V","","µV","","µV"
"08/11/2022","09:54:25","6","default","383292078","Oxt_06","10.500","min","97.389","%a.s.","Humid","20.655","deg","40834","µV","27.727","°C","1021.000","hPa","36.4","pmil","0","55.390","deg","20.000","°C","100.000","%a.s.","21.720","deg","20.000","°C","977.000","hPa","0.861","-0.02617","0.00035","0","0","13.56","Humid","26.25","0","44.00","379303.26","SABD0000000001","AAV1.0.0.11","4.0.0.2323","PSt7-10","170328-019","7/29/2022 11:23:46 AM","0000-00","0","no battery","V","","µV","","µV"
"08/11/2022","09:54:26","6","default","383292078","Oxt_06","10.517","min","97.329","%a.s.","Humid","20.662","deg","40834","µV","27.726","°C","1021.000","hPa","36.4","pmil","0","55.390","deg","20.000","°C","100.000","%a.s.","21.720","deg","20.000","°C","977.000","hPa","0.861","-0.02617","0.00035","0","0","13.56","Humid","26.25","0","44.00","379320.46","SABD0000000001","AAV1.0.0.11","4.0.0.2323","PSt7-10","170328-019","7/29/2022 11:23:46 AM","0000-00","0","no battery","V","","µV","","µV"
"08/11/2022","09:54:27","6","default","383292078","Oxt_06","10.535","min","97.307","%a.s.","Humid","20.666","deg","40829","µV","27.713","°C","1021.000","hPa","36.4","pmil","0","55.390","deg","20.000","°C","100.000","%a.s.","21.720","deg","20.000","°C","977.000","hPa","0.861","-0.02617","0.00035","0","0","13.56","Humid","26.25","0","44.00","379319.03","SABD0000000001","AAV1.0.0.11","4.0.0.2323","PSt7-10","170328-019","7/29/2022 11:23:46 AM","0000-00","0","no battery","V","","µV","","µV"
"08/11/2022","09:54:28","6","default","383292078","Oxt_06","10.550","min","97.298","%a.s.","Humid","20.667","deg","40831","µV","27.713","°C","1021.000","hPa","36.4","pmil","0","55.390","deg","20.000","°C","100.000","%a.s.","21.720","deg","20.000","°C","977.000","hPa","0.861","-0.02617","0.00035","0","0","13.56","Humid","26.25","0","44.00","379311.26","SABD0000000001","AAV1.0.0.11","4.0.0.2323","PSt7-10","170328-019","7/29/2022 11:23:46 AM","0000-00","0","no battery","V","","µV","","µV"
"08/11/2022","09:54:29","6","default","383292078","Oxt_06","10.568","min","97.346","%a.s.","Humid","20.661","deg","40829","µV","27.717","°C","1021.000","hPa","36.4","pmil","0","55.390","deg","20.000","°C","100.000","%a.s.","21.720","deg","20.000","°C","977.000","hPa","0.861","-0.02617","0.00035","0","0","13.56","Humid","26.25","0","44.00","379303.49","SABD0000000001","AAV1.0.0.11","4.0.0.2323","PSt7-10","170328-019","7/29/2022 11:23:46 AM","0000-00","0","no battery","V","","µV","","µV"
"08/11/2022","09:54:30","6","default","383292078","Oxt_06","10.585","min","97.299","%a.s.","Humid","20.666","deg","40828","µV","27.721","°C","1021.000","hPa","36.4","pmil","0","55.390","deg","20.000","°C","100.000","%a.s.","21.720","deg","20.000","°C","977.000","hPa","0.861","-0.02617","0.00035","0","0","13.56","Humid","26.25","0","44.00","379318.07","SABD0000000001","AAV1.0.0.11","4.0.0.2323","PSt7-10","170328-019","7/29/2022 11:23:46 AM","0000-00","0","no battery","V","","µV","","µV"
"08/11/2022","09:54:31","6","default","383292078","Oxt_06","10.601","min","97.330","%a.s.","Humid","20.663","deg","40827","µV","27.715","°C","1021.000","hPa","36.4","pmil","0","55.390","deg","20.000","°C","100.000","%a.s.","21.720","deg","20.000","°C","977.000","hPa","0.861","-0.02617","0.00035","0","0","13.56","Humid","26.25","0","44.00","379310.97","SABD0000000001","AAV1.0.0.11","4.0.0.2323","PSt7-10","170328-019","7/29/2022 11:23:46 AM","0000-00","0","no battery","V","","µV","","µV"
"08/11/2022","09:54:32","6","default","383292078","Oxt_06","10.618","min","97.330","%a.s.","Humid","20.663","deg","40830","µV","27.715","°C","1021.000","hPa","36.4","pmil","0","55.390","deg","20.000","°C","100.000","%a.s.","21.720","deg","20.000","°C","977.000","hPa","0.861","-0.02617","0.00035","0","0","13.56","Humid","26.25","0","44.00","379311.45","SABD0000000001","AAV1.0.0.11","4.0.0.2323","PSt7-10","170328-019","7/29/2022 11:23:46 AM","0000-00","0","no battery","V","","µV","","µV"
"08/11/2022","09:54:33","6","default","383292078","Oxt_06","10.634","min","97.235","%a.s.","Humid","20.674","deg","40839","µV","27.715","°C","1021.000","hPa","36.4","pmil","0","55.390","deg","20.000","°C","100.000","%a.s.","21.720","deg","20.000","°C","977.000","hPa","0.861","-0.02617","0.00035","0","0","13.56","Humid","26.25","0","44.00","379316.32","SABD0000000001","AAV1.0.0.11","4.0.0.2323","PSt7-10","170328-019","7/29/2022 11:23:46 AM","0000-00","0","no battery","V","","µV","","µV"
"08/11/2022","09:54:34","6","default","383292078","Oxt_06","10.651","min","97.343","%a.s.","Humid","20.660","deg","40837","µV","27.730","°C","1021.000","hPa","36.4","pmil","0","55.390","deg","20.000","°C","100.000","%a.s.","21.720","deg","20.000","°C","977.000","hPa","0.861","-0.02617","0.00035","0","0","13.56","Humid","26.25","0","44.00","379315.85","SABD0000000001","AAV1.0.0.11","4.0.0.2323","PSt7-10","170328-019","7/29/2022 11:23:46 AM","0000-00","0","no battery","V","","µV","","µV"
"08/11/2022","09:54:35","6","default","383292078","Oxt_06","10.668","min","97.293","%a.s.","Humid","20.666","deg","40839","µV","27.727","°C","1021.000","hPa","36.4","pmil","0","55.390","deg","20.000","°C","100.000","%a.s.","21.720","deg","20.000","°C","977.000","hPa","0.861","-0.02617","0.00035","0","0","13.56","Humid","26.25","0","44.00","379314.08","SABD0000000001","AAV1.0.0.11","4.0.0.2323","PSt7-10","170328-019","7/29/2022 11:23:46 AM","0000-00","0","no battery","V","","µV","","µV"
"08/11/2022","09:54:36","6","default","383292078","Oxt_06","10.684","min","97.264","%a.s.","Humid","20.668","deg","40828","µV","27.740","°C","1021.000","hPa","36.4","pmil","0","55.390","deg","20.000","°C","100.000","%a.s.","21.720","deg","20.000","°C","977.000","hPa","0.861","-0.02617","0.00035","0","0","13.56","Humid","26.25","0","44.00","379305.87","SABD0000000001","AAV1.0.0.11","4.0.0.2323","PSt7-10","170328-019","7/29/2022 11:23:46 AM","0000-00","0","no battery","V","","µV","","µV"
"08/11/2022","09:54:37","6","default","383292078","Oxt_06","10.701","min","97.299","%a.s.","Humid","20.665","deg","40835","µV","27.730","°C","1021.000","hPa","36.4","pmil","0","55.390","deg","20.000","°C","100.000","%a.s.","21.720","deg","20.000","°C","977.000","hPa","0.861","-0.02617","0.00035","0","0","13.56","Humid","26.25","0","44.00","379292.72","SABD0000000001","AAV1.0.0.11","4.0.0.2323","PSt7-10","170328-019","7/29/2022 11:23:46 AM","0000-00","0","no battery","V","","µV","","µV"
"08/11/2022","09:54:38","6","default","383292078","Oxt_06","10.718","min","97.297","%a.s.","Humid","20.665","deg","40833","µV","27.732","°C","1021.000","hPa","36.4","pmil","0","55.390","deg","20.000","°C","100.000","%a.s.","21.720","deg","20.000","°C","977.000","hPa","0.861","-0.02617","0.00035","0","0","13.56","Humid","26.25","0","44.00","379292.50","SABD0000000001","AAV1.0.0.11","4.0.0.2323","PSt7-10","170328-019","7/29/2022 11:23:46 AM","0000-00","0","no battery","V","","µV","","µV"
"08/11/2022","09:54:39","6","default","383292078","Oxt_06","10.734","min","97.270","%a.s.","Humid","20.669","deg","40836","µV","27.724","°C","1021.000","hPa","36.4","pmil","0","55.390","deg","20.000","°C","100.000","%a.s.","21.720","deg","20.000","°C","977.000","hPa","0.861","-0.02617","0.00035","0","0","13.56","Humid","26.25","0","44.00","379322.20","SABD0000000001","AAV1.0.0.11","4.0.0.2323","PSt7-10","170328-019","7/29/2022 11:23:46 AM","0000-00","0","no battery","V","","µV","","µV"
"08/11/2022","09:54:40","6","default","383292078","Oxt_06","10.751","min","97.387","%a.s.","Humid","20.656","deg","40835","µV","27.721","°C","1021.000","hPa","36.4","pmil","0","55.390","deg","20.000","°C","100.000","%a.s.","21.720","deg","20.000","°C","977.000","hPa","0.861","-0.02617","0.00035","0","0","13.56","Humid","26.25","0","44.00","379301.24","SABD0000000001","AAV1.0.0.11","4.0.0.2323","PSt7-10","170328-019","7/29/2022 11:23:46 AM","0000-00","0","no battery","V","","µV","","µV"
"08/11/2022","09:54:41","6","default","383292078","Oxt_06","10.768","min","97.210","%a.s.","Humid","20.675","deg","40835","µV","27.733","°C","1021.000","hPa","36.4","pmil","0","55.390","deg","20.000","°C","100.000","%a.s.","21.720","deg","20.000","°C","977.000","hPa","0.861","-0.02617","0.00035","0","0","13.56","Humid","26.25","0","44.00","379305.02","SABD0000000001","AAV1.0.0.11","4.0.0.2323","PSt7-10","170328-019","7/29/2022 11:23:46 AM","0000-00","0","no battery","V","","µV","","µV"
"08/11/2022","09:54:42","6","default","383292078","Oxt_06","10.784","min","97.337","%a.s.","Humid","20.661","deg","40835","µV","27.727","°C","1021.000","hPa","36.4","pmil","0","55.390","deg","20.000","°C","100.000","%a.s.","21.720","deg","20.000","°C","977.000","hPa","0.861","-0.02617","0.00035","0","0","13.56","Humid","26.25","0","44.00","379311.26","SABD0000000001","AAV1.0.0.11","4.0.0.2323","PSt7-10","170328-019","7/29/2022 11:23:46 AM","0000-00","0","no battery","V","","µV","","µV"
"08/11/2022","09:54:43","6","default","383292078","Oxt_06","10.801","min","97.290","%a.s.","Humid","20.667","deg","40834","µV","27.721","°C","1021.000","hPa","36.4","pmil","0","55.390","deg","20.000","°C","100.000","%a.s.","21.720","deg","20.000","°C","977.000","hPa","0.861","-0.02617","0.00035","0","0","13.56","Humid","26.25","0","44.00","379312.54","SABD0000000001","AAV1.0.0.11","4.0.0.2323","PSt7-10","170328-019","7/29/2022 11:23:46 AM","0000-00","0","no battery","V","","µV","","µV"
"08/11/2022","09:54:44","6","default","383292078","Oxt_06","10.817","min","97.356","%a.s.","Humid","20.661","deg","40834","µV","27.707","°C","1021.000","hPa","36.4","pmil","0","55.390","deg","20.000","°C","100.000","%a.s.","21.720","deg","20.000","°C","977.000","hPa","0.861","-0.02617","0.00035","0","0","13.56","Humid","26.25","0","44.00","379299.65","SABD0000000001","AAV1.0.0.11","4.0.0.2323","PSt7-10","170328-019","7/29/2022 11:23:46 AM","0000-00","0","no battery","V","","µV","","µV"
"08/11/2022","09:54:45","6","default","383292078","Oxt_06","10.834","min","97.335","%a.s.","Humid","20.662","deg","40837","µV","27.720","°C","1021.000","hPa","36.4","pmil","0","55.390","deg","20.000","°C","100.000","%a.s.","21.720","deg","20.000","°C","977.000","hPa","0.861","-0.02617","0.00035","0","0","13.56","Humid","26.25","0","44.00","379298.63","SABD0000000001","AAV1.0.0.11","4.0.0.2323","PSt7-10","170328-019","7/29/2022 11:23:46 AM","0000-00","0","no battery","V","","µV","","µV"
"08/11/2022","09:54:46","6","default","383292078","Oxt_06","10.851","min","97.239","%a.s.","Humid","20.673","deg","40838","µV","27.720","°C","1021.000","hPa","36.4","pmil","0","55.390","deg","20.000","°C","100.000","%a.s.","21.720","deg","20.000","°C","977.000","hPa","0.861","-0.02617","0.00035","0","0","13.56","Humid","26.25","0","44.00","379305.53","SABD0000000001","AAV1.0.0.11","4.0.0.2323","PSt7-10","170328-019","7/29/2022 11:23:46 AM","0000-00","0","no battery","V","","µV","","µV"
"08/11/2022","09:54:47","6","default","383292078","Oxt_06","10.867","min","97.301","%a.s.","Humid","20.666","deg","40830","µV","27.719","°C","1021.000","hPa","36.4","pmil","0","55.390","deg","20.000","°C","100.000","%a.s.","21.720","deg","20.000","°C","977.000","hPa","0.861","-0.02617","0.00035","0","0","13.56","Humid","26.25","0","44.00","379294.98","SABD0000000001","AAV1.0.0.11","4.0.0.2323","PSt7-10","170328-019","7/29/2022 11:23:46 AM","0000-00","0","no battery","V","","µV","","µV"
"08/11/2022","09:54:48","6","default","383292078","Oxt_06","10.884","min","97.272","%a.s.","Humid","20.669","deg","40836","µV","27.722","°C","1021.000","hPa","36.4","pmil","0","55.390","deg","20.000","°C","100.000","%a.s.","21.720","deg","20.000","°C","977.000","hPa","0.861","-0.02617","0.00035","0","0","13.56","Humid","26.25","0","44.00","379290.01","SABD0000000001","AAV1.0.0.11","4.0.0.2323","PSt7-10","170328-019","7/29/2022 11:23:46 AM","0000-00","0","no battery","V","","µV","","µV"
"08/11/2022","09:54:49","6","default","383292078","Oxt_06","10.901","min","97.206","%a.s.","Humid","20.676","deg","40833","µV","27.728","°C","1021.000","hPa","36.4","pmil","0","55.390","deg","20.000","°C","100.000","%a.s.","21.720","deg","20.000","°C","977.000","hPa","0.861","-0.02617","0.00035","0","0","13.56","Humid","26.25","0","44.00","379289.46","SABD0000000001","AAV1.0.0.11","4.0.0.2323","PSt7-10","170328-019","7/29/2022 11:23:46 AM","0000-00","0","no battery","V","","µV","","µV"
"08/11/2022","09:54:50","6","default","383292078","Oxt_06","10.917","min","97.197","%a.s.","Humid","20.678","deg","40835","µV","27.718","°C","1021.000","hPa","36.4","pmil","0","55.390","deg","20.000","°C","100.000","%a.s.","21.720","deg","20.000","°C","977.000","hPa","0.861","-0.02617","0.00035","0","0","13.56","Humid","26.25","0","44.00","379287.79","SABD0000000001","AAV1.0.0.11","4.0.0.2323","PSt7-10","170328-019","7/29/2022 11:23:46 AM","0000-00","0","no battery","V","","µV","","µV"
"08/11/2022","09:54:51","6","default","383292078","Oxt_06","10.934","min","97.320","%a.s.","Humid","20.664","deg","40837","µV","27.717","°C","1021.000","hPa","36.4","pmil","0","55.390","deg","20.000","°C","100.000","%a.s.","21.720","deg","20.000","°C","977.000","hPa","0.861","-0.02617","0.00035","0","0","13.56","Humid","26.25","0","44.00","379289.17","SABD0000000001","AAV1.0.0.11","4.0.0.2323","PSt7-10","170328-019","7/29/2022 11:23:46 AM","0000-00","0","no battery","V","","µV","","µV"
"08/11/2022","09:54:52","6","default","383292078","Oxt_06","10.950","min","97.298","%a.s.","Humid","20.666","deg","40836","µV","27.722","°C","1021.000","hPa","36.4","pmil","0","55.390","deg","20.000","°C","100.000","%a.s.","21.720","deg","20.000","°C","977.000","hPa","0.861","-0.02617","0.00035","0","0","13.56","Humid","26.25","0","44.00","379283.89","SABD0000000001","AAV1.0.0.11","4.0.0.2323","PSt7-10","170328-019","7/29/2022 11:23:46 AM","0000-00","0","no battery","V","","µV","","µV"
"08/11/2022","09:54:53","6","default","383292078","Oxt_06","10.967","min","97.293","%a.s.","Humid","20.666","deg","40844","µV","27.728","°C","1021.000","hPa","36.4","pmil","0","55.390","deg","20.000","°C","100.000","%a.s.","21.720","deg","20.000","°C","977.000","hPa","0.861","-0.02617","0.00035","0","0","13.56","Humid","26.25","0","44.00","379299.23","SABD0000000001","AAV1.0.0.11","4.0.0.2323","PSt7-10","170328-019","7/29/2022 11:23:46 AM","0000-00","0","no battery","V","","µV","","µV"
"08/11/2022","09:54:54","6","default","383292078","Oxt_06","10.984","min","97.311","%a.s.","Humid","20.663","deg","40838","µV","27.736","°C","1021.000","hPa","36.4","pmil","0","55.390","deg","20.000","°C","100.000","%a.s.","21.720","deg","20.000","°C","977.000","hPa","0.861","-0.02617","0.00035","0","0","13.56","Humid","26.25","0","44.00","379288.41","SABD0000000001","AAV1.0.0.11","4.0.0.2323","PSt7-10","170328-019","7/29/2022 11:23:46 AM","0000-00","0","no battery","V","","µV","","µV"
"08/11/2022","09:54:55","6","default","383292078","Oxt_06","11.000","min","97.218","%a.s.","Humid","20.674","deg","40835","µV","27.733","°C","1021.000","hPa","36.4","pmil","0","55.390","deg","20.000","°C","100.000","%a.s.","21.720","deg","20.000","°C","977.000","hPa","0.861","-0.02617","0.00035","0","0","13.56","Humid","26.25","0","44.00","379282.12","SABD0000000001","AAV1.0.0.11","4.0.0.2323","PSt7-10","170328-019","7/29/2022 11:23:46 AM","0000-00","0","no battery","V","","µV","","µV"
"08/11/2022","09:54:56","6","default","383292078","Oxt_06","11.017","min","97.241","%a.s.","Humid","20.672","deg","40836","µV","27.727","°C","1021.000","hPa","36.4","pmil","0","55.390","deg","20.000","°C","100.000","%a.s.","21.720","deg","20.000","°C","977.000","hPa","0.861","-0.02617","0.00035","0","0","13.56","Humid","26.25","0","44.00","379285.05","SABD0000000001","AAV1.0.0.11","4.0.0.2323","PSt7-10","170328-019","7/29/2022 11:23:46 AM","0000-00","0","no battery","V","","µV","","µV"
"08/11/2022","09:54:57","6","default","383292078","Oxt_06","11.035","min","97.229","%a.s.","Humid","20.673","deg","40835","µV","27.730","°C","1021.000","hPa","36.4","pmil","0","55.390","deg","20.000","°C","100.000","%a.s.","21.720","deg","20.000","°C","977.000","hPa","0.861","-0.02617","0.00035","0","0","13.56","Humid","26.25","0","44.00","379282.67","SABD0000000001","AAV1.0.0.11","4.0.0.2323","PSt7-10","170328-019","7/29/2022 11:23:46 AM","0000-00","0","no battery","V","","µV","","µV"
"08/11/2022","09:54:58","6","default","383292078","Oxt_06","11.051","min","97.299","%a.s.","Humid","20.665","deg","40841","µV","27.731","°C","1021.000","hPa","36.4","pmil","0","55.390","deg","20.000","°C","100.000","%a.s.","21.720","deg","20.000","°C","977.000","hPa","0.861","-0.02617","0.00035","0","0","13.56","Humid","26.25","0","44.00","379297.42","SABD0000000001","AAV1.0.0.11","4.0.0.2323","PSt7-10","170328-019","7/29/2022 11:23:46 AM","0000-00","0","no battery","V","","µV","","µV"
"08/11/2022","09:54:59","6","default","383292078","Oxt_06","11.068","min","97.213","%a.s.","Humid","20.675","deg","40836","µV","27.729","°C","1021.000","hPa","36.4","pmil","0","55.390","deg","20.000","°C","100.000","%a.s.","21.720","deg","20.000","°C","977.000","hPa","0.861","-0.02617","0.00035","0","0","13.56","Humid","26.25","0","44.00","379292.46","SABD0000000001","AAV1.0.0.11","4.0.0.2323","PSt7-10","170328-019","7/29/2022 11:23:46 AM","0000-00","0","no battery","V","","µV","","µV"
"08/11/2022","09:55:00","6","default","383292078","Oxt_06","11.084","min","97.252","%a.s.","Humid","20.671","deg","40834","µV","27.724","°C","1021.000","hPa","36.4","pmil","0","55.390","deg","20.000","°C","100.000","%a.s.","21.720","deg","20.000","°C","977.000","hPa","0.861","-0.02617","0.00035","0","0","13.56","Humid","26.25","0","44.00","379272.87","SABD0000000001","AAV1.0.0.11","4.0.0.2323","PSt7-10","170328-019","7/29/2022 11:23:46 AM","0000-00","0","no battery","V","","µV","","µV"
"08/11/2022","09:55:01","6","default","383292078","Oxt_06","11.101","min","97.244","%a.s.","Humid","20.672","deg","40841","µV","27.724","°C","1021.000","hPa","36.4","pmil","0","55.390","deg","20.000","°C","100.000","%a.s.","21.720","deg","20.000","°C","977.000","hPa","0.861","-0.02617","0.00035","0","0","13.56","Humid","26.25","0","44.00","379282.98","SABD0000000001","AAV1.0.0.11","4.0.0.2323","PSt7-10","170328-019","7/29/2022 11:23:46 AM","0000-00","0","no battery","V","","µV","","µV"
"08/11/2022","09:55:02","6","default","383292078","Oxt_06","11.118","min","97.267","%a.s.","Humid","20.669","deg","40843","µV","27.728","°C","1021.000","hPa","36.4","pmil","0","55.390","deg","20.000","°C","100.000","%a.s.","21.720","deg","20.000","°C","977.000","hPa","0.861","-0.02617","0.00035","0","0","13.56","Humid","26.25","0","44.00","379275.21","SABD0000000001","AAV1.0.0.11","4.0.0.2323","PSt7-10","170328-019","7/29/2022 11:23:46 AM","0000-00","0","no battery","V","","µV","","µV"
"08/11/2022","09:55:03","6","default","383292078","Oxt_06","11.134","min","97.187","%a.s.","Humid","20.678","deg","40835","µV","27.729","°C","1021.000","hPa","36.4","pmil","0","55.390","deg","20.000","°C","100.000","%a.s.","21.720","deg","20.000","°C","977.000","hPa","0.861","-0.02617","0.00035","0","0","13.56","Humid","26.25","0","44.00","379280.79","SABD0000000001","AAV1.0.0.11","4.0.0.2323","PSt7-10","170328-019","7/29/2022 11:23:46 AM","0000-00","0","no battery","V","","µV","","µV"
"08/11/2022","09:55:04","6","default","383292078","Oxt_06","11.151","min","97.182","%a.s.","Humid","20.679","deg","40837","µV","27.725","°C","1021.000","hPa","36.4","pmil","0","55.390","deg","20.000","°C","100.000","%a.s.","21.720","deg","20.000","°C","977.000","hPa","0.861","-0.02617","0.00035","0","0","13.56","Humid","26.25","0","44.00","379271.82","SABD0000000001","AAV1.0.0.11","4.0.0.2323","PSt7-10","170328-019","7/29/2022 11:23:46 AM","0000-00","0","no battery","V","","µV","","µV"
"08/11/2022","09:55:05","6","default","383292078","Oxt_06","11.167","min","97.238","%a.s.","Humid","20.672","deg","40846","µV","27.731","°C","1021.000","hPa","36.4","pmil","0","55.390","deg","20.000","°C","100.000","%a.s.","21.720","deg","20.000","°C","977.000","hPa","0.861","-0.02617","0.00035","0","0","13.56","Humid","26.25","0","44.00","379256.39","SABD0000000001","AAV1.0.0.11","4.0.0.2323","PSt7-10","170328-019","7/29/2022 11:23:46 AM","0000-00","0","no battery","V","","µV","","µV"
"08/11/2022","09:55:06","6","default","383292078","Oxt_06","11.184","min","97.238","%a.s.","Humid","20.672","deg","40836","µV","27.730","°C","1021.000","hPa","36.4","pmil","0","55.390","deg","20.000","°C","100.000","%a.s.","21.720","deg","20.000","°C","977.000","hPa","0.861","-0.02617","0.00035","0","0","13.56","Humid","26.25","0","44.00","379272.46","SABD0000000001","AAV1.0.0.11","4.0.0.2323","PSt7-10","170328-019","7/29/2022 11:23:46 AM","0000-00","0","no battery","V","","µV","","µV"
"08/11/2022","09:55:07","6","default","383292078","Oxt_06","11.201","min","97.252","%a.s.","Humid","20.671","deg","40841","µV","27.724","°C","1021.000","hPa","36.4","pmil","0","55.390","deg","20.000","°C","100.000","%a.s.","21.720","deg","20.000","°C","977.000","hPa","0.861","-0.02617","0.00035","0","0","13.56","Humid","26.25","0","44.00","379269.69","SABD0000000001","AAV1.0.0.11","4.0.0.2323","PSt7-10","170328-019","7/29/2022 11:23:46 AM","0000-00","0","no battery","V","","µV","","µV"
"08/11/2022","09:55:08","6","default","383292078","Oxt_06","11.217","min","97.290","%a.s.","Humid","20.666","deg","40839","µV","27.731","°C","1021.000","hPa","36.4","pmil","0","55.390","deg","20.000","°C","100.000","%a.s.","21.720","deg","20.000","°C","977.000","hPa","0.861","-0.02617","0.00035","0","0","13.56","Humid","26.25","0","44.00","379273.43","SABD0000000001","AAV1.0.0.11","4.0.0.2323","PSt7-10","170328-019","7/29/2022 11:23:46 AM","0000-00","0","no battery","V","","µV","","µV"
"08/11/2022","09:55:09","6","default","383292078","Oxt_06","11.234","min","97.233","%a.s.","Humid","20.674","deg","40845","µV","27.717","°C","1021.000","hPa","36.4","pmil","0","55.390","deg","20.000","°C","100.000","%a.s.","21.720","deg","20.000","°C","977.000","hPa","0.861","-0.02617","0.00035","0","0","13.56","Humid","26.25","0","44.00","379272.62","SABD0000000001","AAV1.0.0.11","4.0.0.2323","PSt7-10","170328-019","7/29/2022 11:23:46 AM","0000-00","0","no battery","V","","µV","","µV"
"08/11/2022","09:55:10","6","default","383292078","Oxt_06","11.251","min","97.244","%a.s.","Humid","20.672","deg","40831","µV","27.724","°C","1021.000","hPa","36.4","pmil","0","55.390","deg","20.000","°C","100.000","%a.s.","21.720","deg","20.000","°C","977.000","hPa","0.861","-0.02617","0.00035","0","0","13.56","Humid","26.25","0","44.00","379262.06","SABD0000000001","AAV1.0.0.11","4.0.0.2323","PSt7-10","170328-019","7/29/2022 11:23:46 AM","0000-00","0","no battery","V","","µV","","µV"
"08/11/2022","09:55:11","6","default","383292078","Oxt_06","11.267","min","97.193","%a.s.","Humid","20.676","deg","40838","µV","27.741","°C","1021.000","hPa","36.4","pmil","0","55.390","deg","20.000","°C","100.000","%a.s.","21.720","deg","20.000","°C","977.000","hPa","0.861","-0.02617","0.00035","0","0","13.56","Humid","26.25","0","44.00","379258.17","SABD0000000001","AAV1.0.0.11","4.0.0.2323","PSt7-10","170328-019","7/29/2022 11:23:46 AM","0000-00","0","no battery","V","","µV","","µV"
"08/11/2022","09:55:12","6","default","383292078","Oxt_06","11.284","min","97.211","%a.s.","Humid","20.674","deg","40835","µV","27.741","°C","1021.000","hPa","36.4","pmil","0","55.390","deg","20.000","°C","100.000","%a.s.","21.720","deg","20.000","°C","977.000","hPa","0.861","-0.02617","0.00035","0","0","13.56","Humid","26.25","0","44.00","379259.28","SABD0000000001","AAV1.0.0.11","4.0.0.2323","PSt7-10","170328-019","7/29/2022 11:23:46 AM","0000-00","0","no battery","V","","µV","","µV"
"08/11/2022","09:55:13","6","default","383292078","Oxt_06","11.301","min","97.207","%a.s.","Humid","20.675","deg","40837","µV","27.736","°C","1021.000","hPa","36.4","pmil","0","55.390","deg","20.000","°C","100.000","%a.s.","21.720","deg","20.000","°C","977.000","hPa","0.861","-0.02617","0.00035","0","0","13.56","Humid","26.25","0","44.00","379257.87","SABD0000000001","AAV1.0.0.11","4.0.0.2323","PSt7-10","170328-019","7/29/2022 11:23:46 AM","0000-00","0","no battery","V","","µV","","µV"
"08/11/2022","09:55:14","6","default","383292078","Oxt_06","11.317","min","97.226","%a.s.","Humid","20.674","deg","40834","µV","27.725","°C","1021.000","hPa","36.4","pmil","0","55.390","deg","20.000","°C","100.000","%a.s.","21.720","deg","20.000","°C","977.000","hPa","0.861","-0.02617","0.00035","0","0","13.56","Humid","26.25","0","44.00","379261.01","SABD0000000001","AAV1.0.0.11","4.0.0.2323","PSt7-10","170328-019","7/29/2022 11:23:46 AM","0000-00","0","no battery","V","","µV","","µV"
"08/11/2022","09:55:15","6","default","383292078","Oxt_06","11.334","min","97.235","%a.s.","Humid","20.673","deg","40837","µV","27.725","°C","1021.000","hPa","36.4","pmil","0","55.390","deg","20.000","°C","100.000","%a.s.","21.720","deg","20.000","°C","977.000","hPa","0.861","-0.02617","0.00035","0","0","13.56","Humid","26.25","0","44.00","379259.92","SABD0000000001","AAV1.0.0.11","4.0.0.2323","PSt7-10","170328-019","7/29/2022 11:23:46 AM","0000-00","0","no battery","V","","µV","","µV"
"08/11/2022","09:55:16","6","default","383292078","Oxt_06","11.351","min","97.217","%a.s.","Humid","20.675","deg","40840","µV","27.725","°C","1021.000","hPa","36.4","pmil","0","55.390","deg","20.000","°C","100.000","%a.s.","21.720","deg","20.000","°C","977.000","hPa","0.861","-0.02617","0.00035","0","0","13.56","Humid","26.25","0","44.00","379265.81","SABD0000000001","AAV1.0.0.11","4.0.0.2323","PSt7-10","170328-019","7/29/2022 11:23:46 AM","0000-00","0","no battery","V","","µV","","µV"
"08/11/2022","09:55:17","6","default","383292078","Oxt_06","11.367","min","97.243","%a.s.","Humid","20.671","deg","40845","µV","27.734","°C","1021.000","hPa","36.4","pmil","0","55.390","deg","20.000","°C","100.000","%a.s.","21.720","deg","20.000","°C","977.000","hPa","0.861","-0.02617","0.00035","0","0","13.56","Humid","26.25","0","44.00","379260.26","SABD0000000001","AAV1.0.0.11","4.0.0.2323","PSt7-10","170328-019","7/29/2022 11:23:46 AM","0000-00","0","no battery","V","","µV","","µV"
"08/11/2022","09:55:18","6","default","383292078","Oxt_06","11.384","min","97.265","%a.s.","Humid","20.668","deg","40838","µV","27.738","°C","1021.000","hPa","36.4","pmil","0","55.390","deg","20.000","°C","100.000","%a.s.","21.720","deg","20.000","°C","977.000","hPa","0.861","-0.02617","0.00035","0","0","13.56","Humid","26.25","0","44.00","379267.42","SABD0000000001","AAV1.0.0.11","4.0.0.2323","PSt7-10","170328-019","7/29/2022 11:23:46 AM","0000-00","0","no battery","V","","µV","","µV"
"08/11/2022","09:55:19","6","default","383292078","Oxt_06","11.400","min","97.165","%a.s.","Humid","20.681","deg","40835","µV","27.724","°C","1021.000","hPa","36.4","pmil","0","55.390","deg","20.000","°C","100.000","%a.s.","21.720","deg","20.000","°C","977.000","hPa","0.861","-0.02617","0.00035","0","0","13.56","Humid","26.25","0","44.00","379266.05","SABD0000000001","AAV1.0.0.11","4.0.0.2323","PSt7-10","170328-019","7/29/2022 11:23:46 AM","0000-00","0","no battery","V","","µV","","µV"
"08/11/2022","09:55:20","6","default","383292078","Oxt_06","11.417","min","97.209","%a.s.","Humid","20.676","deg","40845","µV","27.724","°C","1021.000","hPa","36.4","pmil","0","55.390","deg","20.000","°C","100.000","%a.s.","21.720","deg","20.000","°C","977.000","hPa","0.861","-0.02617","0.00035","0","0","13.56","Humid","26.25","0","44.00","379257.81","SABD0000000001","AAV1.0.0.11","4.0.0.2323","PSt7-10","170328-019","7/29/2022 11:23:46 AM","0000-00","0","no battery","V","","µV","","µV"
"08/11/2022","09:55:21","6","default","383292078","Oxt_06","11.434","min","97.235","%a.s.","Humid","20.673","deg","40847","µV","27.724","°C","1021.000","hPa","36.4","pmil","0","55.390","deg","20.000","°C","100.000","%a.s.","21.720","deg","20.000","°C","977.000","hPa","0.861","-0.02617","0.00035","0","0","13.56","Humid","26.25","0","44.00","379257.56","SABD0000000001","AAV1.0.0.11","4.0.0.2323","PSt7-10","170328-019","7/29/2022 11:23:46 AM","0000-00","0","no battery","V","","µV","","µV"
"08/11/2022","09:55:22","6","default","383292078","Oxt_06","11.450","min","97.265","%a.s.","Humid","20.669","deg","40844","µV","27.730","°C","1021.000","hPa","36.4","pmil","0","55.390","deg","20.000","°C","100.000","%a.s.","21.720","deg","20.000","°C","977.000","hPa","0.861","-0.02617","0.00035","0","0","13.56","Humid","26.25","0","44.00","379239.00","SABD0000000001","AAV1.0.0.11","4.0.0.2323","PSt7-10","170328-019","7/29/2022 11:23:46 AM","0000-00","0","no battery","V","","µV","","µV"
"08/11/2022","09:55:23","6","default","383292078","Oxt_06","11.467","min","97.271","%a.s.","Humid","20.668","deg","40844","µV","27.732","°C","1021.000","hPa","36.4","pmil","0","55.390","deg","20.000","°C","100.000","%a.s.","21.720","deg","20.000","°C","977.000","hPa","0.861","-0.02617","0.00035","0","0","13.56","Humid","26.25","0","44.00","379243.87","SABD0000000001","AAV1.0.0.11","4.0.0.2323","PSt7-10","170328-019","7/29/2022 11:23:46 AM","0000-00","0","no battery","V","","µV","","µV"
"08/11/2022","09:55:24","6","default","383292078","Oxt_06","11.485","min","97.225","%a.s.","Humid","20.674","deg","40841","µV","27.726","°C","1021.000","hPa","36.4","pmil","0","55.390","deg","20.000","°C","100.000","%a.s.","21.720","deg","20.000","°C","977.000","hPa","0.861","-0.02617","0.00035","0","0","13.56","Humid","26.25","0","44.00","379244.06","SABD0000000001","AAV1.0.0.11","4.0.0.2323","PSt7-10","170328-019","7/29/2022 11:23:46 AM","0000-00","0","no battery","V","","µV","","µV"
"08/11/2022","09:55:25","6","default","383292078","Oxt_06","11.501","min","97.217","%a.s.","Humid","20.674","deg","40844","µV","27.734","°C","1021.000","hPa","36.4","pmil","0","55.390","deg","20.000","°C","100.000","%a.s.","21.720","deg","20.000","°C","977.000","hPa","0.861","-0.02617","0.00035","0","0","13.56","Humid","26.25","0","44.00","379242.02","SABD0000000001","AAV1.0.0.11","4.0.0.2323","PSt7-10","170328-019","7/29/2022 11:23:46 AM","0000-00","0","no battery","V","","µV","","µV"
"08/11/2022","09:55:26","6","default","383292078","Oxt_06","11.518","min","97.304","%a.s.","Humid","20.665","deg","40843","µV","27.725","°C","1021.000","hPa","36.4","pmil","0","55.390","deg","20.000","°C","100.000","%a.s.","21.720","deg","20.000","°C","977.000","hPa","0.861","-0.02617","0.00035","0","0","13.56","Humid","26.25","0","44.00","379251.95","SABD0000000001","AAV1.0.0.11","4.0.0.2323","PSt7-10","170328-019","7/29/2022 11:23:46 AM","0000-00","0","no battery","V","","µV","","µV"
"08/11/2022","09:55:27","6","default","383292078","Oxt_06","11.535","min","97.251","%a.s.","Humid","20.670","deg","40845","µV","27.735","°C","1021.000","hPa","36.4","pmil","0","55.390","deg","20.000","°C","100.000","%a.s.","21.720","deg","20.000","°C","977.000","hPa","0.861","-0.02617","0.00035","0","0","13.56","Humid","26.25","0","44.00","379260.56","SABD0000000001","AAV1.0.0.11","4.0.0.2323","PSt7-10","170328-019","7/29/2022 11:23:46 AM","0000-00","0","no battery","V","","µV","","µV"
"08/11/2022","09:55:28","6","default","383292078","Oxt_06","11.551","min","97.246","%a.s.","Humid","20.672","deg","40846","µV","27.721","°C","1021.000","hPa","36.4","pmil","0","55.390","deg","20.000","°C","100.000","%a.s.","21.720","deg","20.000","°C","977.000","hPa","0.861","-0.02617","0.00035","0","0","13.56","Humid","26.25","0","44.00","379251.05","SABD0000000001","AAV1.0.0.11","4.0.0.2323","PSt7-10","170328-019","7/29/2022 11:23:46 AM","0000-00","0","no battery","V","","µV","","µV"
"08/11/2022","09:55:29","6","default","383292078","Oxt_06","11.568","min","97.203","%a.s.","Humid","20.677","deg","40841","µV","27.721","°C","1021.000","hPa","36.4","pmil","0","55.390","deg","20.000","°C","100.000","%a.s.","21.720","deg","20.000","°C","977.000","hPa","0.861","-0.02617","0.00035","0","0","13.56","Humid","26.25","0","44.00","379245.06","SABD0000000001","AAV1.0.0.11","4.0.0.2323","PSt7-10","170328-019","7/29/2022 11:23:46 AM","0000-00","0","no battery","V","","µV","","µV"
"08/11/2022","09:55:30","6","default","383292078","Oxt_06","11.584","min","97.169","%a.s.","Humid","20.681","deg","40842","µV","27.721","°C","1021.000","hPa","36.4","pmil","0","55.390","deg","20.000","°C","100.000","%a.s.","21.720","deg","20.000","°C","977.000","hPa","0.861","-0.02617","0.00035","0","0","13.56","Humid","26.25","0","44.00","379241.82","SABD0000000001","AAV1.0.0.11","4.0.0.2323","PSt7-10","170328-019","7/29/2022 11:23:46 AM","0000-00","0","no battery","V","","µV","","µV"
"08/11/2022","09:55:31","6","default","383292078","Oxt_06","11.601","min","97.207","%a.s.","Humid","20.675","deg","40843","µV","27.736","°C","1021.000","hPa","36.4","pmil","0","55.390","deg","20.000","°C","100.000","%a.s.","21.720","deg","20.000","°C","977.000","hPa","0.861","-0.02617","0.00035","0","0","13.56","Humid","26.25","0","44.00","379231.73","SABD0000000001","AAV1.0.0.11","4.0.0.2323","PSt7-10","170328-019","7/29/2022 11:23:46 AM","0000-00","0","no battery","V","","µV","","µV"
"08/11/2022","09:55:32","6","default","383292078","Oxt_06","11.618","min","97.185","%a.s.","Humid","20.677","deg","40842","µV","27.740","°C","1021.000","hPa","36.4","pmil","0","55.390","deg","20.000","°C","100.000","%a.s.","21.720","deg","20.000","°C","977.000","hPa","0.861","-0.02617","0.00035","0","0","13.56","Humid","26.25","0","44.00","379236.06","SABD0000000001","AAV1.0.0.11","4.0.0.2323","PSt7-10","170328-019","7/29/2022 11:23:46 AM","0000-00","0","no battery","V","","µV","","µV"
"08/11/2022","09:55:33","6","default","383292078","Oxt_06","11.634","min","97.124","%a.s.","Humid","20.685","deg","40844","µV","27.731","°C","1021.000","hPa","36.4","pmil","0","55.390","deg","20.000","°C","100.000","%a.s.","21.720","deg","20.000","°C","977.000","hPa","0.861","-0.02617","0.00035","0","0","13.56","Humid","26.25","0","44.00","379240.11","SABD0000000001","AAV1.0.0.11","4.0.0.2323","PSt7-10","170328-019","7/29/2022 11:23:46 AM","0000-00","0","no battery","V","","µV","","µV"
"08/11/2022","09:55:34","6","default","383292078","Oxt_06","11.651","min","97.279","%a.s.","Humid","20.667","deg","40843","µV","27.734","°C","1021.000","hPa","36.4","pmil","0","55.390","deg","20.000","°C","100.000","%a.s.","21.720","deg","20.000","°C","977.000","hPa","0.861","-0.02617","0.00035","0","0","13.56","Humid","26.25","0","44.00","379238.61","SABD0000000001","AAV1.0.0.11","4.0.0.2323","PSt7-10","170328-019","7/29/2022 11:23:46 AM","0000-00","0","no battery","V","","µV","","µV"
"08/11/2022","09:55:35","6","default","383292078","Oxt_06","11.668","min","97.222","%a.s.","Humid","20.674","deg","40841","µV","27.729","°C","1021.000","hPa","36.4","pmil","0","55.390","deg","20.000","°C","100.000","%a.s.","21.720","deg","20.000","°C","977.000","hPa","0.861","-0.02617","0.00035","0","0","13.56","Humid","26.25","0","44.00","379240.66","SABD0000000001","AAV1.0.0.11","4.0.0.2323","PSt7-10","170328-019","7/29/2022 11:23:46 AM","0000-00","0","no battery","V","","µV","","µV"
"08/11/2022","09:55:36","6","default","383292078","Oxt_06","11.684","min","97.107","%a.s.","Humid","20.687","deg","40849","µV","27.730","°C","1021.000","hPa","36.4","pmil","0","55.390","deg","20.000","°C","100.000","%a.s.","21.720","deg","20.000","°C","977.000","hPa","0.861","-0.02617","0.00035","0","0","13.56","Humid","26.25","0","44.00","379239.57","SABD0000000001","AAV1.0.0.11","4.0.0.2323","PSt7-10","170328-019","7/29/2022 11:23:46 AM","0000-00","0","no battery","V","","µV","","µV"
"08/11/2022","09:55:37","6","default","383292078","Oxt_06","11.701","min","97.082","%a.s.","Humid","20.689","deg","40845","µV","27.738","°C","1021.000","hPa","36.4","pmil","0","55.390","deg","20.000","°C","100.000","%a.s.","21.720","deg","20.000","°C","977.000","hPa","0.861","-0.02617","0.00035","0","0","13.56","Humid","26.25","0","44.00","379231.12","SABD0000000001","AAV1.0.0.11","4.0.0.2323","PSt7-10","170328-019","7/29/2022 11:23:46 AM","0000-00","0","no battery","V","","µV","","µV"
"08/11/2022","09:55:38","6","default","383292078","Oxt_06","11.718","min","97.223","%a.s.","Humid","20.674","deg","40843","µV","27.728","°C","1021.000","hPa","36.4","pmil","0","55.390","deg","20.000","°C","100.000","%a.s.","21.720","deg","20.000","°C","977.000","hPa","0.861","-0.02617","0.00035","0","0","13.56","Humid","26.25","0","44.00","379233.47","SABD0000000001","AAV1.0.0.11","4.0.0.2323","PSt7-10","170328-019","7/29/2022 11:23:46 AM","0000-00","0","no battery","V","","µV","","µV"
"08/11/2022","09:55:39","6","default","383292078","Oxt_06","11.734","min","97.203","%a.s.","Humid","20.676","deg","40838","µV","27.730","°C","1021.000","hPa","36.4","pmil","0","55.390","deg","20.000","°C","100.000","%a.s.","21.720","deg","20.000","°C","977.000","hPa","0.861","-0.02617","0.00035","0","0","13.56","Humid","26.25","0","44.00","379232.63","SABD0000000001","AAV1.0.0.11","4.0.0.2323","PSt7-10","170328-019","7/29/2022 11:23:46 AM","0000-00","0","no battery","V","","µV","","µV"
"08/11/2022","09:55:40","6","default","383292078","Oxt_06","11.751","min","97.139","%a.s.","Humid","20.683","deg","40848","µV","27.734","°C","1021.000","hPa","36.4","pmil","0","55.390","deg","20.000","°C","100.000","%a.s.","21.720","deg","20.000","°C","977.000","hPa","0.861","-0.02617","0.00035","0","0","13.56","Humid","26.25","0","44.00","379236.84","SABD0000000001","AAV1.0.0.11","4.0.0.2323","PSt7-10","170328-019","7/29/2022 11:23:46 AM","0000-00","0","no battery","V","","µV","","µV"
"08/11/2022","09:55:41","6","default","383292078","Oxt_06","11.767","min","97.212","%a.s.","Humid","20.674","deg","40844","µV","27.740","°C","1021.000","hPa","36.4","pmil","0","55.390","deg","20.000","°C","100.000","%a.s.","21.720","deg","20.000","°C","977.000","hPa","0.861","-0.02617","0.00035","0","0","13.56","Humid","26.25","0","44.00","379219.10","SABD0000000001","AAV1.0.0.11","4.0.0.2323","PSt7-10","170328-019","7/29/2022 11:23:46 AM","0000-00","0","no battery","V","","µV","","µV"
"08/11/2022","09:55:42","6","default","383292078","Oxt_06","11.784","min","97.174","%a.s.","Humid","20.679","deg","40850","µV","27.734","°C","1021.000","hPa","36.4","pmil","0","55.390","deg","20.000","°C","100.000","%a.s.","21.720","deg","20.000","°C","977.000","hPa","0.861","-0.02617","0.00035","0","0","13.56","Humid","26.25","0","44.00","379223.56","SABD0000000001","AAV1.0.0.11","4.0.0.2323","PSt7-10","170328-019","7/29/2022 11:23:46 AM","0000-00","0","no battery","V","","µV","","µV"
"08/11/2022","09:55:43","6","default","383292078","Oxt_06","11.801","min","97.212","%a.s.","Humid","20.676","deg","40844","µV","27.721","°C","1021.000","hPa","36.4","pmil","0","55.390","deg","20.000","°C","100.000","%a.s.","21.720","deg","20.000","°C","977.000","hPa","0.861","-0.02617","0.00035","0","0","13.56","Humid","26.25","0","44.00","379227.43","SABD0000000001","AAV1.0.0.11","4.0.0.2323","PSt7-10","170328-019","7/29/2022 11:23:46 AM","0000-00","0","no battery","V","","µV","","µV"
"08/11/2022","09:55:44","6","default","383292078","Oxt_06","11.817","min","97.195","%a.s.","Humid","20.677","deg","40845","µV","27.730","°C","1021.000","hPa","36.4","pmil","0","55.390","deg","20.000","°C","100.000","%a.s.","21.720","deg","20.000","°C","977.000","hPa","0.861","-0.02617","0.00035","0","0","13.56","Humid","26.25","0","44.00","379220.51","SABD0000000001","AAV1.0.0.11","4.0.0.2323","PSt7-10","170328-019","7/29/2022 11:23:46 AM","0000-00","0","no battery","V","","µV","","µV"
"08/11/2022","09:55:45","6","default","383292078","Oxt_06","11.834","min","97.144","%a.s.","Humid","20.682","deg","40846","µV","27.737","°C","1021.000","hPa","36.4","pmil","0","55.390","deg","20.000","°C","100.000","%a.s.","21.720","deg","20.000","°C","977.000","hPa","0.861","-0.02617","0.00035","0","0","13.56","Humid","26.25","0","44.00","379228.25","SABD0000000001","AAV1.0.0.11","4.0.0.2323","PSt7-10","170328-019","7/29/2022 11:23:46 AM","0000-00","0","no battery","V","","µV","","µV"
"08/11/2022","09:55:46","6","default","383292078","Oxt_06","11.851","min","97.162","%a.s.","Humid","20.681","deg","40847","µV","27.728","°C","1021.000","hPa","36.4","pmil","0","55.390","deg","20.000","°C","100.000","%a.s.","21.720","deg","20.000","°C","977.000","hPa","0.861","-0.02617","0.00035","0","0","13.56","Humid","26.25","0","44.00","379247.19","SABD0000000001","AAV1.0.0.11","4.0.0.2323","PSt7-10","170328-019","7/29/2022 11:23:46 AM","0000-00","0","no battery","V","","µV","","µV"
"08/11/2022","09:55:47","6","default","383292078","Oxt_06","11.867","min","97.185","%a.s.","Humid","20.678","deg","40840","µV","27.731","°C","1021.000","hPa","36.4","pmil","0","55.390","deg","20.000","°C","100.000","%a.s.","21.720","deg","20.000","°C","977.000","hPa","0.861","-0.02617","0.00035","0","0","13.56","Humid","26.25","0","44.00","379236.89","SABD0000000001","AAV1.0.0.11","4.0.0.2323","PSt7-10","170328-019","7/29/2022 11:23:46 AM","0000-00","0","no battery","V","","µV","","µV"
"08/11/2022","09:55:48","6","default","383292078","Oxt_06","11.884","min","97.226","%a.s.","Humid","20.674","deg","40846","µV","27.725","°C","1021.000","hPa","36.4","pmil","0","55.390","deg","20.000","°C","100.000","%a.s.","21.720","deg","20.000","°C","977.000","hPa","0.861","-0.02617","0.00035","0","0","13.56","Humid","26.25","0","44.00","379237.83","SABD0000000001","AAV1.0.0.11","4.0.0.2323","PSt7-10","170328-019","7/29/2022 11:23:46 AM","0000-00","0","no battery","V","","µV","","µV"
"08/11/2022","09:55:49","6","default","383292078","Oxt_06","11.901","min","97.163","%a.s.","Humid","20.682","deg","40848","µV","27.717","°C","1021.000","hPa","36.4","pmil","0","55.390","deg","20.000","°C","100.000","%a.s.","21.720","deg","20.000","°C","977.000","hPa","0.861","-0.02617","0.00035","0","0","13.56","Humid","26.25","0","44.00","379229.62","SABD0000000001","AAV1.0.0.11","4.0.0.2323","PSt7-10","170328-019","7/29/2022 11:23:46 AM","0000-00","0","no battery","V","","µV","","µV"
"08/11/2022","09:55:50","6","default","383292078","Oxt_06","11.917","min","97.181","%a.s.","Humid","20.679","deg","40845","µV","27.726","°C","1021.000","hPa","36.4","pmil","0","55.390","deg","20.000","°C","100.000","%a.s.","21.720","deg","20.000","°C","977.000","hPa","0.861","-0.02617","0.00035","0","0","13.56","Humid","26.25","0","44.00","379242.12","SABD0000000001","AAV1.0.0.11","4.0.0.2323","PSt7-10","170328-019","7/29/2022 11:23:46 AM","0000-00","0","no battery","V","","µV","","µV"
"08/11/2022","09:55:51","6","default","383292078","Oxt_06","11.934","min","97.156","%a.s.","Humid","20.682","deg","40840","µV","27.725","°C","1021.000","hPa","36.4","pmil","0","55.390","deg","20.000","°C","100.000","%a.s.","21.720","deg","20.000","°C","977.000","hPa","0.861","-0.02617","0.00035","0","0","13.56","Humid","26.25","0","44.00","379236.58","SABD0000000001","AAV1.0.0.11","4.0.0.2323","PSt7-10","170328-019","7/29/2022 11:23:46 AM","0000-00","0","no battery","V","","µV","","µV"
"08/11/2022","09:55:52","6","default","383292078","Oxt_06","11.950","min","97.188","%a.s.","Humid","20.678","deg","40849","µV","27.728","°C","1021.000","hPa","36.4","pmil","0","55.390","deg","20.000","°C","100.000","%a.s.","21.720","deg","20.000","°C","977.000","hPa","0.861","-0.02617","0.00035","0","0","13.56","Humid","26.25","0","44.00","379237.74","SABD0000000001","AAV1.0.0.11","4.0.0.2323","PSt7-10","170328-019","7/29/2022 11:23:46 AM","0000-00","0","no battery","V","","µV","","µV"
"08/11/2022","09:55:53","6","default","383292078","Oxt_06","11.967","min","97.219","%a.s.","Humid","20.675","deg","40844","µV","27.723","°C","1021.000","hPa","36.4","pmil","0","55.390","deg","20.000","°C","100.000","%a.s.","21.720","deg","20.000","°C","977.000","hPa","0.861","-0.02617","0.00035","0","0","13.56","Humid","26.25","0","44.00","379219.48","SABD0000000001","AAV1.0.0.11","4.0.0.2323","PSt7-10","170328-019","7/29/2022 11:23:46 AM","0000-00","0","no battery","V","","µV","","µV"
"08/11/2022","09:55:54","6","default","383292078","Oxt_06","11.984","min","97.169","%a.s.","Humid","20.680","deg","40850","µV","27.730","°C","1021.000","hPa","36.4","pmil","0","55.390","deg","20.000","°C","100.000","%a.s.","21.720","deg","20.000","°C","977.000","hPa","0.861","-0.02617","0.00035","0","0","13.56","Humid","26.25","0","44.00","379231.07","SABD0000000001","AAV1.0.0.11","4.0.0.2323","PSt7-10","170328-019","7/29/2022 11:23:46 AM","0000-00","0","no battery","V","","µV","","µV"
"08/11/2022","09:55:55","6","default","383292078","Oxt_06","12.001","min","97.161","%a.s.","Humid","20.680","deg","40844","µV","27.739","°C","1021.000","hPa","36.4","pmil","0","55.390","deg","20.000","°C","100.000","%a.s.","21.720","deg","20.000","°C","977.000","hPa","0.861","-0.02617","0.00035","0","0","13.56","Humid","26.25","0","44.00","379221.12","SABD0000000001","AAV1.0.0.11","4.0.0.2323","PSt7-10","170328-019","7/29/2022 11:23:46 AM","0000-00","0","no battery","V","","µV","","µV"
"08/11/2022","09:55:56","6","default","383292078","Oxt_06","12.018","min","97.196","%a.s.","Humid","20.677","deg","40847","µV","27.729","°C","1021.000","hPa","36.4","pmil","0","55.390","deg","20.000","°C","100.000","%a.s.","21.720","deg","20.000","°C","977.000","hPa","0.861","-0.02617","0.00035","0","0","13.56","Humid","26.25","0","44.00","379222.00","SABD0000000001","AAV1.0.0.11","4.0.0.2323","PSt7-10","170328-019","7/29/2022 11:23:46 AM","0000-00","0","no battery","V","","µV","","µV"
"08/11/2022","09:55:57","6","default","383292078","Oxt_06","12.035","min","97.140","%a.s.","Humid","20.683","deg","40850","µV","27.733","°C","1021.000","hPa","36.4","pmil","0","55.390","deg","20.000","°C","100.000","%a.s.","21.720","deg","20.000","°C","977.000","hPa","0.861","-0.02617","0.00035","0","0","13.56","Humid","26.25","0","44.00","379230.72","SABD0000000001","AAV1.0.0.11","4.0.0.2323","PSt7-10","170328-019","7/29/2022 11:23:46 AM","0000-00","0","no battery","V","","µV","","µV"
"08/11/2022","09:55:58","6","default","383292078","Oxt_06","12.051","min","97.146","%a.s.","Humid","20.683","deg","40846","µV","27.727","°C","1021.000","hPa","36.4","pmil","0","55.390","deg","20.000","°C","100.000","%a.s.","21.720","deg","20.000","°C","977.000","hPa","0.861","-0.02617","0.00035","0","0","13.56","Humid","26.25","0","44.00","379230.42","SABD0000000001","AAV1.0.0.11","4.0.0.2323","PSt7-10","170328-019","7/29/2022 11:23:46 AM","0000-00","0","no battery","V","","µV","","µV"
"08/11/2022","09:55:59","6","default","383292078","Oxt_06","12.068","min","97.250","%a.s.","Humid","20.670","deg","40851","µV","27.736","°C","1021.000","hPa","36.4","pmil","0","55.390","deg","20.000","°C","100.000","%a.s.","21.720","deg","20.000","°C","977.000","hPa","0.861","-0.02617","0.00035","0","0","13.56","Humid","26.25","0","44.00","379232.88","SABD0000000001","AAV1.0.0.11","4.0.0.2323","PSt7-10","170328-019","7/29/2022 11:23:46 AM","0000-00","0","no battery","V","","µV","","µV"
"08/11/2022","09:56:00","6","default","383292078","Oxt_06","12.084","min","97.116","%a.s.","Humid","20.686","deg","40855","µV","27.730","°C","1021.000","hPa","36.4","pmil","0","55.390","deg","20.000","°C","100.000","%a.s.","21.720","deg","20.000","°C","977.000","hPa","0.861","-0.02617","0.00035","0","0","13.56","Humid","26.25","0","44.00","379237.09","SABD0000000001","AAV1.0.0.11","4.0.0.2323","PSt7-10","170328-019","7/29/2022 11:23:46 AM","0000-00","0","no battery","V","","µV","","µV"
"08/11/2022","09:56:01","6","default","383292078","Oxt_06","12.101","min","97.171","%a.s.","Humid","20.680","deg","40850","µV","27.728","°C","1021.000","hPa","36.4","pmil","0","55.390","deg","20.000","°C","100.000","%a.s.","21.720","deg","20.000","°C","977.000","hPa","0.861","-0.02617","0.00035","0","0","13.56","Humid","26.25","0","44.00","379209.94","SABD0000000001","AAV1.0.0.11","4.0.0.2323","PSt7-10","170328-019","7/29/2022 11:23:46 AM","0000-00","0","no battery","V","","µV","","µV"
"08/11/2022","09:56:02","6","default","383292078","Oxt_06","12.118","min","97.170","%a.s.","Humid","20.681","deg","40850","µV","27.719","°C","1021.000","hPa","36.4","pmil","0","55.390","deg","20.000","°C","100.000","%a.s.","21.720","deg","20.000","°C","977.000","hPa","0.861","-0.02617","0.00035","0","0","13.56","Humid","26.25","0","44.00","379219.73","SABD0000000001","AAV1.0.0.11","4.0.0.2323","PSt7-10","170328-019","7/29/2022 11:23:46 AM","0000-00","0","no battery","V","","µV","","µV"
"08/11/2022","09:56:03","6","default","383292078","Oxt_06","12.134","min","97.170","%a.s.","Humid","20.680","deg","40851","µV","27.728","°C","1021.000","hPa","36.4","pmil","0","55.390","deg","20.000","°C","100.000","%a.s.","21.720","deg","20.000","°C","977.000","hPa","0.861","-0.02617","0.00035","0","0","13.56","Humid","26.25","0","44.00","379220.44","SABD0000000001","AAV1.0.0.11","4.0.0.2323","PSt7-10","170328-019","7/29/2022 11:23:46 AM","0000-00","0","no battery","V","","µV","","µV"
"08/11/2022","09:56:04","6","default","383292078","Oxt_06","12.151","min","97.198","%a.s.","Humid","20.677","deg","40851","µV","27.726","°C","1021.000","hPa","36.4","pmil","0","55.390","deg","20.000","°C","100.000","%a.s.","21.720","deg","20.000","°C","977.000","hPa","0.861","-0.02617","0.00035","0","0","13.56","Humid","26.25","0","44.00","379226.24","SABD0000000001","AAV1.0.0.11","4.0.0.2323","PSt7-10","170328-019","7/29/2022 11:23:46 AM","0000-00","0","no battery","V","","µV","","µV"
"08/11/2022","09:56:05","6","default","383292078","Oxt_06","12.168","min","97.193","%a.s.","Humid","20.677","deg","40853","µV","27.732","°C","1021.000","hPa","36.4","pmil","0","55.390","deg","20.000","°C","100.000","%a.s.","21.720","deg","20.000","°C","977.000","hPa","0.861","-0.02617","0.00035","0","0","13.56","Humid","26.25","0","44.00","379228.08","SABD0000000001","AAV1.0.0.11","4.0.0.2323","PSt7-10","170328-019","7/29/2022 11:23:46 AM","0000-00","0","no battery","V","","µV","","µV"
"08/11/2022","09:56:06","6","default","383292078","Oxt_06","12.184","min","97.135","%a.s.","Humid","20.685","deg","40847","µV","27.719","°C","1021.000","hPa","36.4","pmil","0","55.390","deg","20.000","°C","100.000","%a.s.","21.720","deg","20.000","°C","977.000","hPa","0.861","-0.02617","0.00035","0","0","13.56","Humid","26.25","0","44.00","379215.11","SABD0000000001","AAV1.0.0.11","4.0.0.2323","PSt7-10","170328-019","7/29/2022 11:23:46 AM","0000-00","0","no battery","V","","µV","","µV"
"08/11/2022","09:56:07","6","default","383292078","Oxt_06","12.201","min","97.168","%a.s.","Humid","20.681","deg","40859","µV","27.722","°C","1021.000","hPa","36.4","pmil","0","55.390","deg","20.000","°C","100.000","%a.s.","21.720","deg","20.000","°C","977.000","hPa","0.861","-0.02617","0.00035","0","0","13.56","Humid","26.25","0","44.00","379224.78","SABD0000000001","AAV1.0.0.11","4.0.0.2323","PSt7-10","170328-019","7/29/2022 11:23:46 AM","0000-00","0","no battery","V","","µV","","µV"
"08/11/2022","09:56:08","6","default","383292078","Oxt_06","12.217","min","97.221","%a.s.","Humid","20.676","deg","40850","µV","27.711","°C","1021.000","hPa","36.4","pmil","0","55.390","deg","20.000","°C","100.000","%a.s.","21.720","deg","20.000","°C","977.000","hPa","0.861","-0.02617","0.00035","0","0","13.56","Humid","26.25","0","44.00","379219.90","SABD0000000001","AAV1.0.0.11","4.0.0.2323","PSt7-10","170328-019","7/29/2022 11:23:46 AM","0000-00","0","no battery","V","","µV","","µV"
"08/11/2022","09:56:09","6","default","383292078","Oxt_06","12.234","min","97.286","%a.s.","Humid","20.666","deg","40849","µV","27.735","°C","1021.000","hPa","36.4","pmil","0","55.390","deg","20.000","°C","100.000","%a.s.","21.720","deg","20.000","°C","977.000","hPa","0.861","-0.02617","0.00035","0","0","13.56","Humid","26.25","0","44.00","379212.85","SABD0000000001","AAV1.0.0.11","4.0.0.2323","PSt7-10","170328-019","7/29/2022 11:23:46 AM","0000-00","0","no battery","V","","µV","","µV"
"08/11/2022","09:56:10","6","default","383292078","Oxt_06","12.251","min","97.137","%a.s.","Humid","20.682","deg","40854","µV","27.745","°C","1021.000","hPa","36.4","pmil","0","55.390","deg","20.000","°C","100.000","%a.s.","21.720","deg","20.000","°C","977.000","hPa","0.861","-0.02617","0.00035","0","0","13.56","Humid","26.25","0","44.00","379209.71","SABD0000000001","AAV1.0.0.11","4.0.0.2323","PSt7-10","170328-019","7/29/2022 11:23:46 AM","0000-00","0","no battery","V","","µV","","µV"
"08/11/2022","09:56:11","6","default","383292078","Oxt_06","12.267","min","97.103","%a.s.","Humid","20.687","deg","40854","µV","27.735","°C","1021.000","hPa","36.4","pmil","0","55.390","deg","20.000","°C","100.000","%a.s.","21.720","deg","20.000","°C","977.000","hPa","0.861","-0.02617","0.00035","0","0","13.56","Humid","26.25","0","44.00","379210.38","SABD0000000001","AAV1.0.0.11","4.0.0.2323","PSt7-10","170328-019","7/29/2022 11:23:46 AM","0000-00","0","no battery","V","","µV","","µV"
"08/11/2022","09:56:12","6","default","383292078","Oxt_06","12.284","min","97.187","%a.s.","Humid","20.677","deg","40853","µV","27.738","°C","1021.000","hPa","36.4","pmil","0","55.390","deg","20.000","°C","100.000","%a.s.","21.720","deg","20.000","°C","977.000","hPa","0.861","-0.02617","0.00035","0","0","13.56","Humid","26.25","0","44.00","379214.42","SABD0000000001","AAV1.0.0.11","4.0.0.2323","PSt7-10","170328-019","7/29/2022 11:23:46 AM","0000-00","0","no battery","V","","µV","","µV"
"08/11/2022","09:56:13","6","default","383292078","Oxt_06","12.301","min","97.081","%a.s.","Humid","20.689","deg","40852","µV","27.740","°C","1021.000","hPa","36.4","pmil","0","55.390","deg","20.000","°C","100.000","%a.s.","21.720","deg","20.000","°C","977.000","hPa","0.861","-0.02617","0.00035","0","0","13.56","Humid","26.25","0","44.00","379208.19","SABD0000000001","AAV1.0.0.11","4.0.0.2323","PSt7-10","170328-019","7/29/2022 11:23:46 AM","0000-00","0","no battery","V","","µV","","µV"
"08/11/2022","09:56:14","6","default","383292078","Oxt_06","12.317","min","97.171","%a.s.","Humid","20.679","deg","40855","µV","27.737","°C","1021.000","hPa","36.4","pmil","0","55.390","deg","20.000","°C","100.000","%a.s.","21.720","deg","20.000","°C","977.000","hPa","0.861","-0.02617","0.00035","0","0","13.56","Humid","26.25","0","44.00","379215.46","SABD0000000001","AAV1.0.0.11","4.0.0.2323","PSt7-10","170328-019","7/29/2022 11:23:46 AM","0000-00","0","no battery","V","","µV","","µV"
"08/11/2022","09:56:15","6","default","383292078","Oxt_06","12.334","min","97.186","%a.s.","Humid","20.676","deg","40856","µV","27.748","°C","1021.000","hPa","36.4","pmil","0","55.390","deg","20.000","°C","100.000","%a.s.","21.720","deg","20.000","°C","977.000","hPa","0.861","-0.02617","0.00035","0","0","13.56","Humid","26.25","0","44.00","379217.37","SABD0000000001","AAV1.0.0.11","4.0.0.2323","PSt7-10","170328-019","7/29/2022 11:23:46 AM","0000-00","0","no battery","V","","µV","","µV"
"08/11/2022","09:56:16","6","default","383292078","Oxt_06","12.350","min","97.099","%a.s.","Humid","20.688","deg","40851","µV","27.730","°C","1021.000","hPa","36.4","pmil","0","55.390","deg","20.000","°C","100.000","%a.s.","21.720","deg","20.000","°C","977.000","hPa","0.861","-0.02617","0.00035","0","0","13.56","Humid","26.25","0","44.00","379197.35","SABD0000000001","AAV1.0.0.11","4.0.0.2323","PSt7-10","170328-019","7/29/2022 11:23:46 AM","0000-00","0","no battery","V","","µV","","µV"
"08/11/2022","09:56:17","6","default","383292078","Oxt_06","12.367","min","97.133","%a.s.","Humid","20.685","deg","40854","µV","27.721","°C","1021.000","hPa","36.4","pmil","0","55.390","deg","20.000","°C","100.000","%a.s.","21.720","deg","20.000","°C","977.000","hPa","0.861","-0.02617","0.00035","0","0","13.56","Humid","26.25","0","44.00","379209.57","SABD0000000001","AAV1.0.0.11","4.0.0.2323","PSt7-10","170328-019","7/29/2022 11:23:46 AM","0000-00","0","no battery","V","","µV","","µV"
"08/11/2022","09:56:18","6","default","383292078","Oxt_06","12.384","min","97.150","%a.s.","Humid","20.681","deg","40855","µV","27.741","°C","1021.000","hPa","36.4","pmil","0","55.390","deg","20.000","°C","100.000","%a.s.","21.720","deg","20.000","°C","977.000","hPa","0.861","-0.02617","0.00035","0","0","13.56","Humid","26.25","0","44.00","379210.23","SABD0000000001","AAV1.0.0.11","4.0.0.2323","PSt7-10","170328-019","7/29/2022 11:23:46 AM","0000-00","0","no battery","V","","µV","","µV"
"08/11/2022","09:56:19","6","default","383292078","Oxt_06","12.400","min","97.143","%a.s.","Humid","20.682","deg","40852","µV","27.738","°C","1021.000","hPa","36.4","pmil","0","55.390","deg","20.000","°C","100.000","%a.s.","21.720","deg","20.000","°C","977.000","hPa","0.861","-0.02617","0.00035","0","0","13.56","Humid","26.25","0","44.00","379195.07","SABD0000000001","AAV1.0.0.11","4.0.0.2323","PSt7-10","170328-019","7/29/2022 11:23:46 AM","0000-00","0","no battery","V","","µV","","µV"
"08/11/2022","09:56:20","6","default","383292078","Oxt_06","12.417","min","97.133","%a.s.","Humid","20.683","deg","40855","µV","27.741","°C","1021.000","hPa","36.4","pmil","0","55.390","deg","20.000","°C","100.000","%a.s.","21.720","deg","20.000","°C","977.000","hPa","0.861","-0.02617","0.00035","0","0","13.56","Humid","26.25","0","44.00","379194.40","SABD0000000001","AAV1.0.0.11","4.0.0.2323","PSt7-10","170328-019","7/29/2022 11:23:46 AM","0000-00","0","no battery","V","","µV","","µV"
"08/11/2022","09:56:21","6","default","383292078","Oxt_06","12.434","min","97.126","%a.s.","Humid","20.684","deg","40853","µV","27.738","°C","1021.000","hPa","36.4","pmil","0","55.390","deg","20.000","°C","100.000","%a.s.","21.720","deg","20.000","°C","977.000","hPa","0.861","-0.02617","0.00035","0","0","13.56","Humid","26.25","0","44.00","379183.00","SABD0000000001","AAV1.0.0.11","4.0.0.2323","PSt7-10","170328-019","7/29/2022 11:23:46 AM","0000-00","0","no battery","V","","µV","","µV"
"08/11/2022","09:56:22","6","default","383292078","Oxt_06","12.450","min","97.122","%a.s.","Humid","20.685","deg","40853","µV","27.734","°C","1021.000","hPa","36.4","pmil","0","55.390","deg","20.000","°C","100.000","%a.s.","21.720","deg","20.000","°C","977.000","hPa","0.861","-0.02617","0.00035","0","0","13.56","Humid","26.25","0","44.00","379201.61","SABD0000000001","AAV1.0.0.11","4.0.0.2323","PSt7-10","170328-019","7/29/2022 11:23:46 AM","0000-00","0","no battery","V","","µV","","µV"
"08/11/2022","09:56:23","6","default","383292078","Oxt_06","12.467","min","97.108","%a.s.","Humid","20.687","deg","40855","µV","27.730","°C","1021.000","hPa","36.4","pmil","0","55.390","deg","20.000","°C","100.000","%a.s.","21.720","deg","20.000","°C","977.000","hPa","0.861","-0.02617","0.00035","0","0","13.56","Humid","26.25","0","44.00","379195.81","SABD0000000001","AAV1.0.0.11","4.0.0.2323","PSt7-10","170328-019","7/29/2022 11:23:46 AM","0000-00","0","no battery","V","","µV","","µV"
"08/11/2022","09:56:24","6","default","383292078","Oxt_06","12.484","min","97.081","%a.s.","Humid","20.690","deg","40866","µV","27.731","°C","1021.000","hPa","36.4","pmil","0","55.390","deg","20.000","°C","100.000","%a.s.","21.720","deg","20.000","°C","977.000","hPa","0.861","-0.02617","0.00035","0","0","13.56","Humid","26.25","0","44.00","379202.61","SABD0000000001","AAV1.0.0.11","4.0.0.2323","PSt7-10","170328-019","7/29/2022 11:23:46 AM","0000-00","0","no battery","V","","µV","","µV"
"08/11/2022","09:56:25","6","default","383292078","Oxt_06","12.501","min","97.210","%a.s.","Humid","20.676","deg","40857","µV","27.723","°C","1021.000","hPa","36.4","pmil","0","55.390","deg","20.000","°C","100.000","%a.s.","21.720","deg","20.000","°C","977.000","hPa","0.861","-0.02617","0.00035","0","0","13.56","Humid","26.25","0","44.00","379200.24","SABD0000000001","AAV1.0.0.11","4.0.0.2323","PSt7-10","170328-019","7/29/2022 11:23:46 AM","0000-00","0","no battery","V","","µV","","µV"
"08/11/2022","09:56:26","6","default","383292078","Oxt_06","12.518","min","97.100","%a.s.","Humid","20.689","deg","40858","µV","27.720","°C","1021.000","hPa","36.4","pmil","0","55.390","deg","20.000","°C","100.000","%a.s.","21.720","deg","20.000","°C","977.000","hPa","0.861","-0.02617","0.00035","0","0","13.56","Humid","26.25","0","44.00","379196.86","SABD0000000001","AAV1.0.0.11","4.0.0.2323","PSt7-10","170328-019","7/29/2022 11:23:46 AM","0000-00","0","no battery","V","","µV","","µV"
"08/11/2022","09:56:27","6","default","383292078","Oxt_06","12.534","min","97.106","%a.s.","Humid","20.688","deg","40857","µV","27.723","°C","1021.000","hPa","36.4","pmil","0","55.390","deg","20.000","°C","100.000","%a.s.","21.720","deg","20.000","°C","977.000","hPa","0.861","-0.02617","0.00035","0","0","13.56","Humid","26.25","0","44.00","379194.54","SABD0000000001","AAV1.0.0.11","4.0.0.2323","PSt7-10","170328-019","7/29/2022 11:23:46 AM","0000-00","0","no battery","V","","µV","","µV"
"08/11/2022","09:56:28","6","default","383292078","Oxt_06","12.551","min","97.142","%a.s.","Humid","20.682","deg","40854","µV","27.740","°C","1021.000","hPa","36.4","pmil","0","55.390","deg","20.000","°C","100.000","%a.s.","21.720","deg","20.000","°C","977.000","hPa","0.861","-0.02617","0.00035","0","0","13.56","Humid","26.25","0","44.00","379195.49","SABD0000000001","AAV1.0.0.11","4.0.0.2323","PSt7-10","170328-019","7/29/2022 11:23:46 AM","0000-00","0","no battery","V","","µV","","µV"
"08/11/2022","09:56:29","6","default","383292078","Oxt_06","12.568","min","97.179","%a.s.","Humid","20.678","deg","40857","µV","27.738","°C","1021.000","hPa","36.4","pmil","0","55.390","deg","20.000","°C","100.000","%a.s.","21.720","deg","20.000","°C","977.000","hPa","0.861","-0.02617","0.00035","0","0","13.56","Humid","26.25","0","44.00","379186.61","SABD0000000001","AAV1.0.0.11","4.0.0.2323","PSt7-10","170328-019","7/29/2022 11:23:46 AM","0000-00","0","no battery","V","","µV","","µV"
"08/11/2022","09:56:30","6","default","383292078","Oxt_06","12.584","min","97.120","%a.s.","Humid","20.684","deg","40857","µV","27.745","°C","1021.000","hPa","36.4","pmil","0","55.390","deg","20.000","°C","100.000","%a.s.","21.720","deg","20.000","°C","977.000","hPa","0.861","-0.02617","0.00035","0","0","13.56","Humid","26.25","0","44.00","379180.72","SABD0000000001","AAV1.0.0.11","4.0.0.2323","PSt7-10","170328-019","7/29/2022 11:23:46 AM","0000-00","0","no battery","V","","µV","","µV"
"08/11/2022","09:56:31","6","default","383292078","Oxt_06","12.601","min","97.107","%a.s.","Humid","20.686","deg","40853","µV","27.741","°C","1021.000","hPa","36.4","pmil","0","55.390","deg","20.000","°C","100.000","%a.s.","21.720","deg","20.000","°C","977.000","hPa","0.861","-0.02617","0.00035","0","0","13.56","Humid","26.25","0","44.00","379176.86","SABD0000000001","AAV1.0.0.11","4.0.0.2323","PSt7-10","170328-019","7/29/2022 11:23:46 AM","0000-00","0","no battery","V","","µV","","µV"
"08/11/2022","09:56:32","6","default","383292078","Oxt_06","12.617","min","97.121","%a.s.","Humid","20.685","deg","40851","µV","27.734","°C","1021.000","hPa","36.4","pmil","0","55.390","deg","20.000","°C","100.000","%a.s.","21.720","deg","20.000","°C","977.000","hPa","0.861","-0.02617","0.00035","0","0","13.56","Humid","26.25","0","44.00","379186.63","SABD0000000001","AAV1.0.0.11","4.0.0.2323","PSt7-10","170328-019","7/29/2022 11:23:46 AM","0000-00","0","no battery","V","","µV","","µV"
"08/11/2022","09:56:33","6","default","383292078","Oxt_06","12.634","min","97.147","%a.s.","Humid","20.682","deg","40855","µV","27.734","°C","1021.000","hPa","36.4","pmil","0","55.390","deg","20.000","°C","100.000","%a.s.","21.720","deg","20.000","°C","977.000","hPa","0.861","-0.02617","0.00035","0","0","13.56","Humid","26.25","0","44.00","379179.70","SABD0000000001","AAV1.0.0.11","4.0.0.2323","PSt7-10","170328-019","7/29/2022 11:23:46 AM","0000-00","0","no battery","V","","µV","","µV"
"08/11/2022","09:56:34","6","default","383292078","Oxt_06","12.651","min","97.137","%a.s.","Humid","20.683","deg","40857","µV","27.736","°C","1021.000","hPa","36.4","pmil","0","55.390","deg","20.000","°C","100.000","%a.s.","21.720","deg","20.000","°C","977.000","hPa","0.861","-0.02617","0.00035","0","0","13.56","Humid","26.25","0","44.00","379181.63","SABD0000000001","AAV1.0.0.11","4.0.0.2323","PSt7-10","170328-019","7/29/2022 11:23:46 AM","0000-00","0","no battery","V","","µV","","µV"
"08/11/2022","09:56:35","6","default","383292078","Oxt_06","12.667","min","97.084","%a.s.","Humid","20.689","deg","40861","µV","27.736","°C","1021.000","hPa","36.4","pmil","0","55.390","deg","20.000","°C","100.000","%a.s.","21.720","deg","20.000","°C","977.000","hPa","0.861","-0.02617","0.00035","0","0","13.56","Humid","26.25","0","44.00","379170.60","SABD0000000001","AAV1.0.0.11","4.0.0.2323","PSt7-10","170328-019","7/29/2022 11:23:46 AM","0000-00","0","no battery","V","","µV","","µV"
"08/11/2022","09:56:36","6","default","383292078","Oxt_06","12.684","min","97.145","%a.s.","Humid","20.683","deg","40856","µV","27.728","°C","1021.000","hPa","36.4","pmil","0","55.390","deg","20.000","°C","100.000","%a.s.","21.720","deg","20.000","°C","977.000","hPa","0.861","-0.02617","0.00035","0","0","13.56","Humid","26.25","0","44.00","379175.44","SABD0000000001","AAV1.0.0.11","4.0.0.2323","PSt7-10","170328-019","7/29/2022 11:23:46 AM","0000-00","0","no battery","V","","µV","","µV"
"08/11/2022","09:56:37","6","default","383292078","Oxt_06","12.701","min","97.136","%a.s.","Humid","20.683","deg","40863","µV","27.737","°C","1021.000","hPa","36.4","pmil","0","55.390","deg","20.000","°C","100.000","%a.s.","21.720","deg","20.000","°C","977.000","hPa","0.861","-0.02617","0.00035","0","0","13.56","Humid","26.25","0","44.00","379172.15","SABD0000000001","AAV1.0.0.11","4.0.0.2323","PSt7-10","170328-019","7/29/2022 11:23:46 AM","0000-00","0","no battery","V","","µV","","µV"
"08/11/2022","09:56:38","6","default","383292078","Oxt_06","12.717","min","97.050","%a.s.","Humid","20.692","deg","40854","µV","27.745","°C","1021.000","hPa","36.4","pmil","0","55.390","deg","20.000","°C","100.000","%a.s.","21.720","deg","20.000","°C","977.000","hPa","0.861","-0.02617","0.00035","0","0","13.56","Humid","26.25","0","44.00","379171.67","SABD0000000001","AAV1.0.0.11","4.0.0.2323","PSt7-10","170328-019","7/29/2022 11:23:46 AM","0000-00","0","no battery","V","","µV","","µV"
"08/11/2022","09:56:39","6","default","383292078","Oxt_06","12.734","min","97.161","%a.s.","Humid","20.680","deg","40858","µV","27.739","°C","1021.000","hPa","36.4","pmil","0","55.390","deg","20.000","°C","100.000","%a.s.","21.720","deg","20.000","°C","977.000","hPa","0.861","-0.02617","0.00035","0","0","13.56","Humid","26.25","0","44.00","379175.85","SABD0000000001","AAV1.0.0.11","4.0.0.2323","PSt7-10","170328-019","7/29/2022 11:23:46 AM","0000-00","0","no battery","V","","µV","","µV"
"08/11/2022","09:56:40","6","default","383292078","Oxt_06","12.751","min","97.149","%a.s.","Humid","20.681","deg","40862","µV","27.742","°C","1021.000","hPa","36.4","pmil","0","55.390","deg","20.000","°C","100.000","%a.s.","21.720","deg","20.000","°C","977.000","hPa","0.861","-0.02617","0.00035","0","0","13.56","Humid","26.25","0","44.00","379177.98","SABD0000000001","AAV1.0.0.11","4.0.0.2323","PSt7-10","170328-019","7/29/2022 11:23:46 AM","0000-00","0","no battery","V","","µV","","µV"
"08/11/2022","09:56:41","6","default","383292078","Oxt_06","12.767","min","97.152","%a.s.","Humid","20.681","deg","40857","µV","27.739","°C","1021.000","hPa","36.4","pmil","0","55.390","deg","20.000","°C","100.000","%a.s.","21.720","deg","20.000","°C","977.000","hPa","0.861","-0.02617","0.00035","0","0","13.56","Humid","26.25","0","44.00","379169.00","SABD0000000001","AAV1.0.0.11","4.0.0.2323","PSt7-10","170328-019","7/29/2022 11:23:46 AM","0000-00","0","no battery","V","","µV","","µV"
"08/11/2022","09:56:42","6","default","383292078","Oxt_06","12.784","min","97.084","%a.s.","Humid","20.689","deg","40855","µV","27.737","°C","1021.000","hPa","36.4","pmil","0","55.390","deg","20.000","°C","100.000","%a.s.","21.720","deg","20.000","°C","977.000","hPa","0.861","-0.02617","0.00035","0","0","13.56","Humid","26.25","0","44.00","379165.83","SABD0000000001","AAV1.0.0.11","4.0.0.2323","PSt7-10","170328-019","7/29/2022 11:23:46 AM","0000-00","0","no battery","V","","µV","","µV"
"08/11/2022","09:56:43","6","default","383292078","Oxt_06","12.801","min","97.094","%a.s.","Humid","20.687","deg","40858","µV","27.744","°C","1021.000","hPa","36.4","pmil","0","55.390","deg","20.000","°C","100.000","%a.s.","21.720","deg","20.000","°C","977.000","hPa","0.861","-0.02617","0.00035","0","0","13.56","Humid","26.25","0","44.00","379166.13","SABD0000000001","AAV1.0.0.11","4.0.0.2323","PSt7-10","170328-019","7/29/2022 11:23:46 AM","0000-00","0","no battery","V","","µV","","µV"
"08/11/2022","09:56:44","6","default","383292078","Oxt_06","12.817","min","97.114","%a.s.","Humid","20.686","deg","40863","µV","27.733","°C","1021.000","hPa","36.4","pmil","0","55.390","deg","20.000","°C","100.000","%a.s.","21.720","deg","20.000","°C","977.000","hPa","0.861","-0.02617","0.00035","0","0","13.56","Humid","26.25","0","44.00","379176.43","SABD0000000001","AAV1.0.0.11","4.0.0.2323","PSt7-10","170328-019","7/29/2022 11:23:46 AM","0000-00","0","no battery","V","","µV","","µV"
"08/11/2022","09:56:45","6","default","383292078","Oxt_06","12.834","min","97.038","%a.s.","Humid","20.695","deg","40859","µV","27.730","°C","1021.000","hPa","36.4","pmil","0","55.390","deg","20.000","°C","100.000","%a.s.","21.720","deg","20.000","°C","977.000","hPa","0.861","-0.02617","0.00035","0","0","13.56","Humid","26.25","0","44.00","379159.08","SABD0000000001","AAV1.0.0.11","4.0.0.2323","PSt7-10","170328-019","7/29/2022 11:23:46 AM","0000-00","0","no battery","V","","µV","","µV"
"08/11/2022","09:56:46","6","default","383292078","Oxt_06","12.851","min","97.126","%a.s.","Humid","20.685","deg","40864","µV","27.729","°C","1021.000","hPa","36.4","pmil","0","55.390","deg","20.000","°C","100.000","%a.s.","21.720","deg","20.000","°C","977.000","hPa","0.861","-0.02617","0.00035","0","0","13.56","Humid","26.25","0","44.00","379152.13","SABD0000000001","AAV1.0.0.11","4.0.0.2323","PSt7-10","170328-019","7/29/2022 11:23:46 AM","0000-00","0","no battery","V","","µV","","µV"
"08/11/2022","09:56:47","6","default","383292078","Oxt_06","12.867","min","97.112","%a.s.","Humid","20.687","deg","40861","µV","27.725","°C","1021.000","hPa","36.4","pmil","0","55.390","deg","20.000","°C","100.000","%a.s.","21.720","deg","20.000","°C","977.000","hPa","0.861","-0.02617","0.00035","0","0","13.56","Humid","26.25","0","44.00","379162.53","SABD0000000001","AAV1.0.0.11","4.0.0.2323","PSt7-10","170328-019","7/29/2022 11:23:46 AM","0000-00","0","no battery","V","","µV","","µV"
"08/11/2022","09:56:48","6","default","383292078","Oxt_06","12.884","min","97.111","%a.s.","Humid","20.685","deg","40861","µV","27.745","°C","1021.000","hPa","36.4","pmil","0","55.390","deg","20.000","°C","100.000","%a.s.","21.720","deg","20.000","°C","977.000","hPa","0.861","-0.02617","0.00035","0","0","13.56","Humid","26.25","0","44.00","379146.82","SABD0000000001","AAV1.0.0.11","4.0.0.2323","PSt7-10","170328-019","7/29/2022 11:23:46 AM","0000-00","0","no battery","V","","µV","","µV"
"08/11/2022","09:56:49","6","default","383292078","Oxt_06","12.901","min","97.111","%a.s.","Humid","20.686","deg","40862","µV","27.736","°C","1021.000","hPa","36.4","pmil","0","55.390","deg","20.000","°C","100.000","%a.s.","21.720","deg","20.000","°C","977.000","hPa","0.861","-0.02617","0.00035","0","0","13.56","Humid","26.25","0","44.00","379168.08","SABD0000000001","AAV1.0.0.11","4.0.0.2323","PSt7-10","170328-019","7/29/2022 11:23:46 AM","0000-00","0","no battery","V","","µV","","µV"
"08/11/2022","09:56:50","6","default","383292078","Oxt_06","12.917","min","97.111","%a.s.","Humid","20.686","deg","40856","µV","27.736","°C","1021.000","hPa","36.4","pmil","0","55.390","deg","20.000","°C","100.000","%a.s.","21.720","deg","20.000","°C","977.000","hPa","0.861","-0.02617","0.00035","0","0","13.56","Humid","26.25","0","44.00","379155.54","SABD0000000001","AAV1.0.0.11","4.0.0.2323","PSt7-10","170328-019","7/29/2022 11:23:46 AM","0000-00","0","no battery","V","","µV","","µV"
"08/11/2022","09:56:51","6","default","383292078","Oxt_06","12.934","min","97.133","%a.s.","Humid","20.684","deg","40862","µV","27.731","°C","1021.000","hPa","36.4","pmil","0","55.390","deg","20.000","°C","100.000","%a.s.","21.720","deg","20.000","°C","977.000","hPa","0.861","-0.02617","0.00035","0","0","13.56","Humid","26.25","0","44.00","379156.86","SABD0000000001","AAV1.0.0.11","4.0.0.2323","PSt7-10","170328-019","7/29/2022 11:23:46 AM","0000-00","0","no battery","V","","µV","","µV"
"08/11/2022","09:56:52","6","default","383292078","Oxt_06","12.951","min","97.035","%a.s.","Humid","20.695","deg","40862","µV","27.733","°C","1021.000","hPa","36.4","pmil","0","55.390","deg","20.000","°C","100.000","%a.s.","21.720","deg","20.000","°C","977.000","hPa","0.861","-0.02617","0.00035","0","0","13.56","Humid","26.25","0","44.00","379153.43","SABD0000000001","AAV1.0.0.11","4.0.0.2323","PSt7-10","170328-019","7/29/2022 11:23:46 AM","0000-00","0","no battery","V","","µV","","µV"
"08/11/2022","09:56:53","6","default","383292078","Oxt_06","12.968","min","97.146","%a.s.","Humid","20.681","deg","40863","µV","27.745","°C","1021.000","hPa","36.4","pmil","0","55.390","deg","20.000","°C","100.000","%a.s.","21.720","deg","20.000","°C","977.000","hPa","0.861","-0.02617","0.00035","0","0","13.56","Humid","26.25","0","44.00","379154.43","SABD0000000001","AAV1.0.0.11","4.0.0.2323","PSt7-10","170328-019","7/29/2022 11:23:46 AM","0000-00","0","no battery","V","","µV","","µV"
"08/11/2022","09:56:54","6","default","383292078","Oxt_06","12.984","min","97.025","%a.s.","Humid","20.697","deg","40864","µV","27.726","°C","1021.000","hPa","36.4","pmil","0","55.390","deg","20.000","°C","100.000","%a.s.","21.720","deg","20.000","°C","977.000","hPa","0.861","-0.02617","0.00035","0","0","13.56","Humid","26.25","0","44.00","379148.20","SABD0000000001","AAV1.0.0.11","4.0.0.2323","PSt7-10","170328-019","7/29/2022 11:23:46 AM","0000-00","0","no battery","V","","µV","","µV"
"08/11/2022","09:56:55","6","default","383292078","Oxt_06","13.001","min","97.118","%a.s.","Humid","20.686","deg","40871","µV","27.728","°C","1021.000","hPa","36.4","pmil","0","55.390","deg","20.000","°C","100.000","%a.s.","21.720","deg","20.000","°C","977.000","hPa","0.861","-0.02617","0.00035","0","0","13.56","Humid","26.25","0","44.00","379160.81","SABD0000000001","AAV1.0.0.11","4.0.0.2323","PSt7-10","170328-019","7/29/2022 11:23:46 AM","0000-00","0","no battery","V","","µV","","µV"
"08/11/2022","09:56:56","6","default","383292078","Oxt_06","13.017","min","97.113","%a.s.","Humid","20.686","deg","40861","µV","27.733","°C","1021.000","hPa","36.4","pmil","0","55.390","deg","20.000","°C","100.000","%a.s.","21.720","deg","20.000","°C","977.000","hPa","0.861","-0.02617","0.00035","0","0","13.56","Humid","26.25","0","44.00","379161.80","SABD0000000001","AAV1.0.0.11","4.0.0.2323","PSt7-10","170328-019","7/29/2022 11:23:46 AM","0000-00","0","no battery","V","","µV","","µV"
"08/11/2022","09:56:57","6","default","383292078","Oxt_06","13.034","min","97.047","%a.s.","Humid","20.692","deg","40866","µV","27.748","°C","1021.000","hPa","36.4","pmil","0","55.390","deg","20.000","°C","100.000","%a.s.","21.720","deg","20.000","°C","977.000","hPa","0.861","-0.02617","0.00035","0","0","13.56","Humid","26.25","0","44.00","379152.28","SABD0000000001","AAV1.0.0.11","4.0.0.2323","PSt7-10","170328-019","7/29/2022 11:23:46 AM","0000-00","0","no battery","V","","µV","","µV"
"08/11/2022","09:56:58","6","default","383292078","Oxt_06","13.051","min","97.061","%a.s.","Humid","20.690","deg","40862","µV","27.752","°C","1021.000","hPa","36.4","pmil","0","55.390","deg","20.000","°C","100.000","%a.s.","21.720","deg","20.000","°C","977.000","hPa","0.861","-0.02617","0.00035","0","0","13.56","Humid","26.25","0","44.00","379141.49","SABD0000000001","AAV1.0.0.11","4.0.0.2323","PSt7-10","170328-019","7/29/2022 11:23:46 AM","0000-00","0","no battery","V","","µV","","µV"
"08/11/2022","09:56:59","6","default","383292078","Oxt_06","13.068","min","97.087","%a.s.","Humid","20.689","deg","40866","µV","27.733","°C","1021.000","hPa","36.4","pmil","0","55.390","deg","20.000","°C","100.000","%a.s.","21.720","deg","20.000","°C","977.000","hPa","0.861","-0.02617","0.00035","0","0","13.56","Humid","26.25","0","44.00","379149.54","SABD0000000001","AAV1.0.0.11","4.0.0.2323","PSt7-10","170328-019","7/29/2022 11:23:46 AM","0000-00","0","no battery","V","","µV","","µV"
"08/11/2022","09:57:00","6","default","383292078","Oxt_06","13.084","min","97.031","%a.s.","Humid","20.695","deg","40867","µV","27.737","°C","1021.000","hPa","36.4","pmil","0","55.390","deg","20.000","°C","100.000","%a.s.","21.720","deg","20.000","°C","977.000","hPa","0.861","-0.02617","0.00035","0","0","13.56","Humid","26.25","0","44.00","379134.40","SABD0000000001","AAV1.0.0.11","4.0.0.2323","PSt7-10","170328-019","7/29/2022 11:23:46 AM","0000-00","0","no battery","V","","µV","","µV"
"08/11/2022","09:57:01","6","default","383292078","Oxt_06","13.101","min","97.096","%a.s.","Humid","20.688","deg","40865","µV","27.733","°C","1021.000","hPa","36.4","pmil","0","55.390","deg","20.000","°C","100.000","%a.s.","21.720","deg","20.000","°C","977.000","hPa","0.861","-0.02617","0.00035","0","0","13.56","Humid","26.25","0","44.00","379131.87","SABD0000000001","AAV1.0.0.11","4.0.0.2323","PSt7-10","170328-019","7/29/2022 11:23:46 AM","0000-00","0","no battery","V","","µV","","µV"
"08/11/2022","09:57:02","6","default","383292078","Oxt_06","13.118","min","97.092","%a.s.","Humid","20.688","deg","40868","µV","27.738","°C","1021.000","hPa","36.4","pmil","0","55.390","deg","20.000","°C","100.000","%a.s.","21.720","deg","20.000","°C","977.000","hPa","0.861","-0.02617","0.00035","0","0","13.56","Humid","26.25","0","44.00","379153.04","SABD0000000001","AAV1.0.0.11","4.0.0.2323","PSt7-10","170328-019","7/29/2022 11:23:46 AM","0000-00","0","no battery","V","","µV","","µV"
"08/11/2022","09:57:03","6","default","383292078","Oxt_06","13.134","min","97.047","%a.s.","Humid","20.693","deg","40869","µV","27.739","°C","1021.000","hPa","36.4","pmil","0","55.390","deg","20.000","°C","100.000","%a.s.","21.720","deg","20.000","°C","977.000","hPa","0.861","-0.02617","0.00035","0","0","13.56","Humid","26.25","0","44.00","379136.31","SABD0000000001","AAV1.0.0.11","4.0.0.2323","PSt7-10","170328-019","7/29/2022 11:23:46 AM","0000-00","0","no battery","V","","µV","","µV"
"08/11/2022","09:57:04","6","default","383292078","Oxt_06","13.151","min","97.087","%a.s.","Humid","20.690","deg","40867","µV","27.724","°C","1021.000","hPa","36.4","pmil","0","55.390","deg","20.000","°C","100.000","%a.s.","21.720","deg","20.000","°C","977.000","hPa","0.861","-0.02617","0.00035","0","0","13.56","Humid","26.25","0","44.00","379138.10","SABD0000000001","AAV1.0.0.11","4.0.0.2323","PSt7-10","170328-019","7/29/2022 11:23:46 AM","0000-00","0","no battery","V","","µV","","µV"
"08/11/2022","09:57:05","6","default","383292078","Oxt_06","13.168","min","97.054","%a.s.","Humid","20.695","deg","40867","µV","27.713","°C","1021.000","hPa","36.4","pmil","0","55.390","deg","20.000","°C","100.000","%a.s.","21.720","deg","20.000","°C","977.000","hPa","0.861","-0.02617","0.00035","0","0","13.56","Humid","26.25","0","44.00","379145.20","SABD0000000001","AAV1.0.0.11","4.0.0.2323","PSt7-10","170328-019","7/29/2022 11:23:46 AM","0000-00","0","no battery","V","","µV","","µV"
"08/11/2022","09:57:06","6","default","383292078","Oxt_06","13.184","min","96.998","%a.s.","Humid","20.698","deg","40868","µV","27.745","°C","1021.000","hPa","36.4","pmil","0","55.390","deg","20.000","°C","100.000","%a.s.","21.720","deg","20.000","°C","977.000","hPa","0.861","-0.02617","0.00035","0","0","13.56","Humid","26.25","0","44.00","379135.45","SABD0000000001","AAV1.0.0.11","4.0.0.2323","PSt7-10","170328-019","7/29/2022 11:23:46 AM","0000-00","0","no battery","V","","µV","","µV"
"08/11/2022","09:57:07","6","default","383292078","Oxt_06","13.201","min","97.037","%a.s.","Humid","20.693","deg","40867","µV","27.750","°C","1021.000","hPa","36.4","pmil","0","55.390","deg","20.000","°C","100.000","%a.s.","21.720","deg","20.000","°C","977.000","hPa","0.861","-0.02617","0.00035","0","0","13.56","Humid","26.25","0","44.00","379158.13","SABD0000000001","AAV1.0.0.11","4.0.0.2323","PSt7-10","170328-019","7/29/2022 11:23:46 AM","0000-00","0","no battery","V","","µV","","µV"
"08/11/2022","09:57:08","6","default","383292078","Oxt_06","13.218","min","97.041","%a.s.","Humid","20.694","deg","40871","µV","27.736","°C","1021.000","hPa","36.4","pmil","0","55.390","deg","20.000","°C","100.000","%a.s.","21.720","deg","20.000","°C","977.000","hPa","0.861","-0.02617","0.00035","0","0","13.56","Humid","26.25","0","44.00","379143.24","SABD0000000001","AAV1.0.0.11","4.0.0.2323","PSt7-10","170328-019","7/29/2022 11:23:46 AM","0000-00","0","no battery","V","","µV","","µV"
"08/11/2022","09:57:09","6","default","383292078","Oxt_06","13.234","min","97.068","%a.s.","Humid","20.692","deg","40872","µV","27.726","°C","1021.000","hPa","36.4","pmil","0","55.390","deg","20.000","°C","100.000","%a.s.","21.720","deg","20.000","°C","977.000","hPa","0.861","-0.02617","0.00035","0","0","13.56","Humid","26.25","0","44.00","379127.76","SABD0000000001","AAV1.0.0.11","4.0.0.2323","PSt7-10","170328-019","7/29/2022 11:23:46 AM","0000-00","0","no battery","V","","µV","","µV"
"08/11/2022","09:57:10","6","default","383292078","Oxt_06","13.251","min","97.044","%a.s.","Humid","20.693","deg","40868","µV","27.743","°C","1021.000","hPa","36.4","pmil","0","55.390","deg","20.000","°C","100.000","%a.s.","21.720","deg","20.000","°C","977.000","hPa","0.861","-0.02617","0.00035","0","0","13.56","Humid","26.25","0","44.00","379138.05","SABD0000000001","AAV1.0.0.11","4.0.0.2323","PSt7-10","170328-019","7/29/2022 11:23:46 AM","0000-00","0","no battery","V","","µV","","µV"
"08/11/2022","09:57:11","6","default","383292078","Oxt_06","13.268","min","97.083","%a.s.","Humid","20.690","deg","40863","µV","27.728","°C","1021.000","hPa","36.4","pmil","0","55.390","deg","20.000","°C","100.000","%a.s.","21.720","deg","20.000","°C","977.000","hPa","0.861","-0.02617","0.00035","0","0","13.56","Humid","26.25","0","44.00","379142.29","SABD0000000001","AAV1.0.0.11","4.0.0.2323","PSt7-10","170328-019","7/29/2022 11:23:46 AM","0000-00","0","no battery","V","","µV","","µV"
"08/11/2022","09:57:12","6","default","383292078","Oxt_06","13.284","min","97.089","%a.s.","Humid","20.688","deg","40867","µV","27.741","°C","1021.000","hPa","36.4","pmil","0","55.390","deg","20.000","°C","100.000","%a.s.","21.720","deg","20.000","°C","977.000","hPa","0.861","-0.02617","0.00035","0","0","13.56","Humid","26.25","0","44.00","379139.72","SABD0000000001","AAV1.0.0.11","4.0.0.2323","PSt7-10","170328-019","7/29/2022 11:23:46 AM","0000-00","0","no battery","V","","µV","","µV"
"08/11/2022","09:57:13","6","default","383292078","Oxt_06","13.301","min","97.044","%a.s.","Humid","20.695","deg","40865","µV","27.723","°C","1021.000","hPa","36.4","pmil","0","55.390","deg","20.000","°C","100.000","%a.s.","21.720","deg","20.000","°C","977.000","hPa","0.861","-0.02617","0.00035","0","0","13.56","Humid","26.25","0","44.00","379151.53","SABD0000000001","AAV1.0.0.11","4.0.0.2323","PSt7-10","170328-019","7/29/2022 11:23:46 AM","0000-00","0","no battery","V","","µV","","µV"
"08/11/2022","09:57:14","6","default","383292078","Oxt_06","13.318","min","97.017","%a.s.","Humid","20.698","deg","40875","µV","27.725","°C","1021.000","hPa","36.4","pmil","0","55.390","deg","20.000","°C","100.000","%a.s.","21.720","deg","20.000","°C","977.000","hPa","0.861","-0.02617","0.00035","0","0","13.56","Humid","26.25","0","44.00","379142.27","SABD0000000001","AAV1.0.0.11","4.0.0.2323","PSt7-10","170328-019","7/29/2022 11:23:46 AM","0000-00","0","no battery","V","","µV","","µV"
"08/11/2022","09:57:15","6","default","383292078","Oxt_06","13.334","min","97.054","%a.s.","Humid","20.693","deg","40863","µV","27.731","°C","1021.000","hPa","36.4","pmil","0","55.390","deg","20.000","°C","100.000","%a.s.","21.720","deg","20.000","°C","977.000","hPa","0.861","-0.02617","0.00035","0","0","13.56","Humid","26.25","0","44.00","379156.34","SABD0000000001","AAV1.0.0.11","4.0.0.2323","PSt7-10","170328-019","7/29/2022 11:23:46 AM","0000-00","0","no battery","V","","µV","","µV"
"08/11/2022","09:57:16","6","default","383292078","Oxt_06","13.351","min","97.066","%a.s.","Humid","20.691","deg","40871","µV","27.737","°C","1021.000","hPa","36.4","pmil","0","55.390","deg","20.000","°C","100.000","%a.s.","21.720","deg","20.000","°C","977.000","hPa","0.861","-0.02617","0.00035","0","0","13.56","Humid","26.25","0","44.00","379151.30","SABD0000000001","AAV1.0.0.11","4.0.0.2323","PSt7-10","170328-019","7/29/2022 11:23:46 AM","0000-00","0","no battery","V","","µV","","µV"
"08/11/2022","09:57:17","6","default","383292078","Oxt_06","13.368","min","97.053","%a.s.","Humid","20.693","deg","40868","µV","27.733","°C","1021.000","hPa","36.4","pmil","0","55.390","deg","20.000","°C","100.000","%a.s.","21.720","deg","20.000","°C","977.000","hPa","0.861","-0.02617","0.00035","0","0","13.56","Humid","26.25","0","44.00","379144.95","SABD0000000001","AAV1.0.0.11","4.0.0.2323","PSt7-10","170328-019","7/29/2022 11:23:46 AM","0000-00","0","no battery","V","","µV","","µV"
"08/11/2022","09:57:18","6","default","383292078","Oxt_06","13.384","min","97.080","%a.s.","Humid","20.689","deg","40882","µV","27.741","°C","1021.000","hPa","36.4","pmil","0","55.390","deg","20.000","°C","100.000","%a.s.","21.720","deg","20.000","°C","977.000","hPa","0.861","-0.02617","0.00035","0","0","13.56","Humid","26.25","0","44.00","379132.24","SABD0000000001","AAV1.0.0.11","4.0.0.2323","PSt7-10","170328-019","7/29/2022 11:23:46 AM","0000-00","0","no battery","V","","µV","","µV"
"08/11/2022","09:57:19","6","default","383292078","Oxt_06","13.401","min","97.040","%a.s.","Humid","20.695","deg","40872","µV","27.728","°C","1021.000","hPa","36.4","pmil","0","55.390","deg","20.000","°C","100.000","%a.s.","21.720","deg","20.000","°C","977.000","hPa","0.861","-0.02617","0.00035","0","0","13.56","Humid","26.25","0","44.00","379142.58","SABD0000000001","AAV1.0.0.11","4.0.0.2323","PSt7-10","170328-019","7/29/2022 11:23:46 AM","0000-00","0","no battery","V","","µV","","µV"
"08/11/2022","09:57:20","6","default","383292078","Oxt_06","13.418","min","97.136","%a.s.","Humid","20.684","deg","40873","µV","27.728","°C","1021.000","hPa","36.4","pmil","0","55.390","deg","20.000","°C","100.000","%a.s.","21.720","deg","20.000","°C","977.000","hPa","0.861","-0.02617","0.00035","0","0","13.56","Humid","26.25","0","44.00","379132.51","SABD0000000001","AAV1.0.0.11","4.0.0.2323","PSt7-10","170328-019","7/29/2022 11:23:46 AM","0000-00","0","no battery","V","","µV","","µV"
"08/11/2022","09:57:21","6","default","383292078","Oxt_06","13.434","min","97.035","%a.s.","Humid","20.693","deg","40875","µV","27.752","°C","1021.000","hPa","36.4","pmil","0","55.390","deg","20.000","°C","100.000","%a.s.","21.720","deg","20.000","°C","977.000","hPa","0.861","-0.02617","0.00035","0","0","13.56","Humid","26.25","0","44.00","379121.48","SABD0000000001","AAV1.0.0.11","4.0.0.2323","PSt7-10","170328-019","7/29/2022 11:23:46 AM","0000-00","0","no battery","V","","µV","","µV"
"08/11/2022","09:57:22","6","default","383292078","Oxt_06","13.451","min","97.054","%a.s.","Humid","20.693","deg","40872","µV","27.731","°C","1021.000","hPa","36.4","pmil","0","55.390","deg","20.000","°C","100.000","%a.s.","21.720","deg","20.000","°C","977.000","hPa","0.861","-0.02617","0.00035","0","0","13.56","Humid","26.25","0","44.00","379125.46","SABD0000000001","AAV1.0.0.11","4.0.0.2323","PSt7-10","170328-019","7/29/2022 11:23:46 AM","0000-00","0","no battery","V","","µV","","µV"
"08/11/2022","09:57:23","6","default","383292078","Oxt_06","13.468","min","97.060","%a.s.","Humid","20.693","deg","40871","µV","27.725","°C","1021.000","hPa","36.4","pmil","0","55.390","deg","20.000","°C","100.000","%a.s.","21.720","deg","20.000","°C","977.000","hPa","0.861","-0.02617","0.00035","0","0","13.56","Humid","26.25","0","44.00","379129.57","SABD0000000001","AAV1.0.0.11","4.0.0.2323","PSt7-10","170328-019","7/29/2022 11:23:46 AM","0000-00","0","no battery","V","","µV","","µV"
"08/11/2022","09:57:24","6","default","383292078","Oxt_06","13.484","min","97.041","%a.s.","Humid","20.694","deg","40877","µV","27.737","°C","1021.000","hPa","36.4","pmil","0","55.390","deg","20.000","°C","100.000","%a.s.","21.720","deg","20.000","°C","977.000","hPa","0.861","-0.02617","0.00035","0","0","13.56","Humid","26.25","0","44.00","379134.49","SABD0000000001","AAV1.0.0.11","4.0.0.2323","PSt7-10","170328-019","7/29/2022 11:23:46 AM","0000-00","0","no battery","V","","µV","","µV"
"08/11/2022","09:57:25","6","default","383292078","Oxt_06","13.501","min","97.000","%a.s.","Humid","20.698","deg","40871","µV","27.743","°C","1021.000","hPa","36.4","pmil","0","55.390","deg","20.000","°C","100.000","%a.s.","21.720","deg","20.000","°C","977.000","hPa","0.861","-0.02617","0.00035","0","0","13.56","Humid","26.25","0","44.00","379123.68","SABD0000000001","AAV1.0.0.11","4.0.0.2323","PSt7-10","170328-019","7/29/2022 11:23:46 AM","0000-00","0","no battery","V","","µV","","µV"
"08/11/2022","09:57:26","6","default","383292078","Oxt_06","13.518","min","97.044","%a.s.","Humid","20.694","deg","40869","µV","27.733","°C","1021.000","hPa","36.4","pmil","0","55.390","deg","20.000","°C","100.000","%a.s.","21.720","deg","20.000","°C","977.000","hPa","0.861","-0.02617","0.00035","0","0","13.56","Humid","26.25","0","44.00","379133.70","SABD0000000001","AAV1.0.0.11","4.0.0.2323","PSt7-10","170328-019","7/29/2022 11:23:46 AM","0000-00","0","no battery","V","","µV","","µV"
"08/11/2022","09:57:27","6","default","383292078","Oxt_06","13.534","min","97.048","%a.s.","Humid","20.691","deg","40872","µV","27.756","°C","1021.000","hPa","36.4","pmil","0","55.390","deg","20.000","°C","100.000","%a.s.","21.720","deg","20.000","°C","977.000","hPa","0.861","-0.02617","0.00035","0","0","13.56","Humid","26.25","0","44.00","379125.91","SABD0000000001","AAV1.0.0.11","4.0.0.2323","PSt7-10","170328-019","7/29/2022 11:23:46 AM","0000-00","0","no battery","V","","µV","","µV"
"08/11/2022","09:57:28","6","default","383292078","Oxt_06","13.551","min","97.038","%a.s.","Humid","20.693","deg","40876","µV","27.749","°C","1021.000","hPa","36.4","pmil","0","55.390","deg","20.000","°C","100.000","%a.s.","21.720","deg","20.000","°C","977.000","hPa","0.861","-0.02617","0.00035","0","0","13.56","Humid","26.25","0","44.00","379139.98","SABD0000000001","AAV1.0.0.11","4.0.0.2323","PSt7-10","170328-019","7/29/2022 11:23:46 AM","0000-00","0","no battery","V","","µV","","µV"
"08/11/2022","09:57:29","6","default","383292078","Oxt_06","13.567","min","97.062","%a.s.","Humid","20.691","deg","40878","µV","27.742","°C","1021.000","hPa","36.4","pmil","0","55.390","deg","20.000","°C","100.000","%a.s.","21.720","deg","20.000","°C","977.000","hPa","0.861","-0.02617","0.00035","0","0","13.56","Humid","26.25","0","44.00","379121.37","SABD0000000001","AAV1.0.0.11","4.0.0.2323","PSt7-10","170328-019","7/29/2022 11:23:46 AM","0000-00","0","no battery","V","","µV","","µV"
"08/11/2022","09:57:30","6","default","383292078","Oxt_06","13.584","min","97.047","%a.s.","Humid","20.692","deg","40876","µV","27.749","°C","1021.000","hPa","36.4","pmil","0","55.390","deg","20.000","°C","100.000","%a.s.","21.720","deg","20.000","°C","977.000","hPa","0.861","-0.02617","0.00035","0","0","13.56","Humid","26.25","0","44.00","379123.28","SABD0000000001","AAV1.0.0.11","4.0.0.2323","PSt7-10","170328-019","7/29/2022 11:23:46 AM","0000-00","0","no battery","V","","µV","","µV"
"08/11/2022","09:57:31","6","default","383292078","Oxt_06","13.601","min","97.075","%a.s.","Humid","20.689","deg","40878","µV","27.747","°C","1021.000","hPa","36.4","pmil","0","55.390","deg","20.000","°C","100.000","%a.s.","21.720","deg","20.000","°C","977.000","hPa","0.861","-0.02617","0.00035","0","0","13.56","Humid","26.25","0","44.00","379124.56","SABD0000000001","AAV1.0.0.11","4.0.0.2323","PSt7-10","170328-019","7/29/2022 11:23:46 AM","0000-00","0","no battery","V","","µV","","µV"
"08/11/2022","09:57:32","6","default","383292078","Oxt_06","13.617","min","97.070","%a.s.","Humid","20.691","deg","40874","µV","27.733","°C","1021.000","hPa","36.4","pmil","0","55.390","deg","20.000","°C","100.000","%a.s.","21.720","deg","20.000","°C","977.000","hPa","0.861","-0.02617","0.00035","0","0","13.56","Humid","26.25","0","44.00","379114.12","SABD0000000001","AAV1.0.0.11","4.0.0.2323","PSt7-10","170328-019","7/29/2022 11:23:46 AM","0000-00","0","no battery","V","","µV","","µV"
"08/11/2022","09:57:33","6","default","383292078","Oxt_06","13.634","min","96.982","%a.s.","Humid","20.700","deg","40876","µV","27.744","°C","1021.000","hPa","36.4","pmil","0","55.390","deg","20.000","°C","100.000","%a.s.","21.720","deg","20.000","°C","977.000","hPa","0.861","-0.02617","0.00035","0","0","13.56","Humid","26.25","0","44.00","379127.89","SABD0000000001","AAV1.0.0.11","4.0.0.2323","PSt7-10","170328-019","7/29/2022 11:23:46 AM","0000-00","0","no battery","V","","µV","","µV"
"08/11/2022","09:57:34","6","default","383292078","Oxt_06","13.651","min","96.954","%a.s.","Humid","20.705","deg","40875","µV","27.727","°C","1021.000","hPa","36.4","pmil","0","55.390","deg","20.000","°C","100.000","%a.s.","21.720","deg","20.000","°C","977.000","hPa","0.861","-0.02617","0.00035","0","0","13.56","Humid","26.25","0","44.00","379101.17","SABD0000000001","AAV1.0.0.11","4.0.0.2323","PSt7-10","170328-019","7/29/2022 11:23:46 AM","0000-00","0","no battery","V","","µV","","µV"
"08/11/2022","09:57:35","6","default","383292078","Oxt_06","13.667","min","97.056","%a.s.","Humid","20.692","deg","40875","µV","27.739","°C","1021.000","hPa","36.4","pmil","0","55.390","deg","20.000","°C","100.000","%a.s.","21.720","deg","20.000","°C","977.000","hPa","0.861","-0.02617","0.00035","0","0","13.56","Humid","26.25","0","44.00","379122.79","SABD0000000001","AAV1.0.0.11","4.0.0.2323","PSt7-10","170328-019","7/29/2022 11:23:46 AM","0000-00","0","no battery","V","","µV","","µV"
"08/11/2022","09:57:36","6","default","383292078","Oxt_06","13.684","min","97.023","%a.s.","Humid","20.696","deg","40870","µV","27.737","°C","1021.000","hPa","36.4","pmil","0","55.390","deg","20.000","°C","100.000","%a.s.","21.720","deg","20.000","°C","977.000","hPa","0.861","-0.02617","0.00035","0","0","13.56","Humid","26.25","0","44.00","379110.97","SABD0000000001","AAV1.0.0.11","4.0.0.2323","PSt7-10","170328-019","7/29/2022 11:23:46 AM","0000-00","0","no battery","V","","µV","","µV"
"08/11/2022","09:57:37","6","default","383292078","Oxt_06","13.700","min","97.034","%a.s.","Humid","20.695","deg","40875","µV","27.734","°C","1021.000","hPa","36.4","pmil","0","55.390","deg","20.000","°C","100.000","%a.s.","21.720","deg","20.000","°C","977.000","hPa","0.861","-0.02617","0.00035","0","0","13.56","Humid","26.25","0","44.00","379121.37","SABD0000000001","AAV1.0.0.11","4.0.0.2323","PSt7-10","170328-019","7/29/2022 11:23:46 AM","0000-00","0","no battery","V","","µV","","µV"
"08/11/2022","09:57:38","6","default","383292078","Oxt_06","13.717","min","97.017","%a.s.","Humid","20.697","deg","40873","µV","27.734","°C","1021.000","hPa","36.4","pmil","0","55.390","deg","20.000","°C","100.000","%a.s.","21.720","deg","20.000","°C","977.000","hPa","0.861","-0.02617","0.00035","0","0","13.56","Humid","26.25","0","44.00","379123.89","SABD0000000001","AAV1.0.0.11","4.0.0.2323","PSt7-10","170328-019","7/29/2022 11:23:46 AM","0000-00","0","no battery","V","","µV","","µV"
"08/11/2022","09:57:39","6","default","383292078","Oxt_06","13.734","min","97.083","%a.s.","Humid","20.689","deg","40877","µV","27.737","°C","1021.000","hPa","36.4","pmil","0","55.390","deg","20.000","°C","100.000","%a.s.","21.720","deg","20.000","°C","977.000","hPa","0.861","-0.02617","0.00035","0","0","13.56","Humid","26.25","0","44.00","379131.38","SABD0000000001","AAV1.0.0.11","4.0.0.2323","PSt7-10","170328-019","7/29/2022 11:23:46 AM","0000-00","0","no battery","V","","µV","","µV"
"08/11/2022","09:57:40","6","default","383292078","Oxt_06","13.751","min","97.034","%a.s.","Humid","20.694","deg","40879","µV","27.744","°C","1021.000","hPa","36.4","pmil","0","55.390","deg","20.000","°C","100.000","%a.s.","21.720","deg","20.000","°C","977.000","hPa","0.861","-0.02617","0.00035","0","0","13.56","Humid","26.25","0","44.00","379110.28","SABD0000000001","AAV1.0.0.11","4.0.0.2323","PSt7-10","170328-019","7/29/2022 11:23:46 AM","0000-00","0","no battery","V","","µV","","µV"
"08/11/2022","09:57:41","6","default","383292078","Oxt_06","13.767","min","97.020","%a.s.","Humid","20.697","deg","40876","µV","27.731","°C","1021.000","hPa","36.4","pmil","0","55.390","deg","20.000","°C","100.000","%a.s.","21.720","deg","20.000","°C","977.000","hPa","0.861","-0.02617","0.00035","0","0","13.56","Humid","26.25","0","44.00","379137.59","SABD0000000001","AAV1.0.0.11","4.0.0.2323","PSt7-10","170328-019","7/29/2022 11:23:46 AM","0000-00","0","no battery","V","","µV","","µV"
"08/11/2022","09:57:42","6","default","383292078","Oxt_06","13.784","min","96.969","%a.s.","Humid","20.703","deg","40880","µV","27.730","°C","1021.000","hPa","36.4","pmil","0","55.390","deg","20.000","°C","100.000","%a.s.","21.720","deg","20.000","°C","977.000","hPa","0.861","-0.02617","0.00035","0","0","13.56","Humid","26.25","0","44.00","379116.64","SABD0000000001","AAV1.0.0.11","4.0.0.2323","PSt7-10","170328-019","7/29/2022 11:23:46 AM","0000-00","0","no battery","V","","µV","","µV"
"08/11/2022","09:57:43","6","default","383292078","Oxt_06","13.800","min","96.964","%a.s.","Humid","20.703","deg","40880","µV","27.735","°C","1021.000","hPa","36.4","pmil","0","55.390","deg","20.000","°C","100.000","%a.s.","21.720","deg","20.000","°C","977.000","hPa","0.861","-0.02617","0.00035","0","0","13.56","Humid","26.25","0","44.00","379126.34","SABD0000000001","AAV1.0.0.11","4.0.0.2323","PSt7-10","170328-019","7/29/2022 11:23:46 AM","0000-00","0","no battery","V","","µV","","µV"
"08/11/2022","09:57:44","6","default","383292078","Oxt_06","13.817","min","97.020","%a.s.","Humid","20.697","deg","40879","µV","27.730","°C","1021.000","hPa","36.4","pmil","0","55.390","deg","20.000","°C","100.000","%a.s.","21.720","deg","20.000","°C","977.000","hPa","0.861","-0.02617","0.00035","0","0","13.56","Humid","26.25","0","44.00","379116.54","SABD0000000001","AAV1.0.0.11","4.0.0.2323","PSt7-10","170328-019","7/29/2022 11:23:46 AM","0000-00","0","no battery","V","","µV","","µV"
"08/11/2022","09:57:45","6","default","383292078","Oxt_06","13.834","min","97.027","%a.s.","Humid","20.694","deg","40879","µV","27.751","°C","1021.000","hPa","36.4","pmil","0","55.390","deg","20.000","°C","100.000","%a.s.","21.720","deg","20.000","°C","977.000","hPa","0.861","-0.02617","0.00035","0","0","13.56","Humid","26.25","0","44.00","379097.33","SABD0000000001","AAV1.0.0.11","4.0.0.2323","PSt7-10","170328-019","7/29/2022 11:23:46 AM","0000-00","0","no battery","V","","µV","","µV"
"08/11/2022","09:57:46","6","default","383292078","Oxt_06","13.850","min","97.014","%a.s.","Humid","20.696","deg","40872","µV","27.746","°C","1021.000","hPa","36.4","pmil","0","55.390","deg","20.000","°C","100.000","%a.s.","21.720","deg","20.000","°C","977.000","hPa","0.861","-0.02617","0.00035","0","0","13.56","Humid","26.25","0","44.00","379105.15","SABD0000000001","AAV1.0.0.11","4.0.0.2323","PSt7-10","170328-019","7/29/2022 11:23:46 AM","0000-00","0","no battery","V","","µV","","µV"
"08/11/2022","09:57:47","6","default","383292078","Oxt_06","13.867","min","96.926","%a.s.","Humid","20.707","deg","40875","µV","27.739","°C","1021.000","hPa","36.4","pmil","0","55.390","deg","20.000","°C","100.000","%a.s.","21.720","deg","20.000","°C","977.000","hPa","0.861","-0.02617","0.00035","0","0","13.56","Humid","26.25","0","44.00","379103.79","SABD0000000001","AAV1.0.0.11","4.0.0.2323","PSt7-10","170328-019","7/29/2022 11:23:46 AM","0000-00","0","no battery","V","","µV","","µV"
"08/11/2022","09:57:48","6","default","383292078","Oxt_06","13.884","min","96.984","%a.s.","Humid","20.700","deg","40888","µV","27.742","°C","1021.000","hPa","36.4","pmil","0","55.390","deg","20.000","°C","100.000","%a.s.","21.720","deg","20.000","°C","977.000","hPa","0.861","-0.02617","0.00035","0","0","13.56","Humid","26.25","0","44.00","379106.36","SABD0000000001","AAV1.0.0.11","4.0.0.2323","PSt7-10","170328-019","7/29/2022 11:23:46 AM","0000-00","0","no battery","V","","µV","","µV"
"08/11/2022","09:57:49","6","default","383292078","Oxt_06","13.900","min","96.962","%a.s.","Humid","20.702","deg","40879","µV","27.747","°C","1021.000","hPa","36.4","pmil","0","55.390","deg","20.000","°C","100.000","%a.s.","21.720","deg","20.000","°C","977.000","hPa","0.861","-0.02617","0.00035","0","0","13.56","Humid","26.25","0","44.00","379103.08","SABD0000000001","AAV1.0.0.11","4.0.0.2323","PSt7-10","170328-019","7/29/2022 11:23:46 AM","0000-00","0","no battery","V","","µV","","µV"
"08/11/2022","09:57:50","6","default","383292078","Oxt_06","13.917","min","97.082","%a.s.","Humid","20.689","deg","40881","µV","27.739","°C","1021.000","hPa","36.4","pmil","0","55.390","deg","20.000","°C","100.000","%a.s.","21.720","deg","20.000","°C","977.000","hPa","0.861","-0.02617","0.00035","0","0","13.56","Humid","26.25","0","44.00","379108.03","SABD0000000001","AAV1.0.0.11","4.0.0.2323","PSt7-10","170328-019","7/29/2022 11:23:46 AM","0000-00","0","no battery","V","","µV","","µV"
"08/11/2022","09:57:51","6","default","383292078","Oxt_06","13.934","min","96.978","%a.s.","Humid","20.701","deg","40883","µV","27.738","°C","1021.000","hPa","36.4","pmil","0","55.390","deg","20.000","°C","100.000","%a.s.","21.720","deg","20.000","°C","977.000","hPa","0.861","-0.02617","0.00035","0","0","13.56","Humid","26.25","0","44.00","379101.67","SABD0000000001","AAV1.0.0.11","4.0.0.2323","PSt7-10","170328-019","7/29/2022 11:23:46 AM","0000-00","0","no battery","V","","µV","","µV"
"08/11/2022","09:57:52","6","default","383292078","Oxt_06","13.950","min","97.051","%a.s.","Humid","20.692","deg","40874","µV","27.744","°C","1021.000","hPa","36.4","pmil","0","55.390","deg","20.000","°C","100.000","%a.s.","21.720","deg","20.000","°C","977.000","hPa","0.861","-0.02617","0.00035","0","0","13.56","Humid","26.25","0","44.00","379107.03","SABD0000000001","AAV1.0.0.11","4.0.0.2323","PSt7-10","170328-019","7/29/2022 11:23:46 AM","0000-00","0","no battery","V","","µV","","µV"
"08/11/2022","09:57:53","6","default","383292078","Oxt_06","13.967","min","97.038","%a.s.","Humid","20.694","deg","40884","µV","27.739","°C","1021.000","hPa","36.4","pmil","0","55.390","deg","20.000","°C","100.000","%a.s.","21.720","deg","20.000","°C","977.000","hPa","0.861","-0.02617","0.00035","0","0","13.56","Humid","26.25","0","44.00","379107.08","SABD0000000001","AAV1.0.0.11","4.0.0.2323","PSt7-10","170328-019","7/29/2022 11:23:46 AM","0000-00","0","no battery","V","","µV","","µV"
"08/11/2022","09:57:54","6","default","383292078","Oxt_06","13.984","min","96.988","%a.s.","Humid","20.699","deg","40876","µV","27.747","°C","1021.000","hPa","36.4","pmil","0","55.390","deg","20.000","°C","100.000","%a.s.","21.720","deg","20.000","°C","977.000","hPa","0.861","-0.02617","0.00035","0","0","13.56","Humid","26.25","0","44.00","379099.57","SABD0000000001","AAV1.0.0.11","4.0.0.2323","PSt7-10","170328-019","7/29/2022 11:23:46 AM","0000-00","0","no battery","V","","µV","","µV"
"08/11/2022","09:57:55","6","default","383292078","Oxt_06","14.000","min","96.956","%a.s.","Humid","20.703","deg","40879","µV","27.744","°C","1021.000","hPa","36.4","pmil","0","55.390","deg","20.000","°C","100.000","%a.s.","21.720","deg","20.000","°C","977.000","hPa","0.861","-0.02617","0.00035","0","0","13.56","Humid","26.25","0","44.00","379106.32","SABD0000000001","AAV1.0.0.11","4.0.0.2323","PSt7-10","170328-019","7/29/2022 11:23:46 AM","0000-00","0","no battery","V","","µV","","µV"
"08/11/2022","09:57:56","6","default","383292078","Oxt_06","14.017","min","96.945","%a.s.","Humid","20.705","deg","40883","µV","27.737","°C","1021.000","hPa","36.4","pmil","0","55.390","deg","20.000","°C","100.000","%a.s.","21.720","deg","20.000","°C","977.000","hPa","0.861","-0.02617","0.00035","0","0","13.56","Humid","26.25","0","44.00","379109.14","SABD0000000001","AAV1.0.0.11","4.0.0.2323","PSt7-10","170328-019","7/29/2022 11:23:46 AM","0000-00","0","no battery","V","","µV","","µV"
"08/11/2022","09:57:57","6","default","383292078","Oxt_06","14.034","min","96.931","%a.s.","Humid","20.705","deg","40882","µV","27.752","°C","1021.000","hPa","36.4","pmil","0","55.390","deg","20.000","°C","100.000","%a.s.","21.720","deg","20.000","°C","977.000","hPa","0.861","-0.02617","0.00035","0","0","13.56","Humid","26.25","0","44.00","379105.36","SABD0000000001","AAV1.0.0.11","4.0.0.2323","PSt7-10","170328-019","7/29/2022 11:23:46 AM","0000-00","0","no battery","V","","µV","","µV"
"08/11/2022","09:57:58","6","default","383292078","Oxt_06","14.050","min","96.999","%a.s.","Humid","20.698","deg","40880","µV","27.744","°C","1021.000","hPa","36.4","pmil","0","55.390","deg","20.000","°C","100.000","%a.s.","21.720","deg","20.000","°C","977.000","hPa","0.861","-0.02617","0.00035","0","0","13.56","Humid","26.25","0","44.00","379089.77","SABD0000000001","AAV1.0.0.11","4.0.0.2323","PSt7-10","170328-019","7/29/2022 11:23:46 AM","0000-00","0","no battery","V","","µV","","µV"
"08/11/2022","09:57:59","6","default","383292078","Oxt_06","14.067","min","96.958","%a.s.","Humid","20.702","deg","40880","µV","27.751","°C","1021.000","hPa","36.4","pmil","0","55.390","deg","20.000","°C","100.000","%a.s.","21.720","deg","20.000","°C","977.000","hPa","0.861","-0.02617","0.00035","0","0","13.56","Humid","26.25","0","44.00","379098.61","SABD0000000001","AAV1.0.0.11","4.0.0.2323","PSt7-10","170328-019","7/29/2022 11:23:46 AM","0000-00","0","no battery","V","","µV","","µV"
"08/11/2022","09:58:00","6","default","383292078","Oxt_06","14.084","min","96.959","%a.s.","Humid","20.703","deg","40890","µV","27.740","°C","1021.000","hPa","36.4","pmil","0","55.390","deg","20.000","°C","100.000","%a.s.","21.720","deg","20.000","°C","977.000","hPa","0.861","-0.02617","0.00035","0","0","13.56","Humid","26.25","0","44.00","379102.08","SABD0000000001","AAV1.0.0.11","4.0.0.2323","PSt7-10","170328-019","7/29/2022 11:23:46 AM","0000-00","0","no battery","V","","µV","","µV"
"08/11/2022","09:58:01","6","default","383292078","Oxt_06","14.100","min","97.002","%a.s.","Humid","20.698","deg","40882","µV","27.741","°C","1021.000","hPa","36.4","pmil","0","55.390","deg","20.000","°C","100.000","%a.s.","21.720","deg","20.000","°C","977.000","hPa","0.861","-0.02617","0.00035","0","0","13.56","Humid","26.25","0","44.00","379097.20","SABD0000000001","AAV1.0.0.11","4.0.0.2323","PSt7-10","170328-019","7/29/2022 11:23:46 AM","0000-00","0","no battery","V","","µV","","µV"
"08/11/2022","09:58:02","6","default","383292078","Oxt_06","14.117","min","96.988","%a.s.","Humid","20.701","deg","40881","µV","27.728","°C","1021.000","hPa","36.4","pmil","0","55.390","deg","20.000","°C","100.000","%a.s.","21.720","deg","20.000","°C","977.000","hPa","0.861","-0.02617","0.00035","0","0","13.56","Humid","26.25","0","44.00","379091.73","SABD0000000001","AAV1.0.0.11","4.0.0.2323","PSt7-10","170328-019","7/29/2022 11:23:46 AM","0000-00","0","no battery","V","","µV","","µV"
"08/11/2022","09:58:03","6","default","383292078","Oxt_06","14.134","min","96.959","%a.s.","Humid","20.702","deg","40884","µV","27.750","°C","1021.000","hPa","36.4","pmil","0","55.390","deg","20.000","°C","100.000","%a.s.","21.720","deg","20.000","°C","977.000","hPa","0.861","-0.02617","0.00035","0","0","13.56","Humid","26.25","0","44.00","379097.16","SABD0000000001","AAV1.0.0.11","4.0.0.2323","PSt7-10","170328-019","7/29/2022 11:23:46 AM","0000-00","0","no battery","V","","µV","","µV"
"08/11/2022","09:58:04","6","default","383292078","Oxt_06","14.150","min","96.965","%a.s.","Humid","20.702","deg","40883","µV","27.743","°C","1021.000","hPa","36.4","pmil","0","55.390","deg","20.000","°C","100.000","%a.s.","21.720","deg","20.000","°C","977.000","hPa","0.861","-0.02617","0.00035","0","0","13.56","Humid","26.25","0","44.00","379095.09","SABD0000000001","AAV1.0.0.11","4.0.0.2323","PSt7-10","170328-019","7/29/2022 11:23:46 AM","0000-00","0","no battery","V","","µV","","µV"
"08/11/2022","09:58:05","6","default","383292078","Oxt_06","14.167","min","97.007","%a.s.","Humid","20.697","deg","40883","µV","27.745","°C","1021.000","hPa","36.4","pmil","0","55.390","deg","20.000","°C","100.000","%a.s.","21.720","deg","20.000","°C","977.000","hPa","0.861","-0.02617","0.00035","0","0","13.56","Humid","26.25","0","44.00","379084.03","SABD0000000001","AAV1.0.0.11","4.0.0.2323","PSt7-10","170328-019","7/29/2022 11:23:46 AM","0000-00","0","no battery","V","","µV","","µV"
"08/11/2022","09:58:06","6","default","383292078","Oxt_06","14.184","min","97.063","%a.s.","Humid","20.690","deg","40887","µV","27.750","°C","1021.000","hPa","36.4","pmil","0","55.390","deg","20.000","°C","100.000","%a.s.","21.720","deg","20.000","°C","977.000","hPa","0.861","-0.02617","0.00035","0","0","13.56","Humid","26.25","0","44.00","379086.96","SABD0000000001","AAV1.0.0.11","4.0.0.2323","PSt7-10","170328-019","7/29/2022 11:23:46 AM","0000-00","0","no battery","V","","µV","","µV"
"08/11/2022","09:58:07","6","default","383292078","Oxt_06","14.200","min","97.001","%a.s.","Humid","20.697","deg","40881","µV","27.751","°C","1021.000","hPa","36.4","pmil","0","55.390","deg","20.000","°C","100.000","%a.s.","21.720","deg","20.000","°C","977.000","hPa","0.861","-0.02617","0.00035","0","0","13.56","Humid","26.25","0","44.00","379095.28","SABD0000000001","AAV1.0.0.11","4.0.0.2323","PSt7-10","170328-019","7/29/2022 11:23:46 AM","0000-00","0","no battery","V","","µV","","µV"
"08/11/2022","09:58:08","6","default","383292078","Oxt_06","14.217","min","96.947","%a.s.","Humid","20.703","deg","40882","µV","27.753","°C","1021.000","hPa","36.4","pmil","0","55.390","deg","20.000","°C","100.000","%a.s.","21.720","deg","20.000","°C","977.000","hPa","0.861","-0.02617","0.00035","0","0","13.56","Humid","26.25","0","44.00","379090.73","SABD0000000001","AAV1.0.0.11","4.0.0.2323","PSt7-10","170328-019","7/29/2022 11:23:46 AM","0000-00","0","no battery","V","","µV","","µV"
"08/11/2022","09:58:09","6","default","383292078","Oxt_06","14.234","min","96.943","%a.s.","Humid","20.704","deg","40879","µV","27.748","°C","1021.000","hPa","36.4","pmil","0","55.390","deg","20.000","°C","100.000","%a.s.","21.720","deg","20.000","°C","977.000","hPa","0.861","-0.02617","0.00035","0","0","13.56","Humid","26.25","0","44.00","379077.67","SABD0000000001","AAV1.0.0.11","4.0.0.2323","PSt7-10","170328-019","7/29/2022 11:23:46 AM","0000-00","0","no battery","V","","µV","","µV"
"08/11/2022","09:58:10","6","default","383292078","Oxt_06","14.251","min","97.000","%a.s.","Humid","20.698","deg","40878","µV","27.743","°C","1021.000","hPa","36.4","pmil","0","55.390","deg","20.000","°C","100.000","%a.s.","21.720","deg","20.000","°C","977.000","hPa","0.861","-0.02617","0.00035","0","0","13.56","Humid","26.25","0","44.00","379096.40","SABD0000000001","AAV1.0.0.11","4.0.0.2323","PSt7-10","170328-019","7/29/2022 11:23:46 AM","0000-00","0","no battery","V","","µV","","µV"
"08/11/2022","09:58:11","6","default","383292078","Oxt_06","14.267","min","96.943","%a.s.","Humid","20.705","deg","40884","µV","27.739","°C","1021.000","hPa","36.4","pmil","0","55.390","deg","20.000","°C","100.000","%a.s.","21.720","deg","20.000","°C","977.000","hPa","0.861","-0.02617","0.00035","0","0","13.56","Humid","26.25","0","44.00","379094.30","SABD0000000001","AAV1.0.0.11","4.0.0.2323","PSt7-10","170328-019","7/29/2022 11:23:46 AM","0000-00","0","no battery","V","","µV","","µV"
"08/11/2022","09:58:12","6","default","383292078","Oxt_06","14.284","min","96.988","%a.s.","Humid","20.699","deg","40885","µV","27.747","°C","1021.000","hPa","36.4","pmil","0","55.390","deg","20.000","°C","100.000","%a.s.","21.720","deg","20.000","°C","977.000","hPa","0.861","-0.02617","0.00035","0","0","13.56","Humid","26.25","0","44.00","379095.02","SABD0000000001","AAV1.0.0.11","4.0.0.2323","PSt7-10","170328-019","7/29/2022 11:23:46 AM","0000-00","0","no battery","V","","µV","","µV"
"08/11/2022","09:58:13","6","default","383292078","Oxt_06","14.301","min","96.928","%a.s.","Humid","20.706","deg","40883","µV","27.746","°C","1021.000","hPa","36.4","pmil","0","55.390","deg","20.000","°C","100.000","%a.s.","21.720","deg","20.000","°C","977.000","hPa","0.861","-0.02617","0.00035","0","0","13.56","Humid","26.25","0","44.00","379076.33","SABD0000000001","AAV1.0.0.11","4.0.0.2323","PSt7-10","170328-019","7/29/2022 11:23:46 AM","0000-00","0","no battery","V","","µV","","µV"
"08/11/2022","09:58:14","6","default","383292078","Oxt_06","14.317","min","96.981","%a.s.","Humid","20.699","deg","40882","µV","27.754","°C","1021.000","hPa","36.4","pmil","0","55.390","deg","20.000","°C","100.000","%a.s.","21.720","deg","20.000","°C","977.000","hPa","0.861","-0.02617","0.00035","0","0","13.56","Humid","26.25","0","44.00","379086.15","SABD0000000001","AAV1.0.0.11","4.0.0.2323","PSt7-10","170328-019","7/29/2022 11:23:46 AM","0000-00","0","no battery","V","","µV","","µV"
"08/11/2022","09:58:15","6","default","383292078","Oxt_06","14.334","min","96.924","%a.s.","Humid","20.708","deg","40879","µV","27.732","°C","1021.000","hPa","36.4","pmil","0","55.390","deg","20.000","°C","100.000","%a.s.","21.720","deg","20.000","°C","977.000","hPa","0.861","-0.02617","0.00035","0","0","13.56","Humid","26.25","0","44.00","379088.09","SABD0000000001","AAV1.0.0.11","4.0.0.2323","PSt7-10","170328-019","7/29/2022 11:23:46 AM","0000-00","0","no battery","V","","µV","","µV"
"08/11/2022","09:58:16","6","default","383292078","Oxt_06","14.351","min","96.957","%a.s.","Humid","20.703","deg","40882","µV","27.743","°C","1021.000","hPa","36.4","pmil","0","55.390","deg","20.000","°C","100.000","%a.s.","21.720","deg","20.000","°C","977.000","hPa","0.861","-0.02617","0.00035","0","0","13.56","Humid","26.25","0","44.00","379093.29","SABD0000000001","AAV1.0.0.11","4.0.0.2323","PSt7-10","170328-019","7/29/2022 11:23:46 AM","0000-00","0","no battery","V","","µV","","µV"
"08/11/2022","09:58:17","6","default","383292078","Oxt_06","14.367","min","96.973","%a.s.","Humid","20.701","deg","40883","µV","27.744","°C","1021.000","hPa","36.4","pmil","0","55.390","deg","20.000","°C","100.000","%a.s.","21.720","deg","20.000","°C","977.000","hPa","0.861","-0.02617","0.00035","0","0","13.56","Humid","26.25","0","44.00","379073.64","SABD0000000001","AAV1.0.0.11","4.0.0.2323","PSt7-10","170328-019","7/29/2022 11:23:46 AM","0000-00","0","no battery","V","","µV","","µV"
"08/11/2022","09:58:18","6","default","383292078","Oxt_06","14.384","min","97.009","%a.s.","Humid","20.697","deg","40882","µV","27.743","°C","1021.000","hPa","36.4","pmil","0","55.390","deg","20.000","°C","100.000","%a.s.","21.720","deg","20.000","°C","977.000","hPa","0.861","-0.02617","0.00035","0","0","13.56","Humid","26.25","0","44.00","379078.26","SABD0000000001","AAV1.0.0.11","4.0.0.2323","PSt7-10","170328-019","7/29/2022 11:23:46 AM","0000-00","0","no battery","V","","µV","","µV"
"08/11/2022","09:58:19","6","default","383292078","Oxt_06","14.401","min","96.914","%a.s.","Humid","20.708","deg","40879","µV","27.742","°C","1021.000","hPa","36.4","pmil","0","55.390","deg","20.000","°C","100.000","%a.s.","21.720","deg","20.000","°C","977.000","hPa","0.861","-0.02617","0.00035","0","0","13.56","Humid","26.25","0","44.00","379066.03","SABD0000000001","AAV1.0.0.11","4.0.0.2323","PSt7-10","170328-019","7/29/2022 11:23:46 AM","0000-00","0","no battery","V","","µV","","µV"
"08/11/2022","09:58:20","6","default","383292078","Oxt_06","14.417","min","96.971","%a.s.","Humid","20.702","deg","40880","µV","27.737","°C","1021.000","hPa","36.4","pmil","0","55.390","deg","20.000","°C","100.000","%a.s.","21.720","deg","20.000","°C","977.000","hPa","0.861","-0.02617","0.00035","0","0","13.56","Humid","26.25","0","44.00","379056.88","SABD0000000001","AAV1.0.0.11","4.0.0.2323","PSt7-10","170328-019","7/29/2022 11:23:46 AM","0000-00","0","no battery","V","","µV","","µV"
"08/11/2022","09:58:21","6","default","383292078","Oxt_06","14.434","min","96.978","%a.s.","Humid","20.700","deg","40887","µV","27.748","°C","1021.000","hPa","36.4","pmil","0","55.390","deg","20.000","°C","100.000","%a.s.","21.720","deg","20.000","°C","977.000","hPa","0.861","-0.02617","0.00035","0","0","13.56","Humid","26.25","0","44.00","379070.94","SABD0000000001","AAV1.0.0.11","4.0.0.2323","PSt7-10","170328-019","7/29/2022 11:23:46 AM","0000-00","0","no battery","V","","µV","","µV"
"08/11/2022","09:58:22","6","default","383292078","Oxt_06","14.451","min","96.952","%a.s.","Humid","20.704","deg","40885","µV","27.739","°C","1021.000","hPa","36.4","pmil","0","55.390","deg","20.000","°C","100.000","%a.s.","21.720","deg","20.000","°C","977.000","hPa","0.861","-0.02617","0.00035","0","0","13.56","Humid","26.25","0","44.00","379077.46","SABD0000000001","AAV1.0.0.11","4.0.0.2323","PSt7-10","170328-019","7/29/2022 11:23:46 AM","0000-00","0","no battery","V","","µV","","µV"
"08/11/2022","09:58:23","6","default","383292078","Oxt_06","14.467","min","96.936","%a.s.","Humid","20.705","deg","40885","µV","27.746","°C","1021.000","hPa","36.4","pmil","0","55.390","deg","20.000","°C","100.000","%a.s.","21.720","deg","20.000","°C","977.000","hPa","0.861","-0.02617","0.00035","0","0","13.56","Humid","26.25","0","44.00","379064.38","SABD0000000001","AAV1.0.0.11","4.0.0.2323","PSt7-10","170328-019","7/29/2022 11:23:46 AM","0000-00","0","no battery","V","","µV","","µV"
"08/11/2022","09:58:24","6","default","383292078","Oxt_06","14.484","min","96.948","%a.s.","Humid","20.702","deg","40885","µV","27.762","°C","1021.000","hPa","36.4","pmil","0","55.390","deg","20.000","°C","100.000","%a.s.","21.720","deg","20.000","°C","977.000","hPa","0.861","-0.02617","0.00035","0","0","13.56","Humid","26.25","0","44.00","379064.49","SABD0000000001","AAV1.0.0.11","4.0.0.2323","PSt7-10","170328-019","7/29/2022 11:23:46 AM","0000-00","0","no battery","V","","µV","","µV"
"08/11/2022","09:58:25","6","default","383292078","Oxt_06","14.501","min","97.014","%a.s.","Humid","20.697","deg","40887","µV","27.737","°C","1021.000","hPa","36.4","pmil","0","55.390","deg","20.000","°C","100.000","%a.s.","21.720","deg","20.000","°C","977.000","hPa","0.861","-0.02617","0.00035","0","0","13.56","Humid","26.25","0","44.00","379069.58","SABD0000000001","AAV1.0.0.11","4.0.0.2323","PSt7-10","170328-019","7/29/2022 11:23:46 AM","0000-00","0","no battery","V","","µV","","µV"
"08/11/2022","09:58:26","6","default","383292078","Oxt_06","14.517","min","96.940","%a.s.","Humid","20.704","deg","40886","µV","27.751","°C","1021.000","hPa","36.4","pmil","0","55.390","deg","20.000","°C","100.000","%a.s.","21.720","deg","20.000","°C","977.000","hPa","0.861","-0.02617","0.00035","0","0","13.56","Humid","26.25","0","44.00","379071.10","SABD0000000001","AAV1.0.0.11","4.0.0.2323","PSt7-10","170328-019","7/29/2022 11:23:46 AM","0000-00","0","no battery","V","","µV","","µV"
"08/11/2022","09:58:27","6","default","383292078","Oxt_06","14.534","min","96.955","%a.s.","Humid","20.703","deg","40879","µV","27.745","°C","1021.000","hPa","36.4","pmil","0","55.390","deg","20.000","°C","100.000","%a.s.","21.720","deg","20.000","°C","977.000","hPa","0.861","-0.02617","0.00035","0","0","13.56","Humid","26.25","0","44.00","379058.32","SABD0000000001","AAV1.0.0.11","4.0.0.2323","PSt7-10","170328-019","7/29/2022 11:23:46 AM","0000-00","0","no battery","V","","µV","","µV"
"08/11/2022","09:58:28","6","default","383292078","Oxt_06","14.551","min","96.950","%a.s.","Humid","20.704","deg","40886","µV","27.740","°C","1021.000","hPa","36.4","pmil","0","55.390","deg","20.000","°C","100.000","%a.s.","21.720","deg","20.000","°C","977.000","hPa","0.861","-0.02617","0.00035","0","0","13.56","Humid","26.25","0","44.00","379065.59","SABD0000000001","AAV1.0.0.11","4.0.0.2323","PSt7-10","170328-019","7/29/2022 11:23:46 AM","0000-00","0","no battery","V","","µV","","µV"
"08/11/2022","09:58:29","6","default","383292078","Oxt_06","14.567","min","96.978","%a.s.","Humid","20.701","deg","40888","µV","27.738","°C","1021.000","hPa","36.4","pmil","0","55.390","deg","20.000","°C","100.000","%a.s.","21.720","deg","20.000","°C","977.000","hPa","0.861","-0.02617","0.00035","0","0","13.56","Humid","26.25","0","44.00","379068.68","SABD0000000001","AAV1.0.0.11","4.0.0.2323","PSt7-10","170328-019","7/29/2022 11:23:46 AM","0000-00","0","no battery","V","","µV","","µV"
"08/11/2022","09:58:30","6","default","383292078","Oxt_06","14.584","min","96.964","%a.s.","Humid","20.703","deg","40891","µV","27.735","°C","1021.000","hPa","36.4","pmil","0","55.390","deg","20.000","°C","100.000","%a.s.","21.720","deg","20.000","°C","977.000","hPa","0.861","-0.02617","0.00035","0","0","13.56","Humid","26.25","0","44.00","379066.96","SABD0000000001","AAV1.0.0.11","4.0.0.2323","PSt7-10","170328-019","7/29/2022 11:23:46 AM","0000-00","0","no battery","V","","µV","","µV"
"08/11/2022","09:58:31","6","default","383292078","Oxt_06","14.601","min","96.920","%a.s.","Humid","20.707","deg","40888","µV","27.746","°C","1021.000","hPa","36.4","pmil","0","55.390","deg","20.000","°C","100.000","%a.s.","21.720","deg","20.000","°C","977.000","hPa","0.861","-0.02617","0.00035","0","0","13.56","Humid","26.25","0","44.00","379058.18","SABD0000000001","AAV1.0.0.11","4.0.0.2323","PSt7-10","170328-019","7/29/2022 11:23:46 AM","0000-00","0","no battery","V","","µV","","µV"
"08/11/2022","09:58:32","6","default","383292078","Oxt_06","14.617","min","96.890","%a.s.","Humid","20.710","deg","40881","µV","27.749","°C","1021.000","hPa","36.4","pmil","0","55.390","deg","20.000","°C","100.000","%a.s.","21.720","deg","20.000","°C","977.000","hPa","0.861","-0.02617","0.00035","0","0","13.56","Humid","26.25","0","44.00","379047.28","SABD0000000001","AAV1.0.0.11","4.0.0.2323","PSt7-10","170328-019","7/29/2022 11:23:46 AM","0000-00","0","no battery","V","","µV","","µV"
"08/11/2022","09:58:33","6","default","383292078","Oxt_06","14.634","min","96.923","%a.s.","Humid","20.706","deg","40895","µV","27.751","°C","1021.000","hPa","36.4","pmil","0","55.390","deg","20.000","°C","100.000","%a.s.","21.720","deg","20.000","°C","977.000","hPa","0.861","-0.02617","0.00035","0","0","13.56","Humid","26.25","0","44.00","379048.38","SABD0000000001","AAV1.0.0.11","4.0.0.2323","PSt7-10","170328-019","7/29/2022 11:23:46 AM","0000-00","0","no battery","V","","µV","","µV"
"08/11/2022","09:58:34","6","default","383292078","Oxt_06","14.651","min","96.960","%a.s.","Humid","20.701","deg","40886","µV","27.758","°C","1021.000","hPa","36.4","pmil","0","55.390","deg","20.000","°C","100.000","%a.s.","21.720","deg","20.000","°C","977.000","hPa","0.861","-0.02617","0.00035","0","0","13.56","Humid","26.25","0","44.00","379056.72","SABD0000000001","AAV1.0.0.11","4.0.0.2323","PSt7-10","170328-019","7/29/2022 11:23:46 AM","0000-00","0","no battery","V","","µV","","µV"
"08/11/2022","09:58:35","6","default","383292078","Oxt_06","14.667","min","96.916","%a.s.","Humid","20.708","deg","40883","µV","27.740","°C","1021.000","hPa","36.4","pmil","0","55.390","deg","20.000","°C","100.000","%a.s.","21.720","deg","20.000","°C","977.000","hPa","0.861","-0.02617","0.00035","0","0","13.56","Humid","26.25","0","44.00","379055.81","SABD0000000001","AAV1.0.0.11","4.0.0.2323","PSt7-10","170328-019","7/29/2022 11:23:46 AM","0000-00","0","no battery","V","","µV","","µV"
"08/11/2022","09:58:36","6","default","383292078","Oxt_06","14.684","min","96.916","%a.s.","Humid","20.707","deg","40891","µV","27.750","°C","1021.000","hPa","36.4","pmil","0","55.390","deg","20.000","°C","100.000","%a.s.","21.720","deg","20.000","°C","977.000","hPa","0.861","-0.02617","0.00035","0","0","13.56","Humid","26.25","0","44.00","379060.26","SABD0000000001","AAV1.0.0.11","4.0.0.2323","PSt7-10","170328-019","7/29/2022 11:23:46 AM","0000-00","0","no battery","V","","µV","","µV"
"08/11/2022","09:58:37","6","default","383292078","Oxt_06","14.701","min","96.942","%a.s.","Humid","20.705","deg","40886","µV","27.740","°C","1021.000","hPa","36.4","pmil","0","55.390","deg","20.000","°C","100.000","%a.s.","21.720","deg","20.000","°C","977.000","hPa","0.861","-0.02617","0.00035","0","0","13.56","Humid","26.25","0","44.00","379047.28","SABD0000000001","AAV1.0.0.11","4.0.0.2323","PSt7-10","170328-019","7/29/2022 11:23:46 AM","0000-00","0","no battery","V","","µV","","µV"
"08/11/2022","09:58:38","6","default","383292078","Oxt_06","14.717","min","96.923","%a.s.","Humid","20.707","deg","40889","µV","27.742","°C","1021.000","hPa","36.4","pmil","0","55.390","deg","20.000","°C","100.000","%a.s.","21.720","deg","20.000","°C","977.000","hPa","0.861","-0.02617","0.00035","0","0","13.56","Humid","26.25","0","44.00","379057.55","SABD0000000001","AAV1.0.0.11","4.0.0.2323","PSt7-10","170328-019","7/29/2022 11:23:46 AM","0000-00","0","no battery","V","","µV","","µV"
"08/11/2022","09:58:39","6","default","383292078","Oxt_06","14.734","min","96.951","%a.s.","Humid","20.704","deg","40886","µV","27.740","°C","1021.000","hPa","36.4","pmil","0","55.390","deg","20.000","°C","100.000","%a.s.","21.720","deg","20.000","°C","977.000","hPa","0.861","-0.02617","0.00035","0","0","13.56","Humid","26.25","0","44.00","379048.84","SABD0000000001","AAV1.0.0.11","4.0.0.2323","PSt7-10","170328-019","7/29/2022 11:23:46 AM","0000-00","0","no battery","V","","µV","","µV"
"08/11/2022","09:58:40","6","default","383292078","Oxt_06","14.751","min","96.985","%a.s.","Humid","20.701","deg","40882","µV","27.731","°C","1021.000","hPa","36.4","pmil","0","55.390","deg","20.000","°C","100.000","%a.s.","21.720","deg","20.000","°C","977.000","hPa","0.861","-0.02617","0.00035","0","0","13.56","Humid","26.25","0","44.00","379059.28","SABD0000000001","AAV1.0.0.11","4.0.0.2323","PSt7-10","170328-019","7/29/2022 11:23:46 AM","0000-00","0","no battery","V","","µV","","µV"
"08/11/2022","09:58:41","6","default","383292078","Oxt_06","14.767","min","96.922","%a.s.","Humid","20.707","deg","40890","µV","27.743","°C","1021.000","hPa","36.4","pmil","0","55.390","deg","20.000","°C","100.000","%a.s.","21.720","deg","20.000","°C","977.000","hPa","0.861","-0.02617","0.00035","0","0","13.56","Humid","26.25","0","44.00","379040.95","SABD0000000001","AAV1.0.0.11","4.0.0.2323","PSt7-10","170328-019","7/29/2022 11:23:46 AM","0000-00","0","no battery","V","","µV","","µV"
"08/11/2022","09:58:42","6","default","383292078","Oxt_06","14.784","min","96.939","%a.s.","Humid","20.704","deg","40884","µV","27.753","°C","1021.000","hPa","36.4","pmil","0","55.390","deg","20.000","°C","100.000","%a.s.","21.720","deg","20.000","°C","977.000","hPa","0.861","-0.02617","0.00035","0","0","13.56","Humid","26.25","0","44.00","379039.87","SABD0000000001","AAV1.0.0.11","4.0.0.2323","PSt7-10","170328-019","7/29/2022 11:23:46 AM","0000-00","0","no battery","V","","µV","","µV"
"08/11/2022","09:58:43","6","default","383292078","Oxt_06","14.801","min","96.915","%a.s.","Humid","20.707","deg","40886","µV","27.751","°C","1021.000","hPa","36.4","pmil","0","55.390","deg","20.000","°C","100.000","%a.s.","21.720","deg","20.000","°C","977.000","hPa","0.861","-0.02617","0.00035","0","0","13.56","Humid","26.25","0","44.00","379051.38","SABD0000000001","AAV1.0.0.11","4.0.0.2323","PSt7-10","170328-019","7/29/2022 11:23:46 AM","0000-00","0","no battery","V","","µV","","µV"
"08/11/2022","09:58:44","6","default","383292078","Oxt_06","14.817","min","96.879","%a.s.","Humid","20.711","deg","40892","µV","27.752","°C","1021.000","hPa","36.4","pmil","0","55.390","deg","20.000","°C","100.000","%a.s.","21.720","deg","20.000","°C","977.000","hPa","0.861","-0.02617","0.00035","0","0","13.56","Humid","26.25","0","44.00","379042.92","SABD0000000001","AAV1.0.0.11","4.0.0.2323","PSt7-10","170328-019","7/29/2022 11:23:46 AM","0000-00","0","no battery","V","","µV","","µV"
"08/11/2022","09:58:45","6","default","383292078","Oxt_06","14.834","min","96.961","%a.s.","Humid","20.701","deg","40889","µV","27.757","°C","1021.000","hPa","36.4","pmil","0","55.390","deg","20.000","°C","100.000","%a.s.","21.720","deg","20.000","°C","977.000","hPa","0.861","-0.02617","0.00035","0","0","13.56","Humid","26.25","0","44.00","379034.13","SABD0000000001","AAV1.0.0.11","4.0.0.2323","PSt7-10","170328-019","7/29/2022 11:23:46 AM","0000-00","0","no battery","V","","µV","","µV"
"08/11/2022","09:58:46","6","default","383292078","Oxt_06","14.851","min","96.963","%a.s.","Humid","20.702","deg","40891","µV","27.745","°C","1021.000","hPa","36.4","pmil","0","55.390","deg","20.000","°C","100.000","%a.s.","21.720","deg","20.000","°C","977.000","hPa","0.861","-0.02617","0.00035","0","0","13.56","Humid","26.25","0","44.00","379035.26","SABD0000000001","AAV1.0.0.11","4.0.0.2323","PSt7-10","170328-019","7/29/2022 11:23:46 AM","0000-00","0","no battery","V","","µV","","µV"
"08/11/2022","09:58:47","6","default","383292078","Oxt_06","14.867","min","96.866","%a.s.","Humid","20.713","deg","40889","µV","27.747","°C","1021.000","hPa","36.4","pmil","0","55.390","deg","20.000","°C","100.000","%a.s.","21.720","deg","20.000","°C","977.000","hPa","0.861","-0.02617","0.00035","0","0","13.56","Humid","26.25","0","44.00","379027.05","SABD0000000001","AAV1.0.0.11","4.0.0.2323","PSt7-10","170328-019","7/29/2022 11:23:46 AM","0000-00","0","no battery","V","","µV","","µV"
"08/11/2022","09:58:48","6","default","383292078","Oxt_06","14.884","min","96.945","%a.s.","Humid","20.704","deg","40887","µV","27.746","°C","1021.000","hPa","36.4","pmil","0","55.390","deg","20.000","°C","100.000","%a.s.","21.720","deg","20.000","°C","977.000","hPa","0.861","-0.02617","0.00035","0","0","13.56","Humid","26.25","0","44.00","379032.35","SABD0000000001","AAV1.0.0.11","4.0.0.2323","PSt7-10","170328-019","7/29/2022 11:23:46 AM","0000-00","0","no battery","V","","µV","","µV"
"08/11/2022","09:58:49","6","default","383292078","Oxt_06","14.901","min","96.938","%a.s.","Humid","20.705","deg","40887","µV","27.745","°C","1021.000","hPa","36.4","pmil","0","55.390","deg","20.000","°C","100.000","%a.s.","21.720","deg","20.000","°C","977.000","hPa","0.861","-0.02617","0.00035","0","0","13.56","Humid","26.25","0","44.00","379028.33","SABD0000000001","AAV1.0.0.11","4.0.0.2323","PSt7-10","170328-019","7/29/2022 11:23:46 AM","0000-00","0","no battery","V","","µV","","µV"
"08/11/2022","09:58:50","6","default","383292078","Oxt_06","14.917","min","96.878","%a.s.","Humid","20.712","deg","40892","µV","27.743","°C","1021.000","hPa","36.4","pmil","0","55.390","deg","20.000","°C","100.000","%a.s.","21.720","deg","20.000","°C","977.000","hPa","0.861","-0.02617","0.00035","0","0","13.56","Humid","26.25","0","44.00","379036.08","SABD0000000001","AAV1.0.0.11","4.0.0.2323","PSt7-10","170328-019","7/29/2022 11:23:46 AM","0000-00","0","no battery","V","","µV","","µV"
"08/11/2022","09:58:51","6","default","383292078","Oxt_06","14.934","min","96.875","%a.s.","Humid","20.710","deg","40888","µV","27.765","°C","1021.000","hPa","36.4","pmil","0","55.390","deg","20.000","°C","100.000","%a.s.","21.720","deg","20.000","°C","977.000","hPa","0.861","-0.02617","0.00035","0","0","13.56","Humid","26.25","0","44.00","379024.70","SABD0000000001","AAV1.0.0.11","4.0.0.2323","PSt7-10","170328-019","7/29/2022 11:23:46 AM","0000-00","0","no battery","V","","µV","","µV"
"08/11/2022","09:58:52","6","default","383292078","Oxt_06","14.951","min","96.923","%a.s.","Humid","20.706","deg","40890","µV","27.751","°C","1021.000","hPa","36.4","pmil","0","55.390","deg","20.000","°C","100.000","%a.s.","21.720","deg","20.000","°C","977.000","hPa","0.861","-0.02617","0.00035","0","0","13.56","Humid","26.25","0","44.00","379041.10","SABD0000000001","AAV1.0.0.11","4.0.0.2323","PSt7-10","170328-019","7/29/2022 11:23:46 AM","0000-00","0","no battery","V","","µV","","µV"
"08/11/2022","09:58:53","6","default","383292078","Oxt_06","14.967","min","96.972","%a.s.","Humid","20.701","deg","40887","µV","27.745","°C","1021.000","hPa","36.4","pmil","0","55.390","deg","20.000","°C","100.000","%a.s.","21.720","deg","20.000","°C","977.000","hPa","0.861","-0.02617","0.00035","0","0","13.56","Humid","26.25","0","44.00","379029.00","SABD0000000001","AAV1.0.0.11","4.0.0.2323","PSt7-10","170328-019","7/29/2022 11:23:46 AM","0000-00","0","no battery","V","","µV","","µV"
"08/11/2022","09:58:54","6","default","383292078","Oxt_06","14.984","min","96.900","%a.s.","Humid","20.709","deg","40890","µV","27.748","°C","1021.000","hPa","36.4","pmil","0","55.390","deg","20.000","°C","100.000","%a.s.","21.720","deg","20.000","°C","977.000","hPa","0.861","-0.02617","0.00035","0","0","13.56","Humid","26.25","0","44.00","379019.85","SABD0000000001","AAV1.0.0.11","4.0.0.2323","PSt7-10","170328-019","7/29/2022 11:23:46 AM","0000-00","0","no battery","V","","µV","","µV"
"08/11/2022","09:58:55","6","default","383292078","Oxt_06","15.001","min","96.934","%a.s.","Humid","20.706","deg","40886","µV","27.739","°C","1021.000","hPa","36.4","pmil","0","55.390","deg","20.000","°C","100.000","%a.s.","21.720","deg","20.000","°C","977.000","hPa","0.861","-0.02617","0.00035","0","0","13.56","Humid","26.25","0","44.00","379033.68","SABD0000000001","AAV1.0.0.11","4.0.0.2323","PSt7-10","170328-019","7/29/2022 11:23:46 AM","0000-00","0","no battery","V","","µV","","µV"
"08/11/2022","09:58:56","6","default","383292078","Oxt_06","15.017","min","96.892","%a.s.","Humid","20.710","deg","40889","µV","27.748","°C","1021.000","hPa","36.4","pmil","0","55.390","deg","20.000","°C","100.000","%a.s.","21.720","deg","20.000","°C","977.000","hPa","0.861","-0.02617","0.00035","0","0","13.56","Humid","26.25","0","44.00","379027.03","SABD0000000001","AAV1.0.0.11","4.0.0.2323","PSt7-10","170328-019","7/29/2022 11:23:46 AM","0000-00","0","no battery","V","","µV","","µV"
"08/11/2022","09:58:57","6","default","383292078","Oxt_06","15.034","min","96.956","%a.s.","Humid","20.702","deg","40886","µV","27.753","°C","1021.000","hPa","36.4","pmil","0","55.390","deg","20.000","°C","100.000","%a.s.","21.720","deg","20.000","°C","977.000","hPa","0.861","-0.02617","0.00035","0","0","13.56","Humid","26.25","0","44.00","379025.15","SABD0000000001","AAV1.0.0.11","4.0.0.2323","PSt7-10","170328-019","7/29/2022 11:23:46 AM","0000-00","0","no battery","V","","µV","","µV"
"08/11/2022","09:58:58","6","default","383292078","Oxt_06","15.051","min","96.910","%a.s.","Humid","20.709","deg","40885","µV","27.737","°C","1021.000","hPa","36.4","pmil","0","55.390","deg","20.000","°C","100.000","%a.s.","21.720","deg","20.000","°C","977.000","hPa","0.861","-0.02617","0.00035","0","0","13.56","Humid","26.25","0","44.00","379021.85","SABD0000000001","AAV1.0.0.11","4.0.0.2323","PSt7-10","170328-019","7/29/2022 11:23:46 AM","0000-00","0","no battery","V","","µV","","µV"
"08/11/2022","09:58:59","6","default","383292078","Oxt_06","15.068","min","96.902","%a.s.","Humid","20.711","deg","40889","µV","27.728","°C","1021.000","hPa","36.4","pmil","0","55.390","deg","20.000","°C","100.000","%a.s.","21.720","deg","20.000","°C","977.000","hPa","0.861","-0.02617","0.00035","0","0","13.56","Humid","26.25","0","44.00","379037.67","SABD0000000001","AAV1.0.0.11","4.0.0.2323","PSt7-10","170328-019","7/29/2022 11:23:46 AM","0000-00","0","no battery","V","","µV","","µV"
"08/11/2022","09:59:00","6","default","383292078","Oxt_06","15.084","min","96.943","%a.s.","Humid","20.706","deg","40894","µV","27.729","°C","1021.000","hPa","36.4","pmil","0","55.390","deg","20.000","°C","100.000","%a.s.","21.720","deg","20.000","°C","977.000","hPa","0.861","-0.02617","0.00035","0","0","13.56","Humid","26.25","0","44.00","379022.82","SABD0000000001","AAV1.0.0.11","4.0.0.2323","PSt7-10","170328-019","7/29/2022 11:23:46 AM","0000-00","0","no battery","V","","µV","","µV"
"08/11/2022","09:59:01","6","default","383292078","Oxt_06","15.101","min","96.963","%a.s.","Humid","20.701","deg","40882","µV","27.755","°C","1021.000","hPa","36.4","pmil","0","55.390","deg","20.000","°C","100.000","%a.s.","21.720","deg","20.000","°C","977.000","hPa","0.861","-0.02617","0.00035","0","0","13.56","Humid","26.25","0","44.00","379019.20","SABD0000000001","AAV1.0.0.11","4.0.0.2323","PSt7-10","170328-019","7/29/2022 11:23:46 AM","0000-00","0","no battery","V","","µV","","µV"
"08/11/2022","09:59:02","6","default","383292078","Oxt_06","15.118","min","96.915","%a.s.","Humid","20.707","deg","40889","µV","27.750","°C","1021.000","hPa","36.4","pmil","0","55.390","deg","20.000","°C","100.000","%a.s.","21.720","deg","20.000","°C","977.000","hPa","0.861","-0.02617","0.00035","0","0","13.56","Humid","26.25","0","44.00","379019.91","SABD0000000001","AAV1.0.0.11","4.0.0.2323","PSt7-10","170328-019","7/29/2022 11:23:46 AM","0000-00","0","no battery","V","","µV","","µV"
"08/11/2022","09:59:03","6","default","383292078","Oxt_06","15.134","min","96.957","%a.s.","Humid","20.702","deg","40887","µV","27.752","°C","1021.000","hPa","36.4","pmil","0","55.390","deg","20.000","°C","100.000","%a.s.","21.720","deg","20.000","°C","977.000","hPa","0.861","-0.02617","0.00035","0","0","13.56","Humid","26.25","0","44.00","379020.29","SABD0000000001","AAV1.0.0.11","4.0.0.2323","PSt7-10","170328-019","7/29/2022 11:23:46 AM","0000-00","0","no battery","V","","µV","","µV"
"08/11/2022","09:59:04","6","default","383292078","Oxt_06","15.151","min","96.946","%a.s.","Humid","20.702","deg","40890","µV","27.764","°C","1021.000","hPa","36.4","pmil","0","55.390","deg","20.000","°C","100.000","%a.s.","21.720","deg","20.000","°C","977.000","hPa","0.861","-0.02617","0.00035","0","0","13.56","Humid","26.25","0","44.00","379030.18","SABD0000000001","AAV1.0.0.11","4.0.0.2323","PSt7-10","170328-019","7/29/2022 11:23:46 AM","0000-00","0","no battery","V","","µV","","µV"
"08/11/2022","09:59:05","6","default","383292078","Oxt_06","15.168","min","96.916","%a.s.","Humid","20.706","deg","40886","µV","27.759","°C","1021.000","hPa","36.4","pmil","0","55.390","deg","20.000","°C","100.000","%a.s.","21.720","deg","20.000","°C","977.000","hPa","0.861","-0.02617","0.00035","0","0","13.56","Humid","26.25","0","44.00","379020.83","SABD0000000001","AAV1.0.0.11","4.0.0.2323","PSt7-10","170328-019","7/29/2022 11:23:46 AM","0000-00","0","no battery","V","","µV","","µV"
"08/11/2022","09:59:06","6","default","383292078","Oxt_06","15.184","min","96.940","%a.s.","Humid","20.703","deg","40890","µV","27.761","°C","1021.000","hPa","36.4","pmil","0","55.390","deg","20.000","°C","100.000","%a.s.","21.720","deg","20.000","°C","977.000","hPa","0.861","-0.02617","0.00035","0","0","13.56","Humid","26.25","0","44.00","379010.29","SABD0000000001","AAV1.0.0.11","4.0.0.2323","PSt7-10","170328-019","7/29/2022 11:23:46 AM","0000-00","0","no battery","V","","µV","","µV"
"08/11/2022","09:59:07","6","default","383292078","Oxt_06","15.201","min","96.879","%a.s.","Humid","20.711","deg","40885","µV","27.751","°C","1021.000","hPa","36.4","pmil","0","55.390","deg","20.000","°C","100.000","%a.s.","21.720","deg","20.000","°C","977.000","hPa","0.861","-0.02617","0.00035","0","0","13.56","Humid","26.25","0","44.00","379015.19","SABD0000000001","AAV1.0.0.11","4.0.0.2323","PSt7-10","170328-019","7/29/2022 11:23:46 AM","0000-00","0","no battery","V","","µV","","µV"
"08/11/2022","09:59:08","6","default","383292078","Oxt_06","15.218","min","96.908","%a.s.","Humid","20.708","deg","40886","µV","27.749","°C","1021.000","hPa","36.4","pmil","0","55.390","deg","20.000","°C","100.000","%a.s.","21.720","deg","20.000","°C","977.000","hPa","0.861","-0.02617","0.00035","0","0","13.56","Humid","26.25","0","44.00","379013.05","SABD0000000001","AAV1.0.0.11","4.0.0.2323","PSt7-10","170328-019","7/29/2022 11:23:46 AM","0000-00","0","no battery","V","","µV","","µV"
"08/11/2022","09:59:09","6","default","383292078","Oxt_06","15.234","min","96.962","%a.s.","Humid","20.701","deg","40882","µV","27.756","°C","1021.000","hPa","36.4","pmil","0","55.390","deg","20.000","°C","100.000","%a.s.","21.720","deg","20.000","°C","977.000","hPa","0.861","-0.02617","0.00035","0","0","13.56","Humid","26.25","0","44.00","379010.66","SABD0000000001","AAV1.0.0.11","4.0.0.2323","PSt7-10","170328-019","7/29/2022 11:23:46 AM","0000-00","0","no battery","V","","µV","","µV"
"08/11/2022","09:59:10","6","default","383292078","Oxt_06","15.251","min","96.877","%a.s.","Humid","20.711","deg","40883","µV","27.754","°C","1021.000","hPa","36.4","pmil","0","55.390","deg","20.000","°C","100.000","%a.s.","21.720","deg","20.000","°C","977.000","hPa","0.861","-0.02617","0.00035","0","0","13.56","Humid","26.25","0","44.00","378999.92","SABD0000000001","AAV1.0.0.11","4.0.0.2323","PSt7-10","170328-019","7/29/2022 11:23:46 AM","0000-00","0","no battery","V","","µV","","µV"
"08/11/2022","09:59:11","6","default","383292078","Oxt_06","15.268","min","96.878","%a.s.","Humid","20.711","deg","40895","µV","27.753","°C","1021.000","hPa","36.4","pmil","0","55.390","deg","20.000","°C","100.000","%a.s.","21.720","deg","20.000","°C","977.000","hPa","0.861","-0.02617","0.00035","0","0","13.56","Humid","26.25","0","44.00","379021.82","SABD0000000001","AAV1.0.0.11","4.0.0.2323","PSt7-10","170328-019","7/29/2022 11:23:46 AM","0000-00","0","no battery","V","","µV","","µV"
"08/11/2022","09:59:12","6","default","383292078","Oxt_06","15.284","min","96.833","%a.s.","Humid","20.716","deg","40889","µV","27.755","°C","1021.000","hPa","36.4","pmil","0","55.390","deg","20.000","°C","100.000","%a.s.","21.720","deg","20.000","°C","977.000","hPa","0.861","-0.02617","0.00035","0","0","13.56","Humid","26.25","0","44.00","379007.83","SABD0000000001","AAV1.0.0.11","4.0.0.2323","PSt7-10","170328-019","7/29/2022 11:23:46 AM","0000-00","0","no battery","V","","µV","","µV"
"08/11/2022","09:59:13","6","default","383292078","Oxt_06","15.301","min","96.879","%a.s.","Humid","20.712","deg","40888","µV","27.743","°C","1021.000","hPa","36.4","pmil","0","55.390","deg","20.000","°C","100.000","%a.s.","21.720","deg","20.000","°C","977.000","hPa","0.861","-0.02617","0.00035","0","0","13.56","Humid","26.25","0","44.00","379015.79","SABD0000000001","AAV1.0.0.11","4.0.0.2323","PSt7-10","170328-019","7/29/2022 11:23:46 AM","0000-00","0","no battery","V","","µV","","µV"
"08/11/2022","09:59:14","6","default","383292078","Oxt_06","15.318","min","96.860","%a.s.","Humid","20.714","deg","40891","µV","27.744","°C","1021.000","hPa","36.4","pmil","0","55.390","deg","20.000","°C","100.000","%a.s.","21.720","deg","20.000","°C","977.000","hPa","0.861","-0.02617","0.00035","0","0","13.56","Humid","26.25","0","44.00","379002.73","SABD0000000001","AAV1.0.0.11","4.0.0.2323","PSt7-10","170328-019","7/29/2022 11:23:46 AM","0000-00","0","no battery","V","","µV","","µV"
"08/11/2022","09:59:15","6","default","383292078","Oxt_06","15.334","min","96.887","%a.s.","Humid","20.710","deg","40881","µV","27.753","°C","1021.000","hPa","36.4","pmil","0","55.390","deg","20.000","°C","100.000","%a.s.","21.720","deg","20.000","°C","977.000","hPa","0.861","-0.02617","0.00035","0","0","13.56","Humid","26.25","0","44.00","379002.91","SABD0000000001","AAV1.0.0.11","4.0.0.2323","PSt7-10","170328-019","7/29/2022 11:23:46 AM","0000-00","0","no battery","V","","µV","","µV"
"08/11/2022","09:59:16","6","default","383292078","Oxt_06","15.351","min","96.878","%a.s.","Humid","20.712","deg","40887","µV","27.744","°C","1021.000","hPa","36.4","pmil","0","55.390","deg","20.000","°C","100.000","%a.s.","21.720","deg","20.000","°C","977.000","hPa","0.861","-0.02617","0.00035","0","0","13.56","Humid","26.25","0","44.00","379011.05","SABD0000000001","AAV1.0.0.11","4.0.0.2323","PSt7-10","170328-019","7/29/2022 11:23:46 AM","0000-00","0","no battery","V","","µV","","µV"
"08/11/2022","09:59:17","6","default","383292078","Oxt_06","15.368","min","96.870","%a.s.","Humid","20.713","deg","40893","µV","27.743","°C","1021.000","hPa","36.4","pmil","0","55.390","deg","20.000","°C","100.000","%a.s.","21.720","deg","20.000","°C","977.000","hPa","0.861","-0.02617","0.00035","0","0","13.56","Humid","26.25","0","44.00","379016.75","SABD0000000001","AAV1.0.0.11","4.0.0.2323","PSt7-10","170328-019","7/29/2022 11:23:46 AM","0000-00","0","no battery","V","","µV","","µV"
"08/11/2022","09:59:18","6","default","383292078","Oxt_06","15.384","min","96.913","%a.s.","Humid","20.707","deg","40888","µV","27.753","°C","1021.000","hPa","36.4","pmil","0","55.390","deg","20.000","°C","100.000","%a.s.","21.720","deg","20.000","°C","977.000","hPa","0.861","-0.02617","0.00035","0","0","13.56","Humid","26.25","0","44.00","379008.44","SABD0000000001","AAV1.0.0.11","4.0.0.2323","PSt7-10","170328-019","7/29/2022 11:23:46 AM","0000-00","0","no battery","V","","µV","","µV"
"08/11/2022","09:59:19","6","default","383292078","Oxt_06","15.401","min","96.895","%a.s.","Humid","20.710","deg","40888","µV","27.744","°C","1021.000","hPa","36.4","pmil","0","55.390","deg","20.000","°C","100.000","%a.s.","21.720","deg","20.000","°C","977.000","hPa","0.861","-0.02617","0.00035","0","0","13.56","Humid","26.25","0","44.00","378998.06","SABD0000000001","AAV1.0.0.11","4.0.0.2323","PSt7-10","170328-019","7/29/2022 11:23:46 AM","0000-00","0","no battery","V","","µV","","µV"
"08/11/2022","09:59:20","6","default","383292078","Oxt_06","15.418","min","96.950","%a.s.","Humid","20.702","deg","40888","µV","27.760","°C","1021.000","hPa","36.4","pmil","0","55.390","deg","20.000","°C","100.000","%a.s.","21.720","deg","20.000","°C","977.000","hPa","0.861","-0.02617","0.00035","0","0","13.56","Humid","26.25","0","44.00","378988.71","SABD0000000001","AAV1.0.0.11","4.0.0.2323","PSt7-10","170328-019","7/29/2022 11:23:46 AM","0000-00","0","no battery","V","","µV","","µV"
"08/11/2022","09:59:21","6","default","383292078","Oxt_06","15.434","min","96.843","%a.s.","Humid","20.715","deg","40885","µV","27.753","°C","1021.000","hPa","36.4","pmil","0","55.390","deg","20.000","°C","100.000","%a.s.","21.720","deg","20.000","°C","977.000","hPa","0.861","-0.02617","0.00035","0","0","13.56","Humid","26.25","0","44.00","378982.92","SABD0000000001","AAV1.0.0.11","4.0.0.2323","PSt7-10","170328-019","7/29/2022 11:23:46 AM","0000-00","0","no battery","V","","µV","","µV"
"08/11/2022","09:59:22","6","default","383292078","Oxt_06","15.451","min","96.824","%a.s.","Humid","20.717","deg","40888","µV","27.755","°C","1021.000","hPa","36.4","pmil","0","55.390","deg","20.000","°C","100.000","%a.s.","21.720","deg","20.000","°C","977.000","hPa","0.861","-0.02617","0.00035","0","0","13.56","Humid","26.25","0","44.00","378999.55","SABD0000000001","AAV1.0.0.11","4.0.0.2323","PSt7-10","170328-019","7/29/2022 11:23:46 AM","0000-00","0","no battery","V","","µV","","µV"
"08/11/2022","09:59:23","6","default","383292078","Oxt_06","15.468","min","96.892","%a.s.","Humid","20.710","deg","40887","µV","27.747","°C","1021.000","hPa","36.4","pmil","0","55.390","deg","20.000","°C","100.000","%a.s.","21.720","deg","20.000","°C","977.000","hPa","0.861","-0.02617","0.00035","0","0","13.56","Humid","26.25","0","44.00","378988.80","SABD0000000001","AAV1.0.0.11","4.0.0.2323","PSt7-10","170328-019","7/29/2022 11:23:46 AM","0000-00","0","no battery","V","","µV","","µV"
"08/11/2022","09:59:24","6","default","383292078","Oxt_06","15.484","min","96.872","%a.s.","Humid","20.712","deg","40888","µV","27.750","°C","1021.000","hPa","36.4","pmil","0","55.390","deg","20.000","°C","100.000","%a.s.","21.720","deg","20.000","°C","977.000","hPa","0.861","-0.02617","0.00035","0","0","13.56","Humid","26.25","0","44.00","378987.74","SABD0000000001","AAV1.0.0.11","4.0.0.2323","PSt7-10","170328-019","7/29/2022 11:23:46 AM","0000-00","0","no battery","V","","µV","","µV"
"08/11/2022","09:59:25","6","default","383292078","Oxt_06","15.501","min","96.852","%a.s.","Humid","20.713","deg","40883","µV","27.762","°C","1021.000","hPa","36.4","pmil","0","55.390","deg","20.000","°C","100.000","%a.s.","21.720","deg","20.000","°C","977.000","hPa","0.861","-0.02617","0.00035","0","0","13.56","Humid","26.25","0","44.00","378998.43","SABD0000000001","AAV1.0.0.11","4.0.0.2323","PSt7-10","170328-019","7/29/2022 11:23:46 AM","0000-00","0","no battery","V","","µV","","µV"
"08/11/2022","09:59:26","6","default","383292078","Oxt_06","15.518","min","96.850","%a.s.","Humid","20.714","deg","40886","µV","27.755","°C","1021.000","hPa","36.4","pmil","0","55.390","deg","20.000","°C","100.000","%a.s.","21.720","deg","20.000","°C","977.000","hPa","0.861","-0.02617","0.00035","0","0","13.56","Humid","26.25","0","44.00","378993.61","SABD0000000001","AAV1.0.0.11","4.0.0.2323","PSt7-10","170328-019","7/29/2022 11:23:46 AM","0000-00","0","no battery","V","","µV","","µV"
"08/11/2022","09:59:27","6","default","383292078","Oxt_06","15.534","min","96.907","%a.s.","Humid","20.707","deg","40886","µV","27.759","°C","1021.000","hPa","36.4","pmil","0","55.390","deg","20.000","°C","100.000","%a.s.","21.720","deg","20.000","°C","977.000","hPa","0.861","-0.02617","0.00035","0","0","13.56","Humid","26.25","0","44.00","378983.58","SABD0000000001","AAV1.0.0.11","4.0.0.2323","PSt7-10","170328-019","7/29/2022 11:23:46 AM","0000-00","0","no battery","V","","µV","","µV"
"08/11/2022","09:59:28","6","default","383292078","Oxt_06","15.551","min","96.851","%a.s.","Humid","20.713","deg","40891","µV","27.764","°C","1021.000","hPa","36.4","pmil","0","55.390","deg","20.000","°C","100.000","%a.s.","21.720","deg","20.000","°C","977.000","hPa","0.861","-0.02617","0.00035","0","0","13.56","Humid","26.25","0","44.00","378982.00","SABD0000000001","AAV1.0.0.11","4.0.0.2323","PSt7-10","170328-019","7/29/2022 11:23:46 AM","0000-00","0","no battery","V","","µV","","µV"
"08/11/2022","09:59:29","6","default","383292078","Oxt_06","15.567","min","96.926","%a.s.","Humid","20.706","deg","40894","µV","27.748","°C","1021.000","hPa","36.4","pmil","0","55.390","deg","20.000","°C","100.000","%a.s.","21.720","deg","20.000","°C","977.000","hPa","0.861","-0.02617","0.00035","0","0","13.56","Humid","26.25","0","44.00","378984.85","SABD0000000001","AAV1.0.0.11","4.0.0.2323","PSt7-10","170328-019","7/29/2022 11:23:46 AM","0000-00","0","no battery","V","","µV","","µV"
"08/11/2022","09:59:30","6","default","383292078","Oxt_06","15.584","min","96.795","%a.s.","Humid","20.721","deg","40885","µV","27.749","°C","1021.000","hPa","36.4","pmil","0","55.390","deg","20.000","°C","100.000","%a.s.","21.720","deg","20.000","°C","977.000","hPa","0.861","-0.02617","0.00035","0","0","13.56","Humid","26.25","0","44.00","378985.36","SABD0000000001","AAV1.0.0.11","4.0.0.2323","PSt7-10","170328-019","7/29/2022 11:23:46 AM","0000-00","0","no battery","V","","µV","","µV"
"08/11/2022","09:59:31","6","default","383292078","Oxt_06","15.600","min","96.896","%a.s.","Humid","20.709","deg","40891","µV","27.752","°C","1021.000","hPa","36.4","pmil","0","55.390","deg","20.000","°C","100.000","%a.s.","21.720","deg","20.000","°C","977.000","hPa","0.861","-0.02617","0.00035","0","0","13.56","Humid","26.25","0","44.00","378975.15","SABD0000000001","AAV1.0.0.11","4.0.0.2323","PSt7-10","170328-019","7/29/2022 11:23:46 AM","0000-00","0","no battery","V","","µV","","µV"
"08/11/2022","09:59:32","6","default","383292078","Oxt_06","15.617","min","96.825","%a.s.","Humid","20.717","deg","40888","µV","27.754","°C","1021.000","hPa","36.4","pmil","0","55.390","deg","20.000","°C","100.000","%a.s.","21.720","deg","20.000","°C","977.000","hPa","0.861","-0.02617","0.00035","0","0","13.56","Humid","26.25","0","44.00","378992.06","SABD0000000001","AAV1.0.0.11","4.0.0.2323","PSt7-10","170328-019","7/29/2022 11:23:46 AM","0000-00","0","no battery","V","","µV","","µV"
"08/11/2022","09:59:33","6","default","383292078","Oxt_06","15.634","min","96.900","%a.s.","Humid","20.708","deg","40885","µV","27.757","°C","1021.000","hPa","36.4","pmil","0","55.390","deg","20.000","°C","100.000","%a.s.","21.720","deg","20.000","°C","977.000","hPa","0.861","-0.02617","0.00035","0","0","13.56","Humid","26.25","0","44.00","378970.70","SABD0000000001","AAV1.0.0.11","4.0.0.2323","PSt7-10","170328-019","7/29/2022 11:23:46 AM","0000-00","0","no battery","V","","µV","","µV"
"08/11/2022","09:59:34","6","default","383292078","Oxt_06","15.650","min","96.862","%a.s.","Humid","20.713","deg","40884","µV","27.752","°C","1021.000","hPa","36.4","pmil","0","55.390","deg","20.000","°C","100.000","%a.s.","21.720","deg","20.000","°C","977.000","hPa","0.861","-0.02617","0.00035","0","0","13.56","Humid","26.25","0","44.00","378984.43","SABD0000000001","AAV1.0.0.11","4.0.0.2323","PSt7-10","170328-019","7/29/2022 11:23:46 AM","0000-00","0","no battery","V","","µV","","µV"
"08/11/2022","09:59:35","6","default","383292078","Oxt_06","15.667","min","96.834","%a.s.","Humid","20.716","deg","40889","µV","27.753","°C","1021.000","hPa","36.4","pmil","0","55.390","deg","20.000","°C","100.000","%a.s.","21.720","deg","20.000","°C","977.000","hPa","0.861","-0.02617","0.00035","0","0","13.56","Humid","26.25","0","44.00","378977.95","SABD0000000001","AAV1.0.0.11","4.0.0.2323","PSt7-10","170328-019","7/29/2022 11:23:46 AM","0000-00","0","no battery","V","","µV","","µV"
"08/11/2022","09:59:36","6","default","383292078","Oxt_06","15.684","min","96.862","%a.s.","Humid","20.712","deg","40888","µV","27.760","°C","1021.000","hPa","36.4","pmil","0","55.390","deg","20.000","°C","100.000","%a.s.","21.720","deg","20.000","°C","977.000","hPa","0.861","-0.02617","0.00035","0","0","13.56","Humid","26.25","0","44.00","378988.52","SABD0000000001","AAV1.0.0.11","4.0.0.2323","PSt7-10","170328-019","7/29/2022 11:23:46 AM","0000-00","0","no battery","V","","µV","","µV"
"08/11/2022","09:59:37","6","default","383292078","Oxt_06","15.700","min","96.837","%a.s.","Humid","20.717","deg","40893","µV","27.741","°C","1021.000","hPa","36.4","pmil","0","55.390","deg","20.000","°C","100.000","%a.s.","21.720","deg","20.000","°C","977.000","hPa","0.861","-0.02617","0.00035","0","0","13.56","Humid","26.25","0","44.00","378979.65","SABD0000000001","AAV1.0.0.11","4.0.0.2323","PSt7-10","170328-019","7/29/2022 11:23:46 AM","0000-00","0","no battery","V","","µV","","µV"
"08/11/2022","09:59:38","6","default","383292078","Oxt_06","15.717","min","96.879","%a.s.","Humid","20.711","deg","40891","µV","27.751","°C","1021.000","hPa","36.4","pmil","0","55.390","deg","20.000","°C","100.000","%a.s.","21.720","deg","20.000","°C","977.000","hPa","0.861","-0.02617","0.00035","0","0","13.56","Humid","26.25","0","44.00","378981.32","SABD0000000001","AAV1.0.0.11","4.0.0.2323","PSt7-10","170328-019","7/29/2022 11:23:46 AM","0000-00","0","no battery","V","","µV","","µV"
"08/11/2022","09:59:39","6","default","383292078","Oxt_06","15.734","min","96.874","%a.s.","Humid","20.712","deg","40893","µV","27.748","°C","1021.000","hPa","36.4","pmil","0","55.390","deg","20.000","°C","100.000","%a.s.","21.720","deg","20.000","°C","977.000","hPa","0.861","-0.02617","0.00035","0","0","13.56","Humid","26.25","0","44.00","378979.96","SABD0000000001","AAV1.0.0.11","4.0.0.2323","PSt7-10","170328-019","7/29/2022 11:23:46 AM","0000-00","0","no battery","V","","µV","","µV"
"08/11/2022","09:59:40","6","default","383292078","Oxt_06","15.750","min","96.823","%a.s.","Humid","20.716","deg","40891","µV","27.765","°C","1021.000","hPa","36.4","pmil","0","55.390","deg","20.000","°C","100.000","%a.s.","21.720","deg","20.000","°C","977.000","hPa","0.861","-0.02617","0.00035","0","0","13.56","Humid","26.25","0","44.00","378966.07","SABD0000000001","AAV1.0.0.11","4.0.0.2323","PSt7-10","170328-019","7/29/2022 11:23:46 AM","0000-00","0","no battery","V","","µV","","µV"
"08/11/2022","09:59:41","6","default","383292078","Oxt_06","15.767","min","96.873","%a.s.","Humid","20.711","deg","40892","µV","27.758","°C","1021.000","hPa","36.4","pmil","0","55.390","deg","20.000","°C","100.000","%a.s.","21.720","deg","20.000","°C","977.000","hPa","0.861","-0.02617","0.00035","0","0","13.56","Humid","26.25","0","44.00","378970.51","SABD0000000001","AAV1.0.0.11","4.0.0.2323","PSt7-10","170328-019","7/29/2022 11:23:46 AM","0000-00","0","no battery","V","","µV","","µV"
"08/11/2022","09:59:42","6","default","383292078","Oxt_06","15.784","min","96.857","%a.s.","Humid","20.712","deg","40889","µV","27.766","°C","1021.000","hPa","36.4","pmil","0","55.390","deg","20.000","°C","100.000","%a.s.","21.720","deg","20.000","°C","977.000","hPa","0.861","-0.02617","0.00035","0","0","13.56","Humid","26.25","0","44.00","378978.51","SABD0000000001","AAV1.0.0.11","4.0.0.2323","PSt7-10","170328-019","7/29/2022 11:23:46 AM","0000-00","0","no battery","V","","µV","","µV"
"08/11/2022","09:59:43","6","default","383292078","Oxt_06","15.800","min","96.861","%a.s.","Humid","20.713","deg","40888","µV","27.753","°C","1021.000","hPa","36.4","pmil","0","55.390","deg","20.000","°C","100.000","%a.s.","21.720","deg","20.000","°C","977.000","hPa","0.861","-0.02617","0.00035","0","0","13.56","Humid","26.25","0","44.00","378966.30","SABD0000000001","AAV1.0.0.11","4.0.0.2323","PSt7-10","170328-019","7/29/2022 11:23:46 AM","0000-00","0","no battery","V","","µV","","µV"
"08/11/2022","09:59:44","6","default","383292078","Oxt_06","15.817","min","96.815","%a.s.","Humid","20.717","deg","40894","µV","27.764","°C","1021.000","hPa","36.4","pmil","0","55.390","deg","20.000","°C","100.000","%a.s.","21.720","deg","20.000","°C","977.000","hPa","0.861","-0.02617","0.00035","0","0","13.56","Humid","26.25","0","44.00","378959.05","SABD0000000001","AAV1.0.0.11","4.0.0.2323","PSt7-10","170328-019","7/29/2022 11:23:46 AM","0000-00","0","no battery","V","","µV","","µV"
"08/11/2022","09:59:45","6","default","383292078","Oxt_06","15.834","min","96.863","%a.s.","Humid","20.712","deg","40887","µV","27.760","°C","1021.000","hPa","36.4","pmil","0","55.390","deg","20.000","°C","100.000","%a.s.","21.720","deg","20.000","°C","977.000","hPa","0.861","-0.02617","0.00035","0","0","13.56","Humid","26.25","0","44.00","378963.43","SABD0000000001","AAV1.0.0.11","4.0.0.2323","PSt7-10","170328-019","7/29/2022 11:23:46 AM","0000-00","0","no battery","V","","µV","","µV"
"08/11/2022","09:59:46","6","default","383292078","Oxt_06","15.850","min","96.890","%a.s.","Humid","20.710","deg","40889","µV","27.749","°C","1021.000","hPa","36.4","pmil","0","55.390","deg","20.000","°C","100.000","%a.s.","21.720","deg","20.000","°C","977.000","hPa","0.861","-0.02617","0.00035","0","0","13.56","Humid","26.25","0","44.00","378960.22","SABD0000000001","AAV1.0.0.11","4.0.0.2323","PSt7-10","170328-019","7/29/2022 11:23:46 AM","0000-00","0","no battery","V","","µV","","µV"
"08/11/2022","09:59:47","6","default","383292078","Oxt_06","15.867","min","96.882","%a.s.","Humid","20.710","deg","40888","µV","27.758","°C","1021.000","hPa","36.4","pmil","0","55.390","deg","20.000","°C","100.000","%a.s.","21.720","deg","20.000","°C","977.000","hPa","0.861","-0.02617","0.00035","0","0","13.56","Humid","26.25","0","44.00","378957.58","SABD0000000001","AAV1.0.0.11","4.0.0.2323","PSt7-10","170328-019","7/29/2022 11:23:46 AM","0000-00","0","no battery","V","","µV","","µV"
"08/11/2022","09:59:48","6","default","383292078","Oxt_06","15.884","min","96.814","%a.s.","Humid","20.718","deg","40886","µV","27.757","°C","1021.000","hPa","36.4","pmil","0","55.390","deg","20.000","°C","100.000","%a.s.","21.720","deg","20.000","°C","977.000","hPa","0.861","-0.02617","0.00035","0","0","13.56","Humid","26.25","0","44.00","378950.57","SABD0000000001","AAV1.0.0.11","4.0.0.2323","PSt7-10","170328-019","7/29/2022 11:23:46 AM","0000-00","0","no battery","V","","µV","","µV"
"08/11/2022","09:59:49","6","default","383292078","Oxt_06","15.900","min","96.819","%a.s.","Humid","20.717","deg","40889","µV","27.761","°C","1021.000","hPa","36.4","pmil","0","55.390","deg","20.000","°C","100.000","%a.s.","21.720","deg","20.000","°C","977.000","hPa","0.861","-0.02617","0.00035","0","0","13.56","Humid","26.25","0","44.00","378956.23","SABD0000000001","AAV1.0.0.11","4.0.0.2323","PSt7-10","170328-019","7/29/2022 11:23:46 AM","0000-00","0","no battery","V","","µV","","µV"
"08/11/2022","09:59:50","6","default","383292078","Oxt_06","15.917","min","96.830","%a.s.","Humid","20.715","deg","40893","µV","27.767","°C","1021.000","hPa","36.4","pmil","0","55.390","deg","20.000","°C","100.000","%a.s.","21.720","deg","20.000","°C","977.000","hPa","0.861","-0.02617","0.00035","0","0","13.56","Humid","26.25","0","44.00","378946.23","SABD0000000001","AAV1.0.0.11","4.0.0.2323","PSt7-10","170328-019","7/29/2022 11:23:46 AM","0000-00","0","no battery","V","","µV","","µV"
"08/11/2022","09:59:51","6","default","383292078","Oxt_06","15.934","min","96.886","%a.s.","Humid","20.710","deg","40894","µV","27.754","°C","1021.000","hPa","36.4","pmil","0","55.390","deg","20.000","°C","100.000","%a.s.","21.720","deg","20.000","°C","977.000","hPa","0.861","-0.02617","0.00035","0","0","13.56","Humid","26.25","0","44.00","378958.86","SABD0000000001","AAV1.0.0.11","4.0.0.2323","PSt7-10","170328-019","7/29/2022 11:23:46 AM","0000-00","0","no battery","V","","µV","","µV"
"08/11/2022","09:59:52","6","default","383292078","Oxt_06","15.950","min","96.886","%a.s.","Humid","20.710","deg","40888","µV","27.754","°C","1021.000","hPa","36.4","pmil","0","55.390","deg","20.000","°C","100.000","%a.s.","21.720","deg","20.000","°C","977.000","hPa","0.861","-0.02617","0.00035","0","0","13.56","Humid","26.25","0","44.00","378969.64","SABD0000000001","AAV1.0.0.11","4.0.0.2323","PSt7-10","170328-019","7/29/2022 11:23:46 AM","0000-00","0","no battery","V","","µV","","µV"
"08/11/2022","09:59:53","6","default","383292078","Oxt_06","15.967","min","96.787","%a.s.","Humid","20.722","deg","40894","µV","27.748","°C","1021.000","hPa","36.4","pmil","0","55.390","deg","20.000","°C","100.000","%a.s.","21.720","deg","20.000","°C","977.000","hPa","0.861","-0.02617","0.00035","0","0","13.56","Humid","26.25","0","44.00","378954.83","SABD0000000001","AAV1.0.0.11","4.0.0.2323","PSt7-10","170328-019","7/29/2022 11:23:46 AM","0000-00","0","no battery","V","","µV","","µV"
"08/11/2022","09:59:54","6","default","383292078","Oxt_06","15.984","min","96.800","%a.s.","Humid","20.718","deg","40887","µV","27.771","°C","1021.000","hPa","36.4","pmil","0","55.390","deg","20.000","°C","100.000","%a.s.","21.720","deg","20.000","°C","977.000","hPa","0.861","-0.02617","0.00035","0","0","13.56","Humid","26.25","0","44.00","378959.31","SABD0000000001","AAV1.0.0.11","4.0.0.2323","PSt7-10","170328-019","7/29/2022 11:23:46 AM","0000-00","0","no battery","V","","µV","","µV"
"08/11/2022","09:59:55","6","default","383292078","Oxt_06","16.000","min","96.897","%a.s.","Humid","20.709","deg","40888","µV","27.751","°C","1021.000","hPa","36.4","pmil","0","55.390","deg","20.000","°C","100.000","%a.s.","21.720","deg","20.000","°C","977.000","hPa","0.861","-0.02617","0.00035","0","0","13.56","Humid","26.25","0","44.00","378958.70","SABD0000000001","AAV1.0.0.11","4.0.0.2323","PSt7-10","170328-019","7/29/2022 11:23:46 AM","0000-00","0","no battery","V","","µV","","µV"
"08/11/2022","09:59:56","6","default","383292078","Oxt_06","16.017","min","96.798","%a.s.","Humid","20.720","deg","40892","µV","27.755","°C","1021.000","hPa","36.4","pmil","0","55.390","deg","20.000","°C","100.000","%a.s.","21.720","deg","20.000","°C","977.000","hPa","0.861","-0.02617","0.00035","0","0","13.56","Humid","26.25","0","44.00","378930.04","SABD0000000001","AAV1.0.0.11","4.0.0.2323","PSt7-10","170328-019","7/29/2022 11:23:46 AM","0000-00","0","no battery","V","","µV","","µV"
"08/11/2022","09:59:57","6","default","383292078","Oxt_06","16.034","min","96.852","%a.s.","Humid","20.714","deg","40894","µV","27.753","°C","1021.000","hPa","36.4","pmil","0","55.390","deg","20.000","°C","100.000","%a.s.","21.720","deg","20.000","°C","977.000","hPa","0.861","-0.02617","0.00035","0","0","13.56","Humid","26.25","0","44.00","378947.05","SABD0000000001","AAV1.0.0.11","4.0.0.2323","PSt7-10","170328-019","7/29/2022 11:23:46 AM","0000-00","0","no battery","V","","µV","","µV"
"08/11/2022","09:59:58","6","default","383292078","Oxt_06","16.051","min","96.720","%a.s.","Humid","20.727","deg","40890","µV","27.774","°C","1021.000","hPa","36.4","pmil","0","55.390","deg","20.000","°C","100.000","%a.s.","21.720","deg","20.000","°C","977.000","hPa","0.861","-0.02617","0.00035","0","0","13.56","Humid","26.25","0","44.00","378943.87","SABD0000000001","AAV1.0.0.11","4.0.0.2323","PSt7-10","170328-019","7/29/2022 11:23:46 AM","0000-00","0","no battery","V","","µV","","µV"
"08/11/2022","09:59:59","6","default","383292078","Oxt_06","16.067","min","96.775","%a.s.","Humid","20.721","deg","40891","µV","27.771","°C","1021.000","hPa","36.4","pmil","0","55.390","deg","20.000","°C","100.000","%a.s.","21.720","deg","20.000","°C","977.000","hPa","0.861","-0.02617","0.00035","0","0","13.56","Humid","26.25","0","44.00","378952.68","SABD0000000001","AAV1.0.0.11","4.0.0.2323","PSt7-10","170328-019","7/29/2022 11:23:46 AM","0000-00","0","no battery","V","","µV","","µV"
"08/11/2022","10:00:00","6","default","383292078","Oxt_06","16.084","min","96.821","%a.s.","Humid","20.717","deg","40894","µV","27.759","°C","1021.000","hPa","36.4","pmil","0","55.390","deg","20.000","°C","100.000","%a.s.","21.720","deg","20.000","°C","977.000","hPa","0.861","-0.02617","0.00035","0","0","13.56","Humid","26.25","0","44.00","378950.39","SABD0000000001","AAV1.0.0.11","4.0.0.2323","PSt7-10","170328-019","7/29/2022 11:23:46 AM","0000-00","0","no battery","V","","µV","","µV"
"08/11/2022","10:00:01","6","default","383292078","Oxt_06","16.101","min","96.723","%a.s.","Humid","20.728","deg","40893","µV","27.761","°C","1021.000","hPa","36.4","pmil","0","55.390","deg","20.000","°C","100.000","%a.s.","21.720","deg","20.000","°C","977.000","hPa","0.861","-0.02617","0.00035","0","0","13.56","Humid","26.25","0","44.00","378956.87","SABD0000000001","AAV1.0.0.11","4.0.0.2323","PSt7-10","170328-019","7/29/2022 11:23:46 AM","0000-00","0","no battery","V","","µV","","µV"
"08/11/2022","10:00:02","6","default","383292078","Oxt_06","16.117","min","96.805","%a.s.","Humid","20.718","deg","40888","µV","27.766","°C","1021.000","hPa","36.4","pmil","0","55.390","deg","20.000","°C","100.000","%a.s.","21.720","deg","20.000","°C","977.000","hPa","0.861","-0.02617","0.00035","0","0","13.56","Humid","26.25","0","44.00","378945.53","SABD0000000001","AAV1.0.0.11","4.0.0.2323","PSt7-10","170328-019","7/29/2022 11:23:46 AM","0000-00","0","no battery","V","","µV","","µV"
"08/11/2022","10:00:03","6","default","383292078","Oxt_06","16.134","min","96.804","%a.s.","Humid","20.719","deg","40892","µV","27.758","°C","1021.000","hPa","36.4","pmil","0","55.390","deg","20.000","°C","100.000","%a.s.","21.720","deg","20.000","°C","977.000","hPa","0.861","-0.02617","0.00035","0","0","13.56","Humid","26.25","0","44.00","378945.28","SABD0000000001","AAV1.0.0.11","4.0.0.2323","PSt7-10","170328-019","7/29/2022 11:23:46 AM","0000-00","0","no battery","V","","µV","","µV"
"08/11/2022","10:00:04","6","default","383292078","Oxt_06","16.151","min","96.786","%a.s.","Humid","20.721","deg","40896","µV","27.758","°C","1021.000","hPa","36.4","pmil","0","55.390","deg","20.000","°C","100.000","%a.s.","21.720","deg","20.000","°C","977.000","hPa","0.861","-0.02617","0.00035","0","0","13.56","Humid","26.25","0","44.00","378941.05","SABD0000000001","AAV1.0.0.11","4.0.0.2323","PSt7-10","170328-019","7/29/2022 11:23:46 AM","0000-00","0","no battery","V","","µV","","µV"
"08/11/2022","10:00:05","6","default","383292078","Oxt_06","16.167","min","96.811","%a.s.","Humid","20.718","deg","40899","µV","27.760","°C","1021.000","hPa","36.4","pmil","0","55.390","deg","20.000","°C","100.000","%a.s.","21.720","deg","20.000","°C","977.000","hPa","0.861","-0.02617","0.00035","0","0","13.56","Humid","26.25","0","44.00","378943.00","SABD0000000001","AAV1.0.0.11","4.0.0.2323","PSt7-10","170328-019","7/29/2022 11:23:46 AM","0000-00","0","no battery","V","","µV","","µV"
"08/11/2022","10:00:06","6","default","383292078","Oxt_06","16.184","min","96.755","%a.s.","Humid","20.725","deg","40890","µV","27.755","°C","1021.000","hPa","36.4","pmil","0","55.390","deg","20.000","°C","100.000","%a.s.","21.720","deg","20.000","°C","977.000","hPa","0.861","-0.02617","0.00035","0","0","13.56","Humid","26.25","0","44.00","378935.31","SABD0000000001","AAV1.0.0.11","4.0.0.2323","PSt7-10","170328-019","7/29/2022 11:23:46 AM","0000-00","0","no battery","V","","µV","","µV"
"08/11/2022","10:00:07","6","default","383292078","Oxt_06","16.201","min","96.839","%a.s.","Humid","20.715","deg","40891","µV","27.758","°C","1021.000","hPa","36.4","pmil","0","55.390","deg","20.000","°C","100.000","%a.s.","21.720","deg","20.000","°C","977.000","hPa","0.861","-0.02617","0.00035","0","0","13.56","Humid","26.25","0","44.00","378937.51","SABD0000000001","AAV1.0.0.11","4.0.0.2323","PSt7-10","170328-019","7/29/2022 11:23:46 AM","0000-00","0","no battery","V","","µV","","µV"
"08/11/2022","10:00:08","6","default","383292078","Oxt_06","16.218","min","96.761","%a.s.","Humid","20.723","deg","40895","µV","27.767","°C","1021.000","hPa","36.4","pmil","0","55.390","deg","20.000","°C","100.000","%a.s.","21.720","deg","20.000","°C","977.000","hPa","0.861","-0.02617","0.00035","0","0","13.56","Humid","26.25","0","44.00","378952.29","SABD0000000001","AAV1.0.0.11","4.0.0.2323","PSt7-10","170328-019","7/29/2022 11:23:46 AM","0000-00","0","no battery","V","","µV","","µV"
"08/11/2022","10:00:09","6","default","383292078","Oxt_06","16.234","min","96.860","%a.s.","Humid","20.712","deg","40891","µV","27.763","°C","1021.000","hPa","36.4","pmil","0","55.390","deg","20.000","°C","100.000","%a.s.","21.720","deg","20.000","°C","977.000","hPa","0.861","-0.02617","0.00035","0","0","13.56","Humid","26.25","0","44.00","378932.89","SABD0000000001","AAV1.0.0.11","4.0.0.2323","PSt7-10","170328-019","7/29/2022 11:23:46 AM","0000-00","0","no battery","V","","µV","","µV"
"08/11/2022","10:00:10","6","default","383292078","Oxt_06","16.251","min","96.831","%a.s.","Humid","20.715","deg","40896","µV","27.766","°C","1021.000","hPa","36.4","pmil","0","55.390","deg","20.000","°C","100.000","%a.s.","21.720","deg","20.000","°C","977.000","hPa","0.861","-0.02617","0.00035","0","0","13.56","Humid","26.25","0","44.00","378944.90","SABD0000000001","AAV1.0.0.11","4.0.0.2323","PSt7-10","170328-019","7/29/2022 11:23:46 AM","0000-00","0","no battery","V","","µV","","µV"
"08/11/2022","10:00:11","6","default","383292078","Oxt_06","16.268","min","96.809","%a.s.","Humid","20.719","deg","40890","µV","27.752","°C","1021.000","hPa","36.4","pmil","0","55.390","deg","20.000","°C","100.000","%a.s.","21.720","deg","20.000","°C","977.000","hPa","0.861","-0.02617","0.00035","0","0","13.56","Humid","26.25","0","44.00","378939.94","SABD0000000001","AAV1.0.0.11","4.0.0.2323","PSt7-10","170328-019","7/29/2022 11:23:46 AM","0000-00","0","no battery","V","","µV","","µV"
"08/11/2022","10:00:12","6","default","383292078","Oxt_06","16.284","min","96.832","%a.s.","Humid","20.717","deg","40894","µV","27.746","°C","1021.000","hPa","36.4","pmil","0","55.390","deg","20.000","°C","100.000","%a.s.","21.720","deg","20.000","°C","977.000","hPa","0.861","-0.02617","0.00035","0","0","13.56","Humid","26.25","0","44.00","378944.90","SABD0000000001","AAV1.0.0.11","4.0.0.2323","PSt7-10","170328-019","7/29/2022 11:23:46 AM","0000-00","0","no battery","V","","µV","","µV"
"08/11/2022","10:00:13","6","default","383292078","Oxt_06","16.301","min","96.802","%a.s.","Humid","20.718","deg","40891","µV","27.770","°C","1021.000","hPa","36.4","pmil","0","55.390","deg","20.000","°C","100.000","%a.s.","21.720","deg","20.000","°C","977.000","hPa","0.861","-0.02617","0.00035","0","0","13.56","Humid","26.25","0","44.00","378938.76","SABD0000000001","AAV1.0.0.11","4.0.0.2323","PSt7-10","170328-019","7/29/2022 11:23:46 AM","0000-00","0","no battery","V","","µV","","µV"
"08/11/2022","10:00:14","6","default","383292078","Oxt_06","16.318","min","96.780","%a.s.","Humid","20.722","deg","40891","µV","27.756","°C","1021.000","hPa","36.4","pmil","0","55.390","deg","20.000","°C","100.000","%a.s.","21.720","deg","20.000","°C","977.000","hPa","0.861","-0.02617","0.00035","0","0","13.56","Humid","26.25","0","44.00","378938.64","SABD0000000001","AAV1.0.0.11","4.0.0.2323","PSt7-10","170328-019","7/29/2022 11:23:46 AM","0000-00","0","no battery","V","","µV","","µV"
"08/11/2022","10:00:15","6","default","383292078","Oxt_06","16.334","min","96.757","%a.s.","Humid","20.725","deg","40896","µV","27.753","°C","1021.000","hPa","36.4","pmil","0","55.390","deg","20.000","°C","100.000","%a.s.","21.720","deg","20.000","°C","977.000","hPa","0.861","-0.02617","0.00035","0","0","13.56","Humid","26.25","0","44.00","378927.79","SABD0000000001","AAV1.0.0.11","4.0.0.2323","PSt7-10","170328-019","7/29/2022 11:23:46 AM","0000-00","0","no battery","V","","µV","","µV"
"08/11/2022","10:00:16","6","default","383292078","Oxt_06","16.351","min","96.845","%a.s.","Humid","20.715","deg","40893","µV","27.751","°C","1021.000","hPa","36.4","pmil","0","55.390","deg","20.000","°C","100.000","%a.s.","21.720","deg","20.000","°C","977.000","hPa","0.861","-0.02617","0.00035","0","0","13.56","Humid","26.25","0","44.00","378939.08","SABD0000000001","AAV1.0.0.11","4.0.0.2323","PSt7-10","170328-019","7/29/2022 11:23:46 AM","0000-00","0","no battery","V","","µV","","µV"
"08/11/2022","10:00:17","6","default","383292078","Oxt_06","16.368","min","96.777","%a.s.","Humid","20.723","deg","40899","µV","27.750","°C","1021.000","hPa","36.4","pmil","0","55.390","deg","20.000","°C","100.000","%a.s.","21.720","deg","20.000","°C","977.000","hPa","0.861","-0.02617","0.00035","0","0","13.56","Humid","26.25","0","44.00","378936.50","SABD0000000001","AAV1.0.0.11","4.0.0.2323","PSt7-10","170328-019","7/29/2022 11:23:46 AM","0000-00","0","no battery","V","","µV","","µV"
"08/11/2022","10:00:18","6","default","383292078","Oxt_06","16.384","min","96.772","%a.s.","Humid","20.723","deg","40892","µV","27.755","°C","1021.000","hPa","36.4","pmil","0","55.390","deg","20.000","°C","100.000","%a.s.","21.720","deg","20.000","°C","977.000","hPa","0.861","-0.02617","0.00035","0","0","13.56","Humid","26.25","0","44.00","378928.32","SABD0000000001","AAV1.0.0.11","4.0.0.2323","PSt7-10","170328-019","7/29/2022 11:23:46 AM","0000-00","0","no battery","V","","µV","","µV"
"08/11/2022","10:00:19","6","default","383292078","Oxt_06","16.401","min","96.863","%a.s.","Humid","20.711","deg","40896","µV","27.769","°C","1021.000","hPa","36.4","pmil","0","55.390","deg","20.000","°C","100.000","%a.s.","21.720","deg","20.000","°C","977.000","hPa","0.861","-0.02617","0.00035","0","0","13.56","Humid","26.25","0","44.00","378925.19","SABD0000000001","AAV1.0.0.11","4.0.0.2323","PSt7-10","170328-019","7/29/2022 11:23:46 AM","0000-00","0","no battery","V","","µV","","µV"
"08/11/2022","10:00:20","6","default","383292078","Oxt_06","16.418","min","96.806","%a.s.","Humid","20.719","deg","40896","µV","27.756","°C","1021.000","hPa","36.4","pmil","0","55.390","deg","20.000","°C","100.000","%a.s.","21.720","deg","20.000","°C","977.000","hPa","0.861","-0.02617","0.00035","0","0","13.56","Humid","26.25","0","44.00","378929.17","SABD0000000001","AAV1.0.0.11","4.0.0.2323","PSt7-10","170328-019","7/29/2022 11:23:46 AM","0000-00","0","no battery","V","","µV","","µV"
"08/11/2022","10:00:21","6","default","383292078","Oxt_06","16.434","min","96.801","%a.s.","Humid","20.719","deg","40898","µV","27.761","°C","1021.000","hPa","36.4","pmil","0","55.390","deg","20.000","°C","100.000","%a.s.","21.720","deg","20.000","°C","977.000","hPa","0.861","-0.02617","0.00035","0","0","13.56","Humid","26.25","0","44.00","378935.06","SABD0000000001","AAV1.0.0.11","4.0.0.2323","PSt7-10","170328-019","7/29/2022 11:23:46 AM","0000-00","0","no battery","V","","µV","","µV"
"08/11/2022","10:00:22","6","default","383292078","Oxt_06","16.451","min","96.770","%a.s.","Humid","20.722","deg","40897","µV","27.766","°C","1021.000","hPa","36.4","pmil","0","55.390","deg","20.000","°C","100.000","%a.s.","21.720","deg","20.000","°C","977.000","hPa","0.861","-0.02617","0.00035","0","0","13.56","Humid","26.25","0","44.00","378929.56","SABD0000000001","AAV1.0.0.11","4.0.0.2323","PSt7-10","170328-019","7/29/2022 11:23:46 AM","0000-00","0","no battery","V","","µV","","µV"
"08/11/2022","10:00:23","6","default","383292078","Oxt_06","16.468","min","96.734","%a.s.","Humid","20.726","deg","40901","µV","27.768","°C","1021.000","hPa","36.4","pmil","0","55.390","deg","20.000","°C","100.000","%a.s.","21.720","deg","20.000","°C","977.000","hPa","0.861","-0.02617","0.00035","0","0","13.56","Humid","26.25","0","44.00","378925.48","SABD0000000001","AAV1.0.0.11","4.0.0.2323","PSt7-10","170328-019","7/29/2022 11:23:46 AM","0000-00","0","no battery","V","","µV","","µV"
"08/11/2022","10:00:24","6","default","383292078","Oxt_06","16.484","min","96.784","%a.s.","Humid","20.720","deg","40903","µV","27.770","°C","1021.000","hPa","36.4","pmil","0","55.390","deg","20.000","°C","100.000","%a.s.","21.720","deg","20.000","°C","977.000","hPa","0.861","-0.02617","0.00035","0","0","13.56","Humid","26.25","0","44.00","378938.69","SABD0000000001","AAV1.0.0.11","4.0.0.2323","PSt7-10","170328-019","7/29/2022 11:23:46 AM","0000-00","0","no battery","V","","µV","","µV"
"08/11/2022","10:00:25","6","default","383292078","Oxt_06","16.501","min","96.758","%a.s.","Humid","20.724","deg","40894","µV","27.761","°C","1021.000","hPa","36.4","pmil","0","55.390","deg","20.000","°C","100.000","%a.s.","21.720","deg","20.000","°C","977.000","hPa","0.861","-0.02617","0.00035","0","0","13.56","Humid","26.25","0","44.00","378921.69","SABD0000000001","AAV1.0.0.11","4.0.0.2323","PSt7-10","170328-019","7/29/2022 11:23:46 AM","0000-00","0","no battery","V","","µV","","µV"
"08/11/2022","10:00:26","6","default","383292078","Oxt_06","16.518","min","96.783","%a.s.","Humid","20.723","deg","40898","µV","27.743","°C","1021.000","hPa","36.4","pmil","0","55.390","deg","20.000","°C","100.000","%a.s.","21.720","deg","20.000","°C","977.000","hPa","0.861","-0.02617","0.00035","0","0","13.56","Humid","26.25","0","44.00","378923.91","SABD0000000001","AAV1.0.0.11","4.0.0.2323","PSt7-10","170328-019","7/29/2022 11:23:46 AM","0000-00","0","no battery","V","","µV","","µV"
"08/11/2022","10:00:27","6","default","383292078","Oxt_06","16.534","min","96.777","%a.s.","Humid","20.723","deg","40903","µV","27.749","°C","1021.000","hPa","36.4","pmil","0","55.390","deg","20.000","°C","100.000","%a.s.","21.720","deg","20.000","°C","977.000","hPa","0.861","-0.02617","0.00035","0","0","13.56","Humid","26.25","0","44.00","378927.96","SABD0000000001","AAV1.0.0.11","4.0.0.2323","PSt7-10","170328-019","7/29/2022 11:23:46 AM","0000-00","0","no battery","V","","µV","","µV"
"08/11/2022","10:00:28","6","default","383292078","Oxt_06","16.551","min","96.819","%a.s.","Humid","20.717","deg","40901","µV","27.760","°C","1021.000","hPa","36.4","pmil","0","55.390","deg","20.000","°C","100.000","%a.s.","21.720","deg","20.000","°C","977.000","hPa","0.861","-0.02617","0.00035","0","0","13.56","Humid","26.25","0","44.00","378927.64","SABD0000000001","AAV1.0.0.11","4.0.0.2323","PSt7-10","170328-019","7/29/2022 11:23:46 AM","0000-00","0","no battery","V","","µV","","µV"
"08/11/2022","10:00:29","6","default","383292078","Oxt_06","16.568","min","96.819","%a.s.","Humid","20.717","deg","40897","µV","27.761","°C","1021.000","hPa","36.4","pmil","0","55.390","deg","20.000","°C","100.000","%a.s.","21.720","deg","20.000","°C","977.000","hPa","0.861","-0.02617","0.00035","0","0","13.56","Humid","26.25","0","44.00","378914.02","SABD0000000001","AAV1.0.0.11","4.0.0.2323","PSt7-10","170328-019","7/29/2022 11:23:46 AM","0000-00","0","no battery","V","","µV","","µV"
"08/11/2022","10:00:30","6","default","383292078","Oxt_06","16.584","min","96.760","%a.s.","Humid","20.725","deg","40903","µV","27.749","°C","1021.000","hPa","36.4","pmil","0","55.390","deg","20.000","°C","100.000","%a.s.","21.720","deg","20.000","°C","977.000","hPa","0.861","-0.02617","0.00035","0","0","13.56","Humid","26.25","0","44.00","378914.21","SABD0000000001","AAV1.0.0.11","4.0.0.2323","PSt7-10","170328-019","7/29/2022 11:23:46 AM","0000-00","0","no battery","V","","µV","","µV"
"08/11/2022","10:00:31","6","default","383292078","Oxt_06","16.601","min","96.776","%a.s.","Humid","20.722","deg","40902","µV","27.760","°C","1021.000","hPa","36.4","pmil","0","55.390","deg","20.000","°C","100.000","%a.s.","21.720","deg","20.000","°C","977.000","hPa","0.861","-0.02617","0.00035","0","0","13.56","Humid","26.25","0","44.00","378912.03","SABD0000000001","AAV1.0.0.11","4.0.0.2323","PSt7-10","170328-019","7/29/2022 11:23:46 AM","0000-00","0","no battery","V","","µV","","µV"
"08/11/2022","10:00:32","6","default","383292078","Oxt_06","16.618","min","96.804","%a.s.","Humid","20.719","deg","40902","µV","27.758","°C","1021.000","hPa","36.4","pmil","0","55.390","deg","20.000","°C","100.000","%a.s.","21.720","deg","20.000","°C","977.000","hPa","0.861","-0.02617","0.00035","0","0","13.56","Humid","26.25","0","44.00","378924.65","SABD0000000001","AAV1.0.0.11","4.0.0.2323","PSt7-10","170328-019","7/29/2022 11:23:46 AM","0000-00","0","no battery","V","","µV","","µV"
"08/11/2022","10:00:33","6","default","383292078","Oxt_06","16.634","min","96.787","%a.s.","Humid","20.722","deg","40900","µV","27.748","°C","1021.000","hPa","36.4","pmil","0","55.390","deg","20.000","°C","100.000","%a.s.","21.720","deg","20.000","°C","977.000","hPa","0.861","-0.02617","0.00035","0","0","13.56","Humid","26.25","0","44.00","378914.08","SABD0000000001","AAV1.0.0.11","4.0.0.2323","PSt7-10","170328-019","7/29/2022 11:23:46 AM","0000-00","0","no battery","V","","µV","","µV"
"08/11/2022","10:00:34","6","default","383292078","Oxt_06","16.651","min","96.761","%a.s.","Humid","20.723","deg","40902","µV","27.767","°C","1021.000","hPa","36.4","pmil","0","55.390","deg","20.000","°C","100.000","%a.s.","21.720","deg","20.000","°C","977.000","hPa","0.861","-0.02617","0.00035","0","0","13.56","Humid","26.25","0","44.00","378929.07","SABD0000000001","AAV1.0.0.11","4.0.0.2323","PSt7-10","170328-019","7/29/2022 11:23:46 AM","0000-00","0","no battery","V","","µV","","µV"
"08/11/2022","10:00:35","6","default","383292078","Oxt_06","16.668","min","96.790","%a.s.","Humid","20.720","deg","40901","µV","27.764","°C","1021.000","hPa","36.4","pmil","0","55.390","deg","20.000","°C","100.000","%a.s.","21.720","deg","20.000","°C","977.000","hPa","0.861","-0.02617","0.00035","0","0","13.56","Humid","26.25","0","44.00","378919.08","SABD0000000001","AAV1.0.0.11","4.0.0.2323","PSt7-10","170328-019","7/29/2022 11:23:46 AM","0000-00","0","no battery","V","","µV","","µV"
"08/11/2022","10:00:36","6","default","383292078","Oxt_06","16.684","min","96.771","%a.s.","Humid","20.722","deg","40901","µV","27.766","°C","1021.000","hPa","36.4","pmil","0","55.390","deg","20.000","°C","100.000","%a.s.","21.720","deg","20.000","°C","977.000","hPa","0.861","-0.02617","0.00035","0","0","13.56","Humid","26.25","0","44.00","378911.99","SABD0000000001","AAV1.0.0.11","4.0.0.2323","PSt7-10","170328-019","7/29/2022 11:23:46 AM","0000-00","0","no battery","V","","µV","","µV"
"08/11/2022","10:00:37","6","default","383292078","Oxt_06","16.701","min","96.758","%a.s.","Humid","20.722","deg","40905","µV","27.780","°C","1021.000","hPa","36.4","pmil","0","55.390","deg","20.000","°C","100.000","%a.s.","21.720","deg","20.000","°C","977.000","hPa","0.861","-0.02617","0.00035","0","0","13.56","Humid","26.25","0","44.00","378917.68","SABD0000000001","AAV1.0.0.11","4.0.0.2323","PSt7-10","170328-019","7/29/2022 11:23:46 AM","0000-00","0","no battery","V","","µV","","µV"
"08/11/2022","10:00:38","6","default","383292078","Oxt_06","16.718","min","96.811","%a.s.","Humid","20.717","deg","40901","µV","27.769","°C","1021.000","hPa","36.4","pmil","0","55.390","deg","20.000","°C","100.000","%a.s.","21.720","deg","20.000","°C","977.000","hPa","0.861","-0.02617","0.00035","0","0","13.56","Humid","26.25","0","44.00","378911.13","SABD0000000001","AAV1.0.0.11","4.0.0.2323","PSt7-10","170328-019","7/29/2022 11:23:46 AM","0000-00","0","no battery","V","","µV","","µV"
"08/11/2022","10:00:39","6","default","383292078","Oxt_06","16.734","min","96.730","%a.s.","Humid","20.726","deg","40906","µV","27.772","°C","1021.000","hPa","36.4","pmil","0","55.390","deg","20.000","°C","100.000","%a.s.","21.720","deg","20.000","°C","977.000","hPa","0.861","-0.02617","0.00035","0","0","13.56","Humid","26.25","0","44.00","378906.16","SABD0000000001","AAV1.0.0.11","4.0.0.2323","PSt7-10","170328-019","7/29/2022 11:23:46 AM","0000-00","0","no battery","V","","µV","","µV"
"08/11/2022","10:00:40","6","default","383292078","Oxt_06","16.751","min","96.741","%a.s.","Humid","20.724","deg","40909","µV","27.779","°C","1021.000","hPa","36.4","pmil","0","55.390","deg","20.000","°C","100.000","%a.s.","21.720","deg","20.000","°C","977.000","hPa","0.861","-0.02617","0.00035","0","0","13.56","Humid","26.25","0","44.00","378912.31","SABD0000000001","AAV1.0.0.11","4.0.0.2323","PSt7-10","170328-019","7/29/2022 11:23:46 AM","0000-00","0","no battery","V","","µV","","µV"
"08/11/2022","10:00:41","6","default","383292078","Oxt_06","16.768","min","96.792","%a.s.","Humid","20.720","deg","40899","µV","27.761","°C","1021.000","hPa","36.4","pmil","0","55.390","deg","20.000","°C","100.000","%a.s.","21.720","deg","20.000","°C","977.000","hPa","0.861","-0.02617","0.00035","0","0","13.56","Humid","26.25","0","44.00","378925.06","SABD0000000001","AAV1.0.0.11","4.0.0.2323","PSt7-10","170328-019","7/29/2022 11:23:46 AM","0000-00","0","no battery","V","","µV","","µV"
"08/11/2022","10:00:42","6","default","383292078","Oxt_06","16.784","min","96.764","%a.s.","Humid","20.722","deg","40900","µV","27.773","°C","1021.000","hPa","36.4","pmil","0","55.390","deg","20.000","°C","100.000","%a.s.","21.720","deg","20.000","°C","977.000","hPa","0.861","-0.02617","0.00035","0","0","13.56","Humid","26.25","0","44.00","378903.19","SABD0000000001","AAV1.0.0.11","4.0.0.2323","PSt7-10","170328-019","7/29/2022 11:23:46 AM","0000-00","0","no battery","V","","µV","","µV"
"08/11/2022","10:00:43","6","default","383292078","Oxt_06","16.801","min","96.805","%a.s.","Humid","20.718","deg","40905","µV","27.766","°C","1021.000","hPa","36.4","pmil","0","55.390","deg","20.000","°C","100.000","%a.s.","21.720","deg","20.000","°C","977.000","hPa","0.861","-0.02617","0.00035","0","0","13.56","Humid","26.25","0","44.00","378913.61","SABD0000000001","AAV1.0.0.11","4.0.0.2323","PSt7-10","170328-019","7/29/2022 11:23:46 AM","0000-00","0","no battery","V","","µV","","µV"
"08/11/2022","10:00:44","6","default","383292078","Oxt_06","16.818","min","96.726","%a.s.","Humid","20.728","deg","40905","µV","27.758","°C","1021.000","hPa","36.4","pmil","0","55.390","deg","20.000","°C","100.000","%a.s.","21.720","deg","20.000","°C","977.000","hPa","0.861","-0.02617","0.00035","0","0","13.56","Humid","26.25","0","44.00","378906.64","SABD0000000001","AAV1.0.0.11","4.0.0.2323","PSt7-10","170328-019","7/29/2022 11:23:46 AM","0000-00","0","no battery","V","","µV","","µV"
"08/11/2022","10:00:45","6","default","383292078","Oxt_06","16.834","min","96.761","%a.s.","Humid","20.723","deg","40907","µV","27.766","°C","1021.000","hPa","36.4","pmil","0","55.390","deg","20.000","°C","100.000","%a.s.","21.720","deg","20.000","°C","977.000","hPa","0.861","-0.02617","0.00035","0","0","13.56","Humid","26.25","0","44.00","378903.09","SABD0000000001","AAV1.0.0.11","4.0.0.2323","PSt7-10","170328-019","7/29/2022 11:23:46 AM","0000-00","0","no battery","V","","µV","","µV"
"08/11/2022","10:00:46","6","default","383292078","Oxt_06","16.851","min","96.793","%a.s.","Humid","20.719","deg","40901","µV","27.770","°C","1021.000","hPa","36.4","pmil","0","55.390","deg","20.000","°C","100.000","%a.s.","21.720","deg","20.000","°C","977.000","hPa","0.861","-0.02617","0.00035","0","0","13.56","Humid","26.25","0","44.00","378906.71","SABD0000000001","AAV1.0.0.11","4.0.0.2323","PSt7-10","170328-019","7/29/2022 11:23:46 AM","0000-00","0","no battery","V","","µV","","µV"
"08/11/2022","10:00:47","6","default","383292078","Oxt_06","16.868","min","96.795","%a.s.","Humid","20.718","deg","40904","µV","27.776","°C","1021.000","hPa","36.4","pmil","0","55.390","deg","20.000","°C","100.000","%a.s.","21.720","deg","20.000","°C","977.000","hPa","0.861","-0.02617","0.00035","0","0","13.56","Humid","26.25","0","44.00","378883.42","SABD0000000001","AAV1.0.0.11","4.0.0.2323","PSt7-10","170328-019","7/29/2022 11:23:46 AM","0000-00","0","no battery","V","","µV","","µV"
"08/11/2022","10:00:48","6","default","383292078","Oxt_06","16.884","min","96.755","%a.s.","Humid","20.723","deg","40901","µV","27.773","°C","1021.000","hPa","36.4","pmil","0","55.390","deg","20.000","°C","100.000","%a.s.","21.720","deg","20.000","°C","977.000","hPa","0.861","-0.02617","0.00035","0","0","13.56","Humid","26.25","0","44.00","378899.87","SABD0000000001","AAV1.0.0.11","4.0.0.2323","PSt7-10","170328-019","7/29/2022 11:23:46 AM","0000-00","0","no battery","V","","µV","","µV"
"08/11/2022","10:00:49","6","default","383292078","Oxt_06","16.901","min","96.705","%a.s.","Humid","20.729","deg","40910","µV","27.771","°C","1021.000","hPa","36.4","pmil","0","55.390","deg","20.000","°C","100.000","%a.s.","21.720","deg","20.000","°C","977.000","hPa","0.861","-0.02617","0.00035","0","0","13.56","Humid","26.25","0","44.00","378898.52","SABD0000000001","AAV1.0.0.11","4.0.0.2323","PSt7-10","170328-019","7/29/2022 11:23:46 AM","0000-00","0","no battery","V","","µV","","µV"
"08/11/2022","10:00:50","6","default","383292078","Oxt_06","16.918","min","96.809","%a.s.","Humid","20.717","deg","40912","µV","27.771","°C","1021.000","hPa","36.4","pmil","0","55.390","deg","20.000","°C","100.000","%a.s.","21.720","deg","20.000","°C","977.000","hPa","0.861","-0.02617","0.00035","0","0","13.56","Humid","26.25","0","44.00","378902.78","SABD0000000001","AAV1.0.0.11","4.0.0.2323","PSt7-10","170328-019","7/29/2022 11:23:46 AM","0000-00","0","no battery","V","","µV","","µV"
"08/11/2022","10:00:51","6","default","383292078","Oxt_06","16.934","min","96.799","%a.s.","Humid","20.719","deg","40909","µV","27.763","°C","1021.000","hPa","36.4","pmil","0","55.390","deg","20.000","°C","100.000","%a.s.","21.720","deg","20.000","°C","977.000","hPa","0.861","-0.02617","0.00035","0","0","13.56","Humid","26.25","0","44.00","378908.97","SABD0000000001","AAV1.0.0.11","4.0.0.2323","PSt7-10","170328-019","7/29/2022 11:23:46 AM","0000-00","0","no battery","V","","µV","","µV"
"08/11/2022","10:00:52","6","default","383292078","Oxt_06","16.951","min","96.827","%a.s.","Humid","20.715","deg","40904","µV","27.770","°C","1021.000","hPa","36.4","pmil","0","55.390","deg","20.000","°C","100.000","%a.s.","21.720","deg","20.000","°C","977.000","hPa","0.861","-0.02617","0.00035","0","0","13.56","Humid","26.25","0","44.00","378898.71","SABD0000000001","AAV1.0.0.11","4.0.0.2323","PSt7-10","170328-019","7/29/2022 11:23:46 AM","0000-00","0","no battery","V","","µV","","µV"
"08/11/2022","10:00:53","6","default","383292078","Oxt_06","16.967","min","96.788","%a.s.","Humid","20.720","deg","40908","µV","27.766","°C","1021.000","hPa","36.4","pmil","0","55.390","deg","20.000","°C","100.000","%a.s.","21.720","deg","20.000","°C","977.000","hPa","0.861","-0.02617","0.00035","0","0","13.56","Humid","26.25","0","44.00","378897.03","SABD0000000001","AAV1.0.0.11","4.0.0.2323","PSt7-10","170328-019","7/29/2022 11:23:46 AM","0000-00","0","no battery","V","","µV","","µV"
"08/11/2022","10:00:54","6","default","383292078","Oxt_06","16.984","min","96.726","%a.s.","Humid","20.728","deg","40899","µV","27.758","°C","1021.000","hPa","36.4","pmil","0","55.390","deg","20.000","°C","100.000","%a.s.","21.720","deg","20.000","°C","977.000","hPa","0.861","-0.02617","0.00035","0","0","13.56","Humid","26.25","0","44.00","378903.56","SABD0000000001","AAV1.0.0.11","4.0.0.2323","PSt7-10","170328-019","7/29/2022 11:23:46 AM","0000-00","0","no battery","V","","µV","","µV"
"08/11/2022","10:00:55","6","default","383292078","Oxt_06","17.001","min","96.764","%a.s.","Humid","20.722","deg","40903","µV","27.773","°C","1021.000","hPa","36.4","pmil","0","55.390","deg","20.000","°C","100.000","%a.s.","21.720","deg","20.000","°C","977.000","hPa","0.861","-0.02617","0.00035","0","0","13.56","Humid","26.25","0","44.00","378903.33","SABD0000000001","AAV1.0.0.11","4.0.0.2323","PSt7-10","170328-019","7/29/2022 11:23:46 AM","0000-00","0","no battery","V","","µV","","µV"
"08/11/2022","10:00:56","6","default","383292078","Oxt_06","17.017","min","96.758","%a.s.","Humid","20.722","deg","40904","µV","27.780","°C","1021.000","hPa","36.4","pmil","0","55.390","deg","20.000","°C","100.000","%a.s.","21.720","deg","20.000","°C","977.000","hPa","0.861","-0.02617","0.00035","0","0","13.56","Humid","26.25","0","44.00","378890.77","SABD0000000001","AAV1.0.0.11","4.0.0.2323","PSt7-10","170328-019","7/29/2022 11:23:46 AM","0000-00","0","no battery","V","","µV","","µV"
"08/11/2022","10:00:57","6","default","383292078","Oxt_06","17.034","min","96.748","%a.s.","Humid","20.722","deg","40906","µV","27.790","°C","1021.000","hPa","36.4","pmil","0","55.390","deg","20.000","°C","100.000","%a.s.","21.720","deg","20.000","°C","977.000","hPa","0.861","-0.02617","0.00035","0","0","13.56","Humid","26.25","0","44.00","378889.36","SABD0000000001","AAV1.0.0.11","4.0.0.2323","PSt7-10","170328-019","7/29/2022 11:23:46 AM","0000-00","0","no battery","V","","µV","","µV"
"08/11/2022","10:00:58","6","default","383292078","Oxt_06","17.050","min","96.688","%a.s.","Humid","20.732","deg","40904","µV","27.762","°C","1021.000","hPa","36.4","pmil","0","55.390","deg","20.000","°C","100.000","%a.s.","21.720","deg","20.000","°C","977.000","hPa","0.861","-0.02617","0.00035","0","0","13.56","Humid","26.25","0","44.00","378894.61","SABD0000000001","AAV1.0.0.11","4.0.0.2323","PSt7-10","170328-019","7/29/2022 11:23:46 AM","0000-00","0","no battery","V","","µV","","µV"
"08/11/2022","10:00:59","6","default","383292078","Oxt_06","17.067","min","96.701","%a.s.","Humid","20.728","deg","40904","µV","27.785","°C","1021.000","hPa","36.4","pmil","0","55.390","deg","20.000","°C","100.000","%a.s.","21.720","deg","20.000","°C","977.000","hPa","0.861","-0.02617","0.00035","0","0","13.56","Humid","26.25","0","44.00","378887.37","SABD0000000001","AAV1.0.0.11","4.0.0.2323","PSt7-10","170328-019","7/29/2022 11:23:46 AM","0000-00","0","no battery","V","","µV","","µV"
"08/11/2022","10:01:00","6","default","383292078","Oxt_06","17.084","min","96.798","%a.s.","Humid","20.719","deg","40906","µV","27.764","°C","1021.000","hPa","36.4","pmil","0","55.390","deg","20.000","°C","100.000","%a.s.","21.720","deg","20.000","°C","977.000","hPa","0.861","-0.02617","0.00035","0","0","13.56","Humid","26.25","0","44.00","378893.92","SABD0000000001","AAV1.0.0.11","4.0.0.2323","PSt7-10","170328-019","7/29/2022 11:23:46 AM","0000-00","0","no battery","V","","µV","","µV"
"08/11/2022","10:01:01","6","default","383292078","Oxt_06","17.100","min","96.647","%a.s.","Humid","20.735","deg","40909","µV","27.777","°C","1021.000","hPa","36.4","pmil","0","55.390","deg","20.000","°C","100.000","%a.s.","21.720","deg","20.000","°C","977.000","hPa","0.861","-0.02617","0.00035","0","0","13.56","Humid","26.25","0","44.00","378905.53","SABD0000000001","AAV1.0.0.11","4.0.0.2323","PSt7-10","170328-019","7/29/2022 11:23:46 AM","0000-00","0","no battery","V","","µV","","µV"
"08/11/2022","10:01:02","6","default","383292078","Oxt_06","17.117","min","96.717","%a.s.","Humid","20.727","deg","40913","µV","27.777","°C","1021.000","hPa","36.4","pmil","0","55.390","deg","20.000","°C","100.000","%a.s.","21.720","deg","20.000","°C","977.000","hPa","0.861","-0.02617","0.00035","0","0","13.56","Humid","26.25","0","44.00","378891.32","SABD0000000001","AAV1.0.0.11","4.0.0.2323","PSt7-10","170328-019","7/29/2022 11:23:46 AM","0000-00","0","no battery","V","","µV","","µV"
"08/11/2022","10:01:03","6","default","383292078","Oxt_06","17.134","min","96.685","%a.s.","Humid","20.731","deg","40909","µV","27.774","°C","1021.000","hPa","36.4","pmil","0","55.390","deg","20.000","°C","100.000","%a.s.","21.720","deg","20.000","°C","977.000","hPa","0.861","-0.02617","0.00035","0","0","13.56","Humid","26.25","0","44.00","378893.80","SABD0000000001","AAV1.0.0.11","4.0.0.2323","PSt7-10","170328-019","7/29/2022 11:23:46 AM","0000-00","0","no battery","V","","µV","","µV"
"08/11/2022","10:01:04","6","default","383292078","Oxt_06","17.150","min","96.638","%a.s.","Humid","20.737","deg","40914","µV","27.769","°C","1021.000","hPa","36.4","pmil","0","55.390","deg","20.000","°C","100.000","%a.s.","21.720","deg","20.000","°C","977.000","hPa","0.861","-0.02617","0.00035","0","0","13.56","Humid","26.25","0","44.00","378886.27","SABD0000000001","AAV1.0.0.11","4.0.0.2323","PSt7-10","170328-019","7/29/2022 11:23:46 AM","0000-00","0","no battery","V","","µV","","µV"
"08/11/2022","10:01:05","6","default","383292078","Oxt_06","17.167","min","96.767","%a.s.","Humid","20.721","deg","40905","µV","27.779","°C","1021.000","hPa","36.4","pmil","0","55.390","deg","20.000","°C","100.000","%a.s.","21.720","deg","20.000","°C","977.000","hPa","0.861","-0.02617","0.00035","0","0","13.56","Humid","26.25","0","44.00","378882.36","SABD0000000001","AAV1.0.0.11","4.0.0.2323","PSt7-10","170328-019","7/29/2022 11:23:46 AM","0000-00","0","no battery","V","","µV","","µV"
"08/11/2022","10:01:06","6","default","383292078","Oxt_06","17.184","min","96.775","%a.s.","Humid","20.721","deg","40909","µV","27.770","°C","1021.000","hPa","36.4","pmil","0","55.390","deg","20.000","°C","100.000","%a.s.","21.720","deg","20.000","°C","977.000","hPa","0.861","-0.02617","0.00035","0","0","13.56","Humid","26.25","0","44.00","378891.36","SABD0000000001","AAV1.0.0.11","4.0.0.2323","PSt7-10","170328-019","7/29/2022 11:23:46 AM","0000-00","0","no battery","V","","µV","","µV"
"08/11/2022","10:01:07","6","default","383292078","Oxt_06","17.200","min","96.666","%a.s.","Humid","20.734","deg","40910","µV","27.767","°C","1021.000","hPa","36.4","pmil","0","55.390","deg","20.000","°C","100.000","%a.s.","21.720","deg","20.000","°C","977.000","hPa","0.861","-0.02617","0.00035","0","0","13.56","Humid","26.25","0","44.00","378888.90","SABD0000000001","AAV1.0.0.11","4.0.0.2323","PSt7-10","170328-019","7/29/2022 11:23:46 AM","0000-00","0","no battery","V","","µV","","µV"
"08/11/2022","10:01:08","6","default","383292078","Oxt_06","17.217","min","96.773","%a.s.","Humid","20.722","deg","40910","µV","27.763","°C","1021.000","hPa","36.4","pmil","0","55.390","deg","20.000","°C","100.000","%a.s.","21.720","deg","20.000","°C","977.000","hPa","0.861","-0.02617","0.00035","0","0","13.56","Humid","26.25","0","44.00","378882.00","SABD0000000001","AAV1.0.0.11","4.0.0.2323","PSt7-10","170328-019","7/29/2022 11:23:46 AM","0000-00","0","no battery","V","","µV","","µV"
"08/11/2022","10:01:09","6","default","383292078","Oxt_06","17.234","min","96.727","%a.s.","Humid","20.727","deg","40910","µV","27.767","°C","1021.000","hPa","36.4","pmil","0","55.390","deg","20.000","°C","100.000","%a.s.","21.720","deg","20.000","°C","977.000","hPa","0.861","-0.02617","0.00035","0","0","13.56","Humid","26.25","0","44.00","378871.51","SABD0000000001","AAV1.0.0.11","4.0.0.2323","PSt7-10","170328-019","7/29/2022 11:23:46 AM","0000-00","0","no battery","V","","µV","","µV"
"08/11/2022","10:01:10","6","default","383292078","Oxt_06","17.250","min","96.726","%a.s.","Humid","20.728","deg","40909","µV","27.758","°C","1021.000","hPa","36.4","pmil","0","55.390","deg","20.000","°C","100.000","%a.s.","21.720","deg","20.000","°C","977.000","hPa","0.861","-0.02617","0.00035","0","0","13.56","Humid","26.25","0","44.00","378862.28","SABD0000000001","AAV1.0.0.11","4.0.0.2323","PSt7-10","170328-019","7/29/2022 11:23:46 AM","0000-00","0","no battery","V","","µV","","µV"
"08/11/2022","10:01:11","6","default","383292078","Oxt_06","17.267","min","96.711","%a.s.","Humid","20.728","deg","40913","µV","27.774","°C","1021.000","hPa","36.4","pmil","0","55.390","deg","20.000","°C","100.000","%a.s.","21.720","deg","20.000","°C","977.000","hPa","0.861","-0.02617","0.00035","0","0","13.56","Humid","26.25","0","44.00","378879.74","SABD0000000001","AAV1.0.0.11","4.0.0.2323","PSt7-10","170328-019","7/29/2022 11:23:46 AM","0000-00","0","no battery","V","","µV","","µV"
"08/11/2022","10:01:12","6","default","383292078","Oxt_06","17.284","min","96.722","%a.s.","Humid","20.728","deg","40907","µV","27.762","°C","1021.000","hPa","36.4","pmil","0","55.390","deg","20.000","°C","100.000","%a.s.","21.720","deg","20.000","°C","977.000","hPa","0.861","-0.02617","0.00035","0","0","13.56","Humid","26.25","0","44.00","378867.93","SABD0000000001","AAV1.0.0.11","4.0.0.2323","PSt7-10","170328-019","7/29/2022 11:23:46 AM","0000-00","0","no battery","V","","µV","","µV"
"08/11/2022","10:01:13","6","default","383292078","Oxt_06","17.300","min","96.697","%a.s.","Humid","20.731","deg","40909","µV","27.761","°C","1021.000","hPa","36.4","pmil","0","55.390","deg","20.000","°C","100.000","%a.s.","21.720","deg","20.000","°C","977.000","hPa","0.861","-0.02617","0.00035","0","0","13.56","Humid","26.25","0","44.00","378875.74","SABD0000000001","AAV1.0.0.11","4.0.0.2323","PSt7-10","170328-019","7/29/2022 11:23:46 AM","0000-00","0","no battery","V","","µV","","µV"
"08/11/2022","10:01:14","6","default","383292078","Oxt_06","17.317","min","96.737","%a.s.","Humid","20.726","deg","40913","µV","27.764","°C","1021.000","hPa","36.4","pmil","0","55.390","deg","20.000","°C","100.000","%a.s.","21.720","deg","20.000","°C","977.000","hPa","0.861","-0.02617","0.00035","0","0","13.56","Humid","26.25","0","44.00","378874.53","SABD0000000001","AAV1.0.0.11","4.0.0.2323","PSt7-10","170328-019","7/29/2022 11:23:46 AM","0000-00","0","no battery","V","","µV","","µV"
"08/11/2022","10:01:15","6","default","383292078","Oxt_06","17.334","min","96.675","%a.s.","Humid","20.732","deg","40912","µV","27.776","°C","1021.000","hPa","36.4","pmil","0","55.390","deg","20.000","°C","100.000","%a.s.","21.720","deg","20.000","°C","977.000","hPa","0.861","-0.02617","0.00035","0","0","13.56","Humid","26.25","0","44.00","378878.68","SABD0000000001","AAV1.0.0.11","4.0.0.2323","PSt7-10","170328-019","7/29/2022 11:23:46 AM","0000-00","0","no battery","V","","µV","","µV"
"08/11/2022","10:01:16","6","default","383292078","Oxt_06","17.351","min","96.687","%a.s.","Humid","20.731","deg","40916","µV","27.772","°C","1021.000","hPa","36.4","pmil","0","55.390","deg","20.000","°C","100.000","%a.s.","21.720","deg","20.000","°C","977.000","hPa","0.861","-0.02617","0.00035","0","0","13.56","Humid","26.25","0","44.00","378881.66","SABD0000000001","AAV1.0.0.11","4.0.0.2323","PSt7-10","170328-019","7/29/2022 11:23:46 AM","0000-00","0","no battery","V","","µV","","µV"
"08/11/2022","10:01:17","6","default","383292078","Oxt_06","17.367","min","96.797","%a.s.","Humid","20.718","deg","40911","µV","27.774","°C","1021.000","hPa","36.4","pmil","0","55.390","deg","20.000","°C","100.000","%a.s.","21.720","deg","20.000","°C","977.000","hPa","0.861","-0.02617","0.00035","0","0","13.56","Humid","26.25","0","44.00","378874.13","SABD0000000001","AAV1.0.0.11","4.0.0.2323","PSt7-10","170328-019","7/29/2022 11:23:46 AM","0000-00","0","no battery","V","","µV","","µV"
"08/11/2022","10:01:18","6","default","383292078","Oxt_06","17.384","min","96.696","%a.s.","Humid","20.729","deg","40909","µV","27.780","°C","1021.000","hPa","36.4","pmil","0","55.390","deg","20.000","°C","100.000","%a.s.","21.720","deg","20.000","°C","977.000","hPa","0.861","-0.02617","0.00035","0","0","13.56","Humid","26.25","0","44.00","378868.53","SABD0000000001","AAV1.0.0.11","4.0.0.2323","PSt7-10","170328-019","7/29/2022 11:23:46 AM","0000-00","0","no battery","V","","µV","","µV"
"08/11/2022","10:01:19","6","default","383292078","Oxt_06","17.401","min","96.688","%a.s.","Humid","20.730","deg","40914","µV","27.781","°C","1021.000","hPa","36.4","pmil","0","55.390","deg","20.000","°C","100.000","%a.s.","21.720","deg","20.000","°C","977.000","hPa","0.861","-0.02617","0.00035","0","0","13.56","Humid","26.25","0","44.00","378855.91","SABD0000000001","AAV1.0.0.11","4.0.0.2323","PSt7-10","170328-019","7/29/2022 11:23:46 AM","0000-00","0","no battery","V","","µV","","µV"
"08/11/2022","10:01:20","6","default","383292078","Oxt_06","17.417","min","96.715","%a.s.","Humid","20.727","deg","40910","µV","27.780","°C","1021.000","hPa","36.4","pmil","0","55.390","deg","20.000","°C","100.000","%a.s.","21.720","deg","20.000","°C","977.000","hPa","0.861","-0.02617","0.00035","0","0","13.56","Humid","26.25","0","44.00","378859.71","SABD0000000001","AAV1.0.0.11","4.0.0.2323","PSt7-10","170328-019","7/29/2022 11:23:46 AM","0000-00","0","no battery","V","","µV","","µV"
"08/11/2022","10:01:21","6","default","383292078","Oxt_06","17.434","min","96.668","%a.s.","Humid","20.732","deg","40914","µV","27.783","°C","1021.000","hPa","36.4","pmil","0","55.390","deg","20.000","°C","100.000","%a.s.","21.720","deg","20.000","°C","977.000","hPa","0.861","-0.02617","0.00035","0","0","13.56","Humid","26.25","0","44.00","378869.22","SABD0000000001","AAV1.0.0.11","4.0.0.2323","PSt7-10","170328-019","7/29/2022 11:23:46 AM","0000-00","0","no battery","V","","µV","","µV"
"08/11/2022","10:01:22","6","default","383292078","Oxt_06","17.451","min","96.663","%a.s.","Humid","20.734","deg","40908","µV","27.770","°C","1021.000","hPa","36.4","pmil","0","55.390","deg","20.000","°C","100.000","%a.s.","21.720","deg","20.000","°C","977.000","hPa","0.861","-0.02617","0.00035","0","0","13.56","Humid","26.25","0","44.00","378860.62","SABD0000000001","AAV1.0.0.11","4.0.0.2323","PSt7-10","170328-019","7/29/2022 11:23:46 AM","0000-00","0","no battery","V","","µV","","µV"
"08/11/2022","10:01:23","6","default","383292078","Oxt_06","17.467","min","96.753","%a.s.","Humid","20.723","deg","40915","µV","27.776","°C","1021.000","hPa","36.4","pmil","0","55.390","deg","20.000","°C","100.000","%a.s.","21.720","deg","20.000","°C","977.000","hPa","0.861","-0.02617","0.00035","0","0","13.56","Humid","26.25","0","44.00","378864.25","SABD0000000001","AAV1.0.0.11","4.0.0.2323","PSt7-10","170328-019","7/29/2022 11:23:46 AM","0000-00","0","no battery","V","","µV","","µV"
"08/11/2022","10:01:24","6","default","383292078","Oxt_06","17.484","min","96.733","%a.s.","Humid","20.725","deg","40916","µV","27.778","°C","1021.000","hPa","36.4","pmil","0","55.390","deg","20.000","°C","100.000","%a.s.","21.720","deg","20.000","°C","977.000","hPa","0.861","-0.02617","0.00035","0","0","13.56","Humid","26.25","0","44.00","378860.32","SABD0000000001","AAV1.0.0.11","4.0.0.2323","PSt7-10","170328-019","7/29/2022 11:23:46 AM","0000-00","0","no battery","V","","µV","","µV"
"08/11/2022","10:01:25","6","default","383292078","Oxt_06","17.501","min","96.702","%a.s.","Humid","20.729","deg","40921","µV","27.774","°C","1021.000","hPa","36.4","pmil","0","55.390","deg","20.000","°C","100.000","%a.s.","21.720","deg","20.000","°C","977.000","hPa","0.861","-0.02617","0.00035","0","0","13.56","Humid","26.25","0","44.00","378865.65","SABD0000000001","AAV1.0.0.11","4.0.0.2323","PSt7-10","170328-019","7/29/2022 11:23:46 AM","0000-00","0","no battery","V","","µV","","µV"
"08/11/2022","10:01:26","6","default","383292078","Oxt_06","17.517","min","96.696","%a.s.","Humid","20.729","deg","40917","µV","27.780","°C","1021.000","hPa","36.4","pmil","0","55.390","deg","20.000","°C","100.000","%a.s.","21.720","deg","20.000","°C","977.000","hPa","0.861","-0.02617","0.00035","0","0","13.56","Humid","26.25","0","44.00","378866.26","SABD0000000001","AAV1.0.0.11","4.0.0.2323","PSt7-10","170328-019","7/29/2022 11:23:46 AM","0000-00","0","no battery","V","","µV","","µV"
"08/11/2022","10:01:27","6","default","383292078","Oxt_06","17.534","min","96.763","%a.s.","Humid","20.722","deg","40913","µV","27.774","°C","1021.000","hPa","36.4","pmil","0","55.390","deg","20.000","°C","100.000","%a.s.","21.720","deg","20.000","°C","977.000","hPa","0.861","-0.02617","0.00035","0","0","13.56","Humid","26.25","0","44.00","378867.57","SABD0000000001","AAV1.0.0.11","4.0.0.2323","PSt7-10","170328-019","7/29/2022 11:23:46 AM","0000-00","0","no battery","V","","µV","","µV"
"08/11/2022","10:01:28","6","default","383292078","Oxt_06","17.551","min","96.710","%a.s.","Humid","20.729","deg","40916","µV","27.766","°C","1021.000","hPa","36.4","pmil","0","55.390","deg","20.000","°C","100.000","%a.s.","21.720","deg","20.000","°C","977.000","hPa","0.861","-0.02617","0.00035","0","0","13.56","Humid","26.25","0","44.00","378852.51","SABD0000000001","AAV1.0.0.11","4.0.0.2323","PSt7-10","170328-019","7/29/2022 11:23:46 AM","0000-00","0","no battery","V","","µV","","µV"
"08/11/2022","10:01:29","6","default","383292078","Oxt_06","17.567","min","96.702","%a.s.","Humid","20.730","deg","40912","µV","27.765","°C","1021.000","hPa","36.4","pmil","0","55.390","deg","20.000","°C","100.000","%a.s.","21.720","deg","20.000","°C","977.000","hPa","0.861","-0.02617","0.00035","0","0","13.56","Humid","26.25","0","44.00","378860.22","SABD0000000001","AAV1.0.0.11","4.0.0.2323","PSt7-10","170328-019","7/29/2022 11:23:46 AM","0000-00","0","no battery","V","","µV","","µV"
"08/11/2022","10:01:30","6","default","383292078","Oxt_06","17.584","min","96.709","%a.s.","Humid","20.729","deg","40915","µV","27.767","°C","1021.000","hPa","36.4","pmil","0","55.390","deg","20.000","°C","100.000","%a.s.","21.720","deg","20.000","°C","977.000","hPa","0.861","-0.02617","0.00035","0","0","13.56","Humid","26.25","0","44.00","378846.72","SABD0000000001","AAV1.0.0.11","4.0.0.2323","PSt7-10","170328-019","7/29/2022 11:23:46 AM","0000-00","0","no battery","V","","µV","","µV"
"08/11/2022","10:01:31","6","default","383292078","Oxt_06","17.601","min","96.663","%a.s.","Humid","20.735","deg","40918","µV","27.761","°C","1021.000","hPa","36.4","pmil","0","55.390","deg","20.000","°C","100.000","%a.s.","21.720","deg","20.000","°C","977.000","hPa","0.861","-0.02617","0.00035","0","0","13.56","Humid","26.25","0","44.00","378850.15","SABD0000000001","AAV1.0.0.11","4.0.0.2323","PSt7-10","170328-019","7/29/2022 11:23:46 AM","0000-00","0","no battery","V","","µV","","µV"
"08/11/2022","10:01:32","6","default","383292078","Oxt_06","17.617","min","96.646","%a.s.","Humid","20.735","deg","40921","µV","27.778","°C","1021.000","hPa","36.4","pmil","0","55.390","deg","20.000","°C","100.000","%a.s.","21.720","deg","20.000","°C","977.000","hPa","0.861","-0.02617","0.00035","0","0","13.56","Humid","26.25","0","44.00","378851.26","SABD0000000001","AAV1.0.0.11","4.0.0.2323","PSt7-10","170328-019","7/29/2022 11:23:46 AM","0000-00","0","no battery","V","","µV","","µV"
"08/11/2022","10:01:33","6","default","383292078","Oxt_06","17.634","min","96.634","%a.s.","Humid","20.736","deg","40909","µV","27.782","°C","1021.000","hPa","36.4","pmil","0","55.390","deg","20.000","°C","100.000","%a.s.","21.720","deg","20.000","°C","977.000","hPa","0.861","-0.02617","0.00035","0","0","13.56","Humid","26.25","0","44.00","378852.78","SABD0000000001","AAV1.0.0.11","4.0.0.2323","PSt7-10","170328-019","7/29/2022 11:23:46 AM","0000-00","0","no battery","V","","µV","","µV"
"08/11/2022","10:01:34","6","default","383292078","Oxt_06","17.651","min","96.714","%a.s.","Humid","20.727","deg","40916","µV","27.781","°C","1021.000","hPa","36.4","pmil","0","55.390","deg","20.000","°C","100.000","%a.s.","21.720","deg","20.000","°C","977.000","hPa","0.861","-0.02617","0.00035","0","0","13.56","Humid","26.25","0","44.00","378848.98","SABD0000000001","AAV1.0.0.11","4.0.0.2323","PSt7-10","170328-019","7/29/2022 11:23:46 AM","0000-00","0","no battery","V","","µV","","µV"
"08/11/2022","10:01:35","6","default","383292078","Oxt_06","17.667","min","96.698","%a.s.","Humid","20.727","deg","40908","µV","27.797","°C","1021.000","hPa","36.4","pmil","0","55.390","deg","20.000","°C","100.000","%a.s.","21.720","deg","20.000","°C","977.000","hPa","0.861","-0.02617","0.00035","0","0","13.56","Humid","26.25","0","44.00","378854.87","SABD0000000001","AAV1.0.0.11","4.0.0.2323","PSt7-10","170328-019","7/29/2022 11:23:46 AM","0000-00","0","no battery","V","","µV","","µV"
"08/11/2022","10:01:36","6","default","383292078","Oxt_06","17.684","min","96.656","%a.s.","Humid","20.733","deg","40909","µV","27.786","°C","1021.000","hPa","36.4","pmil","0","55.390","deg","20.000","°C","100.000","%a.s.","21.720","deg","20.000","°C","977.000","hPa","0.861","-0.02617","0.00035","0","0","13.56","Humid","26.25","0","44.00","378843.36","SABD0000000001","AAV1.0.0.11","4.0.0.2323","PSt7-10","170328-019","7/29/2022 11:23:46 AM","0000-00","0","no battery","V","","µV","","µV"
"08/11/2022","10:01:37","6","default","383292078","Oxt_06","17.701","min","96.642","%a.s.","Humid","20.737","deg","40922","µV","27.765","°C","1021.000","hPa","36.4","pmil","0","55.390","deg","20.000","°C","100.000","%a.s.","21.720","deg","20.000","°C","977.000","hPa","0.861","-0.02617","0.00035","0","0","13.56","Humid","26.25","0","44.00","378845.91","SABD0000000001","AAV1.0.0.11","4.0.0.2323","PSt7-10","170328-019","7/29/2022 11:23:46 AM","0000-00","0","no battery","V","","µV","","µV"
"08/11/2022","10:01:38","6","default","383292078","Oxt_06","17.717","min","96.696","%a.s.","Humid","20.730","deg","40918","µV","27.771","°C","1021.000","hPa","36.4","pmil","0","55.390","deg","20.000","°C","100.000","%a.s.","21.720","deg","20.000","°C","977.000","hPa","0.861","-0.02617","0.00035","0","0","13.56","Humid","26.25","0","44.00","378843.73","SABD0000000001","AAV1.0.0.11","4.0.0.2323","PSt7-10","170328-019","7/29/2022 11:23:46 AM","0000-00","0","no battery","V","","µV","","µV"
"08/11/2022","10:01:39","6","default","383292078","Oxt_06","17.734","min","96.688","%a.s.","Humid","20.731","deg","40917","µV","27.771","°C","1021.000","hPa","36.4","pmil","0","55.390","deg","20.000","°C","100.000","%a.s.","21.720","deg","20.000","°C","977.000","hPa","0.861","-0.02617","0.00035","0","0","13.56","Humid","26.25","0","44.00","378853.00","SABD0000000001","AAV1.0.0.11","4.0.0.2323","PSt7-10","170328-019","7/29/2022 11:23:46 AM","0000-00","0","no battery","V","","µV","","µV"
"08/11/2022","10:01:40","6","default","383292078","Oxt_06","17.751","min","96.720","%a.s.","Humid","20.727","deg","40910","µV","27.773","°C","1021.000","hPa","36.4","pmil","0","55.390","deg","20.000","°C","100.000","%a.s.","21.720","deg","20.000","°C","977.000","hPa","0.861","-0.02617","0.00035","0","0","13.56","Humid","26.25","0","44.00","378847.55","SABD0000000001","AAV1.0.0.11","4.0.0.2323","PSt7-10","170328-019","7/29/2022 11:23:46 AM","0000-00","0","no battery","V","","µV","","µV"
"08/11/2022","10:01:41","6","default","383292078","Oxt_06","17.767","min","96.630","%a.s.","Humid","20.738","deg","40915","µV","27.768","°C","1021.000","hPa","36.4","pmil","0","55.390","deg","20.000","°C","100.000","%a.s.","21.720","deg","20.000","°C","977.000","hPa","0.861","-0.02617","0.00035","0","0","13.56","Humid","26.25","0","44.00","378847.16","SABD0000000001","AAV1.0.0.11","4.0.0.2323","PSt7-10","170328-019","7/29/2022 11:23:46 AM","0000-00","0","no battery","V","","µV","","µV"
"08/11/2022","10:01:42","6","default","383292078","Oxt_06","17.784","min","96.712","%a.s.","Humid","20.728","deg","40919","µV","27.773","°C","1021.000","hPa","36.4","pmil","0","55.390","deg","20.000","°C","100.000","%a.s.","21.720","deg","20.000","°C","977.000","hPa","0.861","-0.02617","0.00035","0","0","13.56","Humid","26.25","0","44.00","378845.88","SABD0000000001","AAV1.0.0.11","4.0.0.2323","PSt7-10","170328-019","7/29/2022 11:23:46 AM","0000-00","0","no battery","V","","µV","","µV"
"08/11/2022","10:01:43","6","default","383292078","Oxt_06","17.801","min","96.668","%a.s.","Humid","20.732","deg","40917","µV","27.783","°C","1021.000","hPa","36.4","pmil","0","55.390","deg","20.000","°C","100.000","%a.s.","21.720","deg","20.000","°C","977.000","hPa","0.861","-0.02617","0.00035","0","0","13.56","Humid","26.25","0","44.00","378846.03","SABD0000000001","AAV1.0.0.11","4.0.0.2323","PSt7-10","170328-019","7/29/2022 11:23:46 AM","0000-00","0","no battery","V","","µV","","µV"
"08/11/2022","10:01:44","6","default","383292078","Oxt_06","17.818","min","96.690","%a.s.","Humid","20.730","deg","40911","µV","27.778","°C","1021.000","hPa","36.4","pmil","0","55.390","deg","20.000","°C","100.000","%a.s.","21.720","deg","20.000","°C","977.000","hPa","0.861","-0.02617","0.00035","0","0","13.56","Humid","26.25","0","44.00","378835.90","SABD0000000001","AAV1.0.0.11","4.0.0.2323","PSt7-10","170328-019","7/29/2022 11:23:46 AM","0000-00","0","no battery","V","","µV","","µV"
"08/11/2022","10:01:45","6","default","383292078","Oxt_06","17.834","min","96.746","%a.s.","Humid","20.724","deg","40917","µV","27.773","°C","1021.000","hPa","36.4","pmil","0","55.390","deg","20.000","°C","100.000","%a.s.","21.720","deg","20.000","°C","977.000","hPa","0.861","-0.02617","0.00035","0","0","13.56","Humid","26.25","0","44.00","378824.72","SABD0000000001","AAV1.0.0.11","4.0.0.2323","PSt7-10","170328-019","7/29/2022 11:23:46 AM","0000-00","0","no battery","V","","µV","","µV"
"08/11/2022","10:01:46","6","default","383292078","Oxt_06","17.851","min","96.684","%a.s.","Humid","20.731","deg","40916","µV","27.775","°C","1021.000","hPa","36.4","pmil","0","55.390","deg","20.000","°C","100.000","%a.s.","21.720","deg","20.000","°C","977.000","hPa","0.861","-0.02617","0.00035","0","0","13.56","Humid","26.25","0","44.00","378834.54","SABD0000000001","AAV1.0.0.11","4.0.0.2323","PSt7-10","170328-019","7/29/2022 11:23:46 AM","0000-00","0","no battery","V","","µV","","µV"
"08/11/2022","10:01:47","6","default","383292078","Oxt_06","17.868","min","96.704","%a.s.","Humid","20.728","deg","40920","µV","27.781","°C","1021.000","hPa","36.4","pmil","0","55.390","deg","20.000","°C","100.000","%a.s.","21.720","deg","20.000","°C","977.000","hPa","0.861","-0.02617","0.00035","0","0","13.56","Humid","26.25","0","44.00","378829.43","SABD0000000001","AAV1.0.0.11","4.0.0.2323","PSt7-10","170328-019","7/29/2022 11:23:46 AM","0000-00","0","no battery","V","","µV","","µV"
"08/11/2022","10:01:48","6","default","383292078","Oxt_06","17.884","min","96.637","%a.s.","Humid","20.737","deg","40913","µV","27.770","°C","1021.000","hPa","36.4","pmil","0","55.390","deg","20.000","°C","100.000","%a.s.","21.720","deg","20.000","°C","977.000","hPa","0.861","-0.02617","0.00035","0","0","13.56","Humid","26.25","0","44.00","378835.19","SABD0000000001","AAV1.0.0.11","4.0.0.2323","PSt7-10","170328-019","7/29/2022 11:23:46 AM","0000-00","0","no battery","V","","µV","","µV"
"08/11/2022","10:01:49","6","default","383292078","Oxt_06","17.901","min","96.676","%a.s.","Humid","20.732","deg","40915","µV","27.775","°C","1021.000","hPa","36.4","pmil","0","55.390","deg","20.000","°C","100.000","%a.s.","21.720","deg","20.000","°C","977.000","hPa","0.861","-0.02617","0.00035","0","0","13.56","Humid","26.25","0","44.00","378814.00","SABD0000000001","AAV1.0.0.11","4.0.0.2323","PSt7-10","170328-019","7/29/2022 11:23:46 AM","0000-00","0","no battery","V","","µV","","µV"
"08/11/2022","10:01:50","6","default","383292078","Oxt_06","17.918","min","96.658","%a.s.","Humid","20.734","deg","40925","µV","27.775","°C","1021.000","hPa","36.4","pmil","0","55.390","deg","20.000","°C","100.000","%a.s.","21.720","deg","20.000","°C","977.000","hPa","0.861","-0.02617","0.00035","0","0","13.56","Humid","26.25","0","44.00","378831.04","SABD0000000001","AAV1.0.0.11","4.0.0.2323","PSt7-10","170328-019","7/29/2022 11:23:46 AM","0000-00","0","no battery","V","","µV","","µV"
"08/11/2022","10:01:51","6","default","383292078","Oxt_06","17.934","min","96.686","%a.s.","Humid","20.733","deg","40920","µV","27.755","°C","1021.000","hPa","36.4","pmil","0","55.390","deg","20.000","°C","100.000","%a.s.","21.720","deg","20.000","°C","977.000","hPa","0.861","-0.02617","0.00035","0","0","13.56","Humid","26.25","0","44.00","378824.06","SABD0000000001","AAV1.0.0.11","4.0.0.2323","PSt7-10","170328-019","7/29/2022 11:23:46 AM","0000-00","0","no battery","V","","µV","","µV"
"08/11/2022","10:01:52","6","default","383292078","Oxt_06","17.951","min","96.619","%a.s.","Humid","20.738","deg","40919","µV","27.780","°C","1021.000","hPa","36.4","pmil","0","55.390","deg","20.000","°C","100.000","%a.s.","21.720","deg","20.000","°C","977.000","hPa","0.861","-0.02617","0.00035","0","0","13.56","Humid","26.25","0","44.00","378817.35","SABD0000000001","AAV1.0.0.11","4.0.0.2323","PSt7-10","170328-019","7/29/2022 11:23:46 AM","0000-00","0","no battery","V","","µV","","µV"
"08/11/2022","10:01:53","6","default","383292078","Oxt_06","17.968","min","96.643","%a.s.","Humid","20.735","deg","40917","µV","27.782","°C","1021.000","hPa","36.4","pmil","0","55.390","deg","20.000","°C","100.000","%a.s.","21.720","deg","20.000","°C","977.000","hPa","0.861","-0.02617","0.00035","0","0","13.56","Humid","26.25","0","44.00","378820.30","SABD0000000001","AAV1.0.0.11","4.0.0.2323","PSt7-10","170328-019","7/29/2022 11:23:46 AM","0000-00","0","no battery","V","","µV","","µV"
"08/11/2022","10:01:54","6","default","383292078","Oxt_06","17.984","min","96.673","%a.s.","Humid","20.732","deg","40922","µV","27.778","°C","1021.000","hPa","36.4","pmil","0","55.390","deg","20.000","°C","100.000","%a.s.","21.720","deg","20.000","°C","977.000","hPa","0.861","-0.02617","0.00035","0","0","13.56","Humid","26.25","0","44.00","378830.19","SABD0000000001","AAV1.0.0.11","4.0.0.2323","PSt7-10","170328-019","7/29/2022 11:23:46 AM","0000-00","0","no battery","V","","µV","","µV"
"08/11/2022","10:01:55","6","default","383292078","Oxt_06","18.001","min","96.695","%a.s.","Humid","20.729","deg","40917","µV","27.782","°C","1021.000","hPa","36.4","pmil","0","55.390","deg","20.000","°C","100.000","%a.s.","21.720","deg","20.000","°C","977.000","hPa","0.861","-0.02617","0.00035","0","0","13.56","Humid","26.25","0","44.00","378823.22","SABD0000000001","AAV1.0.0.11","4.0.0.2323","PSt7-10","170328-019","7/29/2022 11:23:46 AM","0000-00","0","no battery","V","","µV","","µV"
"08/11/2022","10:01:56","6","default","383292078","Oxt_06","18.018","min","96.698","%a.s.","Humid","20.729","deg","40912","µV","27.779","°C","1021.000","hPa","36.4","pmil","0","55.390","deg","20.000","°C","100.000","%a.s.","21.720","deg","20.000","°C","977.000","hPa","0.861","-0.02617","0.00035","0","0","13.56","Humid","26.25","0","44.00","378804.71","SABD0000000001","AAV1.0.0.11","4.0.0.2323","PSt7-10","170328-019","7/29/2022 11:23:46 AM","0000-00","0","no battery","V","","µV","","µV"
"08/11/2022","10:01:57","6","default","383292078","Oxt_06","18.034","min","96.685","%a.s.","Humid","20.730","deg","40923","µV","27.784","°C","1021.000","hPa","36.4","pmil","0","55.390","deg","20.000","°C","100.000","%a.s.","21.720","deg","20.000","°C","977.000","hPa","0.861","-0.02617","0.00035","0","0","13.56","Humid","26.25","0","44.00","378829.19","SABD0000000001","AAV1.0.0.11","4.0.0.2323","PSt7-10","170328-019","7/29/2022 11:23:46 AM","0000-00","0","no battery","V","","µV","","µV"
"08/11/2022","10:01:58","6","default","383292078","Oxt_06","18.051","min","96.599","%a.s.","Humid","20.740","deg","40918","µV","27.783","°C","1021.000","hPa","36.4","pmil","0","55.390","deg","20.000","°C","100.000","%a.s.","21.720","deg","20.000","°C","977.000","hPa","0.861","-0.02617","0.00035","0","0","13.56","Humid","26.25","0","44.00","378809.97","SABD0000000001","AAV1.0.0.11","4.0.0.2323","PSt7-10","170328-019","7/29/2022 11:23:46 AM","0000-00","0","no battery","V","","µV","","µV"
"08/11/2022","10:01:59","6","default","383292078","Oxt_06","18.068","min","96.695","%a.s.","Humid","20.729","deg","40913","µV","27.782","°C","1021.000","hPa","36.4","pmil","0","55.390","deg","20.000","°C","100.000","%a.s.","21.720","deg","20.000","°C","977.000","hPa","0.861","-0.02617","0.00035","0","0","13.56","Humid","26.25","0","44.00","378821.48","SABD0000000001","AAV1.0.0.11","4.0.0.2323","PSt7-10","170328-019","7/29/2022 11:23:46 AM","0000-00","0","no battery","V","","µV","","µV"
"08/11/2022","10:02:00","6","default","383292078","Oxt_06","18.084","min","96.642","%a.s.","Humid","20.736","deg","40917","µV","27.774","°C","1021.000","hPa","36.4","pmil","0","55.390","deg","20.000","°C","100.000","%a.s.","21.720","deg","20.000","°C","977.000","hPa","0.861","-0.02617","0.00035","0","0","13.56","Humid","26.25","0","44.00","378802.91","SABD0000000001","AAV1.0.0.11","4.0.0.2323","PSt7-10","170328-019","7/29/2022 11:23:46 AM","0000-00","0","no battery","V","","µV","","µV"
"08/11/2022","10:02:01","6","default","383292078","Oxt_06","18.101","min","96.606","%a.s.","Humid","20.740","deg","40917","µV","27.775","°C","1021.000","hPa","36.4","pmil","0","55.390","deg","20.000","°C","100.000","%a.s.","21.720","deg","20.000","°C","977.000","hPa","0.861","-0.02617","0.00035","0","0","13.56","Humid","26.25","0","44.00","378799.68","SABD0000000001","AAV1.0.0.11","4.0.0.2323","PSt7-10","170328-019","7/29/2022 11:23:46 AM","0000-00","0","no battery","V","","µV","","µV"
"08/11/2022","10:02:02","6","default","383292078","Oxt_06","18.118","min","96.744","%a.s.","Humid","20.724","deg","40918","µV","27.775","°C","1021.000","hPa","36.4","pmil","0","55.390","deg","20.000","°C","100.000","%a.s.","21.720","deg","20.000","°C","977.000","hPa","0.861","-0.02617","0.00035","0","0","13.56","Humid","26.25","0","44.00","378805.06","SABD0000000001","AAV1.0.0.11","4.0.0.2323","PSt7-10","170328-019","7/29/2022 11:23:46 AM","0000-00","0","no battery","V","","µV","","µV"
"08/11/2022","10:02:03","6","default","383292078","Oxt_06","18.134","min","96.626","%a.s.","Humid","20.737","deg","40913","µV","27.782","°C","1021.000","hPa","36.4","pmil","0","55.390","deg","20.000","°C","100.000","%a.s.","21.720","deg","20.000","°C","977.000","hPa","0.861","-0.02617","0.00035","0","0","13.56","Humid","26.25","0","44.00","378814.72","SABD0000000001","AAV1.0.0.11","4.0.0.2323","PSt7-10","170328-019","7/29/2022 11:23:46 AM","0000-00","0","no battery","V","","µV","","µV"
"08/11/2022","10:02:04","6","default","383292078","Oxt_06","18.151","min","96.655","%a.s.","Humid","20.734","deg","40922","µV","27.778","°C","1021.000","hPa","36.4","pmil","0","55.390","deg","20.000","°C","100.000","%a.s.","21.720","deg","20.000","°C","977.000","hPa","0.861","-0.02617","0.00035","0","0","13.56","Humid","26.25","0","44.00","378804.38","SABD0000000001","AAV1.0.0.11","4.0.0.2323","PSt7-10","170328-019","7/29/2022 11:23:46 AM","0000-00","0","no battery","V","","µV","","µV"
"08/11/2022","10:02:05","6","default","383292078","Oxt_06","18.168","min","96.623","%a.s.","Humid","20.737","deg","40919","µV","27.785","°C","1021.000","hPa","36.4","pmil","0","55.390","deg","20.000","°C","100.000","%a.s.","21.720","deg","20.000","°C","977.000","hPa","0.861","-0.02617","0.00035","0","0","13.56","Humid","26.25","0","44.00","378805.24","SABD0000000001","AAV1.0.0.11","4.0.0.2323","PSt7-10","170328-019","7/29/2022 11:23:46 AM","0000-00","0","no battery","V","","µV","","µV"
"08/11/2022","10:02:06","6","default","383292078","Oxt_06","18.184","min","96.646","%a.s.","Humid","20.735","deg","40919","µV","27.778","°C","1021.000","hPa","36.4","pmil","0","55.390","deg","20.000","°C","100.000","%a.s.","21.720","deg","20.000","°C","977.000","hPa","0.861","-0.02617","0.00035","0","0","13.56","Humid","26.25","0","44.00","378798.39","SABD0000000001","AAV1.0.0.11","4.0.0.2323","PSt7-10","170328-019","7/29/2022 11:23:46 AM","0000-00","0","no battery","V","","µV","","µV"
"08/11/2022","10:02:07","6","default","383292078","Oxt_06","18.201","min","96.626","%a.s.","Humid","20.738","deg","40921","µV","27.772","°C","1021.000","hPa","36.4","pmil","0","55.390","deg","20.000","°C","100.000","%a.s.","21.720","deg","20.000","°C","977.000","hPa","0.861","-0.02617","0.00035","0","0","13.56","Humid","26.25","0","44.00","378805.75","SABD0000000001","AAV1.0.0.11","4.0.0.2323","PSt7-10","170328-019","7/29/2022 11:23:46 AM","0000-00","0","no battery","V","","µV","","µV"
"08/11/2022","10:02:08","6","default","383292078","Oxt_06","18.218","min","96.638","%a.s.","Humid","20.737","deg","40920","µV","27.768","°C","1021.000","hPa","36.4","pmil","0","55.390","deg","20.000","°C","100.000","%a.s.","21.720","deg","20.000","°C","977.000","hPa","0.861","-0.02617","0.00035","0","0","13.56","Humid","26.25","0","44.00","378802.17","SABD0000000001","AAV1.0.0.11","4.0.0.2323","PSt7-10","170328-019","7/29/2022 11:23:46 AM","0000-00","0","no battery","V","","µV","","µV"
"08/11/2022","10:02:09","6","default","383292078","Oxt_06","18.234","min","96.623","%a.s.","Humid","20.738","deg","40923","µV","27.776","°C","1021.000","hPa","36.4","pmil","0","55.390","deg","20.000","°C","100.000","%a.s.","21.720","deg","20.000","°C","977.000","hPa","0.861","-0.02617","0.00035","0","0","13.56","Humid","26.25","0","44.00","378809.13","SABD0000000001","AAV1.0.0.11","4.0.0.2323","PSt7-10","170328-019","7/29/2022 11:23:46 AM","0000-00","0","no battery","V","","µV","","µV"
"08/11/2022","10:02:10","6","default","383292078","Oxt_06","18.251","min","96.583","%a.s.","Humid","20.743","deg","40921","µV","27.772","°C","1021.000","hPa","36.4","pmil","0","55.390","deg","20.000","°C","100.000","%a.s.","21.720","deg","20.000","°C","977.000","hPa","0.861","-0.02617","0.00035","0","0","13.56","Humid","26.25","0","44.00","378807.73","SABD0000000001","AAV1.0.0.11","4.0.0.2323","PSt7-10","170328-019","7/29/2022 11:23:46 AM","0000-00","0","no battery","V","","µV","","µV"
"08/11/2022","10:02:11","6","default","383292078","Oxt_06","18.267","min","96.630","%a.s.","Humid","20.738","deg","40926","µV","27.768","°C","1021.000","hPa","36.4","pmil","0","55.390","deg","20.000","°C","100.000","%a.s.","21.720","deg","20.000","°C","977.000","hPa","0.861","-0.02617","0.00035","0","0","13.56","Humid","26.25","0","44.00","378803.98","SABD0000000001","AAV1.0.0.11","4.0.0.2323","PSt7-10","170328-019","7/29/2022 11:23:46 AM","0000-00","0","no battery","V","","µV","","µV"
"08/11/2022","10:02:12","6","default","383292078","Oxt_06","18.284","min","96.628","%a.s.","Humid","20.736","deg","40925","µV","27.788","°C","1021.000","hPa","36.4","pmil","0","55.390","deg","20.000","°C","100.000","%a.s.","21.720","deg","20.000","°C","977.000","hPa","0.861","-0.02617","0.00035","0","0","13.56","Humid","26.25","0","44.00","378797.02","SABD0000000001","AAV1.0.0.11","4.0.0.2323","PSt7-10","170328-019","7/29/2022 11:23:46 AM","0000-00","0","no battery","V","","µV","","µV"
"08/11/2022","10:02:13","6","default","383292078","Oxt_06","18.301","min","96.611","%a.s.","Humid","20.737","deg","40921","µV","27.798","°C","1021.000","hPa","36.4","pmil","0","55.390","deg","20.000","°C","100.000","%a.s.","21.720","deg","20.000","°C","977.000","hPa","0.861","-0.02617","0.00035","0","0","13.56","Humid","26.25","0","44.00","378794.70","SABD0000000001","AAV1.0.0.11","4.0.0.2323","PSt7-10","170328-019","7/29/2022 11:23:46 AM","0000-00","0","no battery","V","","µV","","µV"
"08/11/2022","10:02:14","6","default","383292078","Oxt_06","18.317","min","96.598","%a.s.","Humid","20.740","deg","40930","µV","27.784","°C","1021.000","hPa","36.4","pmil","0","55.390","deg","20.000","°C","100.000","%a.s.","21.720","deg","20.000","°C","977.000","hPa","0.861","-0.02617","0.00035","0","0","13.56","Humid","26.25","0","44.00","378792.63","SABD0000000001","AAV1.0.0.11","4.0.0.2323","PSt7-10","170328-019","7/29/2022 11:23:46 AM","0000-00","0","no battery","V","","µV","","µV"
"08/11/2022","10:02:15","6","default","383292078","Oxt_06","18.334","min","96.583","%a.s.","Humid","20.742","deg","40930","µV","27.781","°C","1021.000","hPa","36.4","pmil","0","55.390","deg","20.000","°C","100.000","%a.s.","21.720","deg","20.000","°C","977.000","hPa","0.861","-0.02617","0.00035","0","0","13.56","Humid","26.25","0","44.00","378797.63","SABD0000000001","AAV1.0.0.11","4.0.0.2323","PSt7-10","170328-019","7/29/2022 11:23:46 AM","0000-00","0","no battery","V","","µV","","µV"
"08/11/2022","10:02:16","6","default","383292078","Oxt_06","18.351","min","96.619","%a.s.","Humid","20.738","deg","40917","µV","27.780","°C","1021.000","hPa","36.4","pmil","0","55.390","deg","20.000","°C","100.000","%a.s.","21.720","deg","20.000","°C","977.000","hPa","0.861","-0.02617","0.00035","0","0","13.56","Humid","26.25","0","44.00","378788.97","SABD0000000001","AAV1.0.0.11","4.0.0.2323","PSt7-10","170328-019","7/29/2022 11:23:46 AM","0000-00","0","no battery","V","","µV","","µV"
"08/11/2022","10:02:17","6","default","383292078","Oxt_06","18.367","min","96.621","%a.s.","Humid","20.737","deg","40922","µV","27.787","°C","1021.000","hPa","36.4","pmil","0","55.390","deg","20.000","°C","100.000","%a.s.","21.720","deg","20.000","°C","977.000","hPa","0.861","-0.02617","0.00035","0","0","13.56","Humid","26.25","0","44.00","378800.66","SABD0000000001","AAV1.0.0.11","4.0.0.2323","PSt7-10","170328-019","7/29/2022 11:23:46 AM","0000-00","0","no battery","V","","µV","","µV"
"08/11/2022","10:02:18","6","default","383292078","Oxt_06","18.384","min","96.610","%a.s.","Humid","20.739","deg","40932","µV","27.780","°C","1021.000","hPa","36.4","pmil","0","55.390","deg","20.000","°C","100.000","%a.s.","21.720","deg","20.000","°C","977.000","hPa","0.861","-0.02617","0.00035","0","0","13.56","Humid","26.25","0","44.00","378796.00","SABD0000000001","AAV1.0.0.11","4.0.0.2323","PSt7-10","170328-019","7/29/2022 11:23:46 AM","0000-00","0","no battery","V","","µV","","µV"
"08/11/2022","10:02:19","6","default","383292078","Oxt_06","18.401","min","96.658","%a.s.","Humid","20.734","deg","40920","µV","27.775","°C","1021.000","hPa","36.4","pmil","0","55.390","deg","20.000","°C","100.000","%a.s.","21.720","deg","20.000","°C","977.000","hPa","0.861","-0.02617","0.00035","0","0","13.56","Humid","26.25","0","44.00","378786.31","SABD0000000001","AAV1.0.0.11","4.0.0.2323","PSt7-10","170328-019","7/29/2022 11:23:46 AM","0000-00","0","no battery","V","","µV","","µV"
"08/11/2022","10:02:20","6","default","383292078","Oxt_06","18.417","min","96.654","%a.s.","Humid","20.735","deg","40919","µV","27.771","°C","1021.000","hPa","36.4","pmil","0","55.390","deg","20.000","°C","100.000","%a.s.","21.720","deg","20.000","°C","977.000","hPa","0.861","-0.02617","0.00035","0","0","13.56","Humid","26.25","0","44.00","378789.73","SABD0000000001","AAV1.0.0.11","4.0.0.2323","PSt7-10","170328-019","7/29/2022 11:23:46 AM","0000-00","0","no battery","V","","µV","","µV"
"08/11/2022","10:02:21","6","default","383292078","Oxt_06","18.434","min","96.606","%a.s.","Humid","20.740","deg","40927","µV","27.775","°C","1021.000","hPa","36.4","pmil","0","55.390","deg","20.000","°C","100.000","%a.s.","21.720","deg","20.000","°C","977.000","hPa","0.861","-0.02617","0.00035","0","0","13.56","Humid","26.25","0","44.00","378789.12","SABD0000000001","AAV1.0.0.11","4.0.0.2323","PSt7-10","170328-019","7/29/2022 11:23:46 AM","0000-00","0","no battery","V","","µV","","µV"
"08/11/2022","10:02:22","6","default","383292078","Oxt_06","18.450","min","96.595","%a.s.","Humid","20.738","deg","40917","µV","27.806","°C","1021.000","hPa","36.4","pmil","0","55.390","deg","20.000","°C","100.000","%a.s.","21.720","deg","20.000","°C","977.000","hPa","0.861","-0.02617","0.00035","0","0","13.56","Humid","26.25","0","44.00","378789.59","SABD0000000001","AAV1.0.0.11","4.0.0.2323","PSt7-10","170328-019","7/29/2022 11:23:46 AM","0000-00","0","no battery","V","","µV","","µV"
"08/11/2022","10:02:23","6","default","383292078","Oxt_06","18.467","min","96.625","%a.s.","Humid","20.737","deg","40923","µV","27.783","°C","1021.000","hPa","36.4","pmil","0","55.390","deg","20.000","°C","100.000","%a.s.","21.720","deg","20.000","°C","977.000","hPa","0.861","-0.02617","0.00035","0","0","13.56","Humid","26.25","0","44.00","378792.27","SABD0000000001","AAV1.0.0.11","4.0.0.2323","PSt7-10","170328-019","7/29/2022 11:23:46 AM","0000-00","0","no battery","V","","µV","","µV"
"08/11/2022","10:02:24","6","default","383292078","Oxt_06","18.484","min","96.684","%a.s.","Humid","20.731","deg","40925","µV","27.775","°C","1021.000","hPa","36.4","pmil","0","55.390","deg","20.000","°C","100.000","%a.s.","21.720","deg","20.000","°C","977.000","hPa","0.861","-0.02617","0.00035","0","0","13.56","Humid","26.25","0","44.00","378787.74","SABD0000000001","AAV1.0.0.11","4.0.0.2323","PSt7-10","170328-019","7/29/2022 11:23:46 AM","0000-00","0","no battery","V","","µV","","µV"
"08/11/2022","10:02:25","6","default","383292078","Oxt_06","18.500","min","96.671","%a.s.","Humid","20.732","deg","40915","µV","27.780","°C","1021.000","hPa","36.4","pmil","0","55.390","deg","20.000","°C","100.000","%a.s.","21.720","deg","20.000","°C","977.000","hPa","0.861","-0.02617","0.00035","0","0","13.56","Humid","26.25","0","44.00","378785.82","SABD0000000001","AAV1.0.0.11","4.0.0.2323","PSt7-10","170328-019","7/29/2022 11:23:46 AM","0000-00","0","no battery","V","","µV","","µV"
"08/11/2022","10:02:26","6","default","383292078","Oxt_06","18.517","min","96.645","%a.s.","Humid","20.735","deg","40917","µV","27.780","°C","1021.000","hPa","36.4","pmil","0","55.390","deg","20.000","°C","100.000","%a.s.","21.720","deg","20.000","°C","977.000","hPa","0.861","-0.02617","0.00035","0","0","13.56","Humid","26.25","0","44.00","378779.24","SABD0000000001","AAV1.0.0.11","4.0.0.2323","PSt7-10","170328-019","7/29/2022 11:23:46 AM","0000-00","0","no battery","V","","µV","","µV"
"08/11/2022","10:02:27","6","default","383292078","Oxt_06","18.534","min","96.645","%a.s.","Humid","20.735","deg","40918","µV","27.780","°C","1021.000","hPa","36.4","pmil","0","55.390","deg","20.000","°C","100.000","%a.s.","21.720","deg","20.000","°C","977.000","hPa","0.861","-0.02617","0.00035","0","0","13.56","Humid","26.25","0","44.00","378791.28","SABD0000000001","AAV1.0.0.11","4.0.0.2323","PSt7-10","170328-019","7/29/2022 11:23:46 AM","0000-00","0","no battery","V","","µV","","µV"
"08/11/2022","10:02:28","6","default","383292078","Oxt_06","18.550","min","96.657","%a.s.","Humid","20.734","deg","40914","µV","27.776","°C","1021.000","hPa","36.4","pmil","0","55.390","deg","20.000","°C","100.000","%a.s.","21.720","deg","20.000","°C","977.000","hPa","0.861","-0.02617","0.00035","0","0","13.56","Humid","26.25","0","44.00","378791.56","SABD0000000001","AAV1.0.0.11","4.0.0.2323","PSt7-10","170328-019","7/29/2022 11:23:46 AM","0000-00","0","no battery","V","","µV","","µV"
"08/11/2022","10:02:29","6","default","383292078","Oxt_06","18.567","min","96.655","%a.s.","Humid","20.734","deg","40923","µV","27.778","°C","1021.000","hPa","36.4","pmil","0","55.390","deg","20.000","°C","100.000","%a.s.","21.720","deg","20.000","°C","977.000","hPa","0.861","-0.02617","0.00035","0","0","13.56","Humid","26.25","0","44.00","378778.88","SABD0000000001","AAV1.0.0.11","4.0.0.2323","PSt7-10","170328-019","7/29/2022 11:23:46 AM","0000-00","0","no battery","V","","µV","","µV"
"08/11/2022","10:02:30","6","default","383292078","Oxt_06","18.584","min","96.571","%a.s.","Humid","20.742","deg","40925","µV","27.795","°C","1021.000","hPa","36.4","pmil","0","55.390","deg","20.000","°C","100.000","%a.s.","21.720","deg","20.000","°C","977.000","hPa","0.861","-0.02617","0.00035","0","0","13.56","Humid","26.25","0","44.00","378776.85","SABD0000000001","AAV1.0.0.11","4.0.0.2323","PSt7-10","170328-019","7/29/2022 11:23:46 AM","0000-00","0","no battery","V","","µV","","µV"
"08/11/2022","10:02:31","6","default","383292078","Oxt_06","18.600","min","96.602","%a.s.","Humid","20.739","deg","40923","µV","27.789","°C","1021.000","hPa","36.4","pmil","0","55.390","deg","20.000","°C","100.000","%a.s.","21.720","deg","20.000","°C","977.000","hPa","0.861","-0.02617","0.00035","0","0","13.56","Humid","26.25","0","44.00","378772.69","SABD0000000001","AAV1.0.0.11","4.0.0.2323","PSt7-10","170328-019","7/29/2022 11:23:46 AM","0000-00","0","no battery","V","","µV","","µV"
"08/11/2022","10:02:32","6","default","383292078","Oxt_06","18.617","min","96.628","%a.s.","Humid","20.736","deg","40924","µV","27.789","°C","1021.000","hPa","36.4","pmil","0","55.390","deg","20.000","°C","100.000","%a.s.","21.720","deg","20.000","°C","977.000","hPa","0.861","-0.02617","0.00035","0","0","13.56","Humid","26.25","0","44.00","378771.31","SABD0000000001","AAV1.0.0.11","4.0.0.2323","PSt7-10","170328-019","7/29/2022 11:23:46 AM","0000-00","0","no battery","V","","µV","","µV"
"08/11/2022","10:02:33","6","default","383292078","Oxt_06","18.634","min","96.566","%a.s.","Humid","20.742","deg","40923","µV","27.800","°C","1021.000","hPa","36.4","pmil","0","55.390","deg","20.000","°C","100.000","%a.s.","21.720","deg","20.000","°C","977.000","hPa","0.861","-0.02617","0.00035","0","0","13.56","Humid","26.25","0","44.00","378780.59","SABD0000000001","AAV1.0.0.11","4.0.0.2323","PSt7-10","170328-019","7/29/2022 11:23:46 AM","0000-00","0","no battery","V","","µV","","µV"
"08/11/2022","10:02:34","6","default","383292078","Oxt_06","18.650","min","96.647","%a.s.","Humid","20.734","deg","40924","µV","27.787","°C","1021.000","hPa","36.4","pmil","0","55.390","deg","20.000","°C","100.000","%a.s.","21.720","deg","20.000","°C","977.000","hPa","0.861","-0.02617","0.00035","0","0","13.56","Humid","26.25","0","44.00","378771.01","SABD0000000001","AAV1.0.0.11","4.0.0.2323","PSt7-10","170328-019","7/29/2022 11:23:46 AM","0000-00","0","no battery","V","","µV","","µV"
"08/11/2022","10:02:35","6","default","383292078","Oxt_06","18.667","min","96.606","%a.s.","Humid","20.739","deg","40923","µV","27.784","°C","1021.000","hPa","36.4","pmil","0","55.390","deg","20.000","°C","100.000","%a.s.","21.720","deg","20.000","°C","977.000","hPa","0.861","-0.02617","0.00035","0","0","13.56","Humid","26.25","0","44.00","378765.79","SABD0000000001","AAV1.0.0.11","4.0.0.2323","PSt7-10","170328-019","7/29/2022 11:23:46 AM","0000-00","0","no battery","V","","µV","","µV"
"08/11/2022","10:02:36","6","default","383292078","Oxt_06","18.684","min","96.627","%a.s.","Humid","20.737","deg","40924","µV","27.781","°C","1021.000","hPa","36.4","pmil","0","55.390","deg","20.000","°C","100.000","%a.s.","21.720","deg","20.000","°C","977.000","hPa","0.861","-0.02617","0.00035","0","0","13.56","Humid","26.25","0","44.00","378781.90","SABD0000000001","AAV1.0.0.11","4.0.0.2323","PSt7-10","170328-019","7/29/2022 11:23:46 AM","0000-00","0","no battery","V","","µV","","µV"
"08/11/2022","10:02:37","6","default","383292078","Oxt_06","18.700","min","96.618","%a.s.","Humid","20.738","deg","40924","µV","27.781","°C","1021.000","hPa","36.4","pmil","0","55.390","deg","20.000","°C","100.000","%a.s.","21.720","deg","20.000","°C","977.000","hPa","0.861","-0.02617","0.00035","0","0","13.56","Humid","26.25","0","44.00","378768.19","SABD0000000001","AAV1.0.0.11","4.0.0.2323","PSt7-10","170328-019","7/29/2022 11:23:46 AM","0000-00","0","no battery","V","","µV","","µV"
"08/11/2022","10:02:38","6","default","383292078","Oxt_06","18.717","min","96.680","%a.s.","Humid","20.731","deg","40928","µV","27.779","°C","1021.000","hPa","36.4","pmil","0","55.390","deg","20.000","°C","100.000","%a.s.","21.720","deg","20.000","°C","977.000","hPa","0.861","-0.02617","0.00035","0","0","13.56","Humid","26.25","0","44.00","378785.46","SABD0000000001","AAV1.0.0.11","4.0.0.2323","PSt7-10","170328-019","7/29/2022 11:23:46 AM","0000-00","0","no battery","V","","µV","","µV"
"08/11/2022","10:02:39","6","default","383292078","Oxt_06","18.734","min","96.607","%a.s.","Humid","20.739","deg","40930","µV","27.783","°C","1021.000","hPa","36.4","pmil","0","55.390","deg","20.000","°C","100.000","%a.s.","21.720","deg","20.000","°C","977.000","hPa","0.861","-0.02617","0.00035","0","0","13.56","Humid","26.25","0","44.00","378766.19","SABD0000000001","AAV1.0.0.11","4.0.0.2323","PSt7-10","170328-019","7/29/2022 11:23:46 AM","0000-00","0","no battery","V","","µV","","µV"
"08/11/2022","10:02:40","6","default","383292078","Oxt_06","18.750","min","96.626","%a.s.","Humid","20.736","deg","40930","µV","27.791","°C","1021.000","hPa","36.4","pmil","0","55.390","deg","20.000","°C","100.000","%a.s.","21.720","deg","20.000","°C","977.000","hPa","0.861","-0.02617","0.00035","0","0","13.56","Humid","26.25","0","44.00","378767.62","SABD0000000001","AAV1.0.0.11","4.0.0.2323","PSt7-10","170328-019","7/29/2022 11:23:46 AM","0000-00","0","no battery","V","","µV","","µV"
"08/11/2022","10:02:41","6","default","383292078","Oxt_06","18.767","min","96.572","%a.s.","Humid","20.743","deg","40923","µV","27.784","°C","1021.000","hPa","36.4","pmil","0","55.390","deg","20.000","°C","100.000","%a.s.","21.720","deg","20.000","°C","977.000","hPa","0.861","-0.02617","0.00035","0","0","13.56","Humid","26.25","0","44.00","378765.08","SABD0000000001","AAV1.0.0.11","4.0.0.2323","PSt7-10","170328-019","7/29/2022 11:23:46 AM","0000-00","0","no battery","V","","µV","","µV"
"08/11/2022","10:02:42","6","default","383292078","Oxt_06","18.784","min","96.601","%a.s.","Humid","20.738","deg","40925","µV","27.799","°C","1021.000","hPa","36.4","pmil","0","55.390","deg","20.000","°C","100.000","%a.s.","21.720","deg","20.000","°C","977.000","hPa","0.861","-0.02617","0.00035","0","0","13.56","Humid","26.25","0","44.00","378772.67","SABD0000000001","AAV1.0.0.11","4.0.0.2323","PSt7-10","170328-019","7/29/2022 11:23:46 AM","0000-00","0","no battery","V","","µV","","µV"
"08/11/2022","10:02:43","6","default","383292078","Oxt_06","18.801","min","96.617","%a.s.","Humid","20.736","deg","40919","µV","27.801","°C","1021.000","hPa","36.4","pmil","0","55.390","deg","20.000","°C","100.000","%a.s.","21.720","deg","20.000","°C","977.000","hPa","0.861","-0.02617","0.00035","0","0","13.56","Humid","26.25","0","44.00","378766.27","SABD0000000001","AAV1.0.0.11","4.0.0.2323","PSt7-10","170328-019","7/29/2022 11:23:46 AM","0000-00","0","no battery","V","","µV","","µV"
"08/11/2022","10:02:44","6","default","383292078","Oxt_06","18.817","min","96.668","%a.s.","Humid","20.733","deg","40929","µV","27.774","°C","1021.000","hPa","36.4","pmil","0","55.390","deg","20.000","°C","100.000","%a.s.","21.720","deg","20.000","°C","977.000","hPa","0.861","-0.02617","0.00035","0","0","13.56","Humid","26.25","0","44.00","378756.65","SABD0000000001","AAV1.0.0.11","4.0.0.2323","PSt7-10","170328-019","7/29/2022 11:23:46 AM","0000-00","0","no battery","V","","µV","","µV"
"08/11/2022","10:02:45","6","default","383292078","Oxt_06","18.834","min","96.599","%a.s.","Humid","20.739","deg","40918","µV","27.792","°C","1021.000","hPa","36.4","pmil","0","55.390","deg","20.000","°C","100.000","%a.s.","21.720","deg","20.000","°C","977.000","hPa","0.861","-0.02617","0.00035","0","0","13.56","Humid","26.25","0","44.00","378765.32","SABD0000000001","AAV1.0.0.11","4.0.0.2323","PSt7-10","170328-019","7/29/2022 11:23:46 AM","0000-00","0","no battery","V","","µV","","µV"
"08/11/2022","10:02:46","6","default","383292078","Oxt_06","18.851","min","96.557","%a.s.","Humid","20.744","deg","40921","µV","27.791","°C","1021.000","hPa","36.4","pmil","0","55.390","deg","20.000","°C","100.000","%a.s.","21.720","deg","20.000","°C","977.000","hPa","0.861","-0.02617","0.00035","0","0","13.56","Humid","26.25","0","44.00","378766.64","SABD0000000001","AAV1.0.0.11","4.0.0.2323","PSt7-10","170328-019","7/29/2022 11:23:46 AM","0000-00","0","no battery","V","","µV","","µV"
"08/11/2022","10:02:47","6","default","383292078","Oxt_06","18.867","min","96.630","%a.s.","Humid","20.738","deg","40920","µV","27.768","°C","1021.000","hPa","36.4","pmil","0","55.390","deg","20.000","°C","100.000","%a.s.","21.720","deg","20.000","°C","977.000","hPa","0.861","-0.02617","0.00035","0","0","13.56","Humid","26.25","0","44.00","378750.48","SABD0000000001","AAV1.0.0.11","4.0.0.2323","PSt7-10","170328-019","7/29/2022 11:23:46 AM","0000-00","0","no battery","V","","µV","","µV"
"08/11/2022","10:02:48","6","default","383292078","Oxt_06","18.884","min","96.609","%a.s.","Humid","20.740","deg","40921","µV","27.772","°C","1021.000","hPa","36.4","pmil","0","55.390","deg","20.000","°C","100.000","%a.s.","21.720","deg","20.000","°C","977.000","hPa","0.861","-0.02617","0.00035","0","0","13.56","Humid","26.25","0","44.00","378755.02","SABD0000000001","AAV1.0.0.11","4.0.0.2323","PSt7-10","170328-019","7/29/2022 11:23:46 AM","0000-00","0","no battery","V","","µV","","µV"
"08/11/2022","10:02:49","6","default","383292078","Oxt_06","18.901","min","96.626","%a.s.","Humid","20.738","deg","40926","µV","27.773","°C","1021.000","hPa","36.4","pmil","0","55.390","deg","20.000","°C","100.000","%a.s.","21.720","deg","20.000","°C","977.000","hPa","0.861","-0.02617","0.00035","0","0","13.56","Humid","26.25","0","44.00","378765.31","SABD0000000001","AAV1.0.0.11","4.0.0.2323","PSt7-10","170328-019","7/29/2022 11:23:46 AM","0000-00","0","no battery","V","","µV","","µV"
"08/11/2022","10:02:50","6","default","383292078","Oxt_06","18.917","min","96.625","%a.s.","Humid","20.735","deg","40925","µV","27.801","°C","1021.000","hPa","36.4","pmil","0","55.390","deg","20.000","°C","100.000","%a.s.","21.720","deg","20.000","°C","977.000","hPa","0.861","-0.02617","0.00035","0","0","13.56","Humid","26.25","0","44.00","378750.88","SABD0000000001","AAV1.0.0.11","4.0.0.2323","PSt7-10","170328-019","7/29/2022 11:23:46 AM","0000-00","0","no battery","V","","µV","","µV"
"08/11/2022","10:02:51","6","default","383292078","Oxt_06","18.934","min","96.552","%a.s.","Humid","20.745","deg","40920","µV","27.786","°C","1021.000","hPa","36.4","pmil","0","55.390","deg","20.000","°C","100.000","%a.s.","21.720","deg","20.000","°C","977.000","hPa","0.861","-0.02617","0.00035","0","0","13.56","Humid","26.25","0","44.00","378746.50","SABD0000000001","AAV1.0.0.11","4.0.0.2323","PSt7-10","170328-019","7/29/2022 11:23:46 AM","0000-00","0","no battery","V","","µV","","µV"
"08/11/2022","10:02:52","6","default","383292078","Oxt_06","18.951","min","96.599","%a.s.","Humid","20.740","deg","40923","µV","27.783","°C","1021.000","hPa","36.4","pmil","0","55.390","deg","20.000","°C","100.000","%a.s.","21.720","deg","20.000","°C","977.000","hPa","0.861","-0.02617","0.00035","0","0","13.56","Humid","26.25","0","44.00","378748.25","SABD0000000001","AAV1.0.0.11","4.0.0.2323","PSt7-10","170328-019","7/29/2022 11:23:46 AM","0000-00","0","no battery","V","","µV","","µV"
"08/11/2022","10:02:53","6","default","383292078","Oxt_06","18.967","min","96.593","%a.s.","Humid","20.739","deg","40917","µV","27.798","°C","1021.000","hPa","36.4","pmil","0","55.390","deg","20.000","°C","100.000","%a.s.","21.720","deg","20.000","°C","977.000","hPa","0.861","-0.02617","0.00035","0","0","13.56","Humid","26.25","0","44.00","378748.86","SABD0000000001","AAV1.0.0.11","4.0.0.2323","PSt7-10","170328-019","7/29/2022 11:23:46 AM","0000-00","0","no battery","V","","µV","","µV"
"08/11/2022","10:02:54","6","default","383292078","Oxt_06","18.984","min","96.563","%a.s.","Humid","20.743","deg","40926","µV","27.794","°C","1021.000","hPa","36.4","pmil","0","55.390","deg","20.000","°C","100.000","%a.s.","21.720","deg","20.000","°C","977.000","hPa","0.861","-0.02617","0.00035","0","0","13.56","Humid","26.25","0","44.00","378752.75","SABD0000000001","AAV1.0.0.11","4.0.0.2323","PSt7-10","170328-019","7/29/2022 11:23:46 AM","0000-00","0","no battery","V","","µV","","µV"
"08/11/2022","10:02:55","6","default","383292078","Oxt_06","19.001","min","96.560","%a.s.","Humid","20.744","deg","40928","µV","27.788","°C","1021.000","hPa","36.4","pmil","0","55.390","deg","20.000","°C","100.000","%a.s.","21.720","deg","20.000","°C","977.000","hPa","0.861","-0.02617","0.00035","0","0","13.56","Humid","26.25","0","44.00","378748.24","SABD0000000001","AAV1.0.0.11","4.0.0.2323","PSt7-10","170328-019","7/29/2022 11:23:46 AM","0000-00","0","no battery","V","","µV","","µV"
"08/11/2022","10:02:56","6","default","383292078","Oxt_06","19.017","min","96.597","%a.s.","Humid","20.740","deg","40923","µV","27.784","°C","1021.000","hPa","36.4","pmil","0","55.390","deg","20.000","°C","100.000","%a.s.","21.720","deg","20.000","°C","977.000","hPa","0.861","-0.02617","0.00035","0","0","13.56","Humid","26.25","0","44.00","378734.89","SABD0000000001","AAV1.0.0.11","4.0.0.2323","PSt7-10","170328-019","7/29/2022 11:23:46 AM","0000-00","0","no battery","V","","µV","","µV"
"08/11/2022","10:02:57","6","default","383292078","Oxt_06","19.034","min","96.553","%a.s.","Humid","20.746","deg","40926","µV","27.776","°C","1021.000","hPa","36.4","pmil","0","55.390","deg","20.000","°C","100.000","%a.s.","21.720","deg","20.000","°C","977.000","hPa","0.861","-0.02617","0.00035","0","0","13.56","Humid","26.25","0","44.00","378761.32","SABD0000000001","AAV1.0.0.11","4.0.0.2323","PSt7-10","170328-019","7/29/2022 11:23:46 AM","0000-00","0","no battery","V","","µV","","µV"
"08/11/2022","10:02:58","6","default","383292078","Oxt_06","19.051","min","96.600","%a.s.","Humid","20.739","deg","40928","µV","27.792","°C","1021.000","hPa","36.4","pmil","0","55.390","deg","20.000","°C","100.000","%a.s.","21.720","deg","20.000","°C","977.000","hPa","0.861","-0.02617","0.00035","0","0","13.56","Humid","26.25","0","44.00","378776.97","SABD0000000001","AAV1.0.0.11","4.0.0.2323","PSt7-10","170328-019","7/29/2022 11:23:46 AM","0000-00","0","no battery","V","","µV","","µV"
"08/11/2022","10:02:59","6","default","383292078","Oxt_06","19.067","min","96.576","%a.s.","Humid","20.742","deg","40928","µV","27.789","°C","1021.000","hPa","36.4","pmil","0","55.390","deg","20.000","°C","100.000","%a.s.","21.720","deg","20.000","°C","977.000","hPa","0.861","-0.02617","0.00035","0","0","13.56","Humid","26.25","0","44.00","378751.69","SABD0000000001","AAV1.0.0.11","4.0.0.2323","PSt7-10","170328-019","7/29/2022 11:23:46 AM","0000-00","0","no battery","V","","µV","","µV"
"08/11/2022","10:03:00","6","default","383292078","Oxt_06","19.084","min","96.553","%a.s.","Humid","20.745","deg","40923","µV","27.786","°C","1021.000","hPa","36.4","pmil","0","55.390","deg","20.000","°C","100.000","%a.s.","21.720","deg","20.000","°C","977.000","hPa","0.861","-0.02617","0.00035","0","0","13.56","Humid","26.25","0","44.00","378744.90","SABD0000000001","AAV1.0.0.11","4.0.0.2323","PSt7-10","170328-019","7/29/2022 11:23:46 AM","0000-00","0","no battery","V","","µV","","µV"
"08/11/2022","10:03:01","6","default","383292078","Oxt_06","19.101","min","96.543","%a.s.","Humid","20.745","deg","40931","µV","27.797","°C","1021.000","hPa","36.4","pmil","0","55.390","deg","20.000","°C","100.000","%a.s.","21.720","deg","20.000","°C","977.000","hPa","0.861","-0.02617","0.00035","0","0","13.56","Humid","26.25","0","44.00","378744.71","SABD0000000001","AAV1.0.0.11","4.0.0.2323","PSt7-10","170328-019","7/29/2022 11:23:46 AM","0000-00","0","no battery","V","","µV","","µV"
"08/11/2022","10:03:02","6","default","383292078","Oxt_06","19.117","min","96.585","%a.s.","Humid","20.742","deg","40926","µV","27.780","°C","1021.000","hPa","36.4","pmil","0","55.390","deg","20.000","°C","100.000","%a.s.","21.720","deg","20.000","°C","977.000","hPa","0.861","-0.02617","0.00035","0","0","13.56","Humid","26.25","0","44.00","378745.58","SABD0000000001","AAV1.0.0.11","4.0.0.2323","PSt7-10","170328-019","7/29/2022 11:23:46 AM","0000-00","0","no battery","V","","µV","","µV"
"08/11/2022","10:03:03","6","default","383292078","Oxt_06","19.134","min","96.516","%a.s.","Humid","20.749","deg","40922","µV","27.789","°C","1021.000","hPa","36.4","pmil","0","55.390","deg","20.000","°C","100.000","%a.s.","21.720","deg","20.000","°C","977.000","hPa","0.861","-0.02617","0.00035","0","0","13.56","Humid","26.25","0","44.00","378753.82","SABD0000000001","AAV1.0.0.11","4.0.0.2323","PSt7-10","170328-019","7/29/2022 11:23:46 AM","0000-00","0","no battery","V","","µV","","µV"
"08/11/2022","10:03:04","6","default","383292078","Oxt_06","19.151","min","96.598","%a.s.","Humid","20.739","deg","40926","µV","27.793","°C","1021.000","hPa","36.4","pmil","0","55.390","deg","20.000","°C","100.000","%a.s.","21.720","deg","20.000","°C","977.000","hPa","0.861","-0.02617","0.00035","0","0","13.56","Humid","26.25","0","44.00","378746.07","SABD0000000001","AAV1.0.0.11","4.0.0.2323","PSt7-10","170328-019","7/29/2022 11:23:46 AM","0000-00","0","no battery","V","","µV","","µV"
"08/11/2022","10:03:05","6","default","383292078","Oxt_06","19.168","min","96.545","%a.s.","Humid","20.746","deg","40929","µV","27.785","°C","1021.000","hPa","36.4","pmil","0","55.390","deg","20.000","°C","100.000","%a.s.","21.720","deg","20.000","°C","977.000","hPa","0.861","-0.02617","0.00035","0","0","13.56","Humid","26.25","0","44.00","378731.62","SABD0000000001","AAV1.0.0.11","4.0.0.2323","PSt7-10","170328-019","7/29/2022 11:23:46 AM","0000-00","0","no battery","V","","µV","","µV"
"08/11/2022","10:03:06","6","default","383292078","Oxt_06","19.184","min","96.574","%a.s.","Humid","20.741","deg","40927","µV","27.800","°C","1021.000","hPa","36.4","pmil","0","55.390","deg","20.000","°C","100.000","%a.s.","21.720","deg","20.000","°C","977.000","hPa","0.861","-0.02617","0.00035","0","0","13.56","Humid","26.25","0","44.00","378738.50","SABD0000000001","AAV1.0.0.11","4.0.0.2323","PSt7-10","170328-019","7/29/2022 11:23:46 AM","0000-00","0","no battery","V","","µV","","µV"
"08/11/2022","10:03:07","6","default","383292078","Oxt_06","19.201","min","96.569","%a.s.","Humid","20.743","deg","40928","µV","27.788","°C","1021.000","hPa","36.4","pmil","0","55.390","deg","20.000","°C","100.000","%a.s.","21.720","deg","20.000","°C","977.000","hPa","0.861","-0.02617","0.00035","0","0","13.56","Humid","26.25","0","44.00","378729.88","SABD0000000001","AAV1.0.0.11","4.0.0.2323","PSt7-10","170328-019","7/29/2022 11:23:46 AM","0000-00","0","no battery","V","","µV","","µV"
"08/11/2022","10:03:08","6","default","383292078","Oxt_06","19.218","min","96.586","%a.s.","Humid","20.742","deg","40927","µV","27.778","°C","1021.000","hPa","36.4","pmil","0","55.390","deg","20.000","°C","100.000","%a.s.","21.720","deg","20.000","°C","977.000","hPa","0.861","-0.02617","0.00035","0","0","13.56","Humid","26.25","0","44.00","378730.34","SABD0000000001","AAV1.0.0.11","4.0.0.2323","PSt7-10","170328-019","7/29/2022 11:23:46 AM","0000-00","0","no battery","V","","µV","","µV"
"08/11/2022","10:03:09","6","default","383292078","Oxt_06","19.234","min","96.499","%a.s.","Humid","20.751","deg","40925","µV","27.789","°C","1021.000","hPa","36.4","pmil","0","55.390","deg","20.000","°C","100.000","%a.s.","21.720","deg","20.000","°C","977.000","hPa","0.861","-0.02617","0.00035","0","0","13.56","Humid","26.25","0","44.00","378713.18","SABD0000000001","AAV1.0.0.11","4.0.0.2323","PSt7-10","170328-019","7/29/2022 11:23:46 AM","0000-00","0","no battery","V","","µV","","µV"
"08/11/2022","10:03:10","6","default","383292078","Oxt_06","19.251","min","96.575","%a.s.","Humid","20.741","deg","40924","µV","27.799","°C","1021.000","hPa","36.4","pmil","0","55.390","deg","20.000","°C","100.000","%a.s.","21.720","deg","20.000","°C","977.000","hPa","0.861","-0.02617","0.00035","0","0","13.56","Humid","26.25","0","44.00","378716.74","SABD0000000001","AAV1.0.0.11","4.0.0.2323","PSt7-10","170328-019","7/29/2022 11:23:46 AM","0000-00","0","no battery","V","","µV","","µV"
"08/11/2022","10:03:11","6","default","383292078","Oxt_06","19.268","min","96.534","%a.s.","Humid","20.745","deg","40931","µV","27.807","°C","1021.000","hPa","36.4","pmil","0","55.390","deg","20.000","°C","100.000","%a.s.","21.720","deg","20.000","°C","977.000","hPa","0.861","-0.02617","0.00035","0","0","13.56","Humid","26.25","0","44.00","378735.32","SABD0000000001","AAV1.0.0.11","4.0.0.2323","PSt7-10","170328-019","7/29/2022 11:23:46 AM","0000-00","0","no battery","V","","µV","","µV"
"08/11/2022","10:03:12","6","default","383292078","Oxt_06","19.284","min","96.517","%a.s.","Humid","20.748","deg","40929","µV","27.797","°C","1021.000","hPa","36.4","pmil","0","55.390","deg","20.000","°C","100.000","%a.s.","21.720","deg","20.000","°C","977.000","hPa","0.861","-0.02617","0.00035","0","0","13.56","Humid","26.25","0","44.00","378733.19","SABD0000000001","AAV1.0.0.11","4.0.0.2323","PSt7-10","170328-019","7/29/2022 11:23:46 AM","0000-00","0","no battery","V","","µV","","µV"
"08/11/2022","10:03:13","6","default","383292078","Oxt_06","19.301","min","96.573","%a.s.","Humid","20.741","deg","40925","µV","27.802","°C","1021.000","hPa","36.4","pmil","0","55.390","deg","20.000","°C","100.000","%a.s.","21.720","deg","20.000","°C","977.000","hPa","0.861","-0.02617","0.00035","0","0","13.56","Humid","26.25","0","44.00","378735.34","SABD0000000001","AAV1.0.0.11","4.0.0.2323","PSt7-10","170328-019","7/29/2022 11:23:46 AM","0000-00","0","no battery","V","","µV","","µV"
"08/11/2022","10:03:14","6","default","383292078","Oxt_06","19.318","min","96.566","%a.s.","Humid","20.743","deg","40928","µV","27.791","°C","1021.000","hPa","36.4","pmil","0","55.390","deg","20.000","°C","100.000","%a.s.","21.720","deg","20.000","°C","977.000","hPa","0.861","-0.02617","0.00035","0","0","13.56","Humid","26.25","0","44.00","378731.11","SABD0000000001","AAV1.0.0.11","4.0.0.2323","PSt7-10","170328-019","7/29/2022 11:23:46 AM","0000-00","0","no battery","V","","µV","","µV"
"08/11/2022","10:03:15","6","default","383292078","Oxt_06","19.334","min","96.573","%a.s.","Humid","20.742","deg","40922","µV","27.792","°C","1021.000","hPa","36.4","pmil","0","55.390","deg","20.000","°C","100.000","%a.s.","21.720","deg","20.000","°C","977.000","hPa","0.861","-0.02617","0.00035","0","0","13.56","Humid","26.25","0","44.00","378724.05","SABD0000000001","AAV1.0.0.11","4.0.0.2323","PSt7-10","170328-019","7/29/2022 11:23:46 AM","0000-00","0","no battery","V","","µV","","µV"
"08/11/2022","10:03:16","6","default","383292078","Oxt_06","19.351","min","96.593","%a.s.","Humid","20.741","deg","40927","µV","27.780","°C","1021.000","hPa","36.4","pmil","0","55.390","deg","20.000","°C","100.000","%a.s.","21.720","deg","20.000","°C","977.000","hPa","0.861","-0.02617","0.00035","0","0","13.56","Humid","26.25","0","44.00","378724.87","SABD0000000001","AAV1.0.0.11","4.0.0.2323","PSt7-10","170328-019","7/29/2022 11:23:46 AM","0000-00","0","no battery","V","","µV","","µV"
"08/11/2022","10:03:17","6","default","383292078","Oxt_06","19.368","min","96.578","%a.s.","Humid","20.742","deg","40928","µV","27.787","°C","1021.000","hPa","36.4","pmil","0","55.390","deg","20.000","°C","100.000","%a.s.","21.720","deg","20.000","°C","977.000","hPa","0.861","-0.02617","0.00035","0","0","13.56","Humid","26.25","0","44.00","378709.40","SABD0000000001","AAV1.0.0.11","4.0.0.2323","PSt7-10","170328-019","7/29/2022 11:23:46 AM","0000-00","0","no battery","V","","µV","","µV"
"08/11/2022","10:03:18","6","default","383292078","Oxt_06","19.384","min","96.531","%a.s.","Humid","20.747","deg","40928","µV","27.791","°C","1021.000","hPa","36.4","pmil","0","55.390","deg","20.000","°C","100.000","%a.s.","21.720","deg","20.000","°C","977.000","hPa","0.861","-0.02617","0.00035","0","0","13.56","Humid","26.25","0","44.00","378732.86","SABD0000000001","AAV1.0.0.11","4.0.0.2323","PSt7-10","170328-019","7/29/2022 11:23:46 AM","0000-00","0","no battery","V","","µV","","µV"
"08/11/2022","10:03:19","6","default","383292078","Oxt_06","19.401","min","96.584","%a.s.","Humid","20.741","deg","40927","µV","27.790","°C","1021.000","hPa","36.4","pmil","0","55.390","deg","20.000","°C","100.000","%a.s.","21.720","deg","20.000","°C","977.000","hPa","0.861","-0.02617","0.00035","0","0","13.56","Humid","26.25","0","44.00","378720.48","SABD0000000001","AAV1.0.0.11","4.0.0.2323","PSt7-10","170328-019","7/29/2022 11:23:46 AM","0000-00","0","no battery","V","","µV","","µV"
"08/11/2022","10:03:20","6","default","383292078","Oxt_06","19.418","min","96.552","%a.s.","Humid","20.746","deg","40932","µV","27.778","°C","1021.000","hPa","36.4","pmil","0","55.390","deg","20.000","°C","100.000","%a.s.","21.720","deg","20.000","°C","977.000","hPa","0.861","-0.02617","0.00035","0","0","13.56","Humid","26.25","0","44.00","378724.61","SABD0000000001","AAV1.0.0.11","4.0.0.2323","PSt7-10","170328-019","7/29/2022 11:23:46 AM","0000-00","0","no battery","V","","µV","","µV"
"08/11/2022","10:03:21","6","default","383292078","Oxt_06","19.434","min","96.524","%a.s.","Humid","20.748","deg","40933","µV","27.789","°C","1021.000","hPa","36.4","pmil","0","55.390","deg","20.000","°C","100.000","%a.s.","21.720","deg","20.000","°C","977.000","hPa","0.861","-0.02617","0.00035","0","0","13.56","Humid","26.25","0","44.00","378733.61","SABD0000000001","AAV1.0.0.11","4.0.0.2323","PSt7-10","170328-019","7/29/2022 11:23:46 AM","0000-00","0","no battery","V","","µV","","µV"
"08/11/2022","10:03:22","6","default","383292078","Oxt_06","19.451","min","96.588","%a.s.","Humid","20.741","deg","40928","µV","27.785","°C","1021.000","hPa","36.4","pmil","0","55.390","deg","20.000","°C","100.000","%a.s.","21.720","deg","20.000","°C","977.000","hPa","0.861","-0.02617","0.00035","0","0","13.56","Humid","26.25","0","44.00","378725.72","SABD0000000001","AAV1.0.0.11","4.0.0.2323","PSt7-10","170328-019","7/29/2022 11:23:46 AM","0000-00","0","no battery","V","","µV","","µV"
"08/11/2022","10:03:23","6","default","383292078","Oxt_06","19.468","min","96.505","%a.s.","Humid","20.749","deg","40929","µV","27.800","°C","1021.000","hPa","36.4","pmil","0","55.390","deg","20.000","°C","100.000","%a.s.","21.720","deg","20.000","°C","977.000","hPa","0.861","-0.02617","0.00035","0","0","13.56","Humid","26.25","0","44.00","378723.98","SABD0000000001","AAV1.0.0.11","4.0.0.2323","PSt7-10","170328-019","7/29/2022 11:23:46 AM","0000-00","0","no battery","V","","µV","","µV"
"08/11/2022","10:03:24","6","default","383292078","Oxt_06","19.484","min","96.511","%a.s.","Humid","20.750","deg","40923","µV","27.784","°C","1021.000","hPa","36.4","pmil","0","55.390","deg","20.000","°C","100.000","%a.s.","21.720","deg","20.000","°C","977.000","hPa","0.861","-0.02617","0.00035","0","0","13.56","Humid","26.25","0","44.00","378724.70","SABD0000000001","AAV1.0.0.11","4.0.0.2323","PSt7-10","170328-019","7/29/2022 11:23:46 AM","0000-00","0","no battery","V","","µV","","µV"
"08/11/2022","10:03:25","6","default","383292078","Oxt_06","19.501","min","96.534","%a.s.","Humid","20.747","deg","40931","µV","27.788","°C","1021.000","hPa","36.4","pmil","0","55.390","deg","20.000","°C","100.000","%a.s.","21.720","deg","20.000","°C","977.000","hPa","0.861","-0.02617","0.00035","0","0","13.56","Humid","26.25","0","44.00","378721.69","SABD0000000001","AAV1.0.0.11","4.0.0.2323","PSt7-10","170328-019","7/29/2022 11:23:46 AM","0000-00","0","no battery","V","","µV","","µV"
"08/11/2022","10:03:26","6","default","383292078","Oxt_06","19.518","min","96.559","%a.s.","Humid","20.744","deg","40924","µV","27.789","°C","1021.000","hPa","36.4","pmil","0","55.390","deg","20.000","°C","100.000","%a.s.","21.720","deg","20.000","°C","977.000","hPa","0.861","-0.02617","0.00035","0","0","13.56","Humid","26.25","0","44.00","378712.45","SABD0000000001","AAV1.0.0.11","4.0.0.2323","PSt7-10","170328-019","7/29/2022 11:23:46 AM","0000-00","0","no battery","V","","µV","","µV"
"08/11/2022","10:03:27","6","default","383292078","Oxt_06","19.534","min","96.575","%a.s.","Humid","20.742","deg","40936","µV","27.790","°C","1021.000","hPa","36.4","pmil","0","55.390","deg","20.000","°C","100.000","%a.s.","21.720","deg","20.000","°C","977.000","hPa","0.861","-0.02617","0.00035","0","0","13.56","Humid","26.25","0","44.00","378719.05","SABD0000000001","AAV1.0.0.11","4.0.0.2323","PSt7-10","170328-019","7/29/2022 11:23:46 AM","0000-00","0","no battery","V","","µV","","µV"
"08/11/2022","10:03:28","6","default","383292078","Oxt_06","19.551","min","96.535","%a.s.","Humid","20.746","deg","40933","µV","27.796","°C","1021.000","hPa","36.4","pmil","0","55.390","deg","20.000","°C","100.000","%a.s.","21.720","deg","20.000","°C","977.000","hPa","0.861","-0.02617","0.00035","0","0","13.56","Humid","26.25","0","44.00","378708.11","SABD0000000001","AAV1.0.0.11","4.0.0.2323","PSt7-10","170328-019","7/29/2022 11:23:46 AM","0000-00","0","no battery","V","","µV","","µV"
"08/11/2022","10:03:29","6","default","383292078","Oxt_06","19.568","min","96.468","%a.s.","Humid","20.753","deg","40928","µV","27.803","°C","1021.000","hPa","36.4","pmil","0","55.390","deg","20.000","°C","100.000","%a.s.","21.720","deg","20.000","°C","977.000","hPa","0.861","-0.02617","0.00035","0","0","13.56","Humid","26.25","0","44.00","378712.74","SABD0000000001","AAV1.0.0.11","4.0.0.2323","PSt7-10","170328-019","7/29/2022 11:23:46 AM","0000-00","0","no battery","V","","µV","","µV"
"08/11/2022","10:03:30","6","default","383292078","Oxt_06","19.584","min","96.499","%a.s.","Humid","20.749","deg","40927","µV","27.807","°C","1021.000","hPa","36.4","pmil","0","55.390","deg","20.000","°C","100.000","%a.s.","21.720","deg","20.000","°C","977.000","hPa","0.861","-0.02617","0.00035","0","0","13.56","Humid","26.25","0","44.00","378703.08","SABD0000000001","AAV1.0.0.11","4.0.0.2323","PSt7-10","170328-019","7/29/2022 11:23:46 AM","0000-00","0","no battery","V","","µV","","µV"
"08/11/2022","10:03:31","6","default","383292078","Oxt_06","19.601","min","96.526","%a.s.","Humid","20.746","deg","40932","µV","27.805","°C","1021.000","hPa","36.4","pmil","0","55.390","deg","20.000","°C","100.000","%a.s.","21.720","deg","20.000","°C","977.000","hPa","0.861","-0.02617","0.00035","0","0","13.56","Humid","26.25","0","44.00","378701.84","SABD0000000001","AAV1.0.0.11","4.0.0.2323","PSt7-10","170328-019","7/29/2022 11:23:46 AM","0000-00","0","no battery","V","","µV","","µV"
"08/11/2022","10:03:32","6","default","383292078","Oxt_06","19.618","min","96.555","%a.s.","Humid","20.743","deg","40934","µV","27.802","°C","1021.000","hPa","36.4","pmil","0","55.390","deg","20.000","°C","100.000","%a.s.","21.720","deg","20.000","°C","977.000","hPa","0.861","-0.02617","0.00035","0","0","13.56","Humid","26.25","0","44.00","378715.53","SABD0000000001","AAV1.0.0.11","4.0.0.2323","PSt7-10","170328-019","7/29/2022 11:23:46 AM","0000-00","0","no battery","V","","µV","","µV"
"08/11/2022","10:03:33","6","default","383292078","Oxt_06","19.634","min","96.530","%a.s.","Humid","20.746","deg","40929","µV","27.802","°C","1021.000","hPa","36.4","pmil","0","55.390","deg","20.000","°C","100.000","%a.s.","21.720","deg","20.000","°C","977.000","hPa","0.861","-0.02617","0.00035","0","0","13.56","Humid","26.25","0","44.00","378700.57","SABD0000000001","AAV1.0.0.11","4.0.0.2323","PSt7-10","170328-019","7/29/2022 11:23:46 AM","0000-00","0","no battery","V","","µV","","µV"
"08/11/2022","10:03:34","6","default","383292078","Oxt_06","19.651","min","96.504","%a.s.","Humid","20.750","deg","40924","µV","27.792","°C","1021.000","hPa","36.4","pmil","0","55.390","deg","20.000","°C","100.000","%a.s.","21.720","deg","20.000","°C","977.000","hPa","0.861","-0.02617","0.00035","0","0","13.56","Humid","26.25","0","44.00","378726.31","SABD0000000001","AAV1.0.0.11","4.0.0.2323","PSt7-10","170328-019","7/29/2022 11:23:46 AM","0000-00","0","no battery","V","","µV","","µV"
"08/11/2022","10:03:35","6","default","383292078","Oxt_06","19.667","min","96.541","%a.s.","Humid","20.747","deg","40922","µV","27.780","°C","1021.000","hPa","36.4","pmil","0","55.390","deg","20.000","°C","100.000","%a.s.","21.720","deg","20.000","°C","977.000","hPa","0.861","-0.02617","0.00035","0","0","13.56","Humid","26.25","0","44.00","378715.92","SABD0000000001","AAV1.0.0.11","4.0.0.2323","PSt7-10","170328-019","7/29/2022 11:23:46 AM","0000-00","0","no battery","V","","µV","","µV"
"08/11/2022","10:03:36","6","default","383292078","Oxt_06","19.684","min","96.566","%a.s.","Humid","20.742","deg","40928","µV","27.800","°C","1021.000","hPa","36.4","pmil","0","55.390","deg","20.000","°C","100.000","%a.s.","21.720","deg","20.000","°C","977.000","hPa","0.861","-0.02617","0.00035","0","0","13.56","Humid","26.25","0","44.00","378724.18","SABD0000000001","AAV1.0.0.11","4.0.0.2323","PSt7-10","170328-019","7/29/2022 11:23:46 AM","0000-00","0","no battery","V","","µV","","µV"
"08/11/2022","10:03:37","6","default","383292078","Oxt_06","19.701","min","96.563","%a.s.","Humid","20.743","deg","40924","µV","27.793","°C","1021.000","hPa","36.4","pmil","0","55.390","deg","20.000","°C","100.000","%a.s.","21.720","deg","20.000","°C","977.000","hPa","0.861","-0.02617","0.00035","0","0","13.56","Humid","26.25","0","44.00","378710.02","SABD0000000001","AAV1.0.0.11","4.0.0.2323","PSt7-10","170328-019","7/29/2022 11:23:46 AM","0000-00","0","no battery","V","","µV","","µV"
"08/11/2022","10:03:38","6","default","383292078","Oxt_06","19.717","min","96.530","%a.s.","Humid","20.746","deg","40916","µV","27.801","°C","1021.000","hPa","36.4","pmil","0","55.390","deg","20.000","°C","100.000","%a.s.","21.720","deg","20.000","°C","977.000","hPa","0.861","-0.02617","0.00035","0","0","13.56","Humid","26.25","0","44.00","378717.80","SABD0000000001","AAV1.0.0.11","4.0.0.2323","PSt7-10","170328-019","7/29/2022 11:23:46 AM","0000-00","0","no battery","V","","µV","","µV"
"08/11/2022","10:03:39","6","default","383292078","Oxt_06","19.734","min","96.477","%a.s.","Humid","20.752","deg","40927","µV","27.803","°C","1021.000","hPa","36.4","pmil","0","55.390","deg","20.000","°C","100.000","%a.s.","21.720","deg","20.000","°C","977.000","hPa","0.861","-0.02617","0.00035","0","0","13.56","Humid","26.25","0","44.00","378704.93","SABD0000000001","AAV1.0.0.11","4.0.0.2323","PSt7-10","170328-019","7/29/2022 11:23:46 AM","0000-00","0","no battery","V","","µV","","µV"
"08/11/2022","10:03:40","6","default","383292078","Oxt_06","19.750","min","96.627","%a.s.","Humid","20.737","deg","40923","µV","27.780","°C","1021.000","hPa","36.4","pmil","0","55.390","deg","20.000","°C","100.000","%a.s.","21.720","deg","20.000","°C","977.000","hPa","0.861","-0.02617","0.00035","0","0","13.56","Humid","26.25","0","44.00","378702.72","SABD0000000001","AAV1.0.0.11","4.0.0.2323","PSt7-10","170328-019","7/29/2022 11:23:46 AM","0000-00","0","no battery","V","","µV","","µV"
"08/11/2022","10:03:41","6","default","383292078","Oxt_06","19.767","min","96.483","%a.s.","Humid","20.752","deg","40927","µV","27.796","°C","1021.000","hPa","36.4","pmil","0","55.390","deg","20.000","°C","100.000","%a.s.","21.720","deg","20.000","°C","977.000","hPa","0.861","-0.02617","0.00035","0","0","13.56","Humid","26.25","0","44.00","378703.62","SABD0000000001","AAV1.0.0.11","4.0.0.2323","PSt7-10","170328-019","7/29/2022 11:23:46 AM","0000-00","0","no battery","V","","µV","","µV"
"08/11/2022","10:03:42","6","default","383292078","Oxt_06","19.784","min","96.578","%a.s.","Humid","20.742","deg","40924","µV","27.786","°C","1021.000","hPa","36.4","pmil","0","55.390","deg","20.000","°C","100.000","%a.s.","21.720","deg","20.000","°C","977.000","hPa","0.861","-0.02617","0.00035","0","0","13.56","Humid","26.25","0","44.00","378697.65","SABD0000000001","AAV1.0.0.11","4.0.0.2323","PSt7-10","170328-019","7/29/2022 11:23:46 AM","0000-00","0","no battery","V","","µV","","µV"
"08/11/2022","10:03:43","6","default","383292078","Oxt_06","19.800","min","96.565","%a.s.","Humid","20.743","deg","40924","µV","27.792","°C","1021.000","hPa","36.4","pmil","0","55.390","deg","20.000","°C","100.000","%a.s.","21.720","deg","20.000","°C","977.000","hPa","0.861","-0.02617","0.00035","0","0","13.56","Humid","26.25","0","44.00","378699.22","SABD0000000001","AAV1.0.0.11","4.0.0.2323","PSt7-10","170328-019","7/29/2022 11:23:46 AM","0000-00","0","no battery","V","","µV","","µV"
"08/11/2022","10:03:44","6","default","383292078","Oxt_06","19.817","min","96.519","%a.s.","Humid","20.748","deg","40923","µV","27.794","°C","1021.000","hPa","36.4","pmil","0","55.390","deg","20.000","°C","100.000","%a.s.","21.720","deg","20.000","°C","977.000","hPa","0.861","-0.02617","0.00035","0","0","13.56","Humid","26.25","0","44.00","378701.12","SABD0000000001","AAV1.0.0.11","4.0.0.2323","PSt7-10","170328-019","7/29/2022 11:23:46 AM","0000-00","0","no battery","V","","µV","","µV"
"08/11/2022","10:03:45","6","default","383292078","Oxt_06","19.834","min","96.576","%a.s.","Humid","20.743","deg","40928","µV","27.780","°C","1021.000","hPa","36.4","pmil","0","55.390","deg","20.000","°C","100.000","%a.s.","21.720","deg","20.000","°C","977.000","hPa","0.861","-0.02617","0.00035","0","0","13.56","Humid","26.25","0","44.00","378698.00","SABD0000000001","AAV1.0.0.11","4.0.0.2323","PSt7-10","170328-019","7/29/2022 11:23:46 AM","0000-00","0","no battery","V","","µV","","µV"
"08/11/2022","10:03:46","6","default","383292078","Oxt_06","19.850","min","96.547","%a.s.","Humid","20.746","deg","40921","µV","27.783","°C","1021.000","hPa","36.4","pmil","0","55.390","deg","20.000","°C","100.000","%a.s.","21.720","deg","20.000","°C","977.000","hPa","0.861","-0.02617","0.00035","0","0","13.56","Humid","26.25","0","44.00","378696.42","SABD0000000001","AAV1.0.0.11","4.0.0.2323","PSt7-10","170328-019","7/29/2022 11:23:46 AM","0000-00","0","no battery","V","","µV","","µV"
"08/11/2022","10:03:47","6","default","383292078","Oxt_06","19.867","min","96.497","%a.s.","Humid","20.750","deg","40919","µV","27.800","°C","1021.000","hPa","36.4","pmil","0","55.390","deg","20.000","°C","100.000","%a.s.","21.720","deg","20.000","°C","977.000","hPa","0.861","-0.02617","0.00035","0","0","13.56","Humid","26.25","0","44.00","378683.48","SABD0000000001","AAV1.0.0.11","4.0.0.2323","PSt7-10","170328-019","7/29/2022 11:23:46 AM","0000-00","0","no battery","V","","µV","","µV"
"08/11/2022","10:03:48","6","default","383292078","Oxt_06","19.884","min","96.468","%a.s.","Humid","20.754","deg","40919","µV","27.793","°C","1021.000","hPa","36.4","pmil","0","55.390","deg","20.000","°C","100.000","%a.s.","21.720","deg","20.000","°C","977.000","hPa","0.861","-0.02617","0.00035","0","0","13.56","Humid","26.25","0","44.00","378700.01","SABD0000000001","AAV1.0.0.11","4.0.0.2323","PSt7-10","170328-019","7/29/2022 11:23:46 AM","0000-00","0","no battery","V","","µV","","µV"
"08/11/2022","10:03:49","6","default","383292078","Oxt_06","19.900","min","96.521","%a.s.","Humid","20.748","deg","40920","µV","27.793","°C","1021.000","hPa","36.4","pmil","0","55.390","deg","20.000","°C","100.000","%a.s.","21.720","deg","20.000","°C","977.000","hPa","0.861","-0.02617","0.00035","0","0","13.56","Humid","26.25","0","44.00","378702.64","SABD0000000001","AAV1.0.0.11","4.0.0.2323","PSt7-10","170328-019","7/29/2022 11:23:46 AM","0000-00","0","no battery","V","","µV","","µV"
"08/11/2022","10:03:50","6","default","383292078","Oxt_06","19.917","min","96.503","%a.s.","Humid","20.751","deg","40923","µV","27.784","°C","1021.000","hPa","36.4","pmil","0","55.390","deg","20.000","°C","100.000","%a.s.","21.720","deg","20.000","°C","977.000","hPa","0.861","-0.02617","0.00035","0","0","13.56","Humid","26.25","0","44.00","378713.98","SABD0000000001","AAV1.0.0.11","4.0.0.2323","PSt7-10","170328-019","7/29/2022 11:23:46 AM","0000-00","0","no battery","V","","µV","","µV"
"08/11/2022","10:03:51","6","default","383292078","Oxt_06","19.934","min","96.553","%a.s.","Humid","20.743","deg","40929","µV","27.805","°C","1021.000","hPa","36.4","pmil","0","55.390","deg","20.000","°C","100.000","%a.s.","21.720","deg","20.000","°C","977.000","hPa","0.861","-0.02617","0.00035","0","0","13.56","Humid","26.25","0","44.00","378705.54","SABD0000000001","AAV1.0.0.11","4.0.0.2323","PSt7-10","170328-019","7/29/2022 11:23:46 AM","0000-00","0","no battery","V","","µV","","µV"
"08/11/2022","10:03:52","6","default","383292078","Oxt_06","19.950","min","96.468","%a.s.","Humid","20.753","deg","40926","µV","27.803","°C","1021.000","hPa","36.4","pmil","0","55.390","deg","20.000","°C","100.000","%a.s.","21.720","deg","20.000","°C","977.000","hPa","0.861","-0.02617","0.00035","0","0","13.56","Humid","26.25","0","44.00","378699.86","SABD0000000001","AAV1.0.0.11","4.0.0.2323","PSt7-10","170328-019","7/29/2022 11:23:46 AM","0000-00","0","no battery","V","","µV","","µV"
"08/11/2022","10:03:53","6","default","383292078","Oxt_06","19.967","min","96.478","%a.s.","Humid","20.753","deg","40928","µV","27.792","°C","1021.000","hPa","36.4","pmil","0","55.390","deg","20.000","°C","100.000","%a.s.","21.720","deg","20.000","°C","977.000","hPa","0.861","-0.02617","0.00035","0","0","13.56","Humid","26.25","0","44.00","378695.12","SABD0000000001","AAV1.0.0.11","4.0.0.2323","PSt7-10","170328-019","7/29/2022 11:23:46 AM","0000-00","0","no battery","V","","µV","","µV"
"08/11/2022","10:03:54","6","default","383292078","Oxt_06","19.984","min","96.580","%a.s.","Humid","20.742","deg","40928","µV","27.785","°C","1021.000","hPa","36.4","pmil","0","55.390","deg","20.000","°C","100.000","%a.s.","21.720","deg","20.000","°C","977.000","hPa","0.861","-0.02617","0.00035","0","0","13.56","Humid","26.25","0","44.00","378697.95","SABD0000000001","AAV1.0.0.11","4.0.0.2323","PSt7-10","170328-019","7/29/2022 11:23:46 AM","0000-00","0","no battery","V","","µV","","µV"
"08/11/2022","10:03:55","6","default","383292078","Oxt_06","20.001","min","96.482","%a.s.","Humid","20.753","deg","40928","µV","27.788","°C","1021.000","hPa","36.4","pmil","0","55.390","deg","20.000","°C","100.000","%a.s.","21.720","deg","20.000","°C","977.000","hPa","0.861","-0.02617","0.00035","0","0","13.56","Humid","26.25","0","44.00","378701.22","SABD0000000001","AAV1.0.0.11","4.0.0.2323","PSt7-10","170328-019","7/29/2022 11:23:46 AM","0000-00","0","no battery","V","","µV","","µV"
"08/11/2022","10:03:56","6","default","383292078","Oxt_06","20.017","min","96.496","%a.s.","Humid","20.751","deg","40929","µV","27.791","°C","1021.000","hPa","36.4","pmil","0","55.390","deg","20.000","°C","100.000","%a.s.","21.720","deg","20.000","°C","977.000","hPa","0.861","-0.02617","0.00035","0","0","13.56","Humid","26.25","0","44.00","378699.72","SABD0000000001","AAV1.0.0.11","4.0.0.2323","PSt7-10","170328-019","7/29/2022 11:23:46 AM","0000-00","0","no battery","V","","µV","","µV"
"08/11/2022","10:03:57","6","default","383292078","Oxt_06","20.034","min","96.477","%a.s.","Humid","20.752","deg","40920","µV","27.802","°C","1021.000","hPa","36.4","pmil","0","55.390","deg","20.000","°C","100.000","%a.s.","21.720","deg","20.000","°C","977.000","hPa","0.861","-0.02617","0.00035","0","0","13.56","Humid","26.25","0","44.00","378690.54","SABD0000000001","AAV1.0.0.11","4.0.0.2323","PSt7-10","170328-019","7/29/2022 11:23:46 AM","0000-00","0","no battery","V","","µV","","µV"
"08/11/2022","10:03:58","6","default","383292078","Oxt_06","20.051","min","96.456","%a.s.","Humid","20.755","deg","40922","µV","27.798","°C","1021.000","hPa","36.4","pmil","0","55.390","deg","20.000","°C","100.000","%a.s.","21.720","deg","20.000","°C","977.000","hPa","0.861","-0.02617","0.00035","0","0","13.56","Humid","26.25","0","44.00","378691.13","SABD0000000001","AAV1.0.0.11","4.0.0.2323","PSt7-10","170328-019","7/29/2022 11:23:46 AM","0000-00","0","no battery","V","","µV","","µV"
"08/11/2022","10:03:59","6","default","383292078","Oxt_06","20.067","min","96.566","%a.s.","Humid","20.742","deg","40929","µV","27.800","°C","1021.000","hPa","36.4","pmil","0","55.390","deg","20.000","°C","100.000","%a.s.","21.720","deg","20.000","°C","977.000","hPa","0.861","-0.02617","0.00035","0","0","13.56","Humid","26.25","0","44.00","378692.73","SABD0000000001","AAV1.0.0.11","4.0.0.2323","PSt7-10","170328-019","7/29/2022 11:23:46 AM","0000-00","0","no battery","V","","µV","","µV"
"08/11/2022","10:04:00","6","default","383292078","Oxt_06","20.084","min","96.478","%a.s.","Humid","20.751","deg","40930","µV","27.811","°C","1021.000","hPa","36.4","pmil","0","55.390","deg","20.000","°C","100.000","%a.s.","21.720","deg","20.000","°C","977.000","hPa","0.861","-0.02617","0.00035","0","0","13.56","Humid","26.25","0","44.00","378702.02","SABD0000000001","AAV1.0.0.11","4.0.0.2323","PSt7-10","170328-019","7/29/2022 11:23:46 AM","0000-00","0","no battery","V","","µV","","µV"
"08/11/2022","10:04:01","6","default","383292078","Oxt_06","20.101","min","96.494","%a.s.","Humid","20.749","deg","40927","µV","27.812","°C","1021.000","hPa","36.4","pmil","0","55.390","deg","20.000","°C","100.000","%a.s.","21.720","deg","20.000","°C","977.000","hPa","0.861","-0.02617","0.00035","0","0","13.56","Humid","26.25","0","44.00","378696.81","SABD0000000001","AAV1.0.0.11","4.0.0.2323","PSt7-10","170328-019","7/29/2022 11:23:46 AM","0000-00","0","no battery","V","","µV","","µV"
"08/11/2022","10:04:02","6","default","383292078","Oxt_06","20.117","min","96.524","%a.s.","Humid","20.748","deg","40930","µV","27.789","°C","1021.000","hPa","36.4","pmil","0","55.390","deg","20.000","°C","100.000","%a.s.","21.720","deg","20.000","°C","977.000","hPa","0.861","-0.02617","0.00035","0","0","13.56","Humid","26.25","0","44.00","378680.37","SABD0000000001","AAV1.0.0.11","4.0.0.2323","PSt7-10","170328-019","7/29/2022 11:23:46 AM","0000-00","0","no battery","V","","µV","","µV"
"08/11/2022","10:04:03","6","default","383292078","Oxt_06","20.134","min","96.497","%a.s.","Humid","20.751","deg","40927","µV","27.790","°C","1021.000","hPa","36.4","pmil","0","55.390","deg","20.000","°C","100.000","%a.s.","21.720","deg","20.000","°C","977.000","hPa","0.861","-0.02617","0.00035","0","0","13.56","Humid","26.25","0","44.00","378694.60","SABD0000000001","AAV1.0.0.11","4.0.0.2323","PSt7-10","170328-019","7/29/2022 11:23:46 AM","0000-00","0","no battery","V","","µV","","µV"
"08/11/2022","10:04:04","6","default","383292078","Oxt_06","20.151","min","96.530","%a.s.","Humid","20.747","deg","40924","µV","27.792","°C","1021.000","hPa","36.4","pmil","0","55.390","deg","20.000","°C","100.000","%a.s.","21.720","deg","20.000","°C","977.000","hPa","0.861","-0.02617","0.00035","0","0","13.56","Humid","26.25","0","44.00","378684.34","SABD0000000001","AAV1.0.0.11","4.0.0.2323","PSt7-10","170328-019","7/29/2022 11:23:46 AM","0000-00","0","no battery","V","","µV","","µV"
"08/11/2022","10:04:05","6","default","383292078","Oxt_06","20.167","min","96.485","%a.s.","Humid","20.753","deg","40927","µV","27.785","°C","1021.000","hPa","36.4","pmil","0","55.390","deg","20.000","°C","100.000","%a.s.","21.720","deg","20.000","°C","977.000","hPa","0.861","-0.02617","0.00035","0","0","13.56","Humid","26.25","0","44.00","378684.69","SABD0000000001","AAV1.0.0.11","4.0.0.2323","PSt7-10","170328-019","7/29/2022 11:23:46 AM","0000-00","0","no battery","V","","µV","","µV"
"08/11/2022","10:04:06","6","default","383292078","Oxt_06","20.184","min","96.542","%a.s.","Humid","20.747","deg","40927","µV","27.779","°C","1021.000","hPa","36.4","pmil","0","55.390","deg","20.000","°C","100.000","%a.s.","21.720","deg","20.000","°C","977.000","hPa","0.861","-0.02617","0.00035","0","0","13.56","Humid","26.25","0","44.00","378696.95","SABD0000000001","AAV1.0.0.11","4.0.0.2323","PSt7-10","170328-019","7/29/2022 11:23:46 AM","0000-00","0","no battery","V","","µV","","µV"
"08/11/2022","10:04:07","6","default","383292078","Oxt_06","20.201","min","96.445","%a.s.","Humid","20.755","deg","40926","µV","27.810","°C","1021.000","hPa","36.4","pmil","0","55.390","deg","20.000","°C","100.000","%a.s.","21.720","deg","20.000","°C","977.000","hPa","0.861","-0.02617","0.00035","0","0","13.56","Humid","26.25","0","44.00","378684.71","SABD0000000001","AAV1.0.0.11","4.0.0.2323","PSt7-10","170328-019","7/29/2022 11:23:46 AM","0000-00","0","no battery","V","","µV","","µV"
"08/11/2022","10:04:08","6","default","383292078","Oxt_06","20.217","min","96.443","%a.s.","Humid","20.755","deg","40925","µV","27.812","°C","1021.000","hPa","36.4","pmil","0","55.390","deg","20.000","°C","100.000","%a.s.","21.720","deg","20.000","°C","977.000","hPa","0.861","-0.02617","0.00035","0","0","13.56","Humid","26.25","0","44.00","378681.70","SABD0000000001","AAV1.0.0.11","4.0.0.2323","PSt7-10","170328-019","7/29/2022 11:23:46 AM","0000-00","0","no battery","V","","µV","","µV"
"08/11/2022","10:04:09","6","default","383292078","Oxt_06","20.234","min","96.474","%a.s.","Humid","20.752","deg","40923","µV","27.805","°C","1021.000","hPa","36.4","pmil","0","55.390","deg","20.000","°C","100.000","%a.s.","21.720","deg","20.000","°C","977.000","hPa","0.861","-0.02617","0.00035","0","0","13.56","Humid","26.25","0","44.00","378675.03","SABD0000000001","AAV1.0.0.11","4.0.0.2323","PSt7-10","170328-019","7/29/2022 11:23:46 AM","0000-00","0","no battery","V","","µV","","µV"
"08/11/2022","10:04:10","6","default","383292078","Oxt_06","20.251","min","96.485","%a.s.","Humid","20.752","deg","40933","µV","27.794","°C","1021.000","hPa","36.4","pmil","0","55.390","deg","20.000","°C","100.000","%a.s.","21.720","deg","20.000","°C","977.000","hPa","0.861","-0.02617","0.00035","0","0","13.56","Humid","26.25","0","44.00","378680.96","SABD0000000001","AAV1.0.0.11","4.0.0.2323","PSt7-10","170328-019","7/29/2022 11:23:46 AM","0000-00","0","no battery","V","","µV","","µV"
"08/11/2022","10:04:11","6","default","383292078","Oxt_06","20.267","min","96.437","%a.s.","Humid","20.756","deg","40926","µV","27.809","°C","1021.000","hPa","36.4","pmil","0","55.390","deg","20.000","°C","100.000","%a.s.","21.720","deg","20.000","°C","977.000","hPa","0.861","-0.02617","0.00035","0","0","13.56","Humid","26.25","0","44.00","378663.23","SABD0000000001","AAV1.0.0.11","4.0.0.2323","PSt7-10","170328-019","7/29/2022 11:23:46 AM","0000-00","0","no battery","V","","µV","","µV"
"08/11/2022","10:04:12","6","default","383292078","Oxt_06","20.284","min","96.463","%a.s.","Humid","20.754","deg","40931","µV","27.799","°C","1021.000","hPa","36.4","pmil","0","55.390","deg","20.000","°C","100.000","%a.s.","21.720","deg","20.000","°C","977.000","hPa","0.861","-0.02617","0.00035","0","0","13.56","Humid","26.25","0","44.00","378675.51","SABD0000000001","AAV1.0.0.11","4.0.0.2323","PSt7-10","170328-019","7/29/2022 11:23:46 AM","0000-00","0","no battery","V","","µV","","µV"
"08/11/2022","10:04:13","6","default","383292078","Oxt_06","20.301","min","96.435","%a.s.","Humid","20.758","deg","40926","µV","27.793","°C","1021.000","hPa","36.4","pmil","0","55.390","deg","20.000","°C","100.000","%a.s.","21.720","deg","20.000","°C","977.000","hPa","0.861","-0.02617","0.00035","0","0","13.56","Humid","26.25","0","44.00","378690.04","SABD0000000001","AAV1.0.0.11","4.0.0.2323","PSt7-10","170328-019","7/29/2022 11:23:46 AM","0000-00","0","no battery","V","","µV","","µV"
"08/11/2022","10:04:14","6","default","383292078","Oxt_06","20.317","min","96.441","%a.s.","Humid","20.757","deg","40931","µV","27.795","°C","1021.000","hPa","36.4","pmil","0","55.390","deg","20.000","°C","100.000","%a.s.","21.720","deg","20.000","°C","977.000","hPa","0.861","-0.02617","0.00035","0","0","13.56","Humid","26.25","0","44.00","378672.21","SABD0000000001","AAV1.0.0.11","4.0.0.2323","PSt7-10","170328-019","7/29/2022 11:23:46 AM","0000-00","0","no battery","V","","µV","","µV"
"08/11/2022","10:04:15","6","default","383292078","Oxt_06","20.334","min","96.445","%a.s.","Humid","20.756","deg","40924","µV","27.800","°C","1021.000","hPa","36.4","pmil","0","55.390","deg","20.000","°C","100.000","%a.s.","21.720","deg","20.000","°C","977.000","hPa","0.861","-0.02617","0.00035","0","0","13.56","Humid","26.25","0","44.00","378669.57","SABD0000000001","AAV1.0.0.11","4.0.0.2323","PSt7-10","170328-019","7/29/2022 11:23:46 AM","0000-00","0","no battery","V","","µV","","µV"
"08/11/2022","10:04:16","6","default","383292078","Oxt_06","20.351","min","96.459","%a.s.","Humid","20.754","deg","40929","µV","27.804","°C","1021.000","hPa","36.4","pmil","0","55.390","deg","20.000","°C","100.000","%a.s.","21.720","deg","20.000","°C","977.000","hPa","0.861","-0.02617","0.00035","0","0","13.56","Humid","26.25","0","44.00","378663.91","SABD0000000001","AAV1.0.0.11","4.0.0.2323","PSt7-10","170328-019","7/29/2022 11:23:46 AM","0000-00","0","no battery","V","","µV","","µV"
"08/11/2022","10:04:17","6","default","383292078","Oxt_06","20.367","min","96.497","%a.s.","Humid","20.749","deg","40929","µV","27.809","°C","1021.000","hPa","36.4","pmil","0","55.390","deg","20.000","°C","100.000","%a.s.","21.720","deg","20.000","°C","977.000","hPa","0.861","-0.02617","0.00035","0","0","13.56","Humid","26.25","0","44.00","378665.59","SABD0000000001","AAV1.0.0.11","4.0.0.2323","PSt7-10","170328-019","7/29/2022 11:23:46 AM","0000-00","0","no battery","V","","µV","","µV"
"08/11/2022","10:04:18","6","default","383292078","Oxt_06","20.384","min","96.455","%a.s.","Humid","20.757","deg","40927","µV","27.780","°C","1021.000","hPa","36.4","pmil","0","55.390","deg","20.000","°C","100.000","%a.s.","21.720","deg","20.000","°C","977.000","hPa","0.861","-0.02617","0.00035","0","0","13.56","Humid","26.25","0","44.00","378674.91","SABD0000000001","AAV1.0.0.11","4.0.0.2323","PSt7-10","170328-019","7/29/2022 11:23:46 AM","0000-00","0","no battery","V","","µV","","µV"
"08/11/2022","10:04:19","6","default","383292078","Oxt_06","20.401","min","96.481","%a.s.","Humid","20.753","deg","40924","µV","27.789","°C","1021.000","hPa","36.4","pmil","0","55.390","deg","20.000","°C","100.000","%a.s.","21.720","deg","20.000","°C","977.000","hPa","0.861","-0.02617","0.00035","0","0","13.56","Humid","26.25","0","44.00","378667.72","SABD0000000001","AAV1.0.0.11","4.0.0.2323","PSt7-10","170328-019","7/29/2022 11:23:46 AM","0000-00","0","no battery","V","","µV","","µV"
"08/11/2022","10:04:20","6","default","383292078","Oxt_06","20.417","min","96.474","%a.s.","Humid","20.754","deg","40930","µV","27.788","°C","1021.000","hPa","36.4","pmil","0","55.390","deg","20.000","°C","100.000","%a.s.","21.720","deg","20.000","°C","977.000","hPa","0.861","-0.02617","0.00035","0","0","13.56","Humid","26.25","0","44.00","378683.96","SABD0000000001","AAV1.0.0.11","4.0.0.2323","PSt7-10","170328-019","7/29/2022 11:23:46 AM","0000-00","0","no battery","V","","µV","","µV"
"08/11/2022","10:04:21","6","default","383292078","Oxt_06","20.434","min","96.467","%a.s.","Humid","20.754","deg","40931","µV","27.795","°C","1021.000","hPa","36.4","pmil","0","55.390","deg","20.000","°C","100.000","%a.s.","21.720","deg","20.000","°C","977.000","hPa","0.861","-0.02617","0.00035","0","0","13.56","Humid","26.25","0","44.00","378667.57","SABD0000000001","AAV1.0.0.11","4.0.0.2323","PSt7-10","170328-019","7/29/2022 11:23:46 AM","0000-00","0","no battery","V","","µV","","µV"
"08/11/2022","10:04:22","6","default","383292078","Oxt_06","20.451","min","96.512","%a.s.","Humid","20.748","deg","40930","µV","27.802","°C","1021.000","hPa","36.4","pmil","0","55.390","deg","20.000","°C","100.000","%a.s.","21.720","deg","20.000","°C","977.000","hPa","0.861","-0.02617","0.00035","0","0","13.56","Humid","26.25","0","44.00","378660.46","SABD0000000001","AAV1.0.0.11","4.0.0.2323","PSt7-10","170328-019","7/29/2022 11:23:46 AM","0000-00","0","no battery","V","","µV","","µV"
"08/11/2022","10:04:23","6","default","383292078","Oxt_06","20.468","min","96.408","%a.s.","Humid","20.760","deg","40927","µV","27.803","°C","1021.000","hPa","36.4","pmil","0","55.390","deg","20.000","°C","100.000","%a.s.","21.720","deg","20.000","°C","977.000","hPa","0.861","-0.02617","0.00035","0","0","13.56","Humid","26.25","0","44.00","378667.46","SABD0000000001","AAV1.0.0.11","4.0.0.2323","PSt7-10","170328-019","7/29/2022 11:23:46 AM","0000-00","0","no battery","V","","µV","","µV"
"08/11/2022","10:04:24","6","default","383292078","Oxt_06","20.484","min","96.398","%a.s.","Humid","20.763","deg","40931","µV","27.785","°C","1021.000","hPa","36.4","pmil","0","55.390","deg","20.000","°C","100.000","%a.s.","21.720","deg","20.000","°C","977.000","hPa","0.861","-0.02617","0.00035","0","0","13.56","Humid","26.25","0","44.00","378664.99","SABD0000000001","AAV1.0.0.11","4.0.0.2323","PSt7-10","170328-019","7/29/2022 11:23:46 AM","0000-00","0","no battery","V","","µV","","µV"
"08/11/2022","10:04:25","6","default","383292078","Oxt_06","20.501","min","96.468","%a.s.","Humid","20.753","deg","40932","µV","27.803","°C","1021.000","hPa","36.4","pmil","0","55.390","deg","20.000","°C","100.000","%a.s.","21.720","deg","20.000","°C","977.000","hPa","0.861","-0.02617","0.00035","0","0","13.56","Humid","26.25","0","44.00","378667.75","SABD0000000001","AAV1.0.0.11","4.0.0.2323","PSt7-10","170328-019","7/29/2022 11:23:46 AM","0000-00","0","no battery","V","","µV","","µV"
"08/11/2022","10:04:26","6","default","383292078","Oxt_06","20.518","min","96.464","%a.s.","Humid","20.755","deg","40934","µV","27.789","°C","1021.000","hPa","36.4","pmil","0","55.390","deg","20.000","°C","100.000","%a.s.","21.720","deg","20.000","°C","977.000","hPa","0.861","-0.02617","0.00035","0","0","13.56","Humid","26.25","0","44.00","378668.83","SABD0000000001","AAV1.0.0.11","4.0.0.2323","PSt7-10","170328-019","7/29/2022 11:23:46 AM","0000-00","0","no battery","V","","µV","","µV"
"08/11/2022","10:04:27","6","default","383292078","Oxt_06","20.534","min","96.466","%a.s.","Humid","20.753","deg","40928","µV","27.805","°C","1021.000","hPa","36.4","pmil","0","55.390","deg","20.000","°C","100.000","%a.s.","21.720","deg","20.000","°C","977.000","hPa","0.861","-0.02617","0.00035","0","0","13.56","Humid","26.25","0","44.00","378647.98","SABD0000000001","AAV1.0.0.11","4.0.0.2323","PSt7-10","170328-019","7/29/2022 11:23:46 AM","0000-00","0","no battery","V","","µV","","µV"
"08/11/2022","10:04:28","6","default","383292078","Oxt_06","20.551","min","96.405","%a.s.","Humid","20.760","deg","40936","µV","27.806","°C","1021.000","hPa","36.4","pmil","0","55.390","deg","20.000","°C","100.000","%a.s.","21.720","deg","20.000","°C","977.000","hPa","0.861","-0.02617","0.00035","0","0","13.56","Humid","26.25","0","44.00","378668.87","SABD0000000001","AAV1.0.0.11","4.0.0.2323","PSt7-10","170328-019","7/29/2022 11:23:46 AM","0000-00","0","no battery","V","","µV","","µV"
"08/11/2022","10:04:29","6","default","383292078","Oxt_06","20.568","min","96.447","%a.s.","Humid","20.755","deg","40936","µV","27.807","°C","1021.000","hPa","36.4","pmil","0","55.390","deg","20.000","°C","100.000","%a.s.","21.720","deg","20.000","°C","977.000","hPa","0.861","-0.02617","0.00035","0","0","13.56","Humid","26.25","0","44.00","378671.18","SABD0000000001","AAV1.0.0.11","4.0.0.2323","PSt7-10","170328-019","7/29/2022 11:23:46 AM","0000-00","0","no battery","V","","µV","","µV"
"08/11/2022","10:04:30","6","default","383292078","Oxt_06","20.584","min","96.475","%a.s.","Humid","20.751","deg","40926","µV","27.814","°C","1021.000","hPa","36.4","pmil","0","55.390","deg","20.000","°C","100.000","%a.s.","21.720","deg","20.000","°C","977.000","hPa","0.861","-0.02617","0.00035","0","0","13.56","Humid","26.25","0","44.00","378654.84","SABD0000000001","AAV1.0.0.11","4.0.0.2323","PSt7-10","170328-019","7/29/2022 11:23:46 AM","0000-00","0","no battery","V","","µV","","µV"
"08/11/2022","10:04:31","6","default","383292078","Oxt_06","20.601","min","96.434","%a.s.","Humid","20.757","deg","40929","µV","27.803","°C","1021.000","hPa","36.4","pmil","0","55.390","deg","20.000","°C","100.000","%a.s.","21.720","deg","20.000","°C","977.000","hPa","0.861","-0.02617","0.00035","0","0","13.56","Humid","26.25","0","44.00","378657.08","SABD0000000001","AAV1.0.0.11","4.0.0.2323","PSt7-10","170328-019","7/29/2022 11:23:46 AM","0000-00","0","no battery","V","","µV","","µV"
"08/11/2022","10:04:32","6","default","383292078","Oxt_06","20.618","min","96.476","%a.s.","Humid","20.753","deg","40934","µV","27.794","°C","1021.000","hPa","36.4","pmil","0","55.390","deg","20.000","°C","100.000","%a.s.","21.720","deg","20.000","°C","977.000","hPa","0.861","-0.02617","0.00035","0","0","13.56","Humid","26.25","0","44.00","378648.08","SABD0000000001","AAV1.0.0.11","4.0.0.2323","PSt7-10","170328-019","7/29/2022 11:23:46 AM","0000-00","0","no battery","V","","µV","","µV"
"08/11/2022","10:04:33","6","default","383292078","Oxt_06","20.634","min","96.484","%a.s.","Humid","20.750","deg","40932","µV","27.813","°C","1021.000","hPa","36.4","pmil","0","55.390","deg","20.000","°C","100.000","%a.s.","21.720","deg","20.000","°C","977.000","hPa","0.861","-0.02617","0.00035","0","0","13.56","Humid","26.25","0","44.00","378654.00","SABD0000000001","AAV1.0.0.11","4.0.0.2323","PSt7-10","170328-019","7/29/2022 11:23:46 AM","0000-00","0","no battery","V","","µV","","µV"
"08/11/2022","10:04:34","6","default","383292078","Oxt_06","20.651","min","96.404","%a.s.","Humid","20.760","deg","40927","µV","27.807","°C","1021.000","hPa","36.4","pmil","0","55.390","deg","20.000","°C","100.000","%a.s.","21.720","deg","20.000","°C","977.000","hPa","0.861","-0.02617","0.00035","0","0","13.56","Humid","26.25","0","44.00","378649.97","SABD0000000001","AAV1.0.0.11","4.0.0.2323","PSt7-10","170328-019","7/29/2022 11:23:46 AM","0000-00","0","no battery","V","","µV","","µV"
"08/11/2022","10:04:35","6","default","383292078","Oxt_06","20.668","min","96.444","%a.s.","Humid","20.755","deg","40932","µV","27.810","°C","1021.000","hPa","36.4","pmil","0","55.390","deg","20.000","°C","100.000","%a.s.","21.720","deg","20.000","°C","977.000","hPa","0.861","-0.02617","0.00035","0","0","13.56","Humid","26.25","0","44.00","378638.50","SABD0000000001","AAV1.0.0.11","4.0.0.2323","PSt7-10","170328-019","7/29/2022 11:23:46 AM","0000-00","0","no battery","V","","µV","","µV"
"08/11/2022","10:04:36","6","default","383292078","Oxt_06","20.684","min","96.439","%a.s.","Humid","20.757","deg","40938","µV","27.797","°C","1021.000","hPa","36.4","pmil","0","55.390","deg","20.000","°C","100.000","%a.s.","21.720","deg","20.000","°C","977.000","hPa","0.861","-0.02617","0.00035","0","0","13.56","Humid","26.25","0","44.00","378640.85","SABD0000000001","AAV1.0.0.11","4.0.0.2323","PSt7-10","170328-019","7/29/2022 11:23:46 AM","0000-00","0","no battery","V","","µV","","µV"
"08/11/2022","10:04:37","6","default","383292078","Oxt_06","20.701","min","96.490","%a.s.","Humid","20.752","deg","40927","µV","27.788","°C","1021.000","hPa","36.4","pmil","0","55.390","deg","20.000","°C","100.000","%a.s.","21.720","deg","20.000","°C","977.000","hPa","0.861","-0.02617","0.00035","0","0","13.56","Humid","26.25","0","44.00","378646.37","SABD0000000001","AAV1.0.0.11","4.0.0.2323","PSt7-10","170328-019","7/29/2022 11:23:46 AM","0000-00","0","no battery","V","","µV","","µV"
"08/11/2022","10:04:38","6","default","383292078","Oxt_06","20.718","min","96.452","%a.s.","Humid","20.754","deg","40936","µV","27.811","°C","1021.000","hPa","36.4","pmil","0","55.390","deg","20.000","°C","100.000","%a.s.","21.720","deg","20.000","°C","977.000","hPa","0.861","-0.02617","0.00035","0","0","13.56","Humid","26.25","0","44.00","378655.32","SABD0000000001","AAV1.0.0.11","4.0.0.2323","PSt7-10","170328-019","7/29/2022 11:23:46 AM","0000-00","0","no battery","V","","µV","","µV"
"08/11/2022","10:04:39","6","default","383292078","Oxt_06","20.734","min","96.419","%a.s.","Humid","20.758","deg","40934","µV","27.809","°C","1021.000","hPa","36.4","pmil","0","55.390","deg","20.000","°C","100.000","%a.s.","21.720","deg","20.000","°C","977.000","hPa","0.861","-0.02617","0.00035","0","0","13.56","Humid","26.25","0","44.00","378645.38","SABD0000000001","AAV1.0.0.11","4.0.0.2323","PSt7-10","170328-019","7/29/2022 11:23:46 AM","0000-00","0","no battery","V","","µV","","µV"
"08/11/2022","10:04:40","6","default","383292078","Oxt_06","20.751","min","96.425","%a.s.","Humid","20.758","deg","40933","µV","27.803","°C","1021.000","hPa","36.4","pmil","0","55.390","deg","20.000","°C","100.000","%a.s.","21.720","deg","20.000","°C","977.000","hPa","0.861","-0.02617","0.00035","0","0","13.56","Humid","26.25","0","44.00","378654.81","SABD0000000001","AAV1.0.0.11","4.0.0.2323","PSt7-10","170328-019","7/29/2022 11:23:46 AM","0000-00","0","no battery","V","","µV","","µV"
"08/11/2022","10:04:41","6","default","383292078","Oxt_06","20.768","min","96.470","%a.s.","Humid","20.754","deg","40926","µV","27.792","°C","1021.000","hPa","36.4","pmil","0","55.390","deg","20.000","°C","100.000","%a.s.","21.720","deg","20.000","°C","977.000","hPa","0.861","-0.02617","0.00035","0","0","13.56","Humid","26.25","0","44.00","378640.37","SABD0000000001","AAV1.0.0.11","4.0.0.2323","PSt7-10","170328-019","7/29/2022 11:23:46 AM","0000-00","0","no battery","V","","µV","","µV"
"08/11/2022","10:04:42","6","default","383292078","Oxt_06","20.784","min","96.385","%a.s.","Humid","20.764","deg","40928","µV","27.790","°C","1021.000","hPa","36.4","pmil","0","55.390","deg","20.000","°C","100.000","%a.s.","21.720","deg","20.000","°C","977.000","hPa","0.861","-0.02617","0.00035","0","0","13.56","Humid","26.25","0","44.00","378634.77","SABD0000000001","AAV1.0.0.11","4.0.0.2323","PSt7-10","170328-019","7/29/2022 11:23:46 AM","0000-00","0","no battery","V","","µV","","µV"
"08/11/2022","10:04:43","6","default","383292078","Oxt_06","20.801","min","96.431","%a.s.","Humid","20.758","deg","40928","µV","27.796","°C","1021.000","hPa","36.4","pmil","0","55.390","deg","20.000","°C","100.000","%a.s.","21.720","deg","20.000","°C","977.000","hPa","0.861","-0.02617","0.00035","0","0","13.56","Humid","26.25","0","44.00","378640.19","SABD0000000001","AAV1.0.0.11","4.0.0.2323","PSt7-10","170328-019","7/29/2022 11:23:46 AM","0000-00","0","no battery","V","","µV","","µV"
"08/11/2022","10:04:44","6","default","383292078","Oxt_06","20.818","min","96.456","%a.s.","Humid","20.753","deg","40925","µV","27.816","°C","1021.000","hPa","36.4","pmil","0","55.390","deg","20.000","°C","100.000","%a.s.","21.720","deg","20.000","°C","977.000","hPa","0.861","-0.02617","0.00035","0","0","13.56","Humid","26.25","0","44.00","378646.03","SABD0000000001","AAV1.0.0.11","4.0.0.2323","PSt7-10","170328-019","7/29/2022 11:23:46 AM","0000-00","0","no battery","V","","µV","","µV"
"08/11/2022","10:04:45","6","default","383292078","Oxt_06","20.834","min","96.384","%a.s.","Humid","20.762","deg","40923","µV","27.810","°C","1021.000","hPa","36.4","pmil","0","55.390","deg","20.000","°C","100.000","%a.s.","21.720","deg","20.000","°C","977.000","hPa","0.861","-0.02617","0.00035","0","0","13.56","Humid","26.25","0","44.00","378644.64","SABD0000000001","AAV1.0.0.11","4.0.0.2323","PSt7-10","170328-019","7/29/2022 11:23:46 AM","0000-00","0","no battery","V","","µV","","µV"
"08/11/2022","10:04:46","6","default","383292078","Oxt_06","20.851","min","96.446","%a.s.","Humid","20.754","deg","40924","µV","27.817","°C","1021.000","hPa","36.4","pmil","0","55.390","deg","20.000","°C","100.000","%a.s.","21.720","deg","20.000","°C","977.000","hPa","0.861","-0.02617","0.00035","0","0","13.56","Humid","26.25","0","44.00","378633.54","SABD0000000001","AAV1.0.0.11","4.0.0.2323","PSt7-10","170328-019","7/29/2022 11:23:46 AM","0000-00","0","no battery","V","","µV","","µV"
"08/11/2022","10:04:47","6","default","383292078","Oxt_06","20.868","min","96.467","%a.s.","Humid","20.753","deg","40928","µV","27.804","°C","1021.000","hPa","36.4","pmil","0","55.390","deg","20.000","°C","100.000","%a.s.","21.720","deg","20.000","°C","977.000","hPa","0.861","-0.02617","0.00035","0","0","13.56","Humid","26.25","0","44.00","378639.58","SABD0000000001","AAV1.0.0.11","4.0.0.2323","PSt7-10","170328-019","7/29/2022 11:23:46 AM","0000-00","0","no battery","V","","µV","","µV"
"08/11/2022","10:04:48","6","default","383292078","Oxt_06","20.884","min","96.341","%a.s.","Humid","20.767","deg","40932","µV","27.810","°C","1021.000","hPa","36.4","pmil","0","55.390","deg","20.000","°C","100.000","%a.s.","21.720","deg","20.000","°C","977.000","hPa","0.861","-0.02617","0.00035","0","0","13.56","Humid","26.25","0","44.00","378643.90","SABD0000000001","AAV1.0.0.11","4.0.0.2323","PSt7-10","170328-019","7/29/2022 11:23:46 AM","0000-00","0","no battery","V","","µV","","µV"
"08/11/2022","10:04:49","6","default","383292078","Oxt_06","20.901","min","96.391","%a.s.","Humid","20.761","deg","40932","µV","27.812","°C","1021.000","hPa","36.4","pmil","0","55.390","deg","20.000","°C","100.000","%a.s.","21.720","deg","20.000","°C","977.000","hPa","0.861","-0.02617","0.00035","0","0","13.56","Humid","26.25","0","44.00","378636.68","SABD0000000001","AAV1.0.0.11","4.0.0.2323","PSt7-10","170328-019","7/29/2022 11:23:46 AM","0000-00","0","no battery","V","","µV","","µV"
"08/11/2022","10:04:50","6","default","383292078","Oxt_06","20.918","min","96.428","%a.s.","Humid","20.758","deg","40926","µV","27.800","°C","1021.000","hPa","36.4","pmil","0","55.390","deg","20.000","°C","100.000","%a.s.","21.720","deg","20.000","°C","977.000","hPa","0.861","-0.02617","0.00035","0","0","13.56","Humid","26.25","0","44.00","378639.61","SABD0000000001","AAV1.0.0.11","4.0.0.2323","PSt7-10","170328-019","7/29/2022 11:23:46 AM","0000-00","0","no battery","V","","µV","","µV"
"08/11/2022","10:04:51","6","default","383292078","Oxt_06","20.934","min","96.413","%a.s.","Humid","20.759","deg","40929","µV","27.806","°C","1021.000","hPa","36.4","pmil","0","55.390","deg","20.000","°C","100.000","%a.s.","21.720","deg","20.000","°C","977.000","hPa","0.861","-0.02617","0.00035","0","0","13.56","Humid","26.25","0","44.00","378647.31","SABD0000000001","AAV1.0.0.11","4.0.0.2323","PSt7-10","170328-019","7/29/2022 11:23:46 AM","0000-00","0","no battery","V","","µV","","µV"
"08/11/2022","10:04:52","6","default","383292078","Oxt_06","20.951","min","96.384","%a.s.","Humid","20.762","deg","40925","µV","27.810","°C","1021.000","hPa","36.4","pmil","0","55.390","deg","20.000","°C","100.000","%a.s.","21.720","deg","20.000","°C","977.000","hPa","0.861","-0.02617","0.00035","0","0","13.56","Humid","26.25","0","44.00","378633.07","SABD0000000001","AAV1.0.0.11","4.0.0.2323","PSt7-10","170328-019","7/29/2022 11:23:46 AM","0000-00","0","no battery","V","","µV","","µV"
"08/11/2022","10:04:53","6","default","383292078","Oxt_06","20.967","min","96.417","%a.s.","Humid","20.760","deg","40929","µV","27.793","°C","1021.000","hPa","36.4","pmil","0","55.390","deg","20.000","°C","100.000","%a.s.","21.720","deg","20.000","°C","977.000","hPa","0.861","-0.02617","0.00035","0","0","13.56","Humid","26.25","0","44.00","378627.85","SABD0000000001","AAV1.0.0.11","4.0.0.2323","PSt7-10","170328-019","7/29/2022 11:23:46 AM","0000-00","0","no battery","V","","µV","","µV"
"08/11/2022","10:04:54","6","default","383292078","Oxt_06","20.984","min","96.422","%a.s.","Humid","20.759","deg","40930","µV","27.797","°C","1021.000","hPa","36.4","pmil","0","55.390","deg","20.000","°C","100.000","%a.s.","21.720","deg","20.000","°C","977.000","hPa","0.861","-0.02617","0.00035","0","0","13.56","Humid","26.25","0","44.00","378632.23","SABD0000000001","AAV1.0.0.11","4.0.0.2323","PSt7-10","170328-019","7/29/2022 11:23:46 AM","0000-00","0","no battery","V","","µV","","µV"
"08/11/2022","10:04:55","6","default","383292078","Oxt_06","21.000","min","96.420","%a.s.","Humid","20.757","deg","40932","µV","27.818","°C","1021.000","hPa","36.4","pmil","0","55.390","deg","20.000","°C","100.000","%a.s.","21.720","deg","20.000","°C","977.000","hPa","0.861","-0.02617","0.00035","0","0","13.56","Humid","26.25","0","44.00","378630.69","SABD0000000001","AAV1.0.0.11","4.0.0.2323","PSt7-10","170328-019","7/29/2022 11:23:46 AM","0000-00","0","no battery","V","","µV","","µV"
"08/11/2022","10:04:56","6","default","383292078","Oxt_06","21.017","min","96.413","%a.s.","Humid","20.758","deg","40927","µV","27.816","°C","1021.000","hPa","36.4","pmil","0","55.390","deg","20.000","°C","100.000","%a.s.","21.720","deg","20.000","°C","977.000","hPa","0.861","-0.02617","0.00035","0","0","13.56","Humid","26.25","0","44.00","378638.60","SABD0000000001","AAV1.0.0.11","4.0.0.2323","PSt7-10","170328-019","7/29/2022 11:23:46 AM","0000-00","0","no battery","V","","µV","","µV"
"08/11/2022","10:04:57","6","default","383292078","Oxt_06","21.034","min","96.393","%a.s.","Humid","20.762","deg","40938","µV","27.800","°C","1021.000","hPa","36.4","pmil","0","55.390","deg","20.000","°C","100.000","%a.s.","21.720","deg","20.000","°C","977.000","hPa","0.861","-0.02617","0.00035","0","0","13.56","Humid","26.25","0","44.00","378628.79","SABD0000000001","AAV1.0.0.11","4.0.0.2323","PSt7-10","170328-019","7/29/2022 11:23:46 AM","0000-00","0","no battery","V","","µV","","µV"
"08/11/2022","10:04:58","6","default","383292078","Oxt_06","21.050","min","96.457","%a.s.","Humid","20.755","deg","40941","µV","27.797","°C","1021.000","hPa","36.4","pmil","0","55.390","deg","20.000","°C","100.000","%a.s.","21.720","deg","20.000","°C","977.000","hPa","0.861","-0.02617","0.00035","0","0","13.56","Humid","26.25","0","44.00","378623.36","SABD0000000001","AAV1.0.0.11","4.0.0.2323","PSt7-10","170328-019","7/29/2022 11:23:46 AM","0000-00","0","no battery","V","","µV","","µV"
"08/11/2022","10:04:59","6","default","383292078","Oxt_06","21.067","min","96.424","%a.s.","Humid","20.759","deg","40930","µV","27.795","°C","1021.000","hPa","36.4","pmil","0","55.390","deg","20.000","°C","100.000","%a.s.","21.720","deg","20.000","°C","977.000","hPa","0.861","-0.02617","0.00035","0","0","13.56","Humid","26.25","0","44.00","378619.84","SABD0000000001","AAV1.0.0.11","4.0.0.2323","PSt7-10","170328-019","7/29/2022 11:23:46 AM","0000-00","0","no battery","V","","µV","","µV"
"08/11/2022","10:05:00","6","default","383292078","Oxt_06","21.084","min","96.469","%a.s.","Humid","20.753","deg","40932","µV","27.802","°C","1021.000","hPa","36.4","pmil","0","55.390","deg","20.000","°C","100.000","%a.s.","21.720","deg","20.000","°C","977.000","hPa","0.861","-0.02617","0.00035","0","0","13.56","Humid","26.25","0","44.00","378626.62","SABD0000000001","AAV1.0.0.11","4.0.0.2323","PSt7-10","170328-019","7/29/2022 11:23:46 AM","0000-00","0","no battery","V","","µV","","µV"
"08/11/2022","10:05:01","6","default","383292078","Oxt_06","21.100","min","96.376","%a.s.","Humid","20.764","deg","40928","µV","27.800","°C","1021.000","hPa","36.4","pmil","0","55.390","deg","20.000","°C","100.000","%a.s.","21.720","deg","20.000","°C","977.000","hPa","0.861","-0.02617","0.00035","0","0","13.56","Humid","26.25","0","44.00","378627.40","SABD0000000001","AAV1.0.0.11","4.0.0.2323","PSt7-10","170328-019","7/29/2022 11:23:46 AM","0000-00","0","no battery","V","","µV","","µV"
"08/11/2022","10:05:02","6","default","383292078","Oxt_06","21.117","min","96.431","%a.s.","Humid","20.758","deg","40930","µV","27.797","°C","1021.000","hPa","36.4","pmil","0","55.390","deg","20.000","°C","100.000","%a.s.","21.720","deg","20.000","°C","977.000","hPa","0.861","-0.02617","0.00035","0","0","13.56","Humid","26.25","0","44.00","378619.31","SABD0000000001","AAV1.0.0.11","4.0.0.2323","PSt7-10","170328-019","7/29/2022 11:23:46 AM","0000-00","0","no battery","V","","µV","","µV"
"08/11/2022","10:05:03","6","default","383292078","Oxt_06","21.134","min","96.407","%a.s.","Humid","20.761","deg","40931","µV","27.794","°C","1021.000","hPa","36.4","pmil","0","55.390","deg","20.000","°C","100.000","%a.s.","21.720","deg","20.000","°C","977.000","hPa","0.861","-0.02617","0.00035","0","0","13.56","Humid","26.25","0","44.00","378620.37","SABD0000000001","AAV1.0.0.11","4.0.0.2323","PSt7-10","170328-019","7/29/2022 11:23:46 AM","0000-00","0","no battery","V","","µV","","µV"
"08/11/2022","10:05:04","6","default","383292078","Oxt_06","21.150","min","96.346","%a.s.","Humid","20.766","deg","40939","µV","27.813","°C","1021.000","hPa","36.4","pmil","0","55.390","deg","20.000","°C","100.000","%a.s.","21.720","deg","20.000","°C","977.000","hPa","0.861","-0.02617","0.00035","0","0","13.56","Humid","26.25","0","44.00","378621.11","SABD0000000001","AAV1.0.0.11","4.0.0.2323","PSt7-10","170328-019","7/29/2022 11:23:46 AM","0000-00","0","no battery","V","","µV","","µV"
"08/11/2022","10:05:05","6","default","383292078","Oxt_06","21.167","min","96.479","%a.s.","Humid","20.751","deg","40936","µV","27.809","°C","1021.000","hPa","36.4","pmil","0","55.390","deg","20.000","°C","100.000","%a.s.","21.720","deg","20.000","°C","977.000","hPa","0.861","-0.02617","0.00035","0","0","13.56","Humid","26.25","0","44.00","378619.09","SABD0000000001","AAV1.0.0.11","4.0.0.2323","PSt7-10","170328-019","7/29/2022 11:23:46 AM","0000-00","0","no battery","V","","µV","","µV"
"08/11/2022","10:05:06","6","default","383292078","Oxt_06","21.184","min","96.369","%a.s.","Humid","20.763","deg","40930","µV","27.817","°C","1021.000","hPa","36.4","pmil","0","55.390","deg","20.000","°C","100.000","%a.s.","21.720","deg","20.000","°C","977.000","hPa","0.861","-0.02617","0.00035","0","0","13.56","Humid","26.25","0","44.00","378619.77","SABD0000000001","AAV1.0.0.11","4.0.0.2323","PSt7-10","170328-019","7/29/2022 11:23:46 AM","0000-00","0","no battery","V","","µV","","µV"
"08/11/2022","10:05:07","6","default","383292078","Oxt_06","21.200","min","96.444","%a.s.","Humid","20.755","deg","40935","µV","27.811","°C","1021.000","hPa","36.4","pmil","0","55.390","deg","20.000","°C","100.000","%a.s.","21.720","deg","20.000","°C","977.000","hPa","0.861","-0.02617","0.00035","0","0","13.56","Humid","26.25","0","44.00","378611.90","SABD0000000001","AAV1.0.0.11","4.0.0.2323","PSt7-10","170328-019","7/29/2022 11:23:46 AM","0000-00","0","no battery","V","","µV","","µV"
"08/11/2022","10:05:08","6","default","383292078","Oxt_06","21.217","min","96.374","%a.s.","Humid","20.762","deg","40933","µV","27.820","°C","1021.000","hPa","36.4","pmil","0","55.390","deg","20.000","°C","100.000","%a.s.","21.720","deg","20.000","°C","977.000","hPa","0.861","-0.02617","0.00035","0","0","13.56","Humid","26.25","0","44.00","378618.24","SABD0000000001","AAV1.0.0.11","4.0.0.2323","PSt7-10","170328-019","7/29/2022 11:23:46 AM","0000-00","0","no battery","V","","µV","","µV"
"08/11/2022","10:05:09","6","default","383292078","Oxt_06","21.234","min","96.388","%a.s.","Humid","20.762","deg","40937","µV","27.806","°C","1021.000","hPa","36.4","pmil","0","55.390","deg","20.000","°C","100.000","%a.s.","21.720","deg","20.000","°C","977.000","hPa","0.861","-0.02617","0.00035","0","0","13.56","Humid","26.25","0","44.00","378614.39","SABD0000000001","AAV1.0.0.11","4.0.0.2323","PSt7-10","170328-019","7/29/2022 11:23:46 AM","0000-00","0","no battery","V","","µV","","µV"
"08/11/2022","10:05:10","6","default","383292078","Oxt_06","21.251","min","96.423","%a.s.","Humid","20.759","deg","40935","µV","27.795","°C","1021.000","hPa","36.4","pmil","0","55.390","deg","20.000","°C","100.000","%a.s.","21.720","deg","20.000","°C","977.000","hPa","0.861","-0.02617","0.00035","0","0","13.56","Humid","26.25","0","44.00","378616.38","SABD0000000001","AAV1.0.0.11","4.0.0.2323","PSt7-10","170328-019","7/29/2022 11:23:46 AM","0000-00","0","no battery","V","","µV","","µV"
"08/11/2022","10:05:11","6","default","383292078","Oxt_06","21.267","min","96.440","%a.s.","Humid","20.757","deg","40929","µV","27.796","°C","1021.000","hPa","36.4","pmil","0","55.390","deg","20.000","°C","100.000","%a.s.","21.720","deg","20.000","°C","977.000","hPa","0.861","-0.02617","0.00035","0","0","13.56","Humid","26.25","0","44.00","378616.11","SABD0000000001","AAV1.0.0.11","4.0.0.2323","PSt7-10","170328-019","7/29/2022 11:23:46 AM","0000-00","0","no battery","V","","µV","","µV"
"08/11/2022","10:05:12","6","default","383292078","Oxt_06","21.284","min","96.368","%a.s.","Humid","20.764","deg","40935","µV","27.808","°C","1021.000","hPa","36.4","pmil","0","55.390","deg","20.000","°C","100.000","%a.s.","21.720","deg","20.000","°C","977.000","hPa","0.861","-0.02617","0.00035","0","0","13.56","Humid","26.25","0","44.00","378612.51","SABD0000000001","AAV1.0.0.11","4.0.0.2323","PSt7-10","170328-019","7/29/2022 11:23:46 AM","0000-00","0","no battery","V","","µV","","µV"
"08/11/2022","10:05:13","6","default","383292078","Oxt_06","21.301","min","96.381","%a.s.","Humid","20.762","deg","40937","µV","27.813","°C","1021.000","hPa","36.4","pmil","0","55.390","deg","20.000","°C","100.000","%a.s.","21.720","deg","20.000","°C","977.000","hPa","0.861","-0.02617","0.00035","0","0","13.56","Humid","26.25","0","44.00","378605.60","SABD0000000001","AAV1.0.0.11","4.0.0.2323","PSt7-10","170328-019","7/29/2022 11:23:46 AM","0000-00","0","no battery","V","","µV","","µV"
"08/11/2022","10:05:14","6","default","383292078","Oxt_06","21.317","min","96.417","%a.s.","Humid","20.758","deg","40942","µV","27.811","°C","1021.000","hPa","36.4","pmil","0","55.390","deg","20.000","°C","100.000","%a.s.","21.720","deg","20.000","°C","977.000","hPa","0.861","-0.02617","0.00035","0","0","13.56","Humid","26.25","0","44.00","378620.62","SABD0000000001","AAV1.0.0.11","4.0.0.2323","PSt7-10","170328-019","7/29/2022 11:23:46 AM","0000-00","0","no battery","V","","µV","","µV"
"08/11/2022","10:05:15","6","default","383292078","Oxt_06","21.334","min","96.422","%a.s.","Humid","20.759","deg","40940","µV","27.797","°C","1021.000","hPa","36.4","pmil","0","55.390","deg","20.000","°C","100.000","%a.s.","21.720","deg","20.000","°C","977.000","hPa","0.861","-0.02617","0.00035","0","0","13.56","Humid","26.25","0","44.00","378615.82","SABD0000000001","AAV1.0.0.11","4.0.0.2323","PSt7-10","170328-019","7/29/2022 11:23:46 AM","0000-00","0","no battery","V","","µV","","µV"
"08/11/2022","10:05:16","6","default","383292078","Oxt_06","21.351","min","96.456","%a.s.","Humid","20.754","deg","40941","µV","27.807","°C","1021.000","hPa","36.4","pmil","0","55.390","deg","20.000","°C","100.000","%a.s.","21.720","deg","20.000","°C","977.000","hPa","0.861","-0.02617","0.00035","0","0","13.56","Humid","26.25","0","44.00","378607.10","SABD0000000001","AAV1.0.0.11","4.0.0.2323","PSt7-10","170328-019","7/29/2022 11:23:46 AM","0000-00","0","no battery","V","","µV","","µV"
"08/11/2022","10:05:17","6","default","383292078","Oxt_06","21.367","min","96.413","%a.s.","Humid","20.759","deg","40931","µV","27.807","°C","1021.000","hPa","36.4","pmil","0","55.390","deg","20.000","°C","100.000","%a.s.","21.720","deg","20.000","°C","977.000","hPa","0.861","-0.02617","0.00035","0","0","13.56","Humid","26.25","0","44.00","378607.35","SABD0000000001","AAV1.0.0.11","4.0.0.2323","PSt7-10","170328-019","7/29/2022 11:23:46 AM","0000-00","0","no battery","V","","µV","","µV"
"08/11/2022","10:05:18","6","default","383292078","Oxt_06","21.384","min","96.413","%a.s.","Humid","20.761","deg","40934","µV","27.788","°C","1021.000","hPa","36.4","pmil","0","55.390","deg","20.000","°C","100.000","%a.s.","21.720","deg","20.000","°C","977.000","hPa","0.861","-0.02617","0.00035","0","0","13.56","Humid","26.25","0","44.00","378612.02","SABD0000000001","AAV1.0.0.11","4.0.0.2323","PSt7-10","170328-019","7/29/2022 11:23:46 AM","0000-00","0","no battery","V","","µV","","µV"
"08/11/2022","10:05:19","6","default","383292078","Oxt_06","21.401","min","96.435","%a.s.","Humid","20.758","deg","40938","µV","27.792","°C","1021.000","hPa","36.4","pmil","0","55.390","deg","20.000","°C","100.000","%a.s.","21.720","deg","20.000","°C","977.000","hPa","0.861","-0.02617","0.00035","0","0","13.56","Humid","26.25","0","44.00","378616.38","SABD0000000001","AAV1.0.0.11","4.0.0.2323","PSt7-10","170328-019","7/29/2022 11:23:46 AM","0000-00","0","no battery","V","","µV","","µV"
"08/11/2022","10:05:20","6","default","383292078","Oxt_06","21.417","min","96.391","%a.s.","Humid","20.763","deg","40939","µV","27.793","°C","1021.000","hPa","36.4","pmil","0","55.390","deg","20.000","°C","100.000","%a.s.","21.720","deg","20.000","°C","977.000","hPa","0.861","-0.02617","0.00035","0","0","13.56","Humid","26.25","0","44.00","378618.89","SABD0000000001","AAV1.0.0.11","4.0.0.2323","PSt7-10","170328-019","7/29/2022 11:23:46 AM","0000-00","0","no battery","V","","µV","","µV"
"08/11/2022","10:05:21","6","default","383292078","Oxt_06","21.434","min","96.407","%a.s.","Humid","20.761","deg","40944","µV","27.795","°C","1021.000","hPa","36.4","pmil","0","55.390","deg","20.000","°C","100.000","%a.s.","21.720","deg","20.000","°C","977.000","hPa","0.861","-0.02617","0.00035","0","0","13.56","Humid","26.25","0","44.00","378599.81","SABD0000000001","AAV1.0.0.11","4.0.0.2323","PSt7-10","170328-019","7/29/2022 11:23:46 AM","0000-00","0","no battery","V","","µV","","µV"
"08/11/2022","10:05:22","6","default","383292078","Oxt_06","21.451","min","96.405","%a.s.","Humid","20.760","deg","40941","µV","27.806","°C","1021.000","hPa","36.4","pmil","0","55.390","deg","20.000","°C","100.000","%a.s.","21.720","deg","20.000","°C","977.000","hPa","0.861","-0.02617","0.00035","0","0","13.56","Humid","26.25","0","44.00","378611.73","SABD0000000001","AAV1.0.0.11","4.0.0.2323","PSt7-10","170328-019","7/29/2022 11:23:46 AM","0000-00","0","no battery","V","","µV","","µV"
"08/11/2022","10:05:23","6","default","383292078","Oxt_06","21.467","min","96.385","%a.s.","Humid","20.760","deg","40938","µV","27.827","°C","1021.000","hPa","36.4","pmil","0","55.390","deg","20.000","°C","100.000","%a.s.","21.720","deg","20.000","°C","977.000","hPa","0.861","-0.02617","0.00035","0","0","13.56","Humid","26.25","0","44.00","378610.85","SABD0000000001","AAV1.0.0.11","4.0.0.2323","PSt7-10","170328-019","7/29/2022 11:23:46 AM","0000-00","0","no battery","V","","µV","","µV"
"08/11/2022","10:05:24","6","default","383292078","Oxt_06","21.484","min","96.327","%a.s.","Humid","20.767","deg","40941","µV","27.825","°C","1021.000","hPa","36.4","pmil","0","55.390","deg","20.000","°C","100.000","%a.s.","21.720","deg","20.000","°C","977.000","hPa","0.861","-0.02617","0.00035","0","0","13.56","Humid","26.25","0","44.00","378609.96","SABD0000000001","AAV1.0.0.11","4.0.0.2323","PSt7-10","170328-019","7/29/2022 11:23:46 AM","0000-00","0","no battery","V","","µV","","µV"
"08/11/2022","10:05:25","6","default","383292078","Oxt_06","21.501","min","96.384","%a.s.","Humid","20.762","deg","40942","µV","27.810","°C","1021.000","hPa","36.4","pmil","0","55.390","deg","20.000","°C","100.000","%a.s.","21.720","deg","20.000","°C","977.000","hPa","0.861","-0.02617","0.00035","0","0","13.56","Humid","26.25","0","44.00","378614.19","SABD0000000001","AAV1.0.0.11","4.0.0.2323","PSt7-10","170328-019","7/29/2022 11:23:46 AM","0000-00","0","no battery","V","","µV","","µV"
"08/11/2022","10:05:26","6","default","383292078","Oxt_06","21.517","min","96.356","%a.s.","Humid","20.764","deg","40943","µV","27.822","°C","1021.000","hPa","36.4","pmil","0","55.390","deg","20.000","°C","100.000","%a.s.","21.720","deg","20.000","°C","977.000","hPa","0.861","-0.02617","0.00035","0","0","13.56","Humid","26.25","0","44.00","378600.75","SABD0000000001","AAV1.0.0.11","4.0.0.2323","PSt7-10","170328-019","7/29/2022 11:23:46 AM","0000-00","0","no battery","V","","µV","","µV"
"08/11/2022","10:05:27","6","default","383292078","Oxt_06","21.534","min","96.361","%a.s.","Humid","20.765","deg","40938","µV","27.807","°C","1021.000","hPa","36.4","pmil","0","55.390","deg","20.000","°C","100.000","%a.s.","21.720","deg","20.000","°C","977.000","hPa","0.861","-0.02617","0.00035","0","0","13.56","Humid","26.25","0","44.00","378590.35","SABD0000000001","AAV1.0.0.11","4.0.0.2323","PSt7-10","170328-019","7/29/2022 11:23:46 AM","0000-00","0","no battery","V","","µV","","µV"
"08/11/2022","10:05:28","6","default","383292078","Oxt_06","21.551","min","96.358","%a.s.","Humid","20.765","deg","40940","µV","27.810","°C","1021.000","hPa","36.4","pmil","0","55.390","deg","20.000","°C","100.000","%a.s.","21.720","deg","20.000","°C","977.000","hPa","0.861","-0.02617","0.00035","0","0","13.56","Humid","26.25","0","44.00","378596.94","SABD0000000001","AAV1.0.0.11","4.0.0.2323","PSt7-10","170328-019","7/29/2022 11:23:46 AM","0000-00","0","no battery","V","","µV","","µV"
"08/11/2022","10:05:29","6","default","383292078","Oxt_06","21.568","min","96.375","%a.s.","Humid","20.764","deg","40945","µV","27.801","°C","1021.000","hPa","36.4","pmil","0","55.390","deg","20.000","°C","100.000","%a.s.","21.720","deg","20.000","°C","977.000","hPa","0.861","-0.02617","0.00035","0","0","13.56","Humid","26.25","0","44.00","378610.78","SABD0000000001","AAV1.0.0.11","4.0.0.2323","PSt7-10","170328-019","7/29/2022 11:23:46 AM","0000-00","0","no battery","V","","µV","","µV"
"08/11/2022","10:05:30","6","default","383292078","Oxt_06","21.584","min","96.365","%a.s.","Humid","20.764","deg","40941","µV","27.811","°C","1021.000","hPa","36.4","pmil","0","55.390","deg","20.000","°C","100.000","%a.s.","21.720","deg","20.000","°C","977.000","hPa","0.861","-0.02617","0.00035","0","0","13.56","Humid","26.25","0","44.00","378602.06","SABD0000000001","AAV1.0.0.11","4.0.0.2323","PSt7-10","170328-019","7/29/2022 11:23:46 AM","0000-00","0","no battery","V","","µV","","µV"
"08/11/2022","10:05:31","6","default","383292078","Oxt_06","21.601","min","96.394","%a.s.","Humid","20.762","deg","40948","µV","27.799","°C","1021.000","hPa","36.4","pmil","0","55.390","deg","20.000","°C","100.000","%a.s.","21.720","deg","20.000","°C","977.000","hPa","0.861","-0.02617","0.00035","0","0","13.56","Humid","26.25","0","44.00","378591.96","SABD0000000001","AAV1.0.0.11","4.0.0.2323","PSt7-10","170328-019","7/29/2022 11:23:46 AM","0000-00","0","no battery","V","","µV","","µV"
"08/11/2022","10:05:32","6","default","383292078","Oxt_06","21.618","min","96.346","%a.s.","Humid","20.767","deg","40946","µV","27.804","°C","1021.000","hPa","36.4","pmil","0","55.390","deg","20.000","°C","100.000","%a.s.","21.720","deg","20.000","°C","977.000","hPa","0.861","-0.02617","0.00035","0","0","13.56","Humid","26.25","0","44.00","378592.66","SABD0000000001","AAV1.0.0.11","4.0.0.2323","PSt7-10","170328-019","7/29/2022 11:23:46 AM","0000-00","0","no battery","V","","µV","","µV"
"08/11/2022","10:05:33","6","default","383292078","Oxt_06","21.634","min","96.351","%a.s.","Humid","20.765","deg","40938","µV","27.817","°C","1021.000","hPa","36.4","pmil","0","55.390","deg","20.000","°C","100.000","%a.s.","21.720","deg","20.000","°C","977.000","hPa","0.861","-0.02617","0.00035","0","0","13.56","Humid","26.25","0","44.00","378601.28","SABD0000000001","AAV1.0.0.11","4.0.0.2323","PSt7-10","170328-019","7/29/2022 11:23:46 AM","0000-00","0","no battery","V","","µV","","µV"
"08/11/2022","10:05:34","6","default","383292078","Oxt_06","21.651","min","96.354","%a.s.","Humid","20.766","deg","40943","µV","27.805","°C","1021.000","hPa","36.4","pmil","0","55.390","deg","20.000","°C","100.000","%a.s.","21.720","deg","20.000","°C","977.000","hPa","0.861","-0.02617","0.00035","0","0","13.56","Humid","26.25","0","44.00","378604.35","SABD0000000001","AAV1.0.0.11","4.0.0.2323","PSt7-10","170328-019","7/29/2022 11:23:46 AM","0000-00","0","no battery","V","","µV","","µV"
"08/11/2022","10:05:35","6","default","383292078","Oxt_06","21.668","min","96.446","%a.s.","Humid","20.755","deg","40947","µV","27.808","°C","1021.000","hPa","36.4","pmil","0","55.390","deg","20.000","°C","100.000","%a.s.","21.720","deg","20.000","°C","977.000","hPa","0.861","-0.02617","0.00035","0","0","13.56","Humid","26.25","0","44.00","378602.31","SABD0000000001","AAV1.0.0.11","4.0.0.2323","PSt7-10","170328-019","7/29/2022 11:23:46 AM","0000-00","0","no battery","V","","µV","","µV"
"08/11/2022","10:05:36","6","default","383292078","Oxt_06","21.684","min","96.368","%a.s.","Humid","20.765","deg","40943","µV","27.800","°C","1021.000","hPa","36.4","pmil","0","55.390","deg","20.000","°C","100.000","%a.s.","21.720","deg","20.000","°C","977.000","hPa","0.861","-0.02617","0.00035","0","0","13.56","Humid","26.25","0","44.00","378585.57","SABD0000000001","AAV1.0.0.11","4.0.0.2323","PSt7-10","170328-019","7/29/2022 11:23:46 AM","0000-00","0","no battery","V","","µV","","µV"
"08/11/2022","10:05:37","6","default","383292078","Oxt_06","21.701","min","96.354","%a.s.","Humid","20.766","deg","40941","µV","27.806","°C","1021.000","hPa","36.4","pmil","0","55.390","deg","20.000","°C","100.000","%a.s.","21.720","deg","20.000","°C","977.000","hPa","0.861","-0.02617","0.00035","0","0","13.56","Humid","26.25","0","44.00","378603.80","SABD0000000001","AAV1.0.0.11","4.0.0.2323","PSt7-10","170328-019","7/29/2022 11:23:46 AM","0000-00","0","no battery","V","","µV","","µV"
"08/11/2022","10:05:38","6","default","383292078","Oxt_06","21.718","min","96.364","%a.s.","Humid","20.765","deg","40945","µV","27.804","°C","1021.000","hPa","36.4","pmil","0","55.390","deg","20.000","°C","100.000","%a.s.","21.720","deg","20.000","°C","977.000","hPa","0.861","-0.02617","0.00035","0","0","13.56","Humid","26.25","0","44.00","378591.68","SABD0000000001","AAV1.0.0.11","4.0.0.2323","PSt7-10","170328-019","7/29/2022 11:23:46 AM","0000-00","0","no battery","V","","µV","","µV"
"08/11/2022","10:05:39","6","default","383292078","Oxt_06","21.734","min","96.364","%a.s.","Humid","20.765","deg","40948","µV","27.803","°C","1021.000","hPa","36.4","pmil","0","55.390","deg","20.000","°C","100.000","%a.s.","21.720","deg","20.000","°C","977.000","hPa","0.861","-0.02617","0.00035","0","0","13.56","Humid","26.25","0","44.00","378593.53","SABD0000000001","AAV1.0.0.11","4.0.0.2323","PSt7-10","170328-019","7/29/2022 11:23:46 AM","0000-00","0","no battery","V","","µV","","µV"
"08/11/2022","10:05:40","6","default","383292078","Oxt_06","21.751","min","96.332","%a.s.","Humid","20.768","deg","40946","µV","27.810","°C","1021.000","hPa","36.4","pmil","0","55.390","deg","20.000","°C","100.000","%a.s.","21.720","deg","20.000","°C","977.000","hPa","0.861","-0.02617","0.00035","0","0","13.56","Humid","26.25","0","44.00","378594.47","SABD0000000001","AAV1.0.0.11","4.0.0.2323","PSt7-10","170328-019","7/29/2022 11:23:46 AM","0000-00","0","no battery","V","","µV","","µV"
"08/11/2022","10:05:41","6","default","383292078","Oxt_06","21.768","min","96.312","%a.s.","Humid","20.771","deg","40943","µV","27.805","°C","1021.000","hPa","36.4","pmil","0","55.390","deg","20.000","°C","100.000","%a.s.","21.720","deg","20.000","°C","977.000","hPa","0.861","-0.02617","0.00035","0","0","13.56","Humid","26.25","0","44.00","378596.47","SABD0000000001","AAV1.0.0.11","4.0.0.2323","PSt7-10","170328-019","7/29/2022 11:23:46 AM","0000-00","0","no battery","V","","µV","","µV"
"08/11/2022","10:05:42","6","default","383292078","Oxt_06","21.784","min","96.280","%a.s.","Humid","20.772","deg","40946","µV","27.829","°C","1021.000","hPa","36.4","pmil","0","55.390","deg","20.000","°C","100.000","%a.s.","21.720","deg","20.000","°C","977.000","hPa","0.861","-0.02617","0.00035","0","0","13.56","Humid","26.25","0","44.00","378595.28","SABD0000000001","AAV1.0.0.11","4.0.0.2323","PSt7-10","170328-019","7/29/2022 11:23:46 AM","0000-00","0","no battery","V","","µV","","µV"
"08/11/2022","10:05:43","6","default","383292078","Oxt_06","21.801","min","96.324","%a.s.","Humid","20.768","deg","40946","µV","27.819","°C","1021.000","hPa","36.4","pmil","0","55.390","deg","20.000","°C","100.000","%a.s.","21.720","deg","20.000","°C","977.000","hPa","0.861","-0.02617","0.00035","0","0","13.56","Humid","26.25","0","44.00","378589.36","SABD0000000001","AAV1.0.0.11","4.0.0.2323","PSt7-10","170328-019","7/29/2022 11:23:46 AM","0000-00","0","no battery","V","","µV","","µV"
"08/11/2022","10:05:44","6","default","383292078","Oxt_06","21.818","min","96.357","%a.s.","Humid","20.765","deg","40949","µV","27.811","°C","1021.000","hPa","36.4","pmil","0","55.390","deg","20.000","°C","100.000","%a.s.","21.720","deg","20.000","°C","977.000","hPa","0.861","-0.02617","0.00035","0","0","13.56","Humid","26.25","0","44.00","378580.04","SABD0000000001","AAV1.0.0.11","4.0.0.2323","PSt7-10","170328-019","7/29/2022 11:23:46 AM","0000-00","0","no battery","V","","µV","","µV"
"08/11/2022","10:05:45","6","default","383292078","Oxt_06","21.834","min","96.320","%a.s.","Humid","20.768","deg","40940","µV","27.824","°C","1021.000","hPa","36.4","pmil","0","55.390","deg","20.000","°C","100.000","%a.s.","21.720","deg","20.000","°C","977.000","hPa","0.861","-0.02617","0.00035","0","0","13.56","Humid","26.25","0","44.00","378585.80","SABD0000000001","AAV1.0.0.11","4.0.0.2323","PSt7-10","170328-019","7/29/2022 11:23:46 AM","0000-00","0","no battery","V","","µV","","µV"
"08/11/2022","10:05:46","6","default","383292078","Oxt_06","21.851","min","96.279","%a.s.","Humid","20.774","deg","40948","µV","27.812","°C","1021.000","hPa","36.4","pmil","0","55.390","deg","20.000","°C","100.000","%a.s.","21.720","deg","20.000","°C","977.000","hPa","0.861","-0.02617","0.00035","0","0","13.56","Humid","26.25","0","44.00","378575.27","SABD0000000001","AAV1.0.0.11","4.0.0.2323","PSt7-10","170328-019","7/29/2022 11:23:46 AM","0000-00","0","no battery","V","","µV","","µV"
"08/11/2022","10:05:47","6","default","383292078","Oxt_06","21.868","min","96.362","%a.s.","Humid","20.765","deg","40948","µV","27.806","°C","1021.000","hPa","36.4","pmil","0","55.390","deg","20.000","°C","100.000","%a.s.","21.720","deg","20.000","°C","977.000","hPa","0.861","-0.02617","0.00035","0","0","13.56","Humid","26.25","0","44.00","378587.86","SABD0000000001","AAV1.0.0.11","4.0.0.2323","PSt7-10","170328-019","7/29/2022 11:23:46 AM","0000-00","0","no battery","V","","µV","","µV"
"08/11/2022","10:05:48","6","default","383292078","Oxt_06","21.884","min","96.288","%a.s.","Humid","20.773","deg","40943","µV","27.811","°C","1021.000","hPa","36.4","pmil","0","55.390","deg","20.000","°C","100.000","%a.s.","21.720","deg","20.000","°C","977.000","hPa","0.861","-0.02617","0.00035","0","0","13.56","Humid","26.25","0","44.00","378574.62","SABD0000000001","AAV1.0.0.11","4.0.0.2323","PSt7-10","170328-019","7/29/2022 11:23:46 AM","0000-00","0","no battery","V","","µV","","µV"
"08/11/2022","10:05:49","6","default","383292078","Oxt_06","21.901","min","96.340","%a.s.","Humid","20.766","deg","40943","µV","27.820","°C","1021.000","hPa","36.4","pmil","0","55.390","deg","20.000","°C","100.000","%a.s.","21.720","deg","20.000","°C","977.000","hPa","0.861","-0.02617","0.00035","0","0","13.56","Humid","26.25","0","44.00","378581.29","SABD0000000001","AAV1.0.0.11","4.0.0.2323","PSt7-10","170328-019","7/29/2022 11:23:46 AM","0000-00","0","no battery","V","","µV","","µV"
"08/11/2022","10:05:50","6","default","383292078","Oxt_06","21.918","min","96.299","%a.s.","Humid","20.772","deg","40949","µV","27.809","°C","1021.000","hPa","36.4","pmil","0","55.390","deg","20.000","°C","100.000","%a.s.","21.720","deg","20.000","°C","977.000","hPa","0.861","-0.02617","0.00035","0","0","13.56","Humid","26.25","0","44.00","378577.20","SABD0000000001","AAV1.0.0.11","4.0.0.2323","PSt7-10","170328-019","7/29/2022 11:23:46 AM","0000-00","0","no battery","V","","µV","","µV"
"08/11/2022","10:05:51","6","default","383292078","Oxt_06","21.934","min","96.316","%a.s.","Humid","20.769","deg","40949","µV","27.818","°C","1021.000","hPa","36.4","pmil","0","55.390","deg","20.000","°C","100.000","%a.s.","21.720","deg","20.000","°C","977.000","hPa","0.861","-0.02617","0.00035","0","0","13.56","Humid","26.25","0","44.00","378585.41","SABD0000000001","AAV1.0.0.11","4.0.0.2323","PSt7-10","170328-019","7/29/2022 11:23:46 AM","0000-00","0","no battery","V","","µV","","µV"
"08/11/2022","10:05:52","6","default","383292078","Oxt_06","21.951","min","96.352","%a.s.","Humid","20.765","deg","40946","µV","27.816","°C","1021.000","hPa","36.4","pmil","0","55.390","deg","20.000","°C","100.000","%a.s.","21.720","deg","20.000","°C","977.000","hPa","0.861","-0.02617","0.00035","0","0","13.56","Humid","26.25","0","44.00","378571.99","SABD0000000001","AAV1.0.0.11","4.0.0.2323","PSt7-10","170328-019","7/29/2022 11:23:46 AM","0000-00","0","no battery","V","","µV","","µV"
"08/11/2022","10:05:53","6","default","383292078","Oxt_06","21.968","min","96.348","%a.s.","Humid","20.766","deg","40951","µV","27.812","°C","1021.000","hPa","36.4","pmil","0","55.390","deg","20.000","°C","100.000","%a.s.","21.720","deg","20.000","°C","977.000","hPa","0.861","-0.02617","0.00035","0","0","13.56","Humid","26.25","0","44.00","378581.33","SABD0000000001","AAV1.0.0.11","4.0.0.2323","PSt7-10","170328-019","7/29/2022 11:23:46 AM","0000-00","0","no battery","V","","µV","","µV"
"08/11/2022","10:05:54","6","default","383292078","Oxt_06","21.984","min","96.346","%a.s.","Humid","20.767","deg","40952","µV","27.804","°C","1021.000","hPa","36.4","pmil","0","55.390","deg","20.000","°C","100.000","%a.s.","21.720","deg","20.000","°C","977.000","hPa","0.861","-0.02617","0.00035","0","0","13.56","Humid","26.25","0","44.00","378588.95","SABD0000000001","AAV1.0.0.11","4.0.0.2323","PSt7-10","170328-019","7/29/2022 11:23:46 AM","0000-00","0","no battery","V","","µV","","µV"
"08/11/2022","10:05:55","6","default","383292078","Oxt_06","22.001","min","96.360","%a.s.","Humid","20.765","deg","40951","µV","27.808","°C","1021.000","hPa","36.4","pmil","0","55.390","deg","20.000","°C","100.000","%a.s.","21.720","deg","20.000","°C","977.000","hPa","0.861","-0.02617","0.00035","0","0","13.56","Humid","26.25","0","44.00","378583.86","SABD0000000001","AAV1.0.0.11","4.0.0.2323","PSt7-10","170328-019","7/29/2022 11:23:46 AM","0000-00","0","no battery","V","","µV","","µV"
"08/11/2022","10:05:56","6","default","383292078","Oxt_06","22.018","min","96.365","%a.s.","Humid","20.765","deg","40948","µV","27.803","°C","1021.000","hPa","36.4","pmil","0","55.390","deg","20.000","°C","100.000","%a.s.","21.720","deg","20.000","°C","977.000","hPa","0.861","-0.02617","0.00035","0","0","13.56","Humid","26.25","0","44.00","378573.87","SABD0000000001","AAV1.0.0.11","4.0.0.2323","PSt7-10","170328-019","7/29/2022 11:23:46 AM","0000-00","0","no battery","V","","µV","","µV"
"08/11/2022","10:05:57","6","default","383292078","Oxt_06","22.034","min","96.353","%a.s.","Humid","20.766","deg","40951","µV","27.807","°C","1021.000","hPa","36.4","pmil","0","55.390","deg","20.000","°C","100.000","%a.s.","21.720","deg","20.000","°C","977.000","hPa","0.861","-0.02617","0.00035","0","0","13.56","Humid","26.25","0","44.00","378570.75","SABD0000000001","AAV1.0.0.11","4.0.0.2323","PSt7-10","170328-019","7/29/2022 11:23:46 AM","0000-00","0","no battery","V","","µV","","µV"
"08/11/2022","10:05:58","6","default","383292078","Oxt_06","22.051","min","96.345","%a.s.","Humid","20.767","deg","40951","µV","27.806","°C","1021.000","hPa","36.4","pmil","0","55.390","deg","20.000","°C","100.000","%a.s.","21.720","deg","20.000","°C","977.000","hPa","0.861","-0.02617","0.00035","0","0","13.56","Humid","26.25","0","44.00","378570.45","SABD0000000001","AAV1.0.0.11","4.0.0.2323","PSt7-10","170328-019","7/29/2022 11:23:46 AM","0000-00","0","no battery","V","","µV","","µV"
"08/11/2022","10:05:59","6","default","383292078","Oxt_06","22.068","min","96.302","%a.s.","Humid","20.773","deg","40958","µV","27.796","°C","1021.000","hPa","36.4","pmil","0","55.390","deg","20.000","°C","100.000","%a.s.","21.720","deg","20.000","°C","977.000","hPa","0.861","-0.02617","0.00035","0","0","13.56","Humid","26.25","0","44.00","378576.19","SABD0000000001","AAV1.0.0.11","4.0.0.2323","PSt7-10","170328-019","7/29/2022 11:23:46 AM","0000-00","0","no battery","V","","µV","","µV"
"08/11/2022","10:06:00","6","default","383292078","Oxt_06","22.084","min","96.344","%a.s.","Humid","20.767","deg","40949","µV","27.807","°C","1021.000","hPa","36.4","pmil","0","55.390","deg","20.000","°C","100.000","%a.s.","21.720","deg","20.000","°C","977.000","hPa","0.861","-0.02617","0.00035","0","0","13.56","Humid","26.25","0","44.00","378564.07","SABD0000000001","AAV1.0.0.11","4.0.0.2323","PSt7-10","170328-019","7/29/2022 11:23:46 AM","0000-00","0","no battery","V","","µV","","µV"
"08/11/2022","10:06:01","6","default","383292078","Oxt_06","22.101","min","96.291","%a.s.","Humid","20.772","deg","40957","µV","27.818","°C","1021.000","hPa","36.4","pmil","0","55.390","deg","20.000","°C","100.000","%a.s.","21.720","deg","20.000","°C","977.000","hPa","0.861","-0.02617","0.00035","0","0","13.56","Humid","26.25","0","44.00","378570.95","SABD0000000001","AAV1.0.0.11","4.0.0.2323","PSt7-10","170328-019","7/29/2022 11:23:46 AM","0000-00","0","no battery","V","","µV","","µV"
"08/11/2022","10:06:02","6","default","383292078","Oxt_06","22.118","min","96.262","%a.s.","Humid","20.776","deg","40954","µV","27.812","°C","1021.000","hPa","36.4","pmil","0","55.390","deg","20.000","°C","100.000","%a.s.","21.720","deg","20.000","°C","977.000","hPa","0.861","-0.02617","0.00035","0","0","13.56","Humid","26.25","0","44.00","378582.38","SABD0000000001","AAV1.0.0.11","4.0.0.2323","PSt7-10","170328-019","7/29/2022 11:23:46 AM","0000-00","0","no battery","V","","µV","","µV"
"08/11/2022","10:06:03","6","default","383292078","Oxt_06","22.134","min","96.270","%a.s.","Humid","20.775","deg","40947","µV","27.812","°C","1021.000","hPa","36.4","pmil","0","55.390","deg","20.000","°C","100.000","%a.s.","21.720","deg","20.000","°C","977.000","hPa","0.861","-0.02617","0.00035","0","0","13.56","Humid","26.25","0","44.00","378573.34","SABD0000000001","AAV1.0.0.11","4.0.0.2323","PSt7-10","170328-019","7/29/2022 11:23:46 AM","0000-00","0","no battery","V","","µV","","µV"
"08/11/2022","10:06:04","6","default","383292078","Oxt_06","22.151","min","96.357","%a.s.","Humid","20.765","deg","40953","µV","27.811","°C","1021.000","hPa","36.4","pmil","0","55.390","deg","20.000","°C","100.000","%a.s.","21.720","deg","20.000","°C","977.000","hPa","0.861","-0.02617","0.00035","0","0","13.56","Humid","26.25","0","44.00","378571.98","SABD0000000001","AAV1.0.0.11","4.0.0.2323","PSt7-10","170328-019","7/29/2022 11:23:46 AM","0000-00","0","no battery","V","","µV","","µV"
"08/11/2022","10:06:05","6","default","383292078","Oxt_06","22.167","min","96.320","%a.s.","Humid","20.769","deg","40950","µV","27.814","°C","1021.000","hPa","36.4","pmil","0","55.390","deg","20.000","°C","100.000","%a.s.","21.720","deg","20.000","°C","977.000","hPa","0.861","-0.02617","0.00035","0","0","13.56","Humid","26.25","0","44.00","378569.70","SABD0000000001","AAV1.0.0.11","4.0.0.2323","PSt7-10","170328-019","7/29/2022 11:23:46 AM","0000-00","0","no battery","V","","µV","","µV"
"08/11/2022","10:06:06","6","default","383292078","Oxt_06","22.184","min","96.328","%a.s.","Humid","20.768","deg","40949","µV","27.814","°C","1021.000","hPa","36.4","pmil","0","55.390","deg","20.000","°C","100.000","%a.s.","21.720","deg","20.000","°C","977.000","hPa","0.861","-0.02617","0.00035","0","0","13.56","Humid","26.25","0","44.00","378564.66","SABD0000000001","AAV1.0.0.11","4.0.0.2323","PSt7-10","170328-019","7/29/2022 11:23:46 AM","0000-00","0","no battery","V","","µV","","µV"
"08/11/2022","10:06:07","6","default","383292078","Oxt_06","22.200","min","96.263","%a.s.","Humid","20.777","deg","40949","µV","27.801","°C","1021.000","hPa","36.4","pmil","0","55.390","deg","20.000","°C","100.000","%a.s.","21.720","deg","20.000","°C","977.000","hPa","0.861","-0.02617","0.00035","0","0","13.56","Humid","26.25","0","44.00","378558.50","SABD0000000001","AAV1.0.0.11","4.0.0.2323","PSt7-10","170328-019","7/29/2022 11:23:46 AM","0000-00","0","no battery","V","","µV","","µV"
"08/11/2022","10:06:08","6","default","383292078","Oxt_06","22.217","min","96.309","%a.s.","Humid","20.771","deg","40950","µV","27.808","°C","1021.000","hPa","36.4","pmil","0","55.390","deg","20.000","°C","100.000","%a.s.","21.720","deg","20.000","°C","977.000","hPa","0.861","-0.02617","0.00035","0","0","13.56","Humid","26.25","0","44.00","378557.19","SABD0000000001","AAV1.0.0.11","4.0.0.2323","PSt7-10","170328-019","7/29/2022 11:23:46 AM","0000-00","0","no battery","V","","µV","","µV"
"08/11/2022","10:06:09","6","default","383292078","Oxt_06","22.234","min","96.338","%a.s.","Humid","20.767","deg","40958","µV","27.813","°C","1021.000","hPa","36.4","pmil","0","55.390","deg","20.000","°C","100.000","%a.s.","21.720","deg","20.000","°C","977.000","hPa","0.861","-0.02617","0.00035","0","0","13.56","Humid","26.25","0","44.00","378559.74","SABD0000000001","AAV1.0.0.11","4.0.0.2323","PSt7-10","170328-019","7/29/2022 11:23:46 AM","0000-00","0","no battery","V","","µV","","µV"
"08/11/2022","10:06:10","6","default","383292078","Oxt_06","22.250","min","96.305","%a.s.","Humid","20.771","deg","40951","µV","27.812","°C","1021.000","hPa","36.4","pmil","0","55.390","deg","20.000","°C","100.000","%a.s.","21.720","deg","20.000","°C","977.000","hPa","0.861","-0.02617","0.00035","0","0","13.56","Humid","26.25","0","44.00","378563.19","SABD0000000001","AAV1.0.0.11","4.0.0.2323","PSt7-10","170328-019","7/29/2022 11:23:46 AM","0000-00","0","no battery","V","","µV","","µV"
"08/11/2022","10:06:11","6","default","383292078","Oxt_06","22.267","min","96.287","%a.s.","Humid","20.773","deg","40952","µV","27.813","°C","1021.000","hPa","36.4","pmil","0","55.390","deg","20.000","°C","100.000","%a.s.","21.720","deg","20.000","°C","977.000","hPa","0.861","-0.02617","0.00035","0","0","13.56","Humid","26.25","0","44.00","378568.76","SABD0000000001","AAV1.0.0.11","4.0.0.2323","PSt7-10","170328-019","7/29/2022 11:23:46 AM","0000-00","0","no battery","V","","µV","","µV"
"08/11/2022","10:06:12","6","default","383292078","Oxt_06","22.284","min","96.360","%a.s.","Humid","20.765","deg","40961","µV","27.808","°C","1021.000","hPa","36.4","pmil","0","55.390","deg","20.000","°C","100.000","%a.s.","21.720","deg","20.000","°C","977.000","hPa","0.861","-0.02617","0.00035","0","0","13.56","Humid","26.25","0","44.00","378546.73","SABD0000000001","AAV1.0.0.11","4.0.0.2323","PSt7-10","170328-019","7/29/2022 11:23:46 AM","0000-00","0","no battery","V","","µV","","µV"
"08/11/2022","10:06:13","6","default","383292078","Oxt_06","22.300","min","96.305","%a.s.","Humid","20.770","deg","40956","µV","27.821","°C","1021.000","hPa","36.4","pmil","0","55.390","deg","20.000","°C","100.000","%a.s.","21.720","deg","20.000","°C","977.000","hPa","0.861","-0.02617","0.00035","0","0","13.56","Humid","26.25","0","44.00","378547.62","SABD0000000001","AAV1.0.0.11","4.0.0.2323","PSt7-10","170328-019","7/29/2022 11:23:46 AM","0000-00","0","no battery","V","","µV","","µV"
"08/11/2022","10:06:14","6","default","383292078","Oxt_06","22.317","min","96.279","%a.s.","Humid","20.773","deg","40955","µV","27.821","°C","1021.000","hPa","36.4","pmil","0","55.390","deg","20.000","°C","100.000","%a.s.","21.720","deg","20.000","°C","977.000","hPa","0.861","-0.02617","0.00035","0","0","13.56","Humid","26.25","0","44.00","378562.61","SABD0000000001","AAV1.0.0.11","4.0.0.2323","PSt7-10","170328-019","7/29/2022 11:23:46 AM","0000-00","0","no battery","V","","µV","","µV"
"08/11/2022","10:06:15","6","default","383292078","Oxt_06","22.334","min","96.309","%a.s.","Humid","20.770","deg","40959","µV","27.816","°C","1021.000","hPa","36.4","pmil","0","55.390","deg","20.000","°C","100.000","%a.s.","21.720","deg","20.000","°C","977.000","hPa","0.861","-0.02617","0.00035","0","0","13.56","Humid","26.25","0","44.00","378566.54","SABD0000000001","AAV1.0.0.11","4.0.0.2323","PSt7-10","170328-019","7/29/2022 11:23:46 AM","0000-00","0","no battery","V","","µV","","µV"
"08/11/2022","10:06:16","6","default","383292078","Oxt_06","22.350","min","96.309","%a.s.","Humid","20.771","deg","40954","µV","27.807","°C","1021.000","hPa","36.4","pmil","0","55.390","deg","20.000","°C","100.000","%a.s.","21.720","deg","20.000","°C","977.000","hPa","0.861","-0.02617","0.00035","0","0","13.56","Humid","26.25","0","44.00","378561.69","SABD0000000001","AAV1.0.0.11","4.0.0.2323","PSt7-10","170328-019","7/29/2022 11:23:46 AM","0000-00","0","no battery","V","","µV","","µV"
"08/11/2022","10:06:17","6","default","383292078","Oxt_06","22.367","min","96.223","%a.s.","Humid","20.782","deg","40967","µV","27.798","°C","1021.000","hPa","36.4","pmil","0","55.390","deg","20.000","°C","100.000","%a.s.","21.720","deg","20.000","°C","977.000","hPa","0.861","-0.02617","0.00035","0","0","13.56","Humid","26.25","0","44.00","378559.85","SABD0000000001","AAV1.0.0.11","4.0.0.2323","PSt7-10","170328-019","7/29/2022 11:23:46 AM","0000-00","0","no battery","V","","µV","","µV"
"08/11/2022","10:06:18","6","default","383292078","Oxt_06","22.384","min","96.262","%a.s.","Humid","20.777","deg","40959","µV","27.803","°C","1021.000","hPa","36.4","pmil","0","55.390","deg","20.000","°C","100.000","%a.s.","21.720","deg","20.000","°C","977.000","hPa","0.861","-0.02617","0.00035","0","0","13.56","Humid","26.25","0","44.00","378562.02","SABD0000000001","AAV1.0.0.11","4.0.0.2323","PSt7-10","170328-019","7/29/2022 11:23:46 AM","0000-00","0","no battery","V","","µV","","µV"
"08/11/2022","10:06:19","6","default","383292078","Oxt_06","22.401","min","96.237","%a.s.","Humid","20.778","deg","40963","µV","27.820","°C","1021.000","hPa","36.4","pmil","0","55.390","deg","20.000","°C","100.000","%a.s.","21.720","deg","20.000","°C","977.000","hPa","0.861","-0.02617","0.00035","0","0","13.56","Humid","26.25","0","44.00","378556.57","SABD0000000001","AAV1.0.0.11","4.0.0.2323","PSt7-10","170328-019","7/29/2022 11:23:46 AM","0000-00","0","no battery","V","","µV","","µV"
"08/11/2022","10:06:20","6","default","383292078","Oxt_06","22.417","min","96.272","%a.s.","Humid","20.774","deg","40956","µV","27.819","°C","1021.000","hPa","36.4","pmil","0","55.390","deg","20.000","°C","100.000","%a.s.","21.720","deg","20.000","°C","977.000","hPa","0.861","-0.02617","0.00035","0","0","13.56","Humid","26.25","0","44.00","378542.67","SABD0000000001","AAV1.0.0.11","4.0.0.2323","PSt7-10","170328-019","7/29/2022 11:23:46 AM","0000-00","0","no battery","V","","µV","","µV"
"08/11/2022","10:06:21","6","default","383292078","Oxt_06","22.434","min","96.313","%a.s.","Humid","20.769","deg","40963","µV","27.822","°C","1021.000","hPa","36.4","pmil","0","55.390","deg","20.000","°C","100.000","%a.s.","21.720","deg","20.000","°C","977.000","hPa","0.861","-0.02617","0.00035","0","0","13.56","Humid","26.25","0","44.00","378560.82","SABD0000000001","AAV1.0.0.11","4.0.0.2323","PSt7-10","170328-019","7/29/2022 11:23:46 AM","0000-00","0","no battery","V","","µV","","µV"
"08/11/2022","10:06:22","6","default","383292078","Oxt_06","22.451","min","96.198","%a.s.","Humid","20.782","deg","40963","µV","27.825","°C","1021.000","hPa","36.4","pmil","0","55.390","deg","20.000","°C","100.000","%a.s.","21.720","deg","20.000","°C","977.000","hPa","0.861","-0.02617","0.00035","0","0","13.56","Humid","26.25","0","44.00","378547.87","SABD0000000001","AAV1.0.0.11","4.0.0.2323","PSt7-10","170328-019","7/29/2022 11:23:46 AM","0000-00","0","no battery","V","","µV","","µV"
"08/11/2022","10:06:23","6","default","383292078","Oxt_06","22.467","min","96.288","%a.s.","Humid","20.771","deg","40961","µV","27.830","°C","1021.000","hPa","36.4","pmil","0","55.390","deg","20.000","°C","100.000","%a.s.","21.720","deg","20.000","°C","977.000","hPa","0.861","-0.02617","0.00035","0","0","13.56","Humid","26.25","0","44.00","378551.00","SABD0000000001","AAV1.0.0.11","4.0.0.2323","PSt7-10","170328-019","7/29/2022 11:23:46 AM","0000-00","0","no battery","V","","µV","","µV"
"08/11/2022","10:06:24","6","default","383292078","Oxt_06","22.484","min","96.355","%a.s.","Humid","20.764","deg","40966","µV","27.823","°C","1021.000","hPa","36.4","pmil","0","55.390","deg","20.000","°C","100.000","%a.s.","21.720","deg","20.000","°C","977.000","hPa","0.861","-0.02617","0.00035","0","0","13.56","Humid","26.25","0","44.00","378555.66","SABD0000000001","AAV1.0.0.11","4.0.0.2323","PSt7-10","170328-019","7/29/2022 11:23:46 AM","0000-00","0","no battery","V","","µV","","µV"
"08/11/2022","10:06:25","6","default","383292078","Oxt_06","22.501","min","96.340","%a.s.","Humid","20.766","deg","40963","µV","27.820","°C","1021.000","hPa","36.4","pmil","0","55.390","deg","20.000","°C","100.000","%a.s.","21.720","deg","20.000","°C","977.000","hPa","0.861","-0.02617","0.00035","0","0","13.56","Humid","26.25","0","44.00","378555.21","SABD0000000001","AAV1.0.0.11","4.0.0.2323","PSt7-10","170328-019","7/29/2022 11:23:46 AM","0000-00","0","no battery","V","","µV","","µV"
"08/11/2022","10:06:26","6","default","383292078","Oxt_06","22.517","min","96.206","%a.s.","Humid","20.781","deg","40957","µV","27.825","°C","1021.000","hPa","36.4","pmil","0","55.390","deg","20.000","°C","100.000","%a.s.","21.720","deg","20.000","°C","977.000","hPa","0.861","-0.02617","0.00035","0","0","13.56","Humid","26.25","0","44.00","378548.25","SABD0000000001","AAV1.0.0.11","4.0.0.2323","PSt7-10","170328-019","7/29/2022 11:23:46 AM","0000-00","0","no battery","V","","µV","","µV"
"08/11/2022","10:06:27","6","default","383292078","Oxt_06","22.534","min","96.326","%a.s.","Humid","20.769","deg","40959","µV","27.807","°C","1021.000","hPa","36.4","pmil","0","55.390","deg","20.000","°C","100.000","%a.s.","21.720","deg","20.000","°C","977.000","hPa","0.861","-0.02617","0.00035","0","0","13.56","Humid","26.25","0","44.00","378547.41","SABD0000000001","AAV1.0.0.11","4.0.0.2323","PSt7-10","170328-019","7/29/2022 11:23:46 AM","0000-00","0","no battery","V","","µV","","µV"
"08/11/2022","10:06:28","6","default","383292078","Oxt_06","22.551","min","96.313","%a.s.","Humid","20.770","deg","40952","µV","27.812","°C","1021.000","hPa","36.4","pmil","0","55.390","deg","20.000","°C","100.000","%a.s.","21.720","deg","20.000","°C","977.000","hPa","0.861","-0.02617","0.00035","0","0","13.56","Humid","26.25","0","44.00","378558.55","SABD0000000001","AAV1.0.0.11","4.0.0.2323","PSt7-10","170328-019","7/29/2022 11:23:46 AM","0000-00","0","no battery","V","","µV","","µV"
"08/11/2022","10:06:29","6","default","383292078","Oxt_06","22.567","min","96.245","%a.s.","Humid","20.777","deg","40956","µV","27.821","°C","1021.000","hPa","36.4","pmil","0","55.390","deg","20.000","°C","100.000","%a.s.","21.720","deg","20.000","°C","977.000","hPa","0.861","-0.02617","0.00035","0","0","13.56","Humid","26.25","0","44.00","378558.03","SABD0000000001","AAV1.0.0.11","4.0.0.2323","PSt7-10","170328-019","7/29/2022 11:23:46 AM","0000-00","0","no battery","V","","µV","","µV"
"08/11/2022","10:06:30","6","default","383292078","Oxt_06","22.584","min","96.201","%a.s.","Humid","20.783","deg","40957","µV","27.813","°C","1021.000","hPa","36.4","pmil","0","55.390","deg","20.000","°C","100.000","%a.s.","21.720","deg","20.000","°C","977.000","hPa","0.861","-0.02617","0.00035","0","0","13.56","Humid","26.25","0","44.00","378561.12","SABD0000000001","AAV1.0.0.11","4.0.0.2323","PSt7-10","170328-019","7/29/2022 11:23:46 AM","0000-00","0","no battery","V","","µV","","µV"
"08/11/2022","10:06:31","6","default","383292078","Oxt_06","22.601","min","96.266","%a.s.","Humid","20.775","deg","40955","µV","27.816","°C","1021.000","hPa","36.4","pmil","0","55.390","deg","20.000","°C","100.000","%a.s.","21.720","deg","20.000","°C","977.000","hPa","0.861","-0.02617","0.00035","0","0","13.56","Humid","26.25","0","44.00","378548.79","SABD0000000001","AAV1.0.0.11","4.0.0.2323","PSt7-10","170328-019","7/29/2022 11:23:46 AM","0000-00","0","no battery","V","","µV","","µV"
"08/11/2022","10:06:32","6","default","383292078","Oxt_06","22.617","min","96.256","%a.s.","Humid","20.777","deg","40953","µV","27.809","°C","1021.000","hPa","36.4","pmil","0","55.390","deg","20.000","°C","100.000","%a.s.","21.720","deg","20.000","°C","977.000","hPa","0.861","-0.02617","0.00035","0","0","13.56","Humid","26.25","0","44.00","378547.10","SABD0000000001","AAV1.0.0.11","4.0.0.2323","PSt7-10","170328-019","7/29/2022 11:23:46 AM","0000-00","0","no battery","V","","µV","","µV"
"08/11/2022","10:06:33","6","default","383292078","Oxt_06","22.634","min","96.265","%a.s.","Humid","20.775","deg","40954","µV","27.818","°C","1021.000","hPa","36.4","pmil","0","55.390","deg","20.000","°C","100.000","%a.s.","21.720","deg","20.000","°C","977.000","hPa","0.861","-0.02617","0.00035","0","0","13.56","Humid","26.25","0","44.00","378548.66","SABD0000000001","AAV1.0.0.11","4.0.0.2323","PSt7-10","170328-019","7/29/2022 11:23:46 AM","0000-00","0","no battery","V","","µV","","µV"
"08/11/2022","10:06:34","6","default","383292078","Oxt_06","22.651","min","96.303","%a.s.","Humid","20.771","deg","40954","µV","27.814","°C","1021.000","hPa","36.4","pmil","0","55.390","deg","20.000","°C","100.000","%a.s.","21.720","deg","20.000","°C","977.000","hPa","0.861","-0.02617","0.00035","0","0","13.56","Humid","26.25","0","44.00","378545.63","SABD0000000001","AAV1.0.0.11","4.0.0.2323","PSt7-10","170328-019","7/29/2022 11:23:46 AM","0000-00","0","no battery","V","","µV","","µV"
"08/11/2022","10:06:35","6","default","383292078","Oxt_06","22.668","min","96.267","%a.s.","Humid","20.776","deg","40958","µV","27.806","°C","1021.000","hPa","36.4","pmil","0","55.390","deg","20.000","°C","100.000","%a.s.","21.720","deg","20.000","°C","977.000","hPa","0.861","-0.02617","0.00035","0","0","13.56","Humid","26.25","0","44.00","378550.56","SABD0000000001","AAV1.0.0.11","4.0.0.2323","PSt7-10","170328-019","7/29/2022 11:23:46 AM","0000-00","0","no battery","V","","µV","","µV"
"08/11/2022","10:06:36","6","default","383292078","Oxt_06","22.684","min","96.267","%a.s.","Humid","20.776","deg","40960","µV","27.807","°C","1021.000","hPa","36.4","pmil","0","55.390","deg","20.000","°C","100.000","%a.s.","21.720","deg","20.000","°C","977.000","hPa","0.861","-0.02617","0.00035","0","0","13.56","Humid","26.25","0","44.00","378546.27","SABD0000000001","AAV1.0.0.11","4.0.0.2323","PSt7-10","170328-019","7/29/2022 11:23:46 AM","0000-00","0","no battery","V","","µV","","µV"
"08/11/2022","10:06:37","6","default","383292078","Oxt_06","22.701","min","96.237","%a.s.","Humid","20.779","deg","40958","µV","27.810","°C","1021.000","hPa","36.4","pmil","0","55.390","deg","20.000","°C","100.000","%a.s.","21.720","deg","20.000","°C","977.000","hPa","0.861","-0.02617","0.00035","0","0","13.56","Humid","26.25","0","44.00","378547.20","SABD0000000001","AAV1.0.0.11","4.0.0.2323","PSt7-10","170328-019","7/29/2022 11:23:46 AM","0000-00","0","no battery","V","","µV","","µV"
"08/11/2022","10:06:38","6","default","383292078","Oxt_06","22.718","min","96.301","%a.s.","Humid","20.773","deg","40955","µV","27.797","°C","1021.000","hPa","36.4","pmil","0","55.390","deg","20.000","°C","100.000","%a.s.","21.720","deg","20.000","°C","977.000","hPa","0.861","-0.02617","0.00035","0","0","13.56","Humid","26.25","0","44.00","378541.67","SABD0000000001","AAV1.0.0.11","4.0.0.2323","PSt7-10","170328-019","7/29/2022 11:23:46 AM","0000-00","0","no battery","V","","µV","","µV"
"08/11/2022","10:06:39","6","default","383292078","Oxt_06","22.734","min","96.199","%a.s.","Humid","20.782","deg","40954","µV","27.823","°C","1021.000","hPa","36.4","pmil","0","55.390","deg","20.000","°C","100.000","%a.s.","21.720","deg","20.000","°C","977.000","hPa","0.861","-0.02617","0.00035","0","0","13.56","Humid","26.25","0","44.00","378540.35","SABD0000000001","AAV1.0.0.11","4.0.0.2323","PSt7-10","170328-019","7/29/2022 11:23:46 AM","0000-00","0","no battery","V","","µV","","µV"
"08/11/2022","10:06:40","6","default","383292078","Oxt_06","22.751","min","96.256","%a.s.","Humid","20.775","deg","40951","µV","27.828","°C","1021.000","hPa","36.4","pmil","0","55.390","deg","20.000","°C","100.000","%a.s.","21.720","deg","20.000","°C","977.000","hPa","0.861","-0.02617","0.00035","0","0","13.56","Humid","26.25","0","44.00","378537.73","SABD0000000001","AAV1.0.0.11","4.0.0.2323","PSt7-10","170328-019","7/29/2022 11:23:46 AM","0000-00","0","no battery","V","","µV","","µV"
"08/11/2022","10:06:41","6","default","383292078","Oxt_06","22.768","min","96.264","%a.s.","Humid","20.776","deg","40954","µV","27.809","°C","1021.000","hPa","36.4","pmil","0","55.390","deg","20.000","°C","100.000","%a.s.","21.720","deg","20.000","°C","977.000","hPa","0.861","-0.02617","0.00035","0","0","13.56","Humid","26.25","0","44.00","378525.65","SABD0000000001","AAV1.0.0.11","4.0.0.2323","PSt7-10","170328-019","7/29/2022 11:23:46 AM","0000-00","0","no battery","V","","µV","","µV"
"08/11/2022","10:06:42","6","default","383292078","Oxt_06","22.784","min","96.268","%a.s.","Humid","20.775","deg","40959","µV","27.814","°C","1021.000","hPa","36.4","pmil","0","55.390","deg","20.000","°C","100.000","%a.s.","21.720","deg","20.000","°C","977.000","hPa","0.861","-0.02617","0.00035","0","0","13.56","Humid","26.25","0","44.00","378528.30","SABD0000000001","AAV1.0.0.11","4.0.0.2323","PSt7-10","170328-019","7/29/2022 11:23:46 AM","0000-00","0","no battery","V","","µV","","µV"
"08/11/2022","10:06:43","6","default","383292078","Oxt_06","22.801","min","96.292","%a.s.","Humid","20.773","deg","40955","µV","27.807","°C","1021.000","hPa","36.4","pmil","0","55.390","deg","20.000","°C","100.000","%a.s.","21.720","deg","20.000","°C","977.000","hPa","0.861","-0.02617","0.00035","0","0","13.56","Humid","26.25","0","44.00","378535.81","SABD0000000001","AAV1.0.0.11","4.0.0.2323","PSt7-10","170328-019","7/29/2022 11:23:46 AM","0000-00","0","no battery","V","","µV","","µV"
"08/11/2022","10:06:44","6","default","383292078","Oxt_06","22.818","min","96.209","%a.s.","Humid","20.781","deg","40961","µV","27.822","°C","1021.000","hPa","36.4","pmil","0","55.390","deg","20.000","°C","100.000","%a.s.","21.720","deg","20.000","°C","977.000","hPa","0.861","-0.02617","0.00035","0","0","13.56","Humid","26.25","0","44.00","378534.05","SABD0000000001","AAV1.0.0.11","4.0.0.2323","PSt7-10","170328-019","7/29/2022 11:23:46 AM","0000-00","0","no battery","V","","µV","","µV"
"08/11/2022","10:06:45","6","default","383292078","Oxt_06","22.834","min","96.228","%a.s.","Humid","20.780","deg","40960","µV","27.811","°C","1021.000","hPa","36.4","pmil","0","55.390","deg","20.000","°C","100.000","%a.s.","21.720","deg","20.000","°C","977.000","hPa","0.861","-0.02617","0.00035","0","0","13.56","Humid","26.25","0","44.00","378533.55","SABD0000000001","AAV1.0.0.11","4.0.0.2323","PSt7-10","170328-019","7/29/2022 11:23:46 AM","0000-00","0","no battery","V","","µV","","µV"
"08/11/2022","10:06:46","6","default","383292078","Oxt_06","22.851","min","96.279","%a.s.","Humid","20.775","deg","40960","µV","27.803","°C","1021.000","hPa","36.4","pmil","0","55.390","deg","20.000","°C","100.000","%a.s.","21.720","deg","20.000","°C","977.000","hPa","0.861","-0.02617","0.00035","0","0","13.56","Humid","26.25","0","44.00","378544.04","SABD0000000001","AAV1.0.0.11","4.0.0.2323","PSt7-10","170328-019","7/29/2022 11:23:46 AM","0000-00","0","no battery","V","","µV","","µV"
"08/11/2022","10:06:47","6","default","383292078","Oxt_06","22.868","min","96.260","%a.s.","Humid","20.777","deg","40961","µV","27.804","°C","1021.000","hPa","36.4","pmil","0","55.390","deg","20.000","°C","100.000","%a.s.","21.720","deg","20.000","°C","977.000","hPa","0.861","-0.02617","0.00035","0","0","13.56","Humid","26.25","0","44.00","378539.73","SABD0000000001","AAV1.0.0.11","4.0.0.2323","PSt7-10","170328-019","7/29/2022 11:23:46 AM","0000-00","0","no battery","V","","µV","","µV"
"08/11/2022","10:06:48","6","default","383292078","Oxt_06","22.884","min","96.328","%a.s.","Humid","20.768","deg","40962","µV","27.814","°C","1021.000","hPa","36.4","pmil","0","55.390","deg","20.000","°C","100.000","%a.s.","21.720","deg","20.000","°C","977.000","hPa","0.861","-0.02617","0.00035","0","0","13.56","Humid","26.25","0","44.00","378535.37","SABD0000000001","AAV1.0.0.11","4.0.0.2323","PSt7-10","170328-019","7/29/2022 11:23:46 AM","0000-00","0","no battery","V","","µV","","µV"
"08/11/2022","10:06:49","6","default","383292078","Oxt_06","22.901","min","96.258","%a.s.","Humid","20.776","deg","40956","µV","27.816","°C","1021.000","hPa","36.4","pmil","0","55.390","deg","20.000","°C","100.000","%a.s.","21.720","deg","20.000","°C","977.000","hPa","0.861","-0.02617","0.00035","0","0","13.56","Humid","26.25","0","44.00","378534.27","SABD0000000001","AAV1.0.0.11","4.0.0.2323","PSt7-10","170328-019","7/29/2022 11:23:46 AM","0000-00","0","no battery","V","","µV","","µV"
"08/11/2022","10:06:50","6","default","383292078","Oxt_06","22.918","min","96.305","%a.s.","Humid","20.771","deg","40962","µV","27.812","°C","1021.000","hPa","36.4","pmil","0","55.390","deg","20.000","°C","100.000","%a.s.","21.720","deg","20.000","°C","977.000","hPa","0.861","-0.02617","0.00035","0","0","13.56","Humid","26.25","0","44.00","378547.92","SABD0000000001","AAV1.0.0.11","4.0.0.2323","PSt7-10","170328-019","7/29/2022 11:23:46 AM","0000-00","0","no battery","V","","µV","","µV"
"08/11/2022","10:06:51","6","default","383292078","Oxt_06","22.934","min","96.253","%a.s.","Humid","20.777","deg","40961","µV","27.812","°C","1021.000","hPa","36.4","pmil","0","55.390","deg","20.000","°C","100.000","%a.s.","21.720","deg","20.000","°C","977.000","hPa","0.861","-0.02617","0.00035","0","0","13.56","Humid","26.25","0","44.00","378538.69","SABD0000000001","AAV1.0.0.11","4.0.0.2323","PSt7-10","170328-019","7/29/2022 11:23:46 AM","0000-00","0","no battery","V","","µV","","µV"
"08/11/2022","10:06:52","6","default","383292078","Oxt_06","22.951","min","96.292","%a.s.","Humid","20.773","deg","40962","µV","27.807","°C","1021.000","hPa","36.4","pmil","0","55.390","deg","20.000","°C","100.000","%a.s.","21.720","deg","20.000","°C","977.000","hPa","0.861","-0.02617","0.00035","0","0","13.56","Humid","26.25","0","44.00","378526.32","SABD0000000001","AAV1.0.0.11","4.0.0.2323","PSt7-10","170328-019","7/29/2022 11:23:46 AM","0000-00","0","no battery","V","","µV","","µV"
"08/11/2022","10:06:53","6","default","383292078","Oxt_06","22.967","min","96.246","%a.s.","Humid","20.778","deg","40961","µV","27.810","°C","1021.000","hPa","36.4","pmil","0","55.390","deg","20.000","°C","100.000","%a.s.","21.720","deg","20.000","°C","977.000","hPa","0.861","-0.02617","0.00035","0","0","13.56","Humid","26.25","0","44.00","378535.96","SABD0000000001","AAV1.0.0.11","4.0.0.2323","PSt7-10","170328-019","7/29/2022 11:23:46 AM","0000-00","0","no battery","V","","µV","","µV"
"08/11/2022","10:06:54","6","default","383292078","Oxt_06","22.984","min","96.251","%a.s.","Humid","20.778","deg","40963","µV","27.805","°C","1021.000","hPa","36.4","pmil","0","55.390","deg","20.000","°C","100.000","%a.s.","21.720","deg","20.000","°C","977.000","hPa","0.861","-0.02617","0.00035","0","0","13.56","Humid","26.25","0","44.00","378533.21","SABD0000000001","AAV1.0.0.11","4.0.0.2323","PSt7-10","170328-019","7/29/2022 11:23:46 AM","0000-00","0","no battery","V","","µV","","µV"
"08/11/2022","10:06:55","6","default","383292078","Oxt_06","23.001","min","96.248","%a.s.","Humid","20.778","deg","40957","µV","27.809","°C","1021.000","hPa","36.4","pmil","0","55.390","deg","20.000","°C","100.000","%a.s.","21.720","deg","20.000","°C","977.000","hPa","0.861","-0.02617","0.00035","0","0","13.56","Humid","26.25","0","44.00","378535.44","SABD0000000001","AAV1.0.0.11","4.0.0.2323","PSt7-10","170328-019","7/29/2022 11:23:46 AM","0000-00","0","no battery","V","","µV","","µV"
"08/11/2022","10:06:56","6","default","383292078","Oxt_06","23.017","min","96.186","%a.s.","Humid","20.785","deg","40966","µV","27.810","°C","1021.000","hPa","36.4","pmil","0","55.390","deg","20.000","°C","100.000","%a.s.","21.720","deg","20.000","°C","977.000","hPa","0.861","-0.02617","0.00035","0","0","13.56","Humid","26.25","0","44.00","378550.86","SABD0000000001","AAV1.0.0.11","4.0.0.2323","PSt7-10","170328-019","7/29/2022 11:23:46 AM","0000-00","0","no battery","V","","µV","","µV"
"08/11/2022","10:06:57","6","default","383292078","Oxt_06","23.034","min","96.285","%a.s.","Humid","20.772","deg","40964","µV","27.824","°C","1021.000","hPa","36.4","pmil","0","55.390","deg","20.000","°C","100.000","%a.s.","21.720","deg","20.000","°C","977.000","hPa","0.861","-0.02617","0.00035","0","0","13.56","Humid","26.25","0","44.00","378533.75","SABD0000000001","AAV1.0.0.11","4.0.0.2323","PSt7-10","170328-019","7/29/2022 11:23:46 AM","0000-00","0","no battery","V","","µV","","µV"
"08/11/2022","10:06:58","6","default","383292078","Oxt_06","23.050","min","96.257","%a.s.","Humid","20.775","deg","40967","µV","27.827","°C","1021.000","hPa","36.4","pmil","0","55.390","deg","20.000","°C","100.000","%a.s.","21.720","deg","20.000","°C","977.000","hPa","0.861","-0.02617","0.00035","0","0","13.56","Humid","26.25","0","44.00","378528.80","SABD0000000001","AAV1.0.0.11","4.0.0.2323","PSt7-10","170328-019","7/29/2022 11:23:46 AM","0000-00","0","no battery","V","","µV","","µV"
"08/11/2022","10:06:59","6","default","383292078","Oxt_06","23.067","min","96.204","%a.s.","Humid","20.781","deg","40962","µV","27.827","°C","1021.000","hPa","36.4","pmil","0","55.390","deg","20.000","°C","100.000","%a.s.","21.720","deg","20.000","°C","977.000","hPa","0.861","-0.02617","0.00035","0","0","13.56","Humid","26.25","0","44.00","378521.86","SABD0000000001","AAV1.0.0.11","4.0.0.2323","PSt7-10","170328-019","7/29/2022 11:23:46 AM","0000-00","0","no battery","V","","µV","","µV"
"08/11/2022","10:07:00","6","default","383292078","Oxt_06","23.084","min","96.228","%a.s.","Humid","20.779","deg","40965","µV","27.821","°C","1021.000","hPa","36.4","pmil","0","55.390","deg","20.000","°C","100.000","%a.s.","21.720","deg","20.000","°C","977.000","hPa","0.861","-0.02617","0.00035","0","0","13.56","Humid","26.25","0","44.00","378516.18","SABD0000000001","AAV1.0.0.11","4.0.0.2323","PSt7-10","170328-019","7/29/2022 11:23:46 AM","0000-00","0","no battery","V","","µV","","µV"
"08/11/2022","10:07:01","6","default","383292078","Oxt_06","23.100","min","96.209","%a.s.","Humid","20.781","deg","40966","µV","27.823","°C","1021.000","hPa","36.4","pmil","0","55.390","deg","20.000","°C","100.000","%a.s.","21.720","deg","20.000","°C","977.000","hPa","0.861","-0.02617","0.00035","0","0","13.56","Humid","26.25","0","44.00","378524.37","SABD0000000001","AAV1.0.0.11","4.0.0.2323","PSt7-10","170328-019","7/29/2022 11:23:46 AM","0000-00","0","no battery","V","","µV","","µV"
"08/11/2022","10:07:02","6","default","383292078","Oxt_06","23.117","min","96.284","%a.s.","Humid","20.773","deg","40964","µV","27.816","°C","1021.000","hPa","36.4","pmil","0","55.390","deg","20.000","°C","100.000","%a.s.","21.720","deg","20.000","°C","977.000","hPa","0.861","-0.02617","0.00035","0","0","13.56","Humid","26.25","0","44.00","378537.52","SABD0000000001","AAV1.0.0.11","4.0.0.2323","PSt7-10","170328-019","7/29/2022 11:23:46 AM","0000-00","0","no battery","V","","µV","","µV"
"08/11/2022","10:07:03","6","default","383292078","Oxt_06","23.134","min","96.303","%a.s.","Humid","20.771","deg","40967","µV","27.814","°C","1021.000","hPa","36.4","pmil","0","55.390","deg","20.000","°C","100.000","%a.s.","21.720","deg","20.000","°C","977.000","hPa","0.861","-0.02617","0.00035","0","0","13.56","Humid","26.25","0","44.00","378533.65","SABD0000000001","AAV1.0.0.11","4.0.0.2323","PSt7-10","170328-019","7/29/2022 11:23:46 AM","0000-00","0","no battery","V","","µV","","µV"
"08/11/2022","10:07:04","6","default","383292078","Oxt_06","23.150","min","96.172","%a.s.","Humid","20.786","deg","40965","µV","27.816","°C","1021.000","hPa","36.4","pmil","0","55.390","deg","20.000","°C","100.000","%a.s.","21.720","deg","20.000","°C","977.000","hPa","0.861","-0.02617","0.00035","0","0","13.56","Humid","26.25","0","44.00","378526.26","SABD0000000001","AAV1.0.0.11","4.0.0.2323","PSt7-10","170328-019","7/29/2022 11:23:46 AM","0000-00","0","no battery","V","","µV","","µV"
"08/11/2022","10:07:05","6","default","383292078","Oxt_06","23.167","min","96.131","%a.s.","Humid","20.791","deg","40962","µV","27.814","°C","1021.000","hPa","36.4","pmil","0","55.390","deg","20.000","°C","100.000","%a.s.","21.720","deg","20.000","°C","977.000","hPa","0.861","-0.02617","0.00035","0","0","13.56","Humid","26.25","0","44.00","378539.72","SABD0000000001","AAV1.0.0.11","4.0.0.2323","PSt7-10","170328-019","7/29/2022 11:23:46 AM","0000-00","0","no battery","V","","µV","","µV"
"08/11/2022","10:07:06","6","default","383292078","Oxt_06","23.184","min","96.181","%a.s.","Humid","20.786","deg","40967","µV","27.806","°C","1021.000","hPa","36.4","pmil","0","55.390","deg","20.000","°C","100.000","%a.s.","21.720","deg","20.000","°C","977.000","hPa","0.861","-0.02617","0.00035","0","0","13.56","Humid","26.25","0","44.00","378516.88","SABD0000000001","AAV1.0.0.11","4.0.0.2323","PSt7-10","170328-019","7/29/2022 11:23:46 AM","0000-00","0","no battery","V","","µV","","µV"
"08/11/2022","10:07:07","6","default","383292078","Oxt_06","23.200","min","96.239","%a.s.","Humid","20.778","deg","40967","µV","27.818","°C","1021.000","hPa","36.4","pmil","0","55.390","deg","20.000","°C","100.000","%a.s.","21.720","deg","20.000","°C","977.000","hPa","0.861","-0.02617","0.00035","0","0","13.56","Humid","26.25","0","44.00","378516.22","SABD0000000001","AAV1.0.0.11","4.0.0.2323","PSt7-10","170328-019","7/29/2022 11:23:46 AM","0000-00","0","no battery","V","","µV","","µV"
"08/11/2022","10:07:08","6","default","383292078","Oxt_06","23.217","min","96.263","%a.s.","Humid","20.776","deg","40966","µV","27.811","°C","1021.000","hPa","36.4","pmil","0","55.390","deg","20.000","°C","100.000","%a.s.","21.720","deg","20.000","°C","977.000","hPa","0.861","-0.02617","0.00035","0","0","13.56","Humid","26.25","0","44.00","378521.38","SABD0000000001","AAV1.0.0.11","4.0.0.2323","PSt7-10","170328-019","7/29/2022 11:23:46 AM","0000-00","0","no battery","V","","µV","","µV"
"08/11/2022","10:07:09","6","default","383292078","Oxt_06","23.234","min","96.198","%a.s.","Humid","20.781","deg","40961","µV","27.834","°C","1021.000","hPa","36.4","pmil","0","55.390","deg","20.000","°C","100.000","%a.s.","21.720","deg","20.000","°C","977.000","hPa","0.861","-0.02617","0.00035","0","0","13.56","Humid","26.25","0","44.00","378521.47","SABD0000000001","AAV1.0.0.11","4.0.0.2323","PSt7-10","170328-019","7/29/2022 11:23:46 AM","0000-00","0","no battery","V","","µV","","µV"
"08/11/2022","10:07:10","6","default","383292078","Oxt_06","23.250","min","96.209","%a.s.","Humid","20.780","deg","40965","µV","27.831","°C","1021.000","hPa","36.4","pmil","0","55.390","deg","20.000","°C","100.000","%a.s.","21.720","deg","20.000","°C","977.000","hPa","0.861","-0.02617","0.00035","0","0","13.56","Humid","26.25","0","44.00","378506.56","SABD0000000001","AAV1.0.0.11","4.0.0.2323","PSt7-10","170328-019","7/29/2022 11:23:46 AM","0000-00","0","no battery","V","","µV","","µV"
"08/11/2022","10:07:11","6","default","383292078","Oxt_06","23.267","min","96.184","%a.s.","Humid","20.786","deg","40966","µV","27.803","°C","1021.000","hPa","36.4","pmil","0","55.390","deg","20.000","°C","100.000","%a.s.","21.720","deg","20.000","°C","977.000","hPa","0.861","-0.02617","0.00035","0","0","13.56","Humid","26.25","0","44.00","378516.90","SABD0000000001","AAV1.0.0.11","4.0.0.2323","PSt7-10","170328-019","7/29/2022 11:23:46 AM","0000-00","0","no battery","V","","µV","","µV"
"08/11/2022","10:07:12","6","default","383292078","Oxt_06","23.284","min","96.173","%a.s.","Humid","20.786","deg","40971","µV","27.815","°C","1021.000","hPa","36.4","pmil","0","55.390","deg","20.000","°C","100.000","%a.s.","21.720","deg","20.000","°C","977.000","hPa","0.861","-0.02617","0.00035","0","0","13.56","Humid","26.25","0","44.00","378513.53","SABD0000000001","AAV1.0.0.11","4.0.0.2323","PSt7-10","170328-019","7/29/2022 11:23:46 AM","0000-00","0","no battery","V","","µV","","µV"
"08/11/2022","10:07:13","6","default","383292078","Oxt_06","23.300","min","96.262","%a.s.","Humid","20.775","deg","40965","µV","27.820","°C","1021.000","hPa","36.4","pmil","0","55.390","deg","20.000","°C","100.000","%a.s.","21.720","deg","20.000","°C","977.000","hPa","0.861","-0.02617","0.00035","0","0","13.56","Humid","26.25","0","44.00","378517.24","SABD0000000001","AAV1.0.0.11","4.0.0.2323","PSt7-10","170328-019","7/29/2022 11:23:46 AM","0000-00","0","no battery","V","","µV","","µV"
"08/11/2022","10:07:14","6","default","383292078","Oxt_06","23.317","min","96.236","%a.s.","Humid","20.780","deg","40968","µV","27.802","°C","1021.000","hPa","36.4","pmil","0","55.390","deg","20.000","°C","100.000","%a.s.","21.720","deg","20.000","°C","977.000","hPa","0.861","-0.02617","0.00035","0","0","13.56","Humid","26.25","0","44.00","378517.08","SABD0000000001","AAV1.0.0.11","4.0.0.2323","PSt7-10","170328-019","7/29/2022 11:23:46 AM","0000-00","0","no battery","V","","µV","","µV"
"08/11/2022","10:07:15","6","default","383292078","Oxt_06","23.334","min","96.164","%a.s.","Humid","20.788","deg","40965","µV","27.806","°C","1021.000","hPa","36.4","pmil","0","55.390","deg","20.000","°C","100.000","%a.s.","21.720","deg","20.000","°C","977.000","hPa","0.861","-0.02617","0.00035","0","0","13.56","Humid","26.25","0","44.00","378501.87","SABD0000000001","AAV1.0.0.11","4.0.0.2323","PSt7-10","170328-019","7/29/2022 11:23:46 AM","0000-00","0","no battery","V","","µV","","µV"
"08/11/2022","10:07:16","6","default","383292078","Oxt_06","23.351","min","96.227","%a.s.","Humid","20.781","deg","40974","µV","27.802","°C","1021.000","hPa","36.4","pmil","0","55.390","deg","20.000","°C","100.000","%a.s.","21.720","deg","20.000","°C","977.000","hPa","0.861","-0.02617","0.00035","0","0","13.56","Humid","26.25","0","44.00","378498.00","SABD0000000001","AAV1.0.0.11","4.0.0.2323","PSt7-10","170328-019","7/29/2022 11:23:46 AM","0000-00","0","no battery","V","","µV","","µV"
"08/11/2022","10:07:17","6","default","383292078","Oxt_06","23.367","min","96.187","%a.s.","Humid","20.782","deg","40964","µV","27.837","°C","1021.000","hPa","36.4","pmil","0","55.390","deg","20.000","°C","100.000","%a.s.","21.720","deg","20.000","°C","977.000","hPa","0.861","-0.02617","0.00035","0","0","13.56","Humid","26.25","0","44.00","378513.85","SABD0000000001","AAV1.0.0.11","4.0.0.2323","PSt7-10","170328-019","7/29/2022 11:23:46 AM","0000-00","0","no battery","V","","µV","","µV"
"08/11/2022","10:07:18","6","default","383292078","Oxt_06","23.384","min","96.253","%a.s.","Humid","20.776","deg","40969","µV","27.821","°C","1021.000","hPa","36.4","pmil","0","55.390","deg","20.000","°C","100.000","%a.s.","21.720","deg","20.000","°C","977.000","hPa","0.861","-0.02617","0.00035","0","0","13.56","Humid","26.25","0","44.00","378501.77","SABD0000000001","AAV1.0.0.11","4.0.0.2323","PSt7-10","170328-019","7/29/2022 11:23:46 AM","0000-00","0","no battery","V","","µV","","µV"
"08/11/2022","10:07:19","6","default","383292078","Oxt_06","23.401","min","96.224","%a.s.","Humid","20.780","deg","40969","µV","27.815","°C","1021.000","hPa","36.4","pmil","0","55.390","deg","20.000","°C","100.000","%a.s.","21.720","deg","20.000","°C","977.000","hPa","0.861","-0.02617","0.00035","0","0","13.56","Humid","26.25","0","44.00","378500.82","SABD0000000001","AAV1.0.0.11","4.0.0.2323","PSt7-10","170328-019","7/29/2022 11:23:46 AM","0000-00","0","no battery","V","","µV","","µV"
"08/11/2022","10:07:20","6","default","383292078","Oxt_06","23.417","min","96.213","%a.s.","Humid","20.781","deg","40972","µV","27.818","°C","1021.000","hPa","36.4","pmil","0","55.390","deg","20.000","°C","100.000","%a.s.","21.720","deg","20.000","°C","977.000","hPa","0.861","-0.02617","0.00035","0","0","13.56","Humid","26.25","0","44.00","378507.15","SABD0000000001","AAV1.0.0.11","4.0.0.2323","PSt7-10","170328-019","7/29/2022 11:23:46 AM","0000-00","0","no battery","V","","µV","","µV"
"08/11/2022","10:07:21","6","default","383292078","Oxt_06","23.434","min","96.199","%a.s.","Humid","20.783","deg","40972","µV","27.814","°C","1021.000","hPa","36.4","pmil","0","55.390","deg","20.000","°C","100.000","%a.s.","21.720","deg","20.000","°C","977.000","hPa","0.861","-0.02617","0.00035","0","0","13.56","Humid","26.25","0","44.00","378507.27","SABD0000000001","AAV1.0.0.11","4.0.0.2323","PSt7-10","170328-019","7/29/2022 11:23:46 AM","0000-00","0","no battery","V","","µV","","µV"
"08/11/2022","10:07:22","6","default","383292078","Oxt_06","23.451","min","96.226","%a.s.","Humid","20.779","deg","40976","µV","27.823","°C","1021.000","hPa","36.4","pmil","0","55.390","deg","20.000","°C","100.000","%a.s.","21.720","deg","20.000","°C","977.000","hPa","0.861","-0.02617","0.00035","0","0","13.56","Humid","26.25","0","44.00","378517.37","SABD0000000001","AAV1.0.0.11","4.0.0.2323","PSt7-10","170328-019","7/29/2022 11:23:46 AM","0000-00","0","no battery","V","","µV","","µV"
"08/11/2022","10:07:23","6","default","383292078","Oxt_06","23.467","min","96.150","%a.s.","Humid","20.788","deg","40970","µV","27.821","°C","1021.000","hPa","36.4","pmil","0","55.390","deg","20.000","°C","100.000","%a.s.","21.720","deg","20.000","°C","977.000","hPa","0.861","-0.02617","0.00035","0","0","13.56","Humid","26.25","0","44.00","378503.71","SABD0000000001","AAV1.0.0.11","4.0.0.2323","PSt7-10","170328-019","7/29/2022 11:23:46 AM","0000-00","0","no battery","V","","µV","","µV"
"08/11/2022","10:07:24","6","default","383292078","Oxt_06","23.484","min","96.271","%a.s.","Humid","20.775","deg","40969","µV","27.812","°C","1021.000","hPa","36.4","pmil","0","55.390","deg","20.000","°C","100.000","%a.s.","21.720","deg","20.000","°C","977.000","hPa","0.861","-0.02617","0.00035","0","0","13.56","Humid","26.25","0","44.00","378506.03","SABD0000000001","AAV1.0.0.11","4.0.0.2323","PSt7-10","170328-019","7/29/2022 11:23:46 AM","0000-00","0","no battery","V","","µV","","µV"
"08/11/2022","10:07:25","6","default","383292078","Oxt_06","23.501","min","96.200","%a.s.","Humid","20.783","deg","40968","µV","27.814","°C","1021.000","hPa","36.4","pmil","0","55.390","deg","20.000","°C","100.000","%a.s.","21.720","deg","20.000","°C","977.000","hPa","0.861","-0.02617","0.00035","0","0","13.56","Humid","26.25","0","44.00","378495.39","SABD0000000001","AAV1.0.0.11","4.0.0.2323","PSt7-10","170328-019","7/29/2022 11:23:46 AM","0000-00","0","no battery","V","","µV","","µV"
"08/11/2022","10:07:26","6","default","383292078","Oxt_06","23.517","min","96.149","%a.s.","Humid","20.788","deg","40971","µV","27.823","°C","1021.000","hPa","36.4","pmil","0","55.390","deg","20.000","°C","100.000","%a.s.","21.720","deg","20.000","°C","977.000","hPa","0.861","-0.02617","0.00035","0","0","13.56","Humid","26.25","0","44.00","378505.20","SABD0000000001","AAV1.0.0.11","4.0.0.2323","PSt7-10","170328-019","7/29/2022 11:23:46 AM","0000-00","0","no battery","V","","µV","","µV"
"08/11/2022","10:07:27","6","default","383292078","Oxt_06","23.534","min","96.244","%a.s.","Humid","20.776","deg","40976","µV","27.831","°C","1021.000","hPa","36.4","pmil","0","55.390","deg","20.000","°C","100.000","%a.s.","21.720","deg","20.000","°C","977.000","hPa","0.861","-0.02617","0.00035","0","0","13.56","Humid","26.25","0","44.00","378514.22","SABD0000000001","AAV1.0.0.11","4.0.0.2323","PSt7-10","170328-019","7/29/2022 11:23:46 AM","0000-00","0","no battery","V","","µV","","µV"
"08/11/2022","10:07:28","6","default","383292078","Oxt_06","23.551","min","96.245","%a.s.","Humid","20.777","deg","40975","µV","27.820","°C","1021.000","hPa","36.4","pmil","0","55.390","deg","20.000","°C","100.000","%a.s.","21.720","deg","20.000","°C","977.000","hPa","0.861","-0.02617","0.00035","0","0","13.56","Humid","26.25","0","44.00","378500.38","SABD0000000001","AAV1.0.0.11","4.0.0.2323","PSt7-10","170328-019","7/29/2022 11:23:46 AM","0000-00","0","no battery","V","","µV","","µV"
"08/11/2022","10:07:29","6","default","383292078","Oxt_06","23.567","min","96.163","%a.s.","Humid","20.787","deg","40971","µV","27.816","°C","1021.000","hPa","36.4","pmil","0","55.390","deg","20.000","°C","100.000","%a.s.","21.720","deg","20.000","°C","977.000","hPa","0.861","-0.02617","0.00035","0","0","13.56","Humid","26.25","0","44.00","378493.39","SABD0000000001","AAV1.0.0.11","4.0.0.2323","PSt7-10","170328-019","7/29/2022 11:23:46 AM","0000-00","0","no battery","V","","µV","","µV"
"08/11/2022","10:07:30","6","default","383292078","Oxt_06","23.584","min","96.204","%a.s.","Humid","20.782","deg","40974","µV","27.819","°C","1021.000","hPa","36.4","pmil","0","55.390","deg","20.000","°C","100.000","%a.s.","21.720","deg","20.000","°C","977.000","hPa","0.861","-0.02617","0.00035","0","0","13.56","Humid","26.25","0","44.00","378502.34","SABD0000000001","AAV1.0.0.11","4.0.0.2323","PSt7-10","170328-019","7/29/2022 11:23:46 AM","0000-00","0","no battery","V","","µV","","µV"
"08/11/2022","10:07:31","6","default","383292078","Oxt_06","23.601","min","96.169","%a.s.","Humid","20.787","deg","40973","µV","27.810","°C","1021.000","hPa","36.4","pmil","0","55.390","deg","20.000","°C","100.000","%a.s.","21.720","deg","20.000","°C","977.000","hPa","0.861","-0.02617","0.00035","0","0","13.56","Humid","26.25","0","44.00","378507.39","SABD0000000001","AAV1.0.0.11","4.0.0.2323","PSt7-10","170328-019","7/29/2022 11:23:46 AM","0000-00","0","no battery","V","","µV","","µV"
"08/11/2022","10:07:32","6","default","383292078","Oxt_06","23.618","min","96.200","%a.s.","Humid","20.783","deg","40972","µV","27.814","°C","1021.000","hPa","36.4","pmil","0","55.390","deg","20.000","°C","100.000","%a.s.","21.720","deg","20.000","°C","977.000","hPa","0.861","-0.02617","0.00035","0","0","13.56","Humid","26.25","0","44.00","378497.56","SABD0000000001","AAV1.0.0.11","4.0.0.2323","PSt7-10","170328-019","7/29/2022 11:23:46 AM","0000-00","0","no battery","V","","µV","","µV"
"08/11/2022","10:07:33","6","default","383292078","Oxt_06","23.634","min","96.185","%a.s.","Humid","20.784","deg","40975","µV","27.821","°C","1021.000","hPa","36.4","pmil","0","55.390","deg","20.000","°C","100.000","%a.s.","21.720","deg","20.000","°C","977.000","hPa","0.861","-0.02617","0.00035","0","0","13.56","Humid","26.25","0","44.00","378498.02","SABD0000000001","AAV1.0.0.11","4.0.0.2323","PSt7-10","170328-019","7/29/2022 11:23:46 AM","0000-00","0","no battery","V","","µV","","µV"
"08/11/2022","10:07:34","6","default","383292078","Oxt_06","23.651","min","96.170","%a.s.","Humid","20.787","deg","40972","µV","27.809","°C","1021.000","hPa","36.4","pmil","0","55.390","deg","20.000","°C","100.000","%a.s.","21.720","deg","20.000","°C","977.000","hPa","0.861","-0.02617","0.00035","0","0","13.56","Humid","26.25","0","44.00","378499.69","SABD0000000001","AAV1.0.0.11","4.0.0.2323","PSt7-10","170328-019","7/29/2022 11:23:46 AM","0000-00","0","no battery","V","","µV","","µV"
"08/11/2022","10:07:35","6","default","383292078","Oxt_06","23.668","min","96.231","%a.s.","Humid","20.780","deg","40976","µV","27.807","°C","1021.000","hPa","36.4","pmil","0","55.390","deg","20.000","°C","100.000","%a.s.","21.720","deg","20.000","°C","977.000","hPa","0.861","-0.02617","0.00035","0","0","13.56","Humid","26.25","0","44.00","378505.76","SABD0000000001","AAV1.0.0.11","4.0.0.2323","PSt7-10","170328-019","7/29/2022 11:23:46 AM","0000-00","0","no battery","V","","µV","","µV"
"08/11/2022","10:07:36","6","default","383292078","Oxt_06","23.684","min","96.175","%a.s.","Humid","20.784","deg","40976","µV","27.831","°C","1021.000","hPa","36.4","pmil","0","55.390","deg","20.000","°C","100.000","%a.s.","21.720","deg","20.000","°C","977.000","hPa","0.861","-0.02617","0.00035","0","0","13.56","Humid","26.25","0","44.00","378497.28","SABD0000000001","AAV1.0.0.11","4.0.0.2323","PSt7-10","170328-019","7/29/2022 11:23:46 AM","0000-00","0","no battery","V","","µV","","µV"
"08/11/2022","10:07:37","6","default","383292078","Oxt_06","23.701","min","96.180","%a.s.","Humid","20.784","deg","40977","µV","27.826","°C","1021.000","hPa","36.4","pmil","0","55.390","deg","20.000","°C","100.000","%a.s.","21.720","deg","20.000","°C","977.000","hPa","0.861","-0.02617","0.00035","0","0","13.56","Humid","26.25","0","44.00","378502.88","SABD0000000001","AAV1.0.0.11","4.0.0.2323","PSt7-10","170328-019","7/29/2022 11:23:46 AM","0000-00","0","no battery","V","","µV","","µV"
"08/11/2022","10:07:38","6","default","383292078","Oxt_06","23.718","min","96.148","%a.s.","Humid","20.788","deg","40970","µV","27.823","°C","1021.000","hPa","36.4","pmil","0","55.390","deg","20.000","°C","100.000","%a.s.","21.720","deg","20.000","°C","977.000","hPa","0.861","-0.02617","0.00035","0","0","13.56","Humid","26.25","0","44.00","378502.74","SABD0000000001","AAV1.0.0.11","4.0.0.2323","PSt7-10","170328-019","7/29/2022 11:23:46 AM","0000-00","0","no battery","V","","µV","","µV"
"08/11/2022","10:07:39","6","default","383292078","Oxt_06","23.734","min","96.235","%a.s.","Humid","20.778","deg","40974","µV","27.822","°C","1021.000","hPa","36.4","pmil","0","55.390","deg","20.000","°C","100.000","%a.s.","21.720","deg","20.000","°C","977.000","hPa","0.861","-0.02617","0.00035","0","0","13.56","Humid","26.25","0","44.00","378498.77","SABD0000000001","AAV1.0.0.11","4.0.0.2323","PSt7-10","170328-019","7/29/2022 11:23:46 AM","0000-00","0","no battery","V","","µV","","µV"
"08/11/2022","10:07:40","6","default","383292078","Oxt_06","23.751","min","96.111","%a.s.","Humid","20.791","deg","40981","µV","27.835","°C","1021.000","hPa","36.4","pmil","0","55.390","deg","20.000","°C","100.000","%a.s.","21.720","deg","20.000","°C","977.000","hPa","0.861","-0.02617","0.00035","0","0","13.56","Humid","26.25","0","44.00","378503.25","SABD0000000001","AAV1.0.0.11","4.0.0.2323","PSt7-10","170328-019","7/29/2022 11:23:46 AM","0000-00","0","no battery","V","","µV","","µV"
"08/11/2022","10:07:41","6","default","383292078","Oxt_06","23.768","min","96.183","%a.s.","Humid","20.783","deg","40972","µV","27.831","°C","1021.000","hPa","36.4","pmil","0","55.390","deg","20.000","°C","100.000","%a.s.","21.720","deg","20.000","°C","977.000","hPa","0.861","-0.02617","0.00035","0","0","13.56","Humid","26.25","0","44.00","378487.91","SABD0000000001","AAV1.0.0.11","4.0.0.2323","PSt7-10","170328-019","7/29/2022 11:23:46 AM","0000-00","0","no battery","V","","µV","","µV"
"08/11/2022","10:07:42","6","default","383292078","Oxt_06","23.784","min","96.169","%a.s.","Humid","20.785","deg","40973","µV","27.829","°C","1021.000","hPa","36.4","pmil","0","55.390","deg","20.000","°C","100.000","%a.s.","21.720","deg","20.000","°C","977.000","hPa","0.861","-0.02617","0.00035","0","0","13.56","Humid","26.25","0","44.00","378490.02","SABD0000000001","AAV1.0.0.11","4.0.0.2323","PSt7-10","170328-019","7/29/2022 11:23:46 AM","0000-00","0","no battery","V","","µV","","µV"
"08/11/2022","10:07:43","6","default","383292078","Oxt_06","23.801","min","96.196","%a.s.","Humid","20.782","deg","40980","µV","27.827","°C","1021.000","hPa","36.4","pmil","0","55.390","deg","20.000","°C","100.000","%a.s.","21.720","deg","20.000","°C","977.000","hPa","0.861","-0.02617","0.00035","0","0","13.56","Humid","26.25","0","44.00","378481.44","SABD0000000001","AAV1.0.0.11","4.0.0.2323","PSt7-10","170328-019","7/29/2022 11:23:46 AM","0000-00","0","no battery","V","","µV","","µV"
"08/11/2022","10:07:44","6","default","383292078","Oxt_06","23.818","min","96.122","%a.s.","Humid","20.790","deg","40979","µV","27.832","°C","1021.000","hPa","36.4","pmil","0","55.390","deg","20.000","°C","100.000","%a.s.","21.720","deg","20.000","°C","977.000","hPa","0.861","-0.02617","0.00035","0","0","13.56","Humid","26.25","0","44.00","378494.41","SABD0000000001","AAV1.0.0.11","4.0.0.2323","PSt7-10","170328-019","7/29/2022 11:23:46 AM","0000-00","0","no battery","V","","µV","","µV"
"08/11/2022","10:07:45","6","default","383292078","Oxt_06","23.834","min","96.117","%a.s.","Humid","20.791","deg","40973","µV","27.829","°C","1021.000","hPa","36.4","pmil","0","55.390","deg","20.000","°C","100.000","%a.s.","21.720","deg","20.000","°C","977.000","hPa","0.861","-0.02617","0.00035","0","0","13.56","Humid","26.25","0","44.00","378490.56","SABD0000000001","AAV1.0.0.11","4.0.0.2323","PSt7-10","170328-019","7/29/2022 11:23:46 AM","0000-00","0","no battery","V","","µV","","µV"
"08/11/2022","10:07:46","6","default","383292078","Oxt_06","23.851","min","96.141","%a.s.","Humid","20.789","deg","40982","µV","27.822","°C","1021.000","hPa","36.4","pmil","0","55.390","deg","20.000","°C","100.000","%a.s.","21.720","deg","20.000","°C","977.000","hPa","0.861","-0.02617","0.00035","0","0","13.56","Humid","26.25","0","44.00","378488.28","SABD0000000001","AAV1.0.0.11","4.0.0.2323","PSt7-10","170328-019","7/29/2022 11:23:46 AM","0000-00","0","no battery","V","","µV","","µV"
"08/11/2022","10:07:47","6","default","383292078","Oxt_06","23.868","min","96.163","%a.s.","Humid","20.786","deg","40987","µV","27.826","°C","1021.000","hPa","36.4","pmil","0","55.390","deg","20.000","°C","100.000","%a.s.","21.720","deg","20.000","°C","977.000","hPa","0.861","-0.02617","0.00035","0","0","13.56","Humid","26.25","0","44.00","378497.10","SABD0000000001","AAV1.0.0.11","4.0.0.2323","PSt7-10","170328-019","7/29/2022 11:23:46 AM","0000-00","0","no battery","V","","µV","","µV"
"08/11/2022","10:07:48","6","default","383292078","Oxt_06","23.884","min","96.183","%a.s.","Humid","20.785","deg","40978","µV","27.813","°C","1021.000","hPa","36.4","pmil","0","55.390","deg","20.000","°C","100.000","%a.s.","21.720","deg","20.000","°C","977.000","hPa","0.861","-0.02617","0.00035","0","0","13.56","Humid","26.25","0","44.00","378484.89","SABD0000000001","AAV1.0.0.11","4.0.0.2323","PSt7-10","170328-019","7/29/2022 11:23:46 AM","0000-00","0","no battery","V","","µV","","µV"
"08/11/2022","10:07:49","6","default","383292078","Oxt_06","23.901","min","96.205","%a.s.","Humid","20.782","deg","40984","µV","27.817","°C","1021.000","hPa","36.4","pmil","0","55.390","deg","20.000","°C","100.000","%a.s.","21.720","deg","20.000","°C","977.000","hPa","0.861","-0.02617","0.00035","0","0","13.56","Humid","26.25","0","44.00","378485.47","SABD0000000001","AAV1.0.0.11","4.0.0.2323","PSt7-10","170328-019","7/29/2022 11:23:46 AM","0000-00","0","no battery","V","","µV","","µV"
"08/11/2022","10:07:50","6","default","383292078","Oxt_06","23.918","min","96.188","%a.s.","Humid","20.785","deg","40984","µV","27.807","°C","1021.000","hPa","36.4","pmil","0","55.390","deg","20.000","°C","100.000","%a.s.","21.720","deg","20.000","°C","977.000","hPa","0.861","-0.02617","0.00035","0","0","13.56","Humid","26.25","0","44.00","378482.62","SABD0000000001","AAV1.0.0.11","4.0.0.2323","PSt7-10","170328-019","7/29/2022 11:23:46 AM","0000-00","0","no battery","V","","µV","","µV"
"08/11/2022","10:07:51","6","default","383292078","Oxt_06","23.934","min","96.143","%a.s.","Humid","20.789","deg","40980","µV","27.819","°C","1021.000","hPa","36.4","pmil","0","55.390","deg","20.000","°C","100.000","%a.s.","21.720","deg","20.000","°C","977.000","hPa","0.861","-0.02617","0.00035","0","0","13.56","Humid","26.25","0","44.00","378480.28","SABD0000000001","AAV1.0.0.11","4.0.0.2323","PSt7-10","170328-019","7/29/2022 11:23:46 AM","0000-00","0","no battery","V","","µV","","µV"
"08/11/2022","10:07:52","6","default","383292078","Oxt_06","23.951","min","96.139","%a.s.","Humid","20.791","deg","40980","µV","27.805","°C","1021.000","hPa","36.4","pmil","0","55.390","deg","20.000","°C","100.000","%a.s.","21.720","deg","20.000","°C","977.000","hPa","0.861","-0.02617","0.00035","0","0","13.56","Humid","26.25","0","44.00","378473.08","SABD0000000001","AAV1.0.0.11","4.0.0.2323","PSt7-10","170328-019","7/29/2022 11:23:46 AM","0000-00","0","no battery","V","","µV","","µV"
"08/11/2022","10:07:53","6","default","383292078","Oxt_06","23.968","min","96.227","%a.s.","Humid","20.779","deg","40979","µV","27.821","°C","1021.000","hPa","36.4","pmil","0","55.390","deg","20.000","°C","100.000","%a.s.","21.720","deg","20.000","°C","977.000","hPa","0.861","-0.02617","0.00035","0","0","13.56","Humid","26.25","0","44.00","378479.19","SABD0000000001","AAV1.0.0.11","4.0.0.2323","PSt7-10","170328-019","7/29/2022 11:23:46 AM","0000-00","0","no battery","V","","µV","","µV"
"08/11/2022","10:07:54","6","default","383292078","Oxt_06","23.984","min","96.171","%a.s.","Humid","20.786","deg","40986","µV","27.817","°C","1021.000","hPa","36.4","pmil","0","55.390","deg","20.000","°C","100.000","%a.s.","21.720","deg","20.000","°C","977.000","hPa","0.861","-0.02617","0.00035","0","0","13.56","Humid","26.25","0","44.00","378484.34","SABD0000000001","AAV1.0.0.11","4.0.0.2323","PSt7-10","170328-019","7/29/2022 11:23:46 AM","0000-00","0","no battery","V","","µV","","µV"
"08/11/2022","10:07:55","6","default","383292078","Oxt_06","24.001","min","96.198","%a.s.","Humid","20.782","deg","40979","µV","27.825","°C","1021.000","hPa","36.4","pmil","0","55.390","deg","20.000","°C","100.000","%a.s.","21.720","deg","20.000","°C","977.000","hPa","0.861","-0.02617","0.00035","0","0","13.56","Humid","26.25","0","44.00","378472.23","SABD0000000001","AAV1.0.0.11","4.0.0.2323","PSt7-10","170328-019","7/29/2022 11:23:46 AM","0000-00","0","no battery","V","","µV","","µV"
"08/11/2022","10:07:56","6","default","383292078","Oxt_06","24.018","min","96.080","%a.s.","Humid","20.795","deg","40980","µV","27.832","°C","1021.000","hPa","36.4","pmil","0","55.390","deg","20.000","°C","100.000","%a.s.","21.720","deg","20.000","°C","977.000","hPa","0.861","-0.02617","0.00035","0","0","13.56","Humid","26.25","0","44.00","378465.26","SABD0000000001","AAV1.0.0.11","4.0.0.2323","PSt7-10","170328-019","7/29/2022 11:23:46 AM","0000-00","0","no battery","V","","µV","","µV"
"08/11/2022","10:07:57","6","default","383292078","Oxt_06","24.034","min","96.159","%a.s.","Humid","20.787","deg","40985","µV","27.821","°C","1021.000","hPa","36.4","pmil","0","55.390","deg","20.000","°C","100.000","%a.s.","21.720","deg","20.000","°C","977.000","hPa","0.861","-0.02617","0.00035","0","0","13.56","Humid","26.25","0","44.00","378475.16","SABD0000000001","AAV1.0.0.11","4.0.0.2323","PSt7-10","170328-019","7/29/2022 11:23:46 AM","0000-00","0","no battery","V","","µV","","µV"
"08/11/2022","10:07:58","6","default","383292078","Oxt_06","24.051","min","96.171","%a.s.","Humid","20.785","deg","40987","µV","27.827","°C","1021.000","hPa","36.4","pmil","0","55.390","deg","20.000","°C","100.000","%a.s.","21.720","deg","20.000","°C","977.000","hPa","0.861","-0.02617","0.00035","0","0","13.56","Humid","26.25","0","44.00","378482.85","SABD0000000001","AAV1.0.0.11","4.0.0.2323","PSt7-10","170328-019","7/29/2022 11:23:46 AM","0000-00","0","no battery","V","","µV","","µV"
"08/11/2022","10:07:59","6","default","383292078","Oxt_06","24.068","min","96.144","%a.s.","Humid","20.789","deg","40987","µV","27.818","°C","1021.000","hPa","36.4","pmil","0","55.390","deg","20.000","°C","100.000","%a.s.","21.720","deg","20.000","°C","977.000","hPa","0.861","-0.02617","0.00035","0","0","13.56","Humid","26.25","0","44.00","378481.56","SABD0000000001","AAV1.0.0.11","4.0.0.2323","PSt7-10","170328-019","7/29/2022 11:23:46 AM","0000-00","0","no battery","V","","µV","","µV"
"08/11/2022","10:08:00","6","default","383292078","Oxt_06","24.084","min","96.130","%a.s.","Humid","20.791","deg","40989","µV","27.814","°C","1021.000","hPa","36.4","pmil","0","55.390","deg","20.000","°C","100.000","%a.s.","21.720","deg","20.000","°C","977.000","hPa","0.861","-0.02617","0.00035","0","0","13.56","Humid","26.25","0","44.00","378467.91","SABD0000000001","AAV1.0.0.11","4.0.0.2323","PSt7-10","170328-019","7/29/2022 11:23:46 AM","0000-00","0","no battery","V","","µV","","µV"
"08/11/2022","10:08:01","6","default","383292078","Oxt_06","24.101","min","96.250","%a.s.","Humid","20.776","deg","40983","µV","27.825","°C","1021.000","hPa","36.4","pmil","0","55.390","deg","20.000","°C","100.000","%a.s.","21.720","deg","20.000","°C","977.000","hPa","0.861","-0.02617","0.00035","0","0","13.56","Humid","26.25","0","44.00","378465.11","SABD0000000001","AAV1.0.0.11","4.0.0.2323","PSt7-10","170328-019","7/29/2022 11:23:46 AM","0000-00","0","no battery","V","","µV","","µV"
"08/11/2022","10:08:02","6","default","383292078","Oxt_06","24.117","min","96.153","%a.s.","Humid","20.789","deg","40982","µV","27.809","°C","1021.000","hPa","36.4","pmil","0","55.390","deg","20.000","°C","100.000","%a.s.","21.720","deg","20.000","°C","977.000","hPa","0.861","-0.02617","0.00035","0","0","13.56","Humid","26.25","0","44.00","378473.14","SABD0000000001","AAV1.0.0.11","4.0.0.2323","PSt7-10","170328-019","7/29/2022 11:23:46 AM","0000-00","0","no battery","V","","µV","","µV"
"08/11/2022","10:08:03","6","default","383292078","Oxt_06","24.134","min","96.171","%a.s.","Humid","20.787","deg","40985","µV","27.808","°C","1021.000","hPa","36.4","pmil","0","55.390","deg","20.000","°C","100.000","%a.s.","21.720","deg","20.000","°C","977.000","hPa","0.861","-0.02617","0.00035","0","0","13.56","Humid","26.25","0","44.00","378469.99","SABD0000000001","AAV1.0.0.11","4.0.0.2323","PSt7-10","170328-019","7/29/2022 11:23:46 AM","0000-00","0","no battery","V","","µV","","µV"
"08/11/2022","10:08:04","6","default","383292078","Oxt_06","24.150","min","96.163","%a.s.","Humid","20.787","deg","40985","µV","27.816","°C","1021.000","hPa","36.4","pmil","0","55.390","deg","20.000","°C","100.000","%a.s.","21.720","deg","20.000","°C","977.000","hPa","0.861","-0.02617","0.00035","0","0","13.56","Humid","26.25","0","44.00","378474.26","SABD0000000001","AAV1.0.0.11","4.0.0.2323","PSt7-10","170328-019","7/29/2022 11:23:46 AM","0000-00","0","no battery","V","","µV","","µV"
"08/11/2022","10:08:05","6","default","383292078","Oxt_06","24.167","min","96.093","%a.s.","Humid","20.794","deg","40984","µV","27.827","°C","1021.000","hPa","36.4","pmil","0","55.390","deg","20.000","°C","100.000","%a.s.","21.720","deg","20.000","°C","977.000","hPa","0.861","-0.02617","0.00035","0","0","13.56","Humid","26.25","0","44.00","378464.75","SABD0000000001","AAV1.0.0.11","4.0.0.2323","PSt7-10","170328-019","7/29/2022 11:23:46 AM","0000-00","0","no battery","V","","µV","","µV"
"08/11/2022","10:08:06","6","default","383292078","Oxt_06","24.184","min","96.186","%a.s.","Humid","20.783","deg","40986","µV","27.829","°C","1021.000","hPa","36.4","pmil","0","55.390","deg","20.000","°C","100.000","%a.s.","21.720","deg","20.000","°C","977.000","hPa","0.861","-0.02617","0.00035","0","0","13.56","Humid","26.25","0","44.00","378460.48","SABD0000000001","AAV1.0.0.11","4.0.0.2323","PSt7-10","170328-019","7/29/2022 11:23:46 AM","0000-00","0","no battery","V","","µV","","µV"
"08/11/2022","10:08:07","6","default","383292078","Oxt_06","24.200","min","96.119","%a.s.","Humid","20.793","deg","40985","µV","27.808","°C","1021.000","hPa","36.4","pmil","0","55.390","deg","20.000","°C","100.000","%a.s.","21.720","deg","20.000","°C","977.000","hPa","0.861","-0.02617","0.00035","0","0","13.56","Humid","26.25","0","44.00","378456.89","SABD0000000001","AAV1.0.0.11","4.0.0.2323","PSt7-10","170328-019","7/29/2022 11:23:46 AM","0000-00","0","no battery","V","","µV","","µV"
"08/11/2022","10:08:08","6","default","383292078","Oxt_06","24.217","min","96.093","%a.s.","Humid","20.796","deg","40980","µV","27.809","°C","1021.000","hPa","36.4","pmil","0","55.390","deg","20.000","°C","100.000","%a.s.","21.720","deg","20.000","°C","977.000","hPa","0.861","-0.02617","0.00035","0","0","13.56","Humid","26.25","0","44.00","378471.73","SABD0000000001","AAV1.0.0.11","4.0.0.2323","PSt7-10","170328-019","7/29/2022 11:23:46 AM","0000-00","0","no battery","V","","µV","","µV"
"08/11/2022","10:08:09","6","default","383292078","Oxt_06","24.234","min","96.174","%a.s.","Humid","20.785","deg","40992","µV","27.823","°C","1021.000","hPa","36.4","pmil","0","55.390","deg","20.000","°C","100.000","%a.s.","21.720","deg","20.000","°C","977.000","hPa","0.861","-0.02617","0.00035","0","0","13.56","Humid","26.25","0","44.00","378464.34","SABD0000000001","AAV1.0.0.11","4.0.0.2323","PSt7-10","170328-019","7/29/2022 11:23:46 AM","0000-00","0","no battery","V","","µV","","µV"
"08/11/2022","10:08:10","6","default","383292078","Oxt_06","24.250","min","96.163","%a.s.","Humid","20.787","deg","40985","µV","27.816","°C","1021.000","hPa","36.4","pmil","0","55.390","deg","20.000","°C","100.000","%a.s.","21.720","deg","20.000","°C","977.000","hPa","0.861","-0.02617","0.00035","0","0","13.56","Humid","26.25","0","44.00","378468.61","SABD0000000001","AAV1.0.0.11","4.0.0.2323","PSt7-10","170328-019","7/29/2022 11:23:46 AM","0000-00","0","no battery","V","","µV","","µV"
"08/11/2022","10:08:11","6","default","383292078","Oxt_06","24.267","min","96.183","%a.s.","Humid","20.784","deg","40984","µV","27.823","°C","1021.000","hPa","36.4","pmil","0","55.390","deg","20.000","°C","100.000","%a.s.","21.720","deg","20.000","°C","977.000","hPa","0.861","-0.02617","0.00035","0","0","13.56","Humid","26.25","0","44.00","378465.67","SABD0000000001","AAV1.0.0.11","4.0.0.2323","PSt7-10","170328-019","7/29/2022 11:23:46 AM","0000-00","0","no battery","V","","µV","","µV"
"08/11/2022","10:08:12","6","default","383292078","Oxt_06","24.284","min","96.206","%a.s.","Humid","20.782","deg","40981","µV","27.816","°C","1021.000","hPa","36.4","pmil","0","55.390","deg","20.000","°C","100.000","%a.s.","21.720","deg","20.000","°C","977.000","hPa","0.861","-0.02617","0.00035","0","0","13.56","Humid","26.25","0","44.00","378457.12","SABD0000000001","AAV1.0.0.11","4.0.0.2323","PSt7-10","170328-019","7/29/2022 11:23:46 AM","0000-00","0","no battery","V","","µV","","µV"
"08/11/2022","10:08:13","6","default","383292078","Oxt_06","24.300","min","96.134","%a.s.","Humid","20.790","deg","40989","µV","27.820","°C","1021.000","hPa","36.4","pmil","0","55.390","deg","20.000","°C","100.000","%a.s.","21.720","deg","20.000","°C","977.000","hPa","0.861","-0.02617","0.00035","0","0","13.56","Humid","26.25","0","44.00","378459.88","SABD0000000001","AAV1.0.0.11","4.0.0.2323","PSt7-10","170328-019","7/29/2022 11:23:46 AM","0000-00","0","no battery","V","","µV","","µV"
"08/11/2022","10:08:14","6","default","383292078","Oxt_06","24.317","min","96.128","%a.s.","Humid","20.789","deg","40989","µV","27.835","°C","1021.000","hPa","36.4","pmil","0","55.390","deg","20.000","°C","100.000","%a.s.","21.720","deg","20.000","°C","977.000","hPa","0.861","-0.02617","0.00035","0","0","13.56","Humid","26.25","0","44.00","378458.11","SABD0000000001","AAV1.0.0.11","4.0.0.2323","PSt7-10","170328-019","7/29/2022 11:23:46 AM","0000-00","0","no battery","V","","µV","","µV"
"08/11/2022","10:08:15","6","default","383292078","Oxt_06","24.334","min","96.118","%a.s.","Humid","20.790","deg","40987","µV","27.837","°C","1021.000","hPa","36.4","pmil","0","55.390","deg","20.000","°C","100.000","%a.s.","21.720","deg","20.000","°C","977.000","hPa","0.861","-0.02617","0.00035","0","0","13.56","Humid","26.25","0","44.00","378463.70","SABD0000000001","AAV1.0.0.11","4.0.0.2323","PSt7-10","170328-019","7/29/2022 11:23:46 AM","0000-00","0","no battery","V","","µV","","µV"
"08/11/2022","10:08:16","6","default","383292078","Oxt_06","24.350","min","96.116","%a.s.","Humid","20.792","deg","40994","µV","27.821","°C","1021.000","hPa","36.4","pmil","0","55.390","deg","20.000","°C","100.000","%a.s.","21.720","deg","20.000","°C","977.000","hPa","0.861","-0.02617","0.00035","0","0","13.56","Humid","26.25","0","44.00","378461.65","SABD0000000001","AAV1.0.0.11","4.0.0.2323","PSt7-10","170328-019","7/29/2022 11:23:46 AM","0000-00","0","no battery","V","","µV","","µV"
"08/11/2022","10:08:17","6","default","383292078","Oxt_06","24.367","min","96.141","%a.s.","Humid","20.789","deg","40990","µV","27.822","°C","1021.000","hPa","36.4","pmil","0","55.390","deg","20.000","°C","100.000","%a.s.","21.720","deg","20.000","°C","977.000","hPa","0.861","-0.02617","0.00035","0","0","13.56","Humid","26.25","0","44.00","378445.80","SABD0000000001","AAV1.0.0.11","4.0.0.2323","PSt7-10","170328-019","7/29/2022 11:23:46 AM","0000-00","0","no battery","V","","µV","","µV"
"08/11/2022","10:08:18","6","default","383292078","Oxt_06","24.384","min","96.129","%a.s.","Humid","20.790","deg","40991","µV","27.825","°C","1021.000","hPa","36.4","pmil","0","55.390","deg","20.000","°C","100.000","%a.s.","21.720","deg","20.000","°C","977.000","hPa","0.861","-0.02617","0.00035","0","0","13.56","Humid","26.25","0","44.00","378457.88","SABD0000000001","AAV1.0.0.11","4.0.0.2323","PSt7-10","170328-019","7/29/2022 11:23:46 AM","0000-00","0","no battery","V","","µV","","µV"
"08/11/2022","10:08:19","6","default","383292078","Oxt_06","24.401","min","96.063","%a.s.","Humid","20.798","deg","40990","µV","27.823","°C","1021.000","hPa","36.4","pmil","0","55.390","deg","20.000","°C","100.000","%a.s.","21.720","deg","20.000","°C","977.000","hPa","0.861","-0.02617","0.00035","0","0","13.56","Humid","26.25","0","44.00","378467.12","SABD0000000001","AAV1.0.0.11","4.0.0.2323","PSt7-10","170328-019","7/29/2022 11:23:46 AM","0000-00","0","no battery","V","","µV","","µV"
"08/11/2022","10:08:20","6","default","383292078","Oxt_06","24.417","min","96.128","%a.s.","Humid","20.791","deg","40992","µV","27.817","°C","1021.000","hPa","36.4","pmil","0","55.390","deg","20.000","°C","100.000","%a.s.","21.720","deg","20.000","°C","977.000","hPa","0.861","-0.02617","0.00035","0","0","13.56","Humid","26.25","0","44.00","378460.29","SABD0000000001","AAV1.0.0.11","4.0.0.2323","PSt7-10","170328-019","7/29/2022 11:23:46 AM","0000-00","0","no battery","V","","µV","","µV"
"08/11/2022","10:08:21","6","default","383292078","Oxt_06","24.434","min","96.187","%a.s.","Humid","20.784","deg","40982","µV","27.819","°C","1021.000","hPa","36.4","pmil","0","55.390","deg","20.000","°C","100.000","%a.s.","21.720","deg","20.000","°C","977.000","hPa","0.861","-0.02617","0.00035","0","0","13.56","Humid","26.25","0","44.00","378455.16","SABD0000000001","AAV1.0.0.11","4.0.0.2323","PSt7-10","170328-019","7/29/2022 11:23:46 AM","0000-00","0","no battery","V","","µV","","µV"
"08/11/2022","10:08:22","6","default","383292078","Oxt_06","24.451","min","96.128","%a.s.","Humid","20.791","deg","40988","µV","27.817","°C","1021.000","hPa","36.4","pmil","0","55.390","deg","20.000","°C","100.000","%a.s.","21.720","deg","20.000","°C","977.000","hPa","0.861","-0.02617","0.00035","0","0","13.56","Humid","26.25","0","44.00","378449.88","SABD0000000001","AAV1.0.0.11","4.0.0.2323","PSt7-10","170328-019","7/29/2022 11:23:46 AM","0000-00","0","no battery","V","","µV","","µV"
"08/11/2022","10:08:23","6","default","383292078","Oxt_06","24.467","min","96.136","%a.s.","Humid","20.789","deg","40982","µV","27.827","°C","1021.000","hPa","36.4","pmil","0","55.390","deg","20.000","°C","100.000","%a.s.","21.720","deg","20.000","°C","977.000","hPa","0.861","-0.02617","0.00035","0","0","13.56","Humid","26.25","0","44.00","378444.96","SABD0000000001","AAV1.0.0.11","4.0.0.2323","PSt7-10","170328-019","7/29/2022 11:23:46 AM","0000-00","0","no battery","V","","µV","","µV"
"08/11/2022","10:08:24","6","default","383292078","Oxt_06","24.484","min","96.103","%a.s.","Humid","20.792","deg","40991","µV","27.835","°C","1021.000","hPa","36.4","pmil","0","55.390","deg","20.000","°C","100.000","%a.s.","21.720","deg","20.000","°C","977.000","hPa","0.861","-0.02617","0.00035","0","0","13.56","Humid","26.25","0","44.00","378444.72","SABD0000000001","AAV1.0.0.11","4.0.0.2323","PSt7-10","170328-019","7/29/2022 11:23:46 AM","0000-00","0","no battery","V","","µV","","µV"
"08/11/2022","10:08:25","6","default","383292078","Oxt_06","24.501","min","96.080","%a.s.","Humid","20.796","deg","40991","µV","27.823","°C","1021.000","hPa","36.4","pmil","0","55.390","deg","20.000","°C","100.000","%a.s.","21.720","deg","20.000","°C","977.000","hPa","0.861","-0.02617","0.00035","0","0","13.56","Humid","26.25","0","44.00","378438.44","SABD0000000001","AAV1.0.0.11","4.0.0.2323","PSt7-10","170328-019","7/29/2022 11:23:46 AM","0000-00","0","no battery","V","","µV","","µV"
"08/11/2022","10:08:26","6","default","383292078","Oxt_06","24.517","min","96.163","%a.s.","Humid","20.787","deg","40995","µV","27.817","°C","1021.000","hPa","36.4","pmil","0","55.390","deg","20.000","°C","100.000","%a.s.","21.720","deg","20.000","°C","977.000","hPa","0.861","-0.02617","0.00035","0","0","13.56","Humid","26.25","0","44.00","378446.23","SABD0000000001","AAV1.0.0.11","4.0.0.2323","PSt7-10","170328-019","7/29/2022 11:23:46 AM","0000-00","0","no battery","V","","µV","","µV"
"08/11/2022","10:08:27","6","default","383292078","Oxt_06","24.534","min","96.190","%a.s.","Humid","20.784","deg","40988","µV","27.816","°C","1021.000","hPa","36.4","pmil","0","55.390","deg","20.000","°C","100.000","%a.s.","21.720","deg","20.000","°C","977.000","hPa","0.861","-0.02617","0.00035","0","0","13.56","Humid","26.25","0","44.00","378448.94","SABD0000000001","AAV1.0.0.11","4.0.0.2323","PSt7-10","170328-019","7/29/2022 11:23:46 AM","0000-00","0","no battery","V","","µV","","µV"
"08/11/2022","10:08:28","6","default","383292078","Oxt_06","24.551","min","96.104","%a.s.","Humid","20.794","deg","40992","µV","27.815","°C","1021.000","hPa","36.4","pmil","0","55.390","deg","20.000","°C","100.000","%a.s.","21.720","deg","20.000","°C","977.000","hPa","0.861","-0.02617","0.00035","0","0","13.56","Humid","26.25","0","44.00","378448.89","SABD0000000001","AAV1.0.0.11","4.0.0.2323","PSt7-10","170328-019","7/29/2022 11:23:46 AM","0000-00","0","no battery","V","","µV","","µV"
"08/11/2022","10:08:29","6","default","383292078","Oxt_06","24.567","min","96.128","%a.s.","Humid","20.791","deg","40989","µV","27.817","°C","1021.000","hPa","36.4","pmil","0","55.390","deg","20.000","°C","100.000","%a.s.","21.720","deg","20.000","°C","977.000","hPa","0.861","-0.02617","0.00035","0","0","13.56","Humid","26.25","0","44.00","378454.30","SABD0000000001","AAV1.0.0.11","4.0.0.2323","PSt7-10","170328-019","7/29/2022 11:23:46 AM","0000-00","0","no battery","V","","µV","","µV"
"08/11/2022","10:08:30","6","default","383292078","Oxt_06","24.584","min","96.119","%a.s.","Humid","20.792","deg","40993","µV","27.818","°C","1021.000","hPa","36.4","pmil","0","55.390","deg","20.000","°C","100.000","%a.s.","21.720","deg","20.000","°C","977.000","hPa","0.861","-0.02617","0.00035","0","0","13.56","Humid","26.25","0","44.00","378453.09","SABD0000000001","AAV1.0.0.11","4.0.0.2323","PSt7-10","170328-019","7/29/2022 11:23:46 AM","0000-00","0","no battery","V","","µV","","µV"
"08/11/2022","10:08:31","6","default","383292078","Oxt_06","24.601","min","96.069","%a.s.","Humid","20.799","deg","40993","µV","27.806","°C","1021.000","hPa","36.4","pmil","0","55.390","deg","20.000","°C","100.000","%a.s.","21.720","deg","20.000","°C","977.000","hPa","0.861","-0.02617","0.00035","0","0","13.56","Humid","26.25","0","44.00","378452.29","SABD0000000001","AAV1.0.0.11","4.0.0.2323","PSt7-10","170328-019","7/29/2022 11:23:46 AM","0000-00","0","no battery","V","","µV","","µV"
"08/11/2022","10:08:32","6","default","383292078","Oxt_06","24.617","min","96.143","%a.s.","Humid","20.789","deg","40995","µV","27.820","°C","1021.000","hPa","36.4","pmil","0","55.390","deg","20.000","°C","100.000","%a.s.","21.720","deg","20.000","°C","977.000","hPa","0.861","-0.02617","0.00035","0","0","13.56","Humid","26.25","0","44.00","378435.86","SABD0000000001","AAV1.0.0.11","4.0.0.2323","PSt7-10","170328-019","7/29/2022 11:23:46 AM","0000-00","0","no battery","V","","µV","","µV"
"08/11/2022","10:08:33","6","default","383292078","Oxt_06","24.634","min","96.048","%a.s.","Humid","20.799","deg","40991","µV","27.829","°C","1021.000","hPa","36.4","pmil","0","55.390","deg","20.000","°C","100.000","%a.s.","21.720","deg","20.000","°C","977.000","hPa","0.861","-0.02617","0.00035","0","0","13.56","Humid","26.25","0","44.00","378424.91","SABD0000000001","AAV1.0.0.11","4.0.0.2323","PSt7-10","170328-019","7/29/2022 11:23:46 AM","0000-00","0","no battery","V","","µV","","µV"
"08/11/2022","10:08:34","6","default","383292078","Oxt_06","24.651","min","96.172","%a.s.","Humid","20.785","deg","40993","µV","27.825","°C","1021.000","hPa","36.4","pmil","0","55.390","deg","20.000","°C","100.000","%a.s.","21.720","deg","20.000","°C","977.000","hPa","0.861","-0.02617","0.00035","0","0","13.56","Humid","26.25","0","44.00","378416.14","SABD0000000001","AAV1.0.0.11","4.0.0.2323","PSt7-10","170328-019","7/29/2022 11:23:46 AM","0000-00","0","no battery","V","","µV","","µV"
"08/11/2022","10:08:35","6","default","383292078","Oxt_06","24.667","min","96.062","%a.s.","Humid","20.797","deg","40995","µV","27.833","°C","1021.000","hPa","36.4","pmil","0","55.390","deg","20.000","°C","100.000","%a.s.","21.720","deg","20.000","°C","977.000","hPa","0.861","-0.02617","0.00035","0","0","13.56","Humid","26.25","0","44.00","378443.17","SABD0000000001","AAV1.0.0.11","4.0.0.2323","PSt7-10","170328-019","7/29/2022 11:23:46 AM","0000-00","0","no battery","V","","µV","","µV"
"08/11/2022","10:08:36","6","default","383292078","Oxt_06","24.684","min","96.058","%a.s.","Humid","20.798","deg","40994","µV","27.828","°C","1021.000","hPa","36.4","pmil","0","55.390","deg","20.000","°C","100.000","%a.s.","21.720","deg","20.000","°C","977.000","hPa","0.861","-0.02617","0.00035","0","0","13.56","Humid","26.25","0","44.00","378452.26","SABD0000000001","AAV1.0.0.11","4.0.0.2323","PSt7-10","170328-019","7/29/2022 11:23:46 AM","0000-00","0","no battery","V","","µV","","µV"
"08/11/2022","10:08:37","6","default","383292078","Oxt_06","24.701","min","96.075","%a.s.","Humid","20.796","deg","40999","µV","27.828","°C","1021.000","hPa","36.4","pmil","0","55.390","deg","20.000","°C","100.000","%a.s.","21.720","deg","20.000","°C","977.000","hPa","0.861","-0.02617","0.00035","0","0","13.56","Humid","26.25","0","44.00","378439.45","SABD0000000001","AAV1.0.0.11","4.0.0.2323","PSt7-10","170328-019","7/29/2022 11:23:46 AM","0000-00","0","no battery","V","","µV","","µV"
"08/11/2022","10:08:38","6","default","383292078","Oxt_06","24.717","min","96.070","%a.s.","Humid","20.796","deg","40989","µV","27.833","°C","1021.000","hPa","36.4","pmil","0","55.390","deg","20.000","°C","100.000","%a.s.","21.720","deg","20.000","°C","977.000","hPa","0.861","-0.02617","0.00035","0","0","13.56","Humid","26.25","0","44.00","378428.63","SABD0000000001","AAV1.0.0.11","4.0.0.2323","PSt7-10","170328-019","7/29/2022 11:23:46 AM","0000-00","0","no battery","V","","µV","","µV"
"08/11/2022","10:08:39","6","default","383292078","Oxt_06","24.734","min","96.075","%a.s.","Humid","20.796","deg","40999","µV","27.828","°C","1021.000","hPa","36.4","pmil","0","55.390","deg","20.000","°C","100.000","%a.s.","21.720","deg","20.000","°C","977.000","hPa","0.861","-0.02617","0.00035","0","0","13.56","Humid","26.25","0","44.00","378421.55","SABD0000000001","AAV1.0.0.11","4.0.0.2323","PSt7-10","170328-019","7/29/2022 11:23:46 AM","0000-00","0","no battery","V","","µV","","µV"
"08/11/2022","10:08:40","6","default","383292078","Oxt_06","24.751","min","96.145","%a.s.","Humid","20.787","deg","40992","µV","27.836","°C","1021.000","hPa","36.4","pmil","0","55.390","deg","20.000","°C","100.000","%a.s.","21.720","deg","20.000","°C","977.000","hPa","0.861","-0.02617","0.00035","0","0","13.56","Humid","26.25","0","44.00","378440.79","SABD0000000001","AAV1.0.0.11","4.0.0.2323","PSt7-10","170328-019","7/29/2022 11:23:46 AM","0000-00","0","no battery","V","","µV","","µV"
"08/11/2022","10:08:41","6","default","383292078","Oxt_06","24.768","min","96.085","%a.s.","Humid","20.794","deg","41000","µV","27.836","°C","1021.000","hPa","36.4","pmil","0","55.390","deg","20.000","°C","100.000","%a.s.","21.720","deg","20.000","°C","977.000","hPa","0.861","-0.02617","0.00035","0","0","13.56","Humid","26.25","0","44.00","378433.39","SABD0000000001","AAV1.0.0.11","4.0.0.2323","PSt7-10","170328-019","7/29/2022 11:23:46 AM","0000-00","0","no battery","V","","µV","","µV"
"08/11/2022","10:08:42","6","default","383292078","Oxt_06","24.784","min","96.101","%a.s.","Humid","20.793","deg","41000","µV","27.827","°C","1021.000","hPa","36.4","pmil","0","55.390","deg","20.000","°C","100.000","%a.s.","21.720","deg","20.000","°C","977.000","hPa","0.861","-0.02617","0.00035","0","0","13.56","Humid","26.25","0","44.00","378438.87","SABD0000000001","AAV1.0.0.11","4.0.0.2323","PSt7-10","170328-019","7/29/2022 11:23:46 AM","0000-00","0","no battery","V","","µV","","µV"
"08/11/2022","10:08:43","6","default","383292078","Oxt_06","24.801","min","96.135","%a.s.","Humid","20.790","deg","41000","µV","27.819","°C","1021.000","hPa","36.4","pmil","0","55.390","deg","20.000","°C","100.000","%a.s.","21.720","deg","20.000","°C","977.000","hPa","0.861","-0.02617","0.00035","0","0","13.56","Humid","26.25","0","44.00","378433.54","SABD0000000001","AAV1.0.0.11","4.0.0.2323","PSt7-10","170328-019","7/29/2022 11:23:46 AM","0000-00","0","no battery","V","","µV","","µV"
"08/11/2022","10:08:44","6","default","383292078","Oxt_06","24.818","min","96.054","%a.s.","Humid","20.799","deg","40997","µV","27.823","°C","1021.000","hPa","36.4","pmil","0","55.390","deg","20.000","°C","100.000","%a.s.","21.720","deg","20.000","°C","977.000","hPa","0.861","-0.02617","0.00035","0","0","13.56","Humid","26.25","0","44.00","378432.19","SABD0000000001","AAV1.0.0.11","4.0.0.2323","PSt7-10","170328-019","7/29/2022 11:23:46 AM","0000-00","0","no battery","V","","µV","","µV"
"08/11/2022","10:08:45","6","default","383292078","Oxt_06","24.834","min","96.032","%a.s.","Humid","20.802","deg","40997","µV","27.819","°C","1021.000","hPa","36.4","pmil","0","55.390","deg","20.000","°C","100.000","%a.s.","21.720","deg","20.000","°C","977.000","hPa","0.861","-0.02617","0.00035","0","0","13.56","Humid","26.25","0","44.00","378443.33","SABD0000000001","AAV1.0.0.11","4.0.0.2323","PSt7-10","170328-019","7/29/2022 11:23:46 AM","0000-00","0","no battery","V","","µV","","µV"
"08/11/2022","10:08:46","6","default","383292078","Oxt_06","24.851","min","96.020","%a.s.","Humid","20.804","deg","40998","µV","27.813","°C","1021.000","hPa","36.4","pmil","0","55.390","deg","20.000","°C","100.000","%a.s.","21.720","deg","20.000","°C","977.000","hPa","0.861","-0.02617","0.00035","0","0","13.56","Humid","26.25","0","44.00","378451.89","SABD0000000001","AAV1.0.0.11","4.0.0.2323","PSt7-10","170328-019","7/29/2022 11:23:46 AM","0000-00","0","no battery","V","","µV","","µV"
"08/11/2022","10:08:47","6","default","383292078","Oxt_06","24.868","min","96.058","%a.s.","Humid","20.798","deg","40993","µV","27.827","°C","1021.000","hPa","36.4","pmil","0","55.390","deg","20.000","°C","100.000","%a.s.","21.720","deg","20.000","°C","977.000","hPa","0.861","-0.02617","0.00035","0","0","13.56","Humid","26.25","0","44.00","378437.27","SABD0000000001","AAV1.0.0.11","4.0.0.2323","PSt7-10","170328-019","7/29/2022 11:23:46 AM","0000-00","0","no battery","V","","µV","","µV"
"08/11/2022","10:08:48","6","default","383292078","Oxt_06","24.884","min","96.072","%a.s.","Humid","20.797","deg","40996","µV","27.822","°C","1021.000","hPa","36.4","pmil","0","55.390","deg","20.000","°C","100.000","%a.s.","21.720","deg","20.000","°C","977.000","hPa","0.861","-0.02617","0.00035","0","0","13.56","Humid","26.25","0","44.00","378425.29","SABD0000000001","AAV1.0.0.11","4.0.0.2323","PSt7-10","170328-019","7/29/2022 11:23:46 AM","0000-00","0","no battery","V","","µV","","µV"
"08/11/2022","10:08:49","6","default","383292078","Oxt_06","24.901","min","96.070","%a.s.","Humid","20.797","deg","40996","µV","27.825","°C","1021.000","hPa","36.4","pmil","0","55.390","deg","20.000","°C","100.000","%a.s.","21.720","deg","20.000","°C","977.000","hPa","0.861","-0.02617","0.00035","0","0","13.56","Humid","26.25","0","44.00","378440.12","SABD0000000001","AAV1.0.0.11","4.0.0.2323","PSt7-10","170328-019","7/29/2022 11:23:46 AM","0000-00","0","no battery","V","","µV","","µV"
"08/11/2022","10:08:50","6","default","383292078","Oxt_06","24.918","min","96.057","%a.s.","Humid","20.799","deg","40998","µV","27.820","°C","1021.000","hPa","36.4","pmil","0","55.390","deg","20.000","°C","100.000","%a.s.","21.720","deg","20.000","°C","977.000","hPa","0.861","-0.02617","0.00035","0","0","13.56","Humid","26.25","0","44.00","378436.10","SABD0000000001","AAV1.0.0.11","4.0.0.2323","PSt7-10","170328-019","7/29/2022 11:23:46 AM","0000-00","0","no battery","V","","µV","","µV"
"08/11/2022","10:08:51","6","default","383292078","Oxt_06","24.934","min","96.089","%a.s.","Humid","20.794","deg","41002","µV","27.831","°C","1021.000","hPa","36.4","pmil","0","55.390","deg","20.000","°C","100.000","%a.s.","21.720","deg","20.000","°C","977.000","hPa","0.861","-0.02617","0.00035","0","0","13.56","Humid","26.25","0","44.00","378411.89","SABD0000000001","AAV1.0.0.11","4.0.0.2323","PSt7-10","170328-019","7/29/2022 11:23:46 AM","0000-00","0","no battery","V","","µV","","µV"
"08/11/2022","10:08:52","6","default","383292078","Oxt_06","24.951","min","96.057","%a.s.","Humid","20.798","deg","41002","µV","27.829","°C","1021.000","hPa","36.4","pmil","0","55.390","deg","20.000","°C","100.000","%a.s.","21.720","deg","20.000","°C","977.000","hPa","0.861","-0.02617","0.00035","0","0","13.56","Humid","26.25","0","44.00","378427.09","SABD0000000001","AAV1.0.0.11","4.0.0.2323","PSt7-10","170328-019","7/29/2022 11:23:46 AM","0000-00","0","no battery","V","","µV","","µV"
"08/11/2022","10:08:53","6","default","383292078","Oxt_06","24.968","min","96.016","%a.s.","Humid","20.801","deg","41001","µV","27.845","°C","1021.000","hPa","36.4","pmil","0","55.390","deg","20.000","°C","100.000","%a.s.","21.720","deg","20.000","°C","977.000","hPa","0.861","-0.02617","0.00035","0","0","13.56","Humid","26.25","0","44.00","378425.57","SABD0000000001","AAV1.0.0.11","4.0.0.2323","PSt7-10","170328-019","7/29/2022 11:23:46 AM","0000-00","0","no battery","V","","µV","","µV"
"08/11/2022","10:08:54","6","default","383292078","Oxt_06","24.984","min","96.116","%a.s.","Humid","20.792","deg","41007","µV","27.821","°C","1021.000","hPa","36.4","pmil","0","55.390","deg","20.000","°C","100.000","%a.s.","21.720","deg","20.000","°C","977.000","hPa","0.861","-0.02617","0.00035","0","0","13.56","Humid","26.25","0","44.00","378429.89","SABD0000000001","AAV1.0.0.11","4.0.0.2323","PSt7-10","170328-019","7/29/2022 11:23:46 AM","0000-00","0","no battery","V","","µV","","µV"
"08/11/2022","10:08:55","6","default","383292078","Oxt_06","25.001","min","96.026","%a.s.","Humid","20.801","deg","41000","µV","27.834","°C","1021.000","hPa","36.4","pmil","0","55.390","deg","20.000","°C","100.000","%a.s.","21.720","deg","20.000","°C","977.000","hPa","0.861","-0.02617","0.00035","0","0","13.56","Humid","26.25","0","44.00","378414.61","SABD0000000001","AAV1.0.0.11","4.0.0.2323","PSt7-10","170328-019","7/29/2022 11:23:46 AM","0000-00","0","no battery","V","","µV","","µV"
"08/11/2022","10:08:56","6","default","383292078","Oxt_06","25.018","min","96.071","%a.s.","Humid","20.796","deg","40999","µV","27.833","°C","1021.000","hPa","36.4","pmil","0","55.390","deg","20.000","°C","100.000","%a.s.","21.720","deg","20.000","°C","977.000","hPa","0.861","-0.02617","0.00035","0","0","13.56","Humid","26.25","0","44.00","378420.65","SABD0000000001","AAV1.0.0.11","4.0.0.2323","PSt7-10","170328-019","7/29/2022 11:23:46 AM","0000-00","0","no battery","V","","µV","","µV"
"08/11/2022","10:08:57","6","default","383292078","Oxt_06","25.034","min","96.119","%a.s.","Humid","20.792","deg","41004","µV","27.818","°C","1021.000","hPa","36.4","pmil","0","55.390","deg","20.000","°C","100.000","%a.s.","21.720","deg","20.000","°C","977.000","hPa","0.861","-0.02617","0.00035","0","0","13.56","Humid","26.25","0","44.00","378415.60","SABD0000000001","AAV1.0.0.11","4.0.0.2323","PSt7-10","170328-019","7/29/2022 11:23:46 AM","0000-00","0","no battery","V","","µV","","µV"
"08/11/2022","10:08:58","6","default","383292078","Oxt_06","25.051","min","96.022","%a.s.","Humid","20.803","deg","40998","µV","27.820","°C","1021.000","hPa","36.4","pmil","0","55.390","deg","20.000","°C","100.000","%a.s.","21.720","deg","20.000","°C","977.000","hPa","0.861","-0.02617","0.00035","0","0","13.56","Humid","26.25","0","44.00","378418.07","SABD0000000001","AAV1.0.0.11","4.0.0.2323","PSt7-10","170328-019","7/29/2022 11:23:46 AM","0000-00","0","no battery","V","","µV","","µV"
"08/11/2022","10:08:59","6","default","383292078","Oxt_06","25.068","min","96.058","%a.s.","Humid","20.799","deg","41004","µV","27.819","°C","1021.000","hPa","36.4","pmil","0","55.390","deg","20.000","°C","100.000","%a.s.","21.720","deg","20.000","°C","977.000","hPa","0.861","-0.02617","0.00035","0","0","13.56","Humid","26.25","0","44.00","378406.17","SABD0000000001","AAV1.0.0.11","4.0.0.2323","PSt7-10","170328-019","7/29/2022 11:23:46 AM","0000-00","0","no battery","V","","µV","","µV"
"08/11/2022","10:09:00","6","default","383292078","Oxt_06","25.084","min","96.087","%a.s.","Humid","20.795","deg","41004","µV","27.825","°C","1021.000","hPa","36.4","pmil","0","55.390","deg","20.000","°C","100.000","%a.s.","21.720","deg","20.000","°C","977.000","hPa","0.861","-0.02617","0.00035","0","0","13.56","Humid","26.25","0","44.00","378419.43","SABD0000000001","AAV1.0.0.11","4.0.0.2323","PSt7-10","170328-019","7/29/2022 11:23:46 AM","0000-00","0","no battery","V","","µV","","µV"
"08/11/2022","10:09:01","6","default","383292078","Oxt_06","25.100","min","96.097","%a.s.","Humid","20.794","deg","41000","µV","27.822","°C","1021.000","hPa","36.4","pmil","0","55.390","deg","20.000","°C","100.000","%a.s.","21.720","deg","20.000","°C","977.000","hPa","0.861","-0.02617","0.00035","0","0","13.56","Humid","26.25","0","44.00","378410.86","SABD0000000001","AAV1.0.0.11","4.0.0.2323","PSt7-10","170328-019","7/29/2022 11:23:46 AM","0000-00","0","no battery","V","","µV","","µV"
"08/11/2022","10:09:02","6","default","383292078","Oxt_06","25.117","min","96.032","%a.s.","Humid","20.801","deg","41001","µV","27.828","°C","1021.000","hPa","36.4","pmil","0","55.390","deg","20.000","°C","100.000","%a.s.","21.720","deg","20.000","°C","977.000","hPa","0.861","-0.02617","0.00035","0","0","13.56","Humid","26.25","0","44.00","378405.50","SABD0000000001","AAV1.0.0.11","4.0.0.2323","PSt7-10","170328-019","7/29/2022 11:23:46 AM","0000-00","0","no battery","V","","µV","","µV"
"08/11/2022","10:09:03","6","default","383292078","Oxt_06","25.134","min","96.051","%a.s.","Humid","20.798","deg","40997","µV","27.836","°C","1021.000","hPa","36.4","pmil","0","55.390","deg","20.000","°C","100.000","%a.s.","21.720","deg","20.000","°C","977.000","hPa","0.861","-0.02617","0.00035","0","0","13.56","Humid","26.25","0","44.00","378407.93","SABD0000000001","AAV1.0.0.11","4.0.0.2323","PSt7-10","170328-019","7/29/2022 11:23:46 AM","0000-00","0","no battery","V","","µV","","µV"
"08/11/2022","10:09:04","6","default","383292078","Oxt_06","25.150","min","96.062","%a.s.","Humid","20.798","deg","41005","µV","27.824","°C","1021.000","hPa","36.4","pmil","0","55.390","deg","20.000","°C","100.000","%a.s.","21.720","deg","20.000","°C","977.000","hPa","0.861","-0.02617","0.00035","0","0","13.56","Humid","26.25","0","44.00","378410.09","SABD0000000001","AAV1.0.0.11","4.0.0.2323","PSt7-10","170328-019","7/29/2022 11:23:46 AM","0000-00","0","no battery","V","","µV","","µV"
"08/11/2022","10:09:05","6","default","383292078","Oxt_06","25.167","min","96.005","%a.s.","Humid","20.805","deg","41004","µV","27.820","°C","1021.000","hPa","36.4","pmil","0","55.390","deg","20.000","°C","100.000","%a.s.","21.720","deg","20.000","°C","977.000","hPa","0.861","-0.02617","0.00035","0","0","13.56","Humid","26.25","0","44.00","378412.02","SABD0000000001","AAV1.0.0.11","4.0.0.2323","PSt7-10","170328-019","7/29/2022 11:23:46 AM","0000-00","0","no battery","V","","µV","","µV"
"08/11/2022","10:09:06","6","default","383292078","Oxt_06","25.184","min","96.105","%a.s.","Humid","20.793","deg","41009","µV","27.823","°C","1021.000","hPa","36.4","pmil","0","55.390","deg","20.000","°C","100.000","%a.s.","21.720","deg","20.000","°C","977.000","hPa","0.861","-0.02617","0.00035","0","0","13.56","Humid","26.25","0","44.00","378424.46","SABD0000000001","AAV1.0.0.11","4.0.0.2323","PSt7-10","170328-019","7/29/2022 11:23:46 AM","0000-00","0","no battery","V","","µV","","µV"
"08/11/2022","10:09:07","6","default","383292078","Oxt_06","25.200","min","96.096","%a.s.","Humid","20.794","deg","41005","µV","27.824","°C","1021.000","hPa","36.4","pmil","0","55.390","deg","20.000","°C","100.000","%a.s.","21.720","deg","20.000","°C","977.000","hPa","0.861","-0.02617","0.00035","0","0","13.56","Humid","26.25","0","44.00","378410.46","SABD0000000001","AAV1.0.0.11","4.0.0.2323","PSt7-10","170328-019","7/29/2022 11:23:46 AM","0000-00","0","no battery","V","","µV","","µV"
"08/11/2022","10:09:08","6","default","383292078","Oxt_06","25.217","min","95.991","%a.s.","Humid","20.806","deg","40996","µV","27.826","°C","1021.000","hPa","36.4","pmil","0","55.390","deg","20.000","°C","100.000","%a.s.","21.720","deg","20.000","°C","977.000","hPa","0.861","-0.02617","0.00035","0","0","13.56","Humid","26.25","0","44.00","378405.60","SABD0000000001","AAV1.0.0.11","4.0.0.2323","PSt7-10","170328-019","7/29/2022 11:23:46 AM","0000-00","0","no battery","V","","µV","","µV"
"08/11/2022","10:09:09","6","default","383292078","Oxt_06","25.234","min","96.093","%a.s.","Humid","20.796","deg","41006","µV","27.809","°C","1021.000","hPa","36.4","pmil","0","55.390","deg","20.000","°C","100.000","%a.s.","21.720","deg","20.000","°C","977.000","hPa","0.861","-0.02617","0.00035","0","0","13.56","Humid","26.25","0","44.00","378416.41","SABD0000000001","AAV1.0.0.11","4.0.0.2323","PSt7-10","170328-019","7/29/2022 11:23:46 AM","0000-00","0","no battery","V","","µV","","µV"
"08/11/2022","10:09:10","6","default","383292078","Oxt_06","25.250","min","96.015","%a.s.","Humid","20.805","deg","41004","µV","27.809","°C","1021.000","hPa","36.4","pmil","0","55.390","deg","20.000","°C","100.000","%a.s.","21.720","deg","20.000","°C","977.000","hPa","0.861","-0.02617","0.00035","0","0","13.56","Humid","26.25","0","44.00","378407.02","SABD0000000001","AAV1.0.0.11","4.0.0.2323","PSt7-10","170328-019","7/29/2022 11:23:46 AM","0000-00","0","no battery","V","","µV","","µV"
"08/11/2022","10:09:11","6","default","383292078","Oxt_06","25.267","min","96.030","%a.s.","Humid","20.801","deg","41008","µV","27.830","°C","1021.000","hPa","36.4","pmil","0","55.390","deg","20.000","°C","100.000","%a.s.","21.720","deg","20.000","°C","977.000","hPa","0.861","-0.02617","0.00035","0","0","13.56","Humid","26.25","0","44.00","378420.25","SABD0000000001","AAV1.0.0.11","4.0.0.2323","PSt7-10","170328-019","7/29/2022 11:23:46 AM","0000-00","0","no battery","V","","µV","","µV"
"08/11/2022","10:09:12","6","default","383292078","Oxt_06","25.284","min","96.089","%a.s.","Humid","20.795","deg","41001","µV","27.822","°C","1021.000","hPa","36.4","pmil","0","55.390","deg","20.000","°C","100.000","%a.s.","21.720","deg","20.000","°C","977.000","hPa","0.861","-0.02617","0.00035","0","0","13.56","Humid","26.25","0","44.00","378421.64","SABD0000000001","AAV1.0.0.11","4.0.0.2323","PSt7-10","170328-019","7/29/2022 11:23:46 AM","0000-00","0","no battery","V","","µV","","µV"
"08/11/2022","10:09:13","6","default","383292078","Oxt_06","25.300","min","95.995","%a.s.","Humid","20.806","deg","41004","µV","27.822","°C","1021.000","hPa","36.4","pmil","0","55.390","deg","20.000","°C","100.000","%a.s.","21.720","deg","20.000","°C","977.000","hPa","0.861","-0.02617","0.00035","0","0","13.56","Humid","26.25","0","44.00","378406.43","SABD0000000001","AAV1.0.0.11","4.0.0.2323","PSt7-10","170328-019","7/29/2022 11:23:46 AM","0000-00","0","no battery","V","","µV","","µV"
"08/11/2022","10:09:14","6","default","383292078","Oxt_06","25.317","min","96.046","%a.s.","Humid","20.799","deg","41008","µV","27.831","°C","1021.000","hPa","36.4","pmil","0","55.390","deg","20.000","°C","100.000","%a.s.","21.720","deg","20.000","°C","977.000","hPa","0.861","-0.02617","0.00035","0","0","13.56","Humid","26.25","0","44.00","378414.13","SABD0000000001","AAV1.0.0.11","4.0.0.2323","PSt7-10","170328-019","7/29/2022 11:23:46 AM","0000-00","0","no battery","V","","µV","","µV"
"08/11/2022","10:09:15","6","default","383292078","Oxt_06","25.334","min","96.028","%a.s.","Humid","20.801","deg","41007","µV","27.832","°C","1021.000","hPa","36.4","pmil","0","55.390","deg","20.000","°C","100.000","%a.s.","21.720","deg","20.000","°C","977.000","hPa","0.861","-0.02617","0.00035","0","0","13.56","Humid","26.25","0","44.00","378406.02","SABD0000000001","AAV1.0.0.11","4.0.0.2323","PSt7-10","170328-019","7/29/2022 11:23:46 AM","0000-00","0","no battery","V","","µV","","µV"
"08/11/2022","10:09:16","6","default","383292078","Oxt_06","25.351","min","96.118","%a.s.","Humid","20.791","deg","41003","µV","27.828","°C","1021.000","hPa","36.4","pmil","0","55.390","deg","20.000","°C","100.000","%a.s.","21.720","deg","20.000","°C","977.000","hPa","0.861","-0.02617","0.00035","0","0","13.56","Humid","26.25","0","44.00","378415.14","SABD0000000001","AAV1.0.0.11","4.0.0.2323","PSt7-10","170328-019","7/29/2022 11:23:46 AM","0000-00","0","no battery","V","","µV","","µV"
"08/11/2022","10:09:17","6","default","383292078","Oxt_06","25.367","min","96.000","%a.s.","Humid","20.805","deg","41009","µV","27.825","°C","1021.000","hPa","36.4","pmil","0","55.390","deg","20.000","°C","100.000","%a.s.","21.720","deg","20.000","°C","977.000","hPa","0.861","-0.02617","0.00035","0","0","13.56","Humid","26.25","0","44.00","378407.77","SABD0000000001","AAV1.0.0.11","4.0.0.2323","PSt7-10","170328-019","7/29/2022 11:23:46 AM","0000-00","0","no battery","V","","µV","","µV"
"08/11/2022","10:09:18","6","default","383292078","Oxt_06","25.384","min","96.025","%a.s.","Humid","20.802","deg","41003","µV","27.827","°C","1021.000","hPa","36.4","pmil","0","55.390","deg","20.000","°C","100.000","%a.s.","21.720","deg","20.000","°C","977.000","hPa","0.861","-0.02617","0.00035","0","0","13.56","Humid","26.25","0","44.00","378405.53","SABD0000000001","AAV1.0.0.11","4.0.0.2323","PSt7-10","170328-019","7/29/2022 11:23:46 AM","0000-00","0","no battery","V","","µV","","µV"
"08/11/2022","10:09:19","6","default","383292078","Oxt_06","25.401","min","96.074","%a.s.","Humid","20.797","deg","41008","µV","27.820","°C","1021.000","hPa","36.4","pmil","0","55.390","deg","20.000","°C","100.000","%a.s.","21.720","deg","20.000","°C","977.000","hPa","0.861","-0.02617","0.00035","0","0","13.56","Humid","26.25","0","44.00","378410.86","SABD0000000001","AAV1.0.0.11","4.0.0.2323","PSt7-10","170328-019","7/29/2022 11:23:46 AM","0000-00","0","no battery","V","","µV","","µV"
"08/11/2022","10:09:20","6","default","383292078","Oxt_06","25.417","min","96.014","%a.s.","Humid","20.804","deg","41007","µV","27.820","°C","1021.000","hPa","36.4","pmil","0","55.390","deg","20.000","°C","100.000","%a.s.","21.720","deg","20.000","°C","977.000","hPa","0.861","-0.02617","0.00035","0","0","13.56","Humid","26.25","0","44.00","378390.68","SABD0000000001","AAV1.0.0.11","4.0.0.2323","PSt7-10","170328-019","7/29/2022 11:23:46 AM","0000-00","0","no battery","V","","µV","","µV"
"08/11/2022","10:09:21","6","default","383292078","Oxt_06","25.434","min","96.053","%a.s.","Humid","20.798","deg","41008","µV","27.834","°C","1021.000","hPa","36.4","pmil","0","55.390","deg","20.000","°C","100.000","%a.s.","21.720","deg","20.000","°C","977.000","hPa","0.861","-0.02617","0.00035","0","0","13.56","Humid","26.25","0","44.00","378394.26","SABD0000000001","AAV1.0.0.11","4.0.0.2323","PSt7-10","170328-019","7/29/2022 11:23:46 AM","0000-00","0","no battery","V","","µV","","µV"
"08/11/2022","10:09:22","6","default","383292078","Oxt_06","25.451","min","96.066","%a.s.","Humid","20.798","deg","41007","µV","27.819","°C","1021.000","hPa","36.4","pmil","0","55.390","deg","20.000","°C","100.000","%a.s.","21.720","deg","20.000","°C","977.000","hPa","0.861","-0.02617","0.00035","0","0","13.56","Humid","26.25","0","44.00","378399.85","SABD0000000001","AAV1.0.0.11","4.0.0.2323","PSt7-10","170328-019","7/29/2022 11:23:46 AM","0000-00","0","no battery","V","","µV","","µV"
"08/11/2022","10:09:23","6","default","383292078","Oxt_06","25.467","min","96.034","%a.s.","Humid","20.802","deg","41007","µV","27.817","°C","1021.000","hPa","36.4","pmil","0","55.390","deg","20.000","°C","100.000","%a.s.","21.720","deg","20.000","°C","977.000","hPa","0.861","-0.02617","0.00035","0","0","13.56","Humid","26.25","0","44.00","378379.71","SABD0000000001","AAV1.0.0.11","4.0.0.2323","PSt7-10","170328-019","7/29/2022 11:23:46 AM","0000-00","0","no battery","V","","µV","","µV"
"08/11/2022","10:09:24","6","default","383292078","Oxt_06","25.484","min","96.046","%a.s.","Humid","20.801","deg","41003","µV","27.813","°C","1021.000","hPa","36.4","pmil","0","55.390","deg","20.000","°C","100.000","%a.s.","21.720","deg","20.000","°C","977.000","hPa","0.861","-0.02617","0.00035","0","0","13.56","Humid","26.25","0","44.00","378397.69","SABD0000000001","AAV1.0.0.11","4.0.0.2323","PSt7-10","170328-019","7/29/2022 11:23:46 AM","0000-00","0","no battery","V","","µV","","µV"
"08/11/2022","10:09:25","6","default","383292078","Oxt_06","25.501","min","96.072","%a.s.","Humid","20.797","deg","41012","µV","27.821","°C","1021.000","hPa","36.4","pmil","0","55.390","deg","20.000","°C","100.000","%a.s.","21.720","deg","20.000","°C","977.000","hPa","0.861","-0.02617","0.00035","0","0","13.56","Humid","26.25","0","44.00","378405.36","SABD0000000001","AAV1.0.0.11","4.0.0.2323","PSt7-10","170328-019","7/29/2022 11:23:46 AM","0000-00","0","no battery","V","","µV","","µV"
"08/11/2022","10:09:26","6","default","383292078","Oxt_06","25.517","min","96.002","%a.s.","Humid","20.805","deg","41011","µV","27.824","°C","1021.000","hPa","36.4","pmil","0","55.390","deg","20.000","°C","100.000","%a.s.","21.720","deg","20.000","°C","977.000","hPa","0.861","-0.02617","0.00035","0","0","13.56","Humid","26.25","0","44.00","378399.82","SABD0000000001","AAV1.0.0.11","4.0.0.2323","PSt7-10","170328-019","7/29/2022 11:23:46 AM","0000-00","0","no battery","V","","µV","","µV"
"08/11/2022","10:09:27","6","default","383292078","Oxt_06","25.534","min","96.056","%a.s.","Humid","20.799","deg","41012","µV","27.820","°C","1021.000","hPa","36.4","pmil","0","55.390","deg","20.000","°C","100.000","%a.s.","21.720","deg","20.000","°C","977.000","hPa","0.861","-0.02617","0.00035","0","0","13.56","Humid","26.25","0","44.00","378392.95","SABD0000000001","AAV1.0.0.11","4.0.0.2323","PSt7-10","170328-019","7/29/2022 11:23:46 AM","0000-00","0","no battery","V","","µV","","µV"
"08/11/2022","10:09:28","6","default","383292078","Oxt_06","25.551","min","96.054","%a.s.","Humid","20.799","deg","41010","µV","27.823","°C","1021.000","hPa","36.4","pmil","0","55.390","deg","20.000","°C","100.000","%a.s.","21.720","deg","20.000","°C","977.000","hPa","0.861","-0.02617","0.00035","0","0","13.56","Humid","26.25","0","44.00","378390.46","SABD0000000001","AAV1.0.0.11","4.0.0.2323","PSt7-10","170328-019","7/29/2022 11:23:46 AM","0000-00","0","no battery","V","","µV","","µV"
"08/11/2022","10:09:29","6","default","383292078","Oxt_06","25.567","min","96.017","%a.s.","Humid","20.804","deg","41013","µV","27.817","°C","1021.000","hPa","36.4","pmil","0","55.390","deg","20.000","°C","100.000","%a.s.","21.720","deg","20.000","°C","977.000","hPa","0.861","-0.02617","0.00035","0","0","13.56","Humid","26.25","0","44.00","378392.25","SABD0000000001","AAV1.0.0.11","4.0.0.2323","PSt7-10","170328-019","7/29/2022 11:23:46 AM","0000-00","0","no battery","V","","µV","","µV"
"08/11/2022","10:09:30","6","default","383292078","Oxt_06","25.584","min","96.045","%a.s.","Humid","20.800","deg","41015","µV","27.823","°C","1021.000","hPa","36.4","pmil","0","55.390","deg","20.000","°C","100.000","%a.s.","21.720","deg","20.000","°C","977.000","hPa","0.861","-0.02617","0.00035","0","0","13.56","Humid","26.25","0","44.00","378393.99","SABD0000000001","AAV1.0.0.11","4.0.0.2323","PSt7-10","170328-019","7/29/2022 11:23:46 AM","0000-00","0","no battery","V","","µV","","µV"
"08/11/2022","10:09:31","6","default","383292078","Oxt_06","25.601","min","96.053","%a.s.","Humid","20.798","deg","41013","µV","27.833","°C","1021.000","hPa","36.4","pmil","0","55.390","deg","20.000","°C","100.000","%a.s.","21.720","deg","20.000","°C","977.000","hPa","0.861","-0.02617","0.00035","0","0","13.56","Humid","26.25","0","44.00","378392.20","SABD0000000001","AAV1.0.0.11","4.0.0.2323","PSt7-10","170328-019","7/29/2022 11:23:46 AM","0000-00","0","no battery","V","","µV","","µV"
"08/11/2022","10:09:32","6","default","383292078","Oxt_06","25.617","min","96.008","%a.s.","Humid","20.803","deg","41016","µV","27.835","°C","1021.000","hPa","36.4","pmil","0","55.390","deg","20.000","°C","100.000","%a.s.","21.720","deg","20.000","°C","977.000","hPa","0.861","-0.02617","0.00035","0","0","13.56","Humid","26.25","0","44.00","378393.57","SABD0000000001","AAV1.0.0.11","4.0.0.2323","PSt7-10","170328-019","7/29/2022 11:23:46 AM","0000-00","0","no battery","V","","µV","","µV"
"08/11/2022","10:09:33","6","default","383292078","Oxt_06","25.634","min","96.019","%a.s.","Humid","20.801","deg","41009","µV","27.842","°C","1021.000","hPa","36.4","pmil","0","55.390","deg","20.000","°C","100.000","%a.s.","21.720","deg","20.000","°C","977.000","hPa","0.861","-0.02617","0.00035","0","0","13.56","Humid","26.25","0","44.00","378403.53","SABD0000000001","AAV1.0.0.11","4.0.0.2323","PSt7-10","170328-019","7/29/2022 11:23:46 AM","0000-00","0","no battery","V","","µV","","µV"
"08/11/2022","10:09:34","6","default","383292078","Oxt_06","25.651","min","96.041","%a.s.","Humid","20.800","deg","41013","µV","27.827","°C","1021.000","hPa","36.4","pmil","0","55.390","deg","20.000","°C","100.000","%a.s.","21.720","deg","20.000","°C","977.000","hPa","0.861","-0.02617","0.00035","0","0","13.56","Humid","26.25","0","44.00","378387.30","SABD0000000001","AAV1.0.0.11","4.0.0.2323","PSt7-10","170328-019","7/29/2022 11:23:46 AM","0000-00","0","no battery","V","","µV","","µV"
"08/11/2022","10:09:35","6","default","383292078","Oxt_06","25.667","min","96.043","%a.s.","Humid","20.800","deg","41013","µV","27.825","°C","1021.000","hPa","36.4","pmil","0","55.390","deg","20.000","°C","100.000","%a.s.","21.720","deg","20.000","°C","977.000","hPa","0.861","-0.02617","0.00035","0","0","13.56","Humid","26.25","0","44.00","378397.99","SABD0000000001","AAV1.0.0.11","4.0.0.2323","PSt7-10","170328-019","7/29/2022 11:23:46 AM","0000-00","0","no battery","V","","µV","","µV"
"08/11/2022","10:09:36","6","default","383292078","Oxt_06","25.684","min","96.030","%a.s.","Humid","20.800","deg","41010","µV","27.840","°C","1021.000","hPa","36.4","pmil","0","55.390","deg","20.000","°C","100.000","%a.s.","21.720","deg","20.000","°C","977.000","hPa","0.861","-0.02617","0.00035","0","0","13.56","Humid","26.25","0","44.00","378380.28","SABD0000000001","AAV1.0.0.11","4.0.0.2323","PSt7-10","170328-019","7/29/2022 11:23:46 AM","0000-00","0","no battery","V","","µV","","µV"
"08/11/2022","10:09:37","6","default","383292078","Oxt_06","25.701","min","96.031","%a.s.","Humid","20.802","deg","41015","µV","27.820","°C","1021.000","hPa","36.4","pmil","0","55.390","deg","20.000","°C","100.000","%a.s.","21.720","deg","20.000","°C","977.000","hPa","0.861","-0.02617","0.00035","0","0","13.56","Humid","26.25","0","44.00","378395.35","SABD0000000001","AAV1.0.0.11","4.0.0.2323","PSt7-10","170328-019","7/29/2022 11:23:46 AM","0000-00","0","no battery","V","","µV","","µV"
"08/11/2022","10:09:38","6","default","383292078","Oxt_06","25.717","min","95.996","%a.s.","Humid","20.806","deg","41018","µV","27.821","°C","1021.000","hPa","36.4","pmil","0","55.390","deg","20.000","°C","100.000","%a.s.","21.720","deg","20.000","°C","977.000","hPa","0.861","-0.02617","0.00035","0","0","13.56","Humid","26.25","0","44.00","378391.53","SABD0000000001","AAV1.0.0.11","4.0.0.2323","PSt7-10","170328-019","7/29/2022 11:23:46 AM","0000-00","0","no battery","V","","µV","","µV"
"08/11/2022","10:09:39","6","default","383292078","Oxt_06","25.734","min","95.994","%a.s.","Humid","20.807","deg","41014","µV","27.814","°C","1021.000","hPa","36.4","pmil","0","55.390","deg","20.000","°C","100.000","%a.s.","21.720","deg","20.000","°C","977.000","hPa","0.861","-0.02617","0.00035","0","0","13.56","Humid","26.25","0","44.00","378381.45","SABD0000000001","AAV1.0.0.11","4.0.0.2323","PSt7-10","170328-019","7/29/2022 11:23:46 AM","0000-00","0","no battery","V","","µV","","µV"
"08/11/2022","10:09:40","6","default","383292078","Oxt_06","25.751","min","95.957","%a.s.","Humid","20.810","deg","41012","µV","27.826","°C","1021.000","hPa","36.4","pmil","0","55.390","deg","20.000","°C","100.000","%a.s.","21.720","deg","20.000","°C","977.000","hPa","0.861","-0.02617","0.00035","0","0","13.56","Humid","26.25","0","44.00","378392.47","SABD0000000001","AAV1.0.0.11","4.0.0.2323","PSt7-10","170328-019","7/29/2022 11:23:46 AM","0000-00","0","no battery","V","","µV","","µV"
"08/11/2022","10:09:41","6","default","383292078","Oxt_06","25.767","min","95.977","%a.s.","Humid","20.807","deg","41017","µV","27.832","°C","1021.000","hPa","36.4","pmil","0","55.390","deg","20.000","°C","100.000","%a.s.","21.720","deg","20.000","°C","977.000","hPa","0.861","-0.02617","0.00035","0","0","13.56","Humid","26.25","0","44.00","378377.80","SABD0000000001","AAV1.0.0.11","4.0.0.2323","PSt7-10","170328-019","7/29/2022 11:23:46 AM","0000-00","0","no battery","V","","µV","","µV"
"08/11/2022","10:09:42","6","default","383292078","Oxt_06","25.784","min","95.992","%a.s.","Humid","20.806","deg","41012","µV","27.825","°C","1021.000","hPa","36.4","pmil","0","55.390","deg","20.000","°C","100.000","%a.s.","21.720","deg","20.000","°C","977.000","hPa","0.861","-0.02617","0.00035","0","0","13.56","Humid","26.25","0","44.00","378374.70","SABD0000000001","AAV1.0.0.11","4.0.0.2323","PSt7-10","170328-019","7/29/2022 11:23:46 AM","0000-00","0","no battery","V","","µV","","µV"
"08/11/2022","10:09:43","6","default","383292078","Oxt_06","25.801","min","96.009","%a.s.","Humid","20.804","deg","41011","µV","27.825","°C","1021.000","hPa","36.4","pmil","0","55.390","deg","20.000","°C","100.000","%a.s.","21.720","deg","20.000","°C","977.000","hPa","0.861","-0.02617","0.00035","0","0","13.56","Humid","26.25","0","44.00","378383.12","SABD0000000001","AAV1.0.0.11","4.0.0.2323","PSt7-10","170328-019","7/29/2022 11:23:46 AM","0000-00","0","no battery","V","","µV","","µV"
"08/11/2022","10:09:44","6","default","383292078","Oxt_06","25.817","min","95.992","%a.s.","Humid","20.807","deg","41016","µV","27.816","°C","1021.000","hPa","36.4","pmil","0","55.390","deg","20.000","°C","100.000","%a.s.","21.720","deg","20.000","°C","977.000","hPa","0.861","-0.02617","0.00035","0","0","13.56","Humid","26.25","0","44.00","378377.82","SABD0000000001","AAV1.0.0.11","4.0.0.2323","PSt7-10","170328-019","7/29/2022 11:23:46 AM","0000-00","0","no battery","V","","µV","","µV"
"08/11/2022","10:09:45","6","default","383292078","Oxt_06","25.834","min","96.007","%a.s.","Humid","20.805","deg","41012","µV","27.818","°C","1021.000","hPa","36.4","pmil","0","55.390","deg","20.000","°C","100.000","%a.s.","21.720","deg","20.000","°C","977.000","hPa","0.861","-0.02617","0.00035","0","0","13.56","Humid","26.25","0","44.00","378380.74","SABD0000000001","AAV1.0.0.11","4.0.0.2323","PSt7-10","170328-019","7/29/2022 11:23:46 AM","0000-00","0","no battery","V","","µV","","µV"
"08/11/2022","10:09:46","6","default","383292078","Oxt_06","25.851","min","95.913","%a.s.","Humid","20.816","deg","41018","µV","27.818","°C","1021.000","hPa","36.4","pmil","0","55.390","deg","20.000","°C","100.000","%a.s.","21.720","deg","20.000","°C","977.000","hPa","0.861","-0.02617","0.00035","0","0","13.56","Humid","26.25","0","44.00","378373.12","SABD0000000001","AAV1.0.0.11","4.0.0.2323","PSt7-10","170328-019","7/29/2022 11:23:46 AM","0000-00","0","no battery","V","","µV","","µV"
"08/11/2022","10:09:47","6","default","383292078","Oxt_06","25.867","min","95.981","%a.s.","Humid","20.808","deg","41010","µV","27.819","°C","1021.000","hPa","36.4","pmil","0","55.390","deg","20.000","°C","100.000","%a.s.","21.720","deg","20.000","°C","977.000","hPa","0.861","-0.02617","0.00035","0","0","13.56","Humid","26.25","0","44.00","378387.54","SABD0000000001","AAV1.0.0.11","4.0.0.2323","PSt7-10","170328-019","7/29/2022 11:23:46 AM","0000-00","0","no battery","V","","µV","","µV"
"08/11/2022","10:09:48","6","default","383292078","Oxt_06","25.884","min","95.976","%a.s.","Humid","20.809","deg","41019","µV","27.815","°C","1021.000","hPa","36.4","pmil","0","55.390","deg","20.000","°C","100.000","%a.s.","21.720","deg","20.000","°C","977.000","hPa","0.861","-0.02617","0.00035","0","0","13.56","Humid","26.25","0","44.00","378371.44","SABD0000000001","AAV1.0.0.11","4.0.0.2323","PSt7-10","170328-019","7/29/2022 11:23:46 AM","0000-00","0","no battery","V","","µV","","µV"
"08/11/2022","10:09:49","6","default","383292078","Oxt_06","25.901","min","95.948","%a.s.","Humid","20.810","deg","41014","µV","27.835","°C","1021.000","hPa","36.4","pmil","0","55.390","deg","20.000","°C","100.000","%a.s.","21.720","deg","20.000","°C","977.000","hPa","0.861","-0.02617","0.00035","0","0","13.56","Humid","26.25","0","44.00","378377.49","SABD0000000001","AAV1.0.0.11","4.0.0.2323","PSt7-10","170328-019","7/29/2022 11:23:46 AM","0000-00","0","no battery","V","","µV","","µV"
"08/11/2022","10:09:50","6","default","383292078","Oxt_06","25.917","min","96.002","%a.s.","Humid","20.804","deg","41013","µV","27.832","°C","1021.000","hPa","36.4","pmil","0","55.390","deg","20.000","°C","100.000","%a.s.","21.720","deg","20.000","°C","977.000","hPa","0.861","-0.02617","0.00035","0","0","13.56","Humid","26.25","0","44.00","378386.11","SABD0000000001","AAV1.0.0.11","4.0.0.2323","PSt7-10","170328-019","7/29/2022 11:23:46 AM","0000-00","0","no battery","V","","µV","","µV"
"08/11/2022","10:09:51","6","default","383292078","Oxt_06","25.934","min","95.931","%a.s.","Humid","20.811","deg","41016","µV","27.844","°C","1021.000","hPa","36.4","pmil","0","55.390","deg","20.000","°C","100.000","%a.s.","21.720","deg","20.000","°C","977.000","hPa","0.861","-0.02617","0.00035","0","0","13.56","Humid","26.25","0","44.00","378383.37","SABD0000000001","AAV1.0.0.11","4.0.0.2323","PSt7-10","170328-019","7/29/2022 11:23:46 AM","0000-00","0","no battery","V","","µV","","µV"
"08/11/2022","10:09:52","6","default","383292078","Oxt_06","25.951","min","95.955","%a.s.","Humid","20.809","deg","41022","µV","27.837","°C","1021.000","hPa","36.4","pmil","0","55.390","deg","20.000","°C","100.000","%a.s.","21.720","deg","20.000","°C","977.000","hPa","0.861","-0.02617","0.00035","0","0","13.56","Humid","26.25","0","44.00","378385.08","SABD0000000001","AAV1.0.0.11","4.0.0.2323","PSt7-10","170328-019","7/29/2022 11:23:46 AM","0000-00","0","no battery","V","","µV","","µV"
"08/11/2022","10:09:53","6","default","383292078","Oxt_06","25.967","min","96.031","%a.s.","Humid","20.802","deg","41013","µV","27.820","°C","1021.000","hPa","36.4","pmil","0","55.390","deg","20.000","°C","100.000","%a.s.","21.720","deg","20.000","°C","977.000","hPa","0.861","-0.02617","0.00035","0","0","13.56","Humid","26.25","0","44.00","378373.56","SABD0000000001","AAV1.0.0.11","4.0.0.2323","PSt7-10","170328-019","7/29/2022 11:23:46 AM","0000-00","0","no battery","V","","µV","","µV"
"08/11/2022","10:09:54","6","default","383292078","Oxt_06","25.984","min","95.957","%a.s.","Humid","20.810","deg","41017","µV","27.826","°C","1021.000","hPa","36.4","pmil","0","55.390","deg","20.000","°C","100.000","%a.s.","21.720","deg","20.000","°C","977.000","hPa","0.861","-0.02617","0.00035","0","0","13.56","Humid","26.25","0","44.00","378360.58","SABD0000000001","AAV1.0.0.11","4.0.0.2323","PSt7-10","170328-019","7/29/2022 11:23:46 AM","0000-00","0","no battery","V","","µV","","µV"
"08/11/2022","10:09:55","6","default","383292078","Oxt_06","26.001","min","95.963","%a.s.","Humid","20.808","deg","41014","µV","27.838","°C","1021.000","hPa","36.4","pmil","0","55.390","deg","20.000","°C","100.000","%a.s.","21.720","deg","20.000","°C","977.000","hPa","0.861","-0.02617","0.00035","0","0","13.56","Humid","26.25","0","44.00","378357.41","SABD0000000001","AAV1.0.0.11","4.0.0.2323","PSt7-10","170328-019","7/29/2022 11:23:46 AM","0000-00","0","no battery","V","","µV","","µV"
"08/11/2022","10:09:56","6","default","383292078","Oxt_06","26.017","min","95.978","%a.s.","Humid","20.807","deg","41012","µV","27.831","°C","1021.000","hPa","36.4","pmil","0","55.390","deg","20.000","°C","100.000","%a.s.","21.720","deg","20.000","°C","977.000","hPa","0.861","-0.02617","0.00035","0","0","13.56","Humid","26.25","0","44.00","378364.29","SABD0000000001","AAV1.0.0.11","4.0.0.2323","PSt7-10","170328-019","7/29/2022 11:23:46 AM","0000-00","0","no battery","V","","µV","","µV"
"08/11/2022","10:09:57","6","default","383292078","Oxt_06","26.034","min","95.980","%a.s.","Humid","20.807","deg","41019","µV","27.829","°C","1021.000","hPa","36.4","pmil","0","55.390","deg","20.000","°C","100.000","%a.s.","21.720","deg","20.000","°C","977.000","hPa","0.861","-0.02617","0.00035","0","0","13.56","Humid","26.25","0","44.00","378373.51","SABD0000000001","AAV1.0.0.11","4.0.0.2323","PSt7-10","170328-019","7/29/2022 11:23:46 AM","0000-00","0","no battery","V","","µV","","µV"
"08/11/2022","10:09:58","6","default","383292078","Oxt_06","26.051","min","95.998","%a.s.","Humid","20.807","deg","41017","µV","27.810","°C","1021.000","hPa","36.4","pmil","0","55.390","deg","20.000","°C","100.000","%a.s.","21.720","deg","20.000","°C","977.000","hPa","0.861","-0.02617","0.00035","0","0","13.56","Humid","26.25","0","44.00","378361.14","SABD0000000001","AAV1.0.0.11","4.0.0.2323","PSt7-10","170328-019","7/29/2022 11:23:46 AM","0000-00","0","no battery","V","","µV","","µV"
"08/11/2022","10:09:59","6","default","383292078","Oxt_06","26.067","min","95.884","%a.s.","Humid","20.819","deg","41014","µV","27.822","°C","1021.000","hPa","36.4","pmil","0","55.390","deg","20.000","°C","100.000","%a.s.","21.720","deg","20.000","°C","977.000","hPa","0.861","-0.02617","0.00035","0","0","13.56","Humid","26.25","0","44.00","378355.80","SABD0000000001","AAV1.0.0.11","4.0.0.2323","PSt7-10","170328-019","7/29/2022 11:23:46 AM","0000-00","0","no battery","V","","µV","","µV"
"08/11/2022","10:10:00","6","default","383292078","Oxt_06","26.084","min","95.936","%a.s.","Humid","20.812","deg","41024","µV","27.831","°C","1021.000","hPa","36.4","pmil","0","55.390","deg","20.000","°C","100.000","%a.s.","21.720","deg","20.000","°C","977.000","hPa","0.861","-0.02617","0.00035","0","0","13.56","Humid","26.25","0","44.00","378373.11","SABD0000000001","AAV1.0.0.11","4.0.0.2323","PSt7-10","170328-019","7/29/2022 11:23:46 AM","0000-00","0","no battery","V","","µV","","µV"
"08/11/2022","10:10:01","6","default","383292078","Oxt_06","26.100","min","95.909","%a.s.","Humid","20.816","deg","41017","µV","27.822","°C","1021.000","hPa","36.4","pmil","0","55.390","deg","20.000","°C","100.000","%a.s.","21.720","deg","20.000","°C","977.000","hPa","0.861","-0.02617","0.00035","0","0","13.56","Humid","26.25","0","44.00","378364.14","SABD0000000001","AAV1.0.0.11","4.0.0.2323","PSt7-10","170328-019","7/29/2022 11:23:46 AM","0000-00","0","no battery","V","","µV","","µV"
"08/11/2022","10:10:02","6","default","383292078","Oxt_06","26.117","min","95.976","%a.s.","Humid","20.807","deg","41020","µV","27.833","°C","1021.000","hPa","36.4","pmil","0","55.390","deg","20.000","°C","100.000","%a.s.","21.720","deg","20.000","°C","977.000","hPa","0.861","-0.02617","0.00035","0","0","13.56","Humid","26.25","0","44.00","378377.26","SABD0000000001","AAV1.0.0.11","4.0.0.2323","PSt7-10","170328-019","7/29/2022 11:23:46 AM","0000-00","0","no battery","V","","µV","","µV"
"08/11/2022","10:10:03","6","default","383292078","Oxt_06","26.134","min","96.005","%a.s.","Humid","20.804","deg","41024","µV","27.830","°C","1021.000","hPa","36.4","pmil","0","55.390","deg","20.000","°C","100.000","%a.s.","21.720","deg","20.000","°C","977.000","hPa","0.861","-0.02617","0.00035","0","0","13.56","Humid","26.25","0","44.00","378361.90","SABD0000000001","AAV1.0.0.11","4.0.0.2323","PSt7-10","170328-019","7/29/2022 11:23:46 AM","0000-00","0","no battery","V","","µV","","µV"
"08/11/2022","10:10:04","6","default","383292078","Oxt_06","26.150","min","95.913","%a.s.","Humid","20.815","deg","41019","µV","27.827","°C","1021.000","hPa","36.4","pmil","0","55.390","deg","20.000","°C","100.000","%a.s.","21.720","deg","20.000","°C","977.000","hPa","0.861","-0.02617","0.00035","0","0","13.56","Humid","26.25","0","44.00","378367.79","SABD0000000001","AAV1.0.0.11","4.0.0.2323","PSt7-10","170328-019","7/29/2022 11:23:46 AM","0000-00","0","no battery","V","","µV","","µV"
"08/11/2022","10:10:05","6","default","383292078","Oxt_06","26.167","min","95.919","%a.s.","Humid","20.815","deg","41013","µV","27.821","°C","1021.000","hPa","36.4","pmil","0","55.390","deg","20.000","°C","100.000","%a.s.","21.720","deg","20.000","°C","977.000","hPa","0.861","-0.02617","0.00035","0","0","13.56","Humid","26.25","0","44.00","378365.20","SABD0000000001","AAV1.0.0.11","4.0.0.2323","PSt7-10","170328-019","7/29/2022 11:23:46 AM","0000-00","0","no battery","V","","µV","","µV"
"08/11/2022","10:10:06","6","default","383292078","Oxt_06","26.184","min","95.924","%a.s.","Humid","20.814","deg","41022","µV","27.824","°C","1021.000","hPa","36.4","pmil","0","55.390","deg","20.000","°C","100.000","%a.s.","21.720","deg","20.000","°C","977.000","hPa","0.861","-0.02617","0.00035","0","0","13.56","Humid","26.25","0","44.00","378375.30","SABD0000000001","AAV1.0.0.11","4.0.0.2323","PSt7-10","170328-019","7/29/2022 11:23:46 AM","0000-00","0","no battery","V","","µV","","µV"
"08/11/2022","10:10:07","6","default","383292078","Oxt_06","26.200","min","95.992","%a.s.","Humid","20.807","deg","41027","µV","27.815","°C","1021.000","hPa","36.4","pmil","0","55.390","deg","20.000","°C","100.000","%a.s.","21.720","deg","20.000","°C","977.000","hPa","0.861","-0.02617","0.00035","0","0","13.56","Humid","26.25","0","44.00","378372.78","SABD0000000001","AAV1.0.0.11","4.0.0.2323","PSt7-10","170328-019","7/29/2022 11:23:46 AM","0000-00","0","no battery","V","","µV","","µV"
"08/11/2022","10:10:08","6","default","383292078","Oxt_06","26.217","min","96.032","%a.s.","Humid","20.803","deg","41026","µV","27.809","°C","1021.000","hPa","36.4","pmil","0","55.390","deg","20.000","°C","100.000","%a.s.","21.720","deg","20.000","°C","977.000","hPa","0.861","-0.02617","0.00035","0","0","13.56","Humid","26.25","0","44.00","378373.45","SABD0000000001","AAV1.0.0.11","4.0.0.2323","PSt7-10","170328-019","7/29/2022 11:23:46 AM","0000-00","0","no battery","V","","µV","","µV"
"08/11/2022","10:10:09","6","default","383292078","Oxt_06","26.234","min","95.909","%a.s.","Humid","20.816","deg","41023","µV","27.822","°C","1021.000","hPa","36.4","pmil","0","55.390","deg","20.000","°C","100.000","%a.s.","21.720","deg","20.000","°C","977.000","hPa","0.861","-0.02617","0.00035","0","0","13.56","Humid","26.25","0","44.00","378351.97","SABD0000000001","AAV1.0.0.11","4.0.0.2323","PSt7-10","170328-019","7/29/2022 11:23:46 AM","0000-00","0","no battery","V","","µV","","µV"
"08/11/2022","10:10:10","6","default","383292078","Oxt_06","26.250","min","95.950","%a.s.","Humid","20.809","deg","41012","µV","27.843","°C","1021.000","hPa","36.4","pmil","0","55.390","deg","20.000","°C","100.000","%a.s.","21.720","deg","20.000","°C","977.000","hPa","0.861","-0.02617","0.00035","0","0","13.56","Humid","26.25","0","44.00","378343.19","SABD0000000001","AAV1.0.0.11","4.0.0.2323","PSt7-10","170328-019","7/29/2022 11:23:46 AM","0000-00","0","no battery","V","","µV","","µV"
"08/11/2022","10:10:11","6","default","383292078","Oxt_06","26.267","min","95.928","%a.s.","Humid","20.813","deg","41022","µV","27.830","°C","1021.000","hPa","36.4","pmil","0","55.390","deg","20.000","°C","100.000","%a.s.","21.720","deg","20.000","°C","977.000","hPa","0.861","-0.02617","0.00035","0","0","13.56","Humid","26.25","0","44.00","378356.79","SABD0000000001","AAV1.0.0.11","4.0.0.2323","PSt7-10","170328-019","7/29/2022 11:23:46 AM","0000-00","0","no battery","V","","µV","","µV"
"08/11/2022","10:10:12","6","default","383292078","Oxt_06","26.284","min","96.013","%a.s.","Humid","20.803","deg","41025","µV","27.830","°C","1021.000","hPa","36.4","pmil","0","55.390","deg","20.000","°C","100.000","%a.s.","21.720","deg","20.000","°C","977.000","hPa","0.861","-0.02617","0.00035","0","0","13.56","Humid","26.25","0","44.00","378367.28","SABD0000000001","AAV1.0.0.11","4.0.0.2323","PSt7-10","170328-019","7/29/2022 11:23:46 AM","0000-00","0","no battery","V","","µV","","µV"
"08/11/2022","10:10:13","6","default","383292078","Oxt_06","26.301","min","95.967","%a.s.","Humid","20.809","deg","41025","µV","27.824","°C","1021.000","hPa","36.4","pmil","0","55.390","deg","20.000","°C","100.000","%a.s.","21.720","deg","20.000","°C","977.000","hPa","0.861","-0.02617","0.00035","0","0","13.56","Humid","26.25","0","44.00","378364.82","SABD0000000001","AAV1.0.0.11","4.0.0.2323","PSt7-10","170328-019","7/29/2022 11:23:46 AM","0000-00","0","no battery","V","","µV","","µV"
"08/11/2022","10:10:14","6","default","383292078","Oxt_06","26.317","min","95.983","%a.s.","Humid","20.807","deg","41026","µV","27.826","°C","1021.000","hPa","36.4","pmil","0","55.390","deg","20.000","°C","100.000","%a.s.","21.720","deg","20.000","°C","977.000","hPa","0.861","-0.02617","0.00035","0","0","13.56","Humid","26.25","0","44.00","378359.22","SABD0000000001","AAV1.0.0.11","4.0.0.2323","PSt7-10","170328-019","7/29/2022 11:23:46 AM","0000-00","0","no battery","V","","µV","","µV"
"08/11/2022","10:10:15","6","default","383292078","Oxt_06","26.334","min","95.956","%a.s.","Humid","20.810","deg","41026","µV","27.826","°C","1021.000","hPa","36.4","pmil","0","55.390","deg","20.000","°C","100.000","%a.s.","21.720","deg","20.000","°C","977.000","hPa","0.861","-0.02617","0.00035","0","0","13.56","Humid","26.25","0","44.00","378375.81","SABD0000000001","AAV1.0.0.11","4.0.0.2323","PSt7-10","170328-019","7/29/2022 11:23:46 AM","0000-00","0","no battery","V","","µV","","µV"
"08/11/2022","10:10:16","6","default","383292078","Oxt_06","26.351","min","95.921","%a.s.","Humid","20.814","deg","41027","µV","27.828","°C","1021.000","hPa","36.4","pmil","0","55.390","deg","20.000","°C","100.000","%a.s.","21.720","deg","20.000","°C","977.000","hPa","0.861","-0.02617","0.00035","0","0","13.56","Humid","26.25","0","44.00","378348.09","SABD0000000001","AAV1.0.0.11","4.0.0.2323","PSt7-10","170328-019","7/29/2022 11:23:46 AM","0000-00","0","no battery","V","","µV","","µV"
"08/11/2022","10:10:17","6","default","383292078","Oxt_06","26.367","min","95.949","%a.s.","Humid","20.811","deg","41024","µV","27.826","°C","1021.000","hPa","36.4","pmil","0","55.390","deg","20.000","°C","100.000","%a.s.","21.720","deg","20.000","°C","977.000","hPa","0.861","-0.02617","0.00035","0","0","13.56","Humid","26.25","0","44.00","378348.96","SABD0000000001","AAV1.0.0.11","4.0.0.2323","PSt7-10","170328-019","7/29/2022 11:23:46 AM","0000-00","0","no battery","V","","µV","","µV"
"08/11/2022","10:10:18","6","default","383292078","Oxt_06","26.384","min","95.959","%a.s.","Humid","20.809","deg","41022","µV","27.833","°C","1021.000","hPa","36.4","pmil","0","55.390","deg","20.000","°C","100.000","%a.s.","21.720","deg","20.000","°C","977.000","hPa","0.861","-0.02617","0.00035","0","0","13.56","Humid","26.25","0","44.00","378349.67","SABD0000000001","AAV1.0.0.11","4.0.0.2323","PSt7-10","170328-019","7/29/2022 11:23:46 AM","0000-00","0","no battery","V","","µV","","µV"
"08/11/2022","10:10:19","6","default","383292078","Oxt_06","26.401","min","95.908","%a.s.","Humid","20.815","deg","41030","µV","27.833","°C","1021.000","hPa","36.4","pmil","0","55.390","deg","20.000","°C","100.000","%a.s.","21.720","deg","20.000","°C","977.000","hPa","0.861","-0.02617","0.00035","0","0","13.56","Humid","26.25","0","44.00","378346.25","SABD0000000001","AAV1.0.0.11","4.0.0.2323","PSt7-10","170328-019","7/29/2022 11:23:46 AM","0000-00","0","no battery","V","","µV","","µV"
"08/11/2022","10:10:20","6","default","383292078","Oxt_06","26.417","min","95.934","%a.s.","Humid","20.813","deg","41027","µV","27.823","°C","1021.000","hPa","36.4","pmil","0","55.390","deg","20.000","°C","100.000","%a.s.","21.720","deg","20.000","°C","977.000","hPa","0.861","-0.02617","0.00035","0","0","13.56","Humid","26.25","0","44.00","378351.00","SABD0000000001","AAV1.0.0.11","4.0.0.2323","PSt7-10","170328-019","7/29/2022 11:23:46 AM","0000-00","0","no battery","V","","µV","","µV"
"08/11/2022","10:10:21","6","default","383292078","Oxt_06","26.434","min","96.017","%a.s.","Humid","20.803","deg","41025","µV","27.825","°C","1021.000","hPa","36.4","pmil","0","55.390","deg","20.000","°C","100.000","%a.s.","21.720","deg","20.000","°C","977.000","hPa","0.861","-0.02617","0.00035","0","0","13.56","Humid","26.25","0","44.00","378345.83","SABD0000000001","AAV1.0.0.11","4.0.0.2323","PSt7-10","170328-019","7/29/2022 11:23:46 AM","0000-00","0","no battery","V","","µV","","µV"
"08/11/2022","10:10:22","6","default","383292078","Oxt_06","26.451","min","95.942","%a.s.","Humid","20.812","deg","41027","µV","27.823","°C","1021.000","hPa","36.4","pmil","0","55.390","deg","20.000","°C","100.000","%a.s.","21.720","deg","20.000","°C","977.000","hPa","0.861","-0.02617","0.00035","0","0","13.56","Humid","26.25","0","44.00","378348.41","SABD0000000001","AAV1.0.0.11","4.0.0.2323","PSt7-10","170328-019","7/29/2022 11:23:46 AM","0000-00","0","no battery","V","","µV","","µV"
"08/11/2022","10:10:23","6","default","383292078","Oxt_06","26.467","min","95.880","%a.s.","Humid","20.819","deg","41023","µV","27.825","°C","1021.000","hPa","36.4","pmil","0","55.390","deg","20.000","°C","100.000","%a.s.","21.720","deg","20.000","°C","977.000","hPa","0.861","-0.02617","0.00035","0","0","13.56","Humid","26.25","0","44.00","378342.50","SABD0000000001","AAV1.0.0.11","4.0.0.2323","PSt7-10","170328-019","7/29/2022 11:23:46 AM","0000-00","0","no battery","V","","µV","","µV"
"08/11/2022","10:10:24","6","default","383292078","Oxt_06","26.484","min","95.939","%a.s.","Humid","20.813","deg","41027","µV","27.818","°C","1021.000","hPa","36.4","pmil","0","55.390","deg","20.000","°C","100.000","%a.s.","21.720","deg","20.000","°C","977.000","hPa","0.861","-0.02617","0.00035","0","0","13.56","Humid","26.25","0","44.00","378333.80","SABD0000000001","AAV1.0.0.11","4.0.0.2323","PSt7-10","170328-019","7/29/2022 11:23:46 AM","0000-00","0","no battery","V","","µV","","µV"
"08/11/2022","10:10:25","6","default","383292078","Oxt_06","26.501","min","95.999","%a.s.","Humid","20.806","deg","41023","µV","27.817","°C","1021.000","hPa","36.4","pmil","0","55.390","deg","20.000","°C","100.000","%a.s.","21.720","deg","20.000","°C","977.000","hPa","0.861","-0.02617","0.00035","0","0","13.56","Humid","26.25","0","44.00","378334.69","SABD0000000001","AAV1.0.0.11","4.0.0.2323","PSt7-10","170328-019","7/29/2022 11:23:46 AM","0000-00","0","no battery","V","","µV","","µV"
"08/11/2022","10:10:26","6","default","383292078","Oxt_06","26.518","min","95.953","%a.s.","Humid","20.811","deg","41021","µV","27.821","°C","1021.000","hPa","36.4","pmil","0","55.390","deg","20.000","°C","100.000","%a.s.","21.720","deg","20.000","°C","977.000","hPa","0.861","-0.02617","0.00035","0","0","13.56","Humid","26.25","0","44.00","378335.12","SABD0000000001","AAV1.0.0.11","4.0.0.2323","PSt7-10","170328-019","7/29/2022 11:23:46 AM","0000-00","0","no battery","V","","µV","","µV"
"08/11/2022","10:10:27","6","default","383292078","Oxt_06","26.534","min","95.976","%a.s.","Humid","20.808","deg","41025","µV","27.824","°C","1021.000","hPa","36.4","pmil","0","55.390","deg","20.000","°C","100.000","%a.s.","21.720","deg","20.000","°C","977.000","hPa","0.861","-0.02617","0.00035","0","0","13.56","Humid","26.25","0","44.00","378328.87","SABD0000000001","AAV1.0.0.11","4.0.0.2323","PSt7-10","170328-019","7/29/2022 11:23:46 AM","0000-00","0","no battery","V","","µV","","µV"
"08/11/2022","10:10:28","6","default","383292078","Oxt_06","26.551","min","95.913","%a.s.","Humid","20.814","deg","41018","µV","27.837","°C","1021.000","hPa","36.4","pmil","0","55.390","deg","20.000","°C","100.000","%a.s.","21.720","deg","20.000","°C","977.000","hPa","0.861","-0.02617","0.00035","0","0","13.56","Humid","26.25","0","44.00","378349.07","SABD0000000001","AAV1.0.0.11","4.0.0.2323","PSt7-10","170328-019","7/29/2022 11:23:46 AM","0000-00","0","no battery","V","","µV","","µV"
"08/11/2022","10:10:29","6","default","383292078","Oxt_06","26.568","min","95.902","%a.s.","Humid","20.816","deg","41027","µV","27.830","°C","1021.000","hPa","36.4","pmil","0","55.390","deg","20.000","°C","100.000","%a.s.","21.720","deg","20.000","°C","977.000","hPa","0.861","-0.02617","0.00035","0","0","13.56","Humid","26.25","0","44.00","378344.31","SABD0000000001","AAV1.0.0.11","4.0.0.2323","PSt7-10","170328-019","7/29/2022 11:23:46 AM","0000-00","0","no battery","V","","µV","","µV"
"08/11/2022","10:10:30","6","default","383292078","Oxt_06","26.584","min","95.858","%a.s.","Humid","20.821","deg","41024","µV","27.831","°C","1021.000","hPa","36.4","pmil","0","55.390","deg","20.000","°C","100.000","%a.s.","21.720","deg","20.000","°C","977.000","hPa","0.861","-0.02617","0.00035","0","0","13.56","Humid","26.25","0","44.00","378325.33","SABD0000000001","AAV1.0.0.11","4.0.0.2323","PSt7-10","170328-019","7/29/2022 11:23:46 AM","0000-00","0","no battery","V","","µV","","µV"
"08/11/2022","10:10:31","6","default","383292078","Oxt_06","26.601","min","95.929","%a.s.","Humid","20.813","deg","41021","µV","27.828","°C","1021.000","hPa","36.4","pmil","0","55.390","deg","20.000","°C","100.000","%a.s.","21.720","deg","20.000","°C","977.000","hPa","0.861","-0.02617","0.00035","0","0","13.56","Humid","26.25","0","44.00","378337.96","SABD0000000001","AAV1.0.0.11","4.0.0.2323","PSt7-10","170328-019","7/29/2022 11:23:46 AM","0000-00","0","no battery","V","","µV","","µV"
"08/11/2022","10:10:32","6","default","383292078","Oxt_06","26.618","min","95.911","%a.s.","Humid","20.816","deg","41025","µV","27.820","°C","1021.000","hPa","36.4","pmil","0","55.390","deg","20.000","°C","100.000","%a.s.","21.720","deg","20.000","°C","977.000","hPa","0.861","-0.02617","0.00035","0","0","13.56","Humid","26.25","0","44.00","378331.94","SABD0000000001","AAV1.0.0.11","4.0.0.2323","PSt7-10","170328-019","7/29/2022 11:23:46 AM","0000-00","0","no battery","V","","µV","","µV"
"08/11/2022","10:10:33","6","default","383292078","Oxt_06","26.634","min","95.920","%a.s.","Humid","20.814","deg","41022","µV","27.829","°C","1021.000","hPa","36.4","pmil","0","55.390","deg","20.000","°C","100.000","%a.s.","21.720","deg","20.000","°C","977.000","hPa","0.861","-0.02617","0.00035","0","0","13.56","Humid","26.25","0","44.00","378331.72","SABD0000000001","AAV1.0.0.11","4.0.0.2323","PSt7-10","170328-019","7/29/2022 11:23:46 AM","0000-00","0","no battery","V","","µV","","µV"
"08/11/2022","10:10:34","6","default","383292078","Oxt_06","26.651","min","95.912","%a.s.","Humid","20.815","deg","41023","µV","27.828","°C","1021.000","hPa","36.4","pmil","0","55.390","deg","20.000","°C","100.000","%a.s.","21.720","deg","20.000","°C","977.000","hPa","0.861","-0.02617","0.00035","0","0","13.56","Humid","26.25","0","44.00","378321.12","SABD0000000001","AAV1.0.0.11","4.0.0.2323","PSt7-10","170328-019","7/29/2022 11:23:46 AM","0000-00","0","no battery","V","","µV","","µV"
"08/11/2022","10:10:35","6","default","383292078","Oxt_06","26.668","min","95.981","%a.s.","Humid","20.807","deg","41026","µV","27.828","°C","1021.000","hPa","36.4","pmil","0","55.390","deg","20.000","°C","100.000","%a.s.","21.720","deg","20.000","°C","977.000","hPa","0.861","-0.02617","0.00035","0","0","13.56","Humid","26.25","0","44.00","378334.27","SABD0000000001","AAV1.0.0.11","4.0.0.2323","PSt7-10","170328-019","7/29/2022 11:23:46 AM","0000-00","0","no battery","V","","µV","","µV"
"08/11/2022","10:10:36","6","default","383292078","Oxt_06","26.684","min","95.871","%a.s.","Humid","20.820","deg","41030","µV","27.826","°C","1021.000","hPa","36.4","pmil","0","55.390","deg","20.000","°C","100.000","%a.s.","21.720","deg","20.000","°C","977.000","hPa","0.861","-0.02617","0.00035","0","0","13.56","Humid","26.25","0","44.00","378348.58","SABD0000000001","AAV1.0.0.11","4.0.0.2323","PSt7-10","170328-019","7/29/2022 11:23:46 AM","0000-00","0","no battery","V","","µV","","µV"
"08/11/2022","10:10:37","6","default","383292078","Oxt_06","26.701","min","95.876","%a.s.","Humid","20.819","deg","41027","µV","27.830","°C","1021.000","hPa","36.4","pmil","0","55.390","deg","20.000","°C","100.000","%a.s.","21.720","deg","20.000","°C","977.000","hPa","0.861","-0.02617","0.00035","0","0","13.56","Humid","26.25","0","44.00","378333.59","SABD0000000001","AAV1.0.0.11","4.0.0.2323","PSt7-10","170328-019","7/29/2022 11:23:46 AM","0000-00","0","no battery","V","","µV","","µV"
"08/11/2022","10:10:38","6","default","383292078","Oxt_06","26.717","min","95.870","%a.s.","Humid","20.819","deg","41032","µV","27.836","°C","1021.000","hPa","36.4","pmil","0","55.390","deg","20.000","°C","100.000","%a.s.","21.720","deg","20.000","°C","977.000","hPa","0.861","-0.02617","0.00035","0","0","13.56","Humid","26.25","0","44.00","378332.33","SABD0000000001","AAV1.0.0.11","4.0.0.2323","PSt7-10","170328-019","7/29/2022 11:23:46 AM","0000-00","0","no battery","V","","µV","","µV"
"08/11/2022","10:10:39","6","default","383292078","Oxt_06","26.734","min","95.910","%a.s.","Humid","20.815","deg","41022","µV","27.831","°C","1021.000","hPa","36.4","pmil","0","55.390","deg","20.000","°C","100.000","%a.s.","21.720","deg","20.000","°C","977.000","hPa","0.861","-0.02617","0.00035","0","0","13.56","Humid","26.25","0","44.00","378336.41","SABD0000000001","AAV1.0.0.11","4.0.0.2323","PSt7-10","170328-019","7/29/2022 11:23:46 AM","0000-00","0","no battery","V","","µV","","µV"
"08/11/2022","10:10:40","6","default","383292078","Oxt_06","26.750","min","95.891","%a.s.","Humid","20.817","deg","41024","µV","27.832","°C","1021.000","hPa","36.4","pmil","0","55.390","deg","20.000","°C","100.000","%a.s.","21.720","deg","20.000","°C","977.000","hPa","0.861","-0.02617","0.00035","0","0","13.56","Humid","26.25","0","44.00","378323.88","SABD0000000001","AAV1.0.0.11","4.0.0.2323","PSt7-10","170328-019","7/29/2022 11:23:46 AM","0000-00","0","no battery","V","","µV","","µV"
"08/11/2022","10:10:41","6","default","383292078","Oxt_06","26.767","min","95.916","%a.s.","Humid","20.814","deg","41030","µV","27.833","°C","1021.000","hPa","36.4","pmil","0","55.390","deg","20.000","°C","100.000","%a.s.","21.720","deg","20.000","°C","977.000","hPa","0.861","-0.02617","0.00035","0","0","13.56","Humid","26.25","0","44.00","378312.79","SABD0000000001","AAV1.0.0.11","4.0.0.2323","PSt7-10","170328-019","7/29/2022 11:23:46 AM","0000-00","0","no battery","V","","µV","","µV"
"08/11/2022","10:10:42","6","default","383292078","Oxt_06","26.784","min","95.876","%a.s.","Humid","20.819","deg","41026","µV","27.830","°C","1021.000","hPa","36.4","pmil","0","55.390","deg","20.000","°C","100.000","%a.s.","21.720","deg","20.000","°C","977.000","hPa","0.861","-0.02617","0.00035","0","0","13.56","Humid","26.25","0","44.00","378313.61","SABD0000000001","AAV1.0.0.11","4.0.0.2323","PSt7-10","170328-019","7/29/2022 11:23:46 AM","0000-00","0","no battery","V","","µV","","µV"
"08/11/2022","10:10:43","6","default","383292078","Oxt_06","26.800","min","95.895","%a.s.","Humid","20.817","deg","41031","µV","27.828","°C","1021.000","hPa","36.4","pmil","0","55.390","deg","20.000","°C","100.000","%a.s.","21.720","deg","20.000","°C","977.000","hPa","0.861","-0.02617","0.00035","0","0","13.56","Humid","26.25","0","44.00","378304.91","SABD0000000001","AAV1.0.0.11","4.0.0.2323","PSt7-10","170328-019","7/29/2022 11:23:46 AM","0000-00","0","no battery","V","","µV","","µV"
"08/11/2022","10:10:44","6","default","383292078","Oxt_06","26.817","min","95.867","%a.s.","Humid","20.822","deg","41031","µV","27.812","°C","1021.000","hPa","36.4","pmil","0","55.390","deg","20.000","°C","100.000","%a.s.","21.720","deg","20.000","°C","977.000","hPa","0.861","-0.02617","0.00035","0","0","13.56","Humid","26.25","0","44.00","378313.52","SABD0000000001","AAV1.0.0.11","4.0.0.2323","PSt7-10","170328-019","7/29/2022 11:23:46 AM","0000-00","0","no battery","V","","µV","","µV"
"08/11/2022","10:10:45","6","default","383292078","Oxt_06","26.834","min","95.938","%a.s.","Humid","20.813","deg","41030","µV","27.819","°C","1021.000","hPa","36.4","pmil","0","55.390","deg","20.000","°C","100.000","%a.s.","21.720","deg","20.000","°C","977.000","hPa","0.861","-0.02617","0.00035","0","0","13.56","Humid","26.25","0","44.00","378304.20","SABD0000000001","AAV1.0.0.11","4.0.0.2323","PSt7-10","170328-019","7/29/2022 11:23:46 AM","0000-00","0","no battery","V","","µV","","µV"
"08/11/2022","10:10:46","6","default","383292078","Oxt_06","26.850","min","95.873","%a.s.","Humid","20.818","deg","41026","µV","27.842","°C","1021.000","hPa","36.4","pmil","0","55.390","deg","20.000","°C","100.000","%a.s.","21.720","deg","20.000","°C","977.000","hPa","0.861","-0.02617","0.00035","0","0","13.56","Humid","26.25","0","44.00","378302.83","SABD0000000001","AAV1.0.0.11","4.0.0.2323","PSt7-10","170328-019","7/29/2022 11:23:46 AM","0000-00","0","no battery","V","","µV","","µV"
"08/11/2022","10:10:47","6","default","383292078","Oxt_06","26.867","min","95.865","%a.s.","Humid","20.819","deg","41028","µV","27.842","°C","1021.000","hPa","36.4","pmil","0","55.390","deg","20.000","°C","100.000","%a.s.","21.720","deg","20.000","°C","977.000","hPa","0.861","-0.02617","0.00035","0","0","13.56","Humid","26.25","0","44.00","378310.20","SABD0000000001","AAV1.0.0.11","4.0.0.2323","PSt7-10","170328-019","7/29/2022 11:23:46 AM","0000-00","0","no battery","V","","µV","","µV"
"08/11/2022","10:10:48","6","default","383292078","Oxt_06","26.884","min","95.948","%a.s.","Humid","20.810","deg","41032","µV","27.835","°C","1021.000","hPa","36.4","pmil","0","55.390","deg","20.000","°C","100.000","%a.s.","21.720","deg","20.000","°C","977.000","hPa","0.861","-0.02617","0.00035","0","0","13.56","Humid","26.25","0","44.00","378301.05","SABD0000000001","AAV1.0.0.11","4.0.0.2323","PSt7-10","170328-019","7/29/2022 11:23:46 AM","0000-00","0","no battery","V","","µV","","µV"
"08/11/2022","10:10:49","6","default","383292078","Oxt_06","26.901","min","95.871","%a.s.","Humid","20.820","deg","41028","µV","27.826","°C","1021.000","hPa","36.4","pmil","0","55.390","deg","20.000","°C","100.000","%a.s.","21.720","deg","20.000","°C","977.000","hPa","0.861","-0.02617","0.00035","0","0","13.56","Humid","26.25","0","44.00","378300.37","SABD0000000001","AAV1.0.0.11","4.0.0.2323","PSt7-10","170328-019","7/29/2022 11:23:46 AM","0000-00","0","no battery","V","","µV","","µV"
"08/11/2022","10:10:50","6","default","383292078","Oxt_06","26.917","min","95.831","%a.s.","Humid","20.822","deg","41028","µV","27.851","°C","1021.000","hPa","36.4","pmil","0","55.390","deg","20.000","°C","100.000","%a.s.","21.720","deg","20.000","°C","977.000","hPa","0.861","-0.02617","0.00035","0","0","13.56","Humid","26.25","0","44.00","378308.04","SABD0000000001","AAV1.0.0.11","4.0.0.2323","PSt7-10","170328-019","7/29/2022 11:23:46 AM","0000-00","0","no battery","V","","µV","","µV"
"08/11/2022","10:10:51","6","default","383292078","Oxt_06","26.934","min","95.864","%a.s.","Humid","20.820","deg","41034","µV","27.833","°C","1021.000","hPa","36.4","pmil","0","55.390","deg","20.000","°C","100.000","%a.s.","21.720","deg","20.000","°C","977.000","hPa","0.861","-0.02617","0.00035","0","0","13.56","Humid","26.25","0","44.00","378295.11","SABD0000000001","AAV1.0.0.11","4.0.0.2323","PSt7-10","170328-019","7/29/2022 11:23:46 AM","0000-00","0","no battery","V","","µV","","µV"
"08/11/2022","10:10:52","6","default","383292078","Oxt_06","26.951","min","95.857","%a.s.","Humid","20.819","deg","41024","µV","27.850","°C","1021.000","hPa","36.4","pmil","0","55.390","deg","20.000","°C","100.000","%a.s.","21.720","deg","20.000","°C","977.000","hPa","0.861","-0.02617","0.00035","0","0","13.56","Humid","26.25","0","44.00","378308.53","SABD0000000001","AAV1.0.0.11","4.0.0.2323","PSt7-10","170328-019","7/29/2022 11:23:46 AM","0000-00","0","no battery","V","","µV","","µV"
"08/11/2022","10:10:53","6","default","383292078","Oxt_06","26.967","min","95.808","%a.s.","Humid","20.825","deg","41031","µV","27.848","°C","1021.000","hPa","36.4","pmil","0","55.390","deg","20.000","°C","100.000","%a.s.","21.720","deg","20.000","°C","977.000","hPa","0.861","-0.02617","0.00035","0","0","13.56","Humid","26.25","0","44.00","378302.66","SABD0000000001","AAV1.0.0.11","4.0.0.2323","PSt7-10","170328-019","7/29/2022 11:23:46 AM","0000-00","0","no battery","V","","µV","","µV"
"08/11/2022","10:10:54","6","default","383292078","Oxt_06","26.984","min","95.876","%a.s.","Humid","20.820","deg","41033","µV","27.821","°C","1021.000","hPa","36.4","pmil","0","55.390","deg","20.000","°C","100.000","%a.s.","21.720","deg","20.000","°C","977.000","hPa","0.861","-0.02617","0.00035","0","0","13.56","Humid","26.25","0","44.00","378303.15","SABD0000000001","AAV1.0.0.11","4.0.0.2323","PSt7-10","170328-019","7/29/2022 11:23:46 AM","0000-00","0","no battery","V","","µV","","µV"
"08/11/2022","10:10:55","6","default","383292078","Oxt_06","27.001","min","95.854","%a.s.","Humid","20.821","deg","41023","µV","27.835","°C","1021.000","hPa","36.4","pmil","0","55.390","deg","20.000","°C","100.000","%a.s.","21.720","deg","20.000","°C","977.000","hPa","0.861","-0.02617","0.00035","0","0","13.56","Humid","26.25","0","44.00","378310.59","SABD0000000001","AAV1.0.0.11","4.0.0.2323","PSt7-10","170328-019","7/29/2022 11:23:46 AM","0000-00","0","no battery","V","","µV","","µV"
"08/11/2022","10:10:56","6","default","383292078","Oxt_06","27.017","min","95.870","%a.s.","Humid","20.819","deg","41027","µV","27.836","°C","1021.000","hPa","36.4","pmil","0","55.390","deg","20.000","°C","100.000","%a.s.","21.720","deg","20.000","°C","977.000","hPa","0.861","-0.02617","0.00035","0","0","13.56","Humid","26.25","0","44.00","378307.06","SABD0000000001","AAV1.0.0.11","4.0.0.2323","PSt7-10","170328-019","7/29/2022 11:23:46 AM","0000-00","0","no battery","V","","µV","","µV"
"08/11/2022","10:10:57","6","default","383292078","Oxt_06","27.034","min","95.822","%a.s.","Humid","20.824","deg","41028","µV","27.843","°C","1021.000","hPa","36.4","pmil","0","55.390","deg","20.000","°C","100.000","%a.s.","21.720","deg","20.000","°C","977.000","hPa","0.861","-0.02617","0.00035","0","0","13.56","Humid","26.25","0","44.00","378315.75","SABD0000000001","AAV1.0.0.11","4.0.0.2323","PSt7-10","170328-019","7/29/2022 11:23:46 AM","0000-00","0","no battery","V","","µV","","µV"
"08/11/2022","10:10:58","6","default","383292078","Oxt_06","27.051","min","95.873","%a.s.","Humid","20.818","deg","41032","µV","27.843","°C","1021.000","hPa","36.4","pmil","0","55.390","deg","20.000","°C","100.000","%a.s.","21.720","deg","20.000","°C","977.000","hPa","0.861","-0.02617","0.00035","0","0","13.56","Humid","26.25","0","44.00","378315.25","SABD0000000001","AAV1.0.0.11","4.0.0.2323","PSt7-10","170328-019","7/29/2022 11:23:46 AM","0000-00","0","no battery","V","","µV","","µV"
"08/11/2022","10:10:59","6","default","383292078","Oxt_06","27.067","min","95.848","%a.s.","Humid","20.822","deg","41029","µV","27.833","°C","1021.000","hPa","36.4","pmil","0","55.390","deg","20.000","°C","100.000","%a.s.","21.720","deg","20.000","°C","977.000","hPa","0.861","-0.02617","0.00035","0","0","13.56","Humid","26.25","0","44.00","378316.94","SABD0000000001","AAV1.0.0.11","4.0.0.2323","PSt7-10","170328-019","7/29/2022 11:23:46 AM","0000-00","0","no battery","V","","µV","","µV"
"08/11/2022","10:11:00","6","default","383292078","Oxt_06","27.084","min","95.918","%a.s.","Humid","20.815","deg","41032","µV","27.822","°C","1021.000","hPa","36.4","pmil","0","55.390","deg","20.000","°C","100.000","%a.s.","21.720","deg","20.000","°C","977.000","hPa","0.861","-0.02617","0.00035","0","0","13.56","Humid","26.25","0","44.00","378310.15","SABD0000000001","AAV1.0.0.11","4.0.0.2323","PSt7-10","170328-019","7/29/2022 11:23:46 AM","0000-00","0","no battery","V","","µV","","µV"
"08/11/2022","10:11:01","6","default","383292078","Oxt_06","27.101","min","95.855","%a.s.","Humid","20.821","deg","41026","µV","27.835","°C","1021.000","hPa","36.4","pmil","0","55.390","deg","20.000","°C","100.000","%a.s.","21.720","deg","20.000","°C","977.000","hPa","0.861","-0.02617","0.00035","0","0","13.56","Humid","26.25","0","44.00","378313.66","SABD0000000001","AAV1.0.0.11","4.0.0.2323","PSt7-10","170328-019","7/29/2022 11:23:46 AM","0000-00","0","no battery","V","","µV","","µV"
"08/11/2022","10:11:02","6","default","383292078","Oxt_06","27.118","min","95.809","%a.s.","Humid","20.828","deg","41035","µV","27.819","°C","1021.000","hPa","36.4","pmil","0","55.390","deg","20.000","°C","100.000","%a.s.","21.720","deg","20.000","°C","977.000","hPa","0.861","-0.02617","0.00035","0","0","13.56","Humid","26.25","0","44.00","378303.67","SABD0000000001","AAV1.0.0.11","4.0.0.2323","PSt7-10","170328-019","7/29/2022 11:23:46 AM","0000-00","0","no battery","V","","µV","","µV"
"08/11/2022","10:11:03","6","default","383292078","Oxt_06","27.134","min","95.885","%a.s.","Humid","20.819","deg","41029","µV","27.820","°C","1021.000","hPa","36.4","pmil","0","55.390","deg","20.000","°C","100.000","%a.s.","21.720","deg","20.000","°C","977.000","hPa","0.861","-0.02617","0.00035","0","0","13.56","Humid","26.25","0","44.00","378310.86","SABD0000000001","AAV1.0.0.11","4.0.0.2323","PSt7-10","170328-019","7/29/2022 11:23:46 AM","0000-00","0","no battery","V","","µV","","µV"
"08/11/2022","10:11:04","6","default","383292078","Oxt_06","27.151","min","95.851","%a.s.","Humid","20.822","deg","41033","µV","27.829","°C","1021.000","hPa","36.4","pmil","0","55.390","deg","20.000","°C","100.000","%a.s.","21.720","deg","20.000","°C","977.000","hPa","0.861","-0.02617","0.00035","0","0","13.56","Humid","26.25","0","44.00","378311.43","SABD0000000001","AAV1.0.0.11","4.0.0.2323","PSt7-10","170328-019","7/29/2022 11:23:46 AM","0000-00","0","no battery","V","","µV","","µV"
"08/11/2022","10:11:05","6","default","383292078","Oxt_06","27.168","min","95.835","%a.s.","Humid","20.824","deg","41034","µV","27.828","°C","1021.000","hPa","36.4","pmil","0","55.390","deg","20.000","°C","100.000","%a.s.","21.720","deg","20.000","°C","977.000","hPa","0.861","-0.02617","0.00035","0","0","13.56","Humid","26.25","0","44.00","378307.77","SABD0000000001","AAV1.0.0.11","4.0.0.2323","PSt7-10","170328-019","7/29/2022 11:23:46 AM","0000-00","0","no battery","V","","µV","","µV"
"08/11/2022","10:11:06","6","default","383292078","Oxt_06","27.184","min","95.876","%a.s.","Humid","20.818","deg","41033","µV","27.840","°C","1021.000","hPa","36.4","pmil","0","55.390","deg","20.000","°C","100.000","%a.s.","21.720","deg","20.000","°C","977.000","hPa","0.861","-0.02617","0.00035","0","0","13.56","Humid","26.25","0","44.00","378297.33","SABD0000000001","AAV1.0.0.11","4.0.0.2323","PSt7-10","170328-019","7/29/2022 11:23:46 AM","0000-00","0","no battery","V","","µV","","µV"
"08/11/2022","10:11:07","6","default","383292078","Oxt_06","27.201","min","95.905","%a.s.","Humid","20.815","deg","41033","µV","27.835","°C","1021.000","hPa","36.4","pmil","0","55.390","deg","20.000","°C","100.000","%a.s.","21.720","deg","20.000","°C","977.000","hPa","0.861","-0.02617","0.00035","0","0","13.56","Humid","26.25","0","44.00","378290.94","SABD0000000001","AAV1.0.0.11","4.0.0.2323","PSt7-10","170328-019","7/29/2022 11:23:46 AM","0000-00","0","no battery","V","","µV","","µV"
"08/11/2022","10:11:08","6","default","383292078","Oxt_06","27.218","min","95.860","%a.s.","Humid","20.821","deg","41038","µV","27.829","°C","1021.000","hPa","36.4","pmil","0","55.390","deg","20.000","°C","100.000","%a.s.","21.720","deg","20.000","°C","977.000","hPa","0.861","-0.02617","0.00035","0","0","13.56","Humid","26.25","0","44.00","378310.18","SABD0000000001","AAV1.0.0.11","4.0.0.2323","PSt7-10","170328-019","7/29/2022 11:23:46 AM","0000-00","0","no battery","V","","µV","","µV"
"08/11/2022","10:11:09","6","default","383292078","Oxt_06","27.234","min","95.877","%a.s.","Humid","20.818","deg","41030","µV","27.839","°C","1021.000","hPa","36.4","pmil","0","55.390","deg","20.000","°C","100.000","%a.s.","21.720","deg","20.000","°C","977.000","hPa","0.861","-0.02617","0.00035","0","0","13.56","Humid","26.25","0","44.00","378292.19","SABD0000000001","AAV1.0.0.11","4.0.0.2323","PSt7-10","170328-019","7/29/2022 11:23:46 AM","0000-00","0","no battery","V","","µV","","µV"
"08/11/2022","10:11:10","6","default","383292078","Oxt_06","27.251","min","95.815","%a.s.","Humid","20.826","deg","41037","µV","27.831","°C","1021.000","hPa","36.4","pmil","0","55.390","deg","20.000","°C","100.000","%a.s.","21.720","deg","20.000","°C","977.000","hPa","0.861","-0.02617","0.00035","0","0","13.56","Humid","26.25","0","44.00","378303.57","SABD0000000001","AAV1.0.0.11","4.0.0.2323","PSt7-10","170328-019","7/29/2022 11:23:46 AM","0000-00","0","no battery","V","","µV","","µV"
"08/11/2022","10:11:11","6","default","383292078","Oxt_06","27.268","min","95.823","%a.s.","Humid","20.825","deg","41030","µV","27.832","°C","1021.000","hPa","36.4","pmil","0","55.390","deg","20.000","°C","100.000","%a.s.","21.720","deg","20.000","°C","977.000","hPa","0.861","-0.02617","0.00035","0","0","13.56","Humid","26.25","0","44.00","378285.17","SABD0000000001","AAV1.0.0.11","4.0.0.2323","PSt7-10","170328-019","7/29/2022 11:23:46 AM","0000-00","0","no battery","V","","µV","","µV"
"08/11/2022","10:11:12","6","default","383292078","Oxt_06","27.284","min","95.825","%a.s.","Humid","20.825","deg","41032","µV","27.829","°C","1021.000","hPa","36.4","pmil","0","55.390","deg","20.000","°C","100.000","%a.s.","21.720","deg","20.000","°C","977.000","hPa","0.861","-0.02617","0.00035","0","0","13.56","Humid","26.25","0","44.00","378286.75","SABD0000000001","AAV1.0.0.11","4.0.0.2323","PSt7-10","170328-019","7/29/2022 11:23:46 AM","0000-00","0","no battery","V","","µV","","µV"
"08/11/2022","10:11:13","6","default","383292078","Oxt_06","27.301","min","95.884","%a.s.","Humid","20.819","deg","41034","µV","27.821","°C","1021.000","hPa","36.4","pmil","0","55.390","deg","20.000","°C","100.000","%a.s.","21.720","deg","20.000","°C","977.000","hPa","0.861","-0.02617","0.00035","0","0","13.56","Humid","26.25","0","44.00","378285.12","SABD0000000001","AAV1.0.0.11","4.0.0.2323","PSt7-10","170328-019","7/29/2022 11:23:46 AM","0000-00","0","no battery","V","","µV","","µV"
"08/11/2022","10:11:14","6","default","383292078","Oxt_06","27.318","min","95.886","%a.s.","Humid","20.818","deg","41035","µV","27.828","°C","1021.000","hPa","36.4","pmil","0","55.390","deg","20.000","°C","100.000","%a.s.","21.720","deg","20.000","°C","977.000","hPa","0.861","-0.02617","0.00035","0","0","13.56","Humid","26.25","0","44.00","378287.70","SABD0000000001","AAV1.0.0.11","4.0.0.2323","PSt7-10","170328-019","7/29/2022 11:23:46 AM","0000-00","0","no battery","V","","µV","","µV"
"08/11/2022","10:11:15","6","default","383292078","Oxt_06","27.334","min","95.867","%a.s.","Humid","20.821","deg","41036","µV","27.822","°C","1021.000","hPa","36.4","pmil","0","55.390","deg","20.000","°C","100.000","%a.s.","21.720","deg","20.000","°C","977.000","hPa","0.861","-0.02617","0.00035","0","0","13.56","Humid","26.25","0","44.00","378290.51","SABD0000000001","AAV1.0.0.11","4.0.0.2323","PSt7-10","170328-019","7/29/2022 11:23:46 AM","0000-00","0","no battery","V","","µV","","µV"
"08/11/2022","10:11:16","6","default","383292078","Oxt_06","27.351","min","95.853","%a.s.","Humid","20.822","deg","41032","µV","27.827","°C","1021.000","hPa","36.4","pmil","0","55.390","deg","20.000","°C","100.000","%a.s.","21.720","deg","20.000","°C","977.000","hPa","0.861","-0.02617","0.00035","0","0","13.56","Humid","26.25","0","44.00","378284.71","SABD0000000001","AAV1.0.0.11","4.0.0.2323","PSt7-10","170328-019","7/29/2022 11:23:46 AM","0000-00","0","no battery","V","","µV","","µV"
"08/11/2022","10:11:17","6","default","383292078","Oxt_06","27.367","min","95.848","%a.s.","Humid","20.822","deg","41036","µV","27.832","°C","1021.000","hPa","36.4","pmil","0","55.390","deg","20.000","°C","100.000","%a.s.","21.720","deg","20.000","°C","977.000","hPa","0.861","-0.02617","0.00035","0","0","13.56","Humid","26.25","0","44.00","378301.60","SABD0000000001","AAV1.0.0.11","4.0.0.2323","PSt7-10","170328-019","7/29/2022 11:23:46 AM","0000-00","0","no battery","V","","µV","","µV"
"08/11/2022","10:11:18","6","default","383292078","Oxt_06","27.384","min","95.910","%a.s.","Humid","20.815","deg","41040","µV","27.830","°C","1021.000","hPa","36.4","pmil","0","55.390","deg","20.000","°C","100.000","%a.s.","21.720","deg","20.000","°C","977.000","hPa","0.861","-0.02617","0.00035","0","0","13.56","Humid","26.25","0","44.00","378293.44","SABD0000000001","AAV1.0.0.11","4.0.0.2323","PSt7-10","170328-019","7/29/2022 11:23:46 AM","0000-00","0","no battery","V","","µV","","µV"
"08/11/2022","10:11:19","6","default","383292078","Oxt_06","27.400","min","95.844","%a.s.","Humid","20.823","deg","41035","µV","27.827","°C","1021.000","hPa","36.4","pmil","0","55.390","deg","20.000","°C","100.000","%a.s.","21.720","deg","20.000","°C","977.000","hPa","0.861","-0.02617","0.00035","0","0","13.56","Humid","26.25","0","44.00","378287.26","SABD0000000001","AAV1.0.0.11","4.0.0.2323","PSt7-10","170328-019","7/29/2022 11:23:46 AM","0000-00","0","no battery","V","","µV","","µV"
"08/11/2022","10:11:20","6","default","383292078","Oxt_06","27.417","min","95.812","%a.s.","Humid","20.827","deg","41040","µV","27.826","°C","1021.000","hPa","36.4","pmil","0","55.390","deg","20.000","°C","100.000","%a.s.","21.720","deg","20.000","°C","977.000","hPa","0.861","-0.02617","0.00035","0","0","13.56","Humid","26.25","0","44.00","378292.74","SABD0000000001","AAV1.0.0.11","4.0.0.2323","PSt7-10","170328-019","7/29/2022 11:23:46 AM","0000-00","0","no battery","V","","µV","","µV"
"08/11/2022","10:11:21","6","default","383292078","Oxt_06","27.434","min","95.863","%a.s.","Humid","20.822","deg","41039","µV","27.816","°C","1021.000","hPa","36.4","pmil","0","55.390","deg","20.000","°C","100.000","%a.s.","21.720","deg","20.000","°C","977.000","hPa","0.861","-0.02617","0.00035","0","0","13.56","Humid","26.25","0","44.00","378276.06","SABD0000000001","AAV1.0.0.11","4.0.0.2323","PSt7-10","170328-019","7/29/2022 11:23:46 AM","0000-00","0","no battery","V","","µV","","µV"
"08/11/2022","10:11:22","6","default","383292078","Oxt_06","27.450","min","95.810","%a.s.","Humid","20.826","deg","41036","µV","27.837","°C","1021.000","hPa","36.4","pmil","0","55.390","deg","20.000","°C","100.000","%a.s.","21.720","deg","20.000","°C","977.000","hPa","0.861","-0.02617","0.00035","0","0","13.56","Humid","26.25","0","44.00","378282.70","SABD0000000001","AAV1.0.0.11","4.0.0.2323","PSt7-10","170328-019","7/29/2022 11:23:46 AM","0000-00","0","no battery","V","","µV","","µV"
"08/11/2022","10:11:23","6","default","383292078","Oxt_06","27.467","min","95.802","%a.s.","Humid","20.829","deg","41030","µV","27.818","°C","1021.000","hPa","36.4","pmil","0","55.390","deg","20.000","°C","100.000","%a.s.","21.720","deg","20.000","°C","977.000","hPa","0.861","-0.02617","0.00035","0","0","13.56","Humid","26.25","0","44.00","378282.92","SABD0000000001","AAV1.0.0.11","4.0.0.2323","PSt7-10","170328-019","7/29/2022 11:23:46 AM","0000-00","0","no battery","V","","µV","","µV"
"08/11/2022","10:11:24","6","default","383292078","Oxt_06","27.484","min","95.786","%a.s.","Humid","20.830","deg","41042","µV","27.825","°C","1021.000","hPa","36.4","pmil","0","55.390","deg","20.000","°C","100.000","%a.s.","21.720","deg","20.000","°C","977.000","hPa","0.861","-0.02617","0.00035","0","0","13.56","Humid","26.25","0","44.00","378292.83","SABD0000000001","AAV1.0.0.11","4.0.0.2323","PSt7-10","170328-019","7/29/2022 11:23:46 AM","0000-00","0","no battery","V","","µV","","µV"
"08/11/2022","10:11:25","6","default","383292078","Oxt_06","27.500","min","95.792","%a.s.","Humid","20.828","deg","41039","µV","27.838","°C","1021.000","hPa","36.4","pmil","0","55.390","deg","20.000","°C","100.000","%a.s.","21.720","deg","20.000","°C","977.000","hPa","0.861","-0.02617","0.00035","0","0","13.56","Humid","26.25","0","44.00","378276.89","SABD0000000001","AAV1.0.0.11","4.0.0.2323","PSt7-10","170328-019","7/29/2022 11:23:46 AM","0000-00","0","no battery","V","","µV","","µV"
"08/11/2022","10:11:26","6","default","383292078","Oxt_06","27.517","min","95.874","%a.s.","Humid","20.819","deg","41036","µV","27.832","°C","1021.000","hPa","36.4","pmil","0","55.390","deg","20.000","°C","100.000","%a.s.","21.720","deg","20.000","°C","977.000","hPa","0.861","-0.02617","0.00035","0","0","13.56","Humid","26.25","0","44.00","378293.91","SABD0000000001","AAV1.0.0.11","4.0.0.2323","PSt7-10","170328-019","7/29/2022 11:23:46 AM","0000-00","0","no battery","V","","µV","","µV"
"08/11/2022","10:11:27","6","default","383292078","Oxt_06","27.534","min","95.837","%a.s.","Humid","20.823","deg","41037","µV","27.835","°C","1021.000","hPa","36.4","pmil","0","55.390","deg","20.000","°C","100.000","%a.s.","21.720","deg","20.000","°C","977.000","hPa","0.861","-0.02617","0.00035","0","0","13.56","Humid","26.25","0","44.00","378289.86","SABD0000000001","AAV1.0.0.11","4.0.0.2323","PSt7-10","170328-019","7/29/2022 11:23:46 AM","0000-00","0","no battery","V","","µV","","µV"
"08/11/2022","10:11:28","6","default","383292078","Oxt_06","27.551","min","95.826","%a.s.","Humid","20.826","deg","41045","µV","27.819","°C","1021.000","hPa","36.4","pmil","0","55.390","deg","20.000","°C","100.000","%a.s.","21.720","deg","20.000","°C","977.000","hPa","0.861","-0.02617","0.00035","0","0","13.56","Humid","26.25","0","44.00","378285.64","SABD0000000001","AAV1.0.0.11","4.0.0.2323","PSt7-10","170328-019","7/29/2022 11:23:46 AM","0000-00","0","no battery","V","","µV","","µV"
"08/11/2022","10:11:29","6","default","383292078","Oxt_06","27.567","min","95.823","%a.s.","Humid","20.824","deg","41038","µV","27.842","°C","1021.000","hPa","36.4","pmil","0","55.390","deg","20.000","°C","100.000","%a.s.","21.720","deg","20.000","°C","977.000","hPa","0.861","-0.02617","0.00035","0","0","13.56","Humid","26.25","0","44.00","378272.89","SABD0000000001","AAV1.0.0.11","4.0.0.2323","PSt7-10","170328-019","7/29/2022 11:23:46 AM","0000-00","0","no battery","V","","µV","","µV"
"08/11/2022","10:11:30","6","default","383292078","Oxt_06","27.584","min","95.822","%a.s.","Humid","20.825","deg","41042","µV","27.833","°C","1021.000","hPa","36.4","pmil","0","55.390","deg","20.000","°C","100.000","%a.s.","21.720","deg","20.000","°C","977.000","hPa","0.861","-0.02617","0.00035","0","0","13.56","Humid","26.25","0","44.00","378284.12","SABD0000000001","AAV1.0.0.11","4.0.0.2323","PSt7-10","170328-019","7/29/2022 11:23:46 AM","0000-00","0","no battery","V","","µV","","µV"
"08/11/2022","10:11:31","6","default","383292078","Oxt_06","27.601","min","95.787","%a.s.","Humid","20.830","deg","41042","µV","27.825","°C","1021.000","hPa","36.4","pmil","0","55.390","deg","20.000","°C","100.000","%a.s.","21.720","deg","20.000","°C","977.000","hPa","0.861","-0.02617","0.00035","0","0","13.56","Humid","26.25","0","44.00","378284.07","SABD0000000001","AAV1.0.0.11","4.0.0.2323","PSt7-10","170328-019","7/29/2022 11:23:46 AM","0000-00","0","no battery","V","","µV","","µV"
"08/11/2022","10:11:32","6","default","383292078","Oxt_06","27.617","min","95.827","%a.s.","Humid","20.825","deg","41038","µV","27.828","°C","1021.000","hPa","36.4","pmil","0","55.390","deg","20.000","°C","100.000","%a.s.","21.720","deg","20.000","°C","977.000","hPa","0.861","-0.02617","0.00035","0","0","13.56","Humid","26.25","0","44.00","378279.02","SABD0000000001","AAV1.0.0.11","4.0.0.2323","PSt7-10","170328-019","7/29/2022 11:23:46 AM","0000-00","0","no battery","V","","µV","","µV"
"08/11/2022","10:11:33","6","default","383292078","Oxt_06","27.634","min","95.803","%a.s.","Humid","20.829","deg","41036","µV","27.816","°C","1021.000","hPa","36.4","pmil","0","55.390","deg","20.000","°C","100.000","%a.s.","21.720","deg","20.000","°C","977.000","hPa","0.861","-0.02617","0.00035","0","0","13.56","Humid","26.25","0","44.00","378270.60","SABD0000000001","AAV1.0.0.11","4.0.0.2323","PSt7-10","170328-019","7/29/2022 11:23:46 AM","0000-00","0","no battery","V","","µV","","µV"
"08/11/2022","10:11:34","6","default","383292078","Oxt_06","27.651","min","95.849","%a.s.","Humid","20.822","deg","41038","µV","27.831","°C","1021.000","hPa","36.4","pmil","0","55.390","deg","20.000","°C","100.000","%a.s.","21.720","deg","20.000","°C","977.000","hPa","0.861","-0.02617","0.00035","0","0","13.56","Humid","26.25","0","44.00","378275.38","SABD0000000001","AAV1.0.0.11","4.0.0.2323","PSt7-10","170328-019","7/29/2022 11:23:46 AM","0000-00","0","no battery","V","","µV","","µV"
"08/11/2022","10:11:35","6","default","383292078","Oxt_06","27.667","min","95.749","%a.s.","Humid","20.834","deg","41041","µV","27.828","°C","1021.000","hPa","36.4","pmil","0","55.390","deg","20.000","°C","100.000","%a.s.","21.720","deg","20.000","°C","977.000","hPa","0.861","-0.02617","0.00035","0","0","13.56","Humid","26.25","0","44.00","378270.01","SABD0000000001","AAV1.0.0.11","4.0.0.2323","PSt7-10","170328-019","7/29/2022 11:23:46 AM","0000-00","0","no battery","V","","µV","","µV"
"08/11/2022","10:11:36","6","default","383292078","Oxt_06","27.684","min","95.792","%a.s.","Humid","20.829","deg","41045","µV","27.828","°C","1021.000","hPa","36.4","pmil","0","55.390","deg","20.000","°C","100.000","%a.s.","21.720","deg","20.000","°C","977.000","hPa","0.861","-0.02617","0.00035","0","0","13.56","Humid","26.25","0","44.00","378269.67","SABD0000000001","AAV1.0.0.11","4.0.0.2323","PSt7-10","170328-019","7/29/2022 11:23:46 AM","0000-00","0","no battery","V","","µV","","µV"
"08/11/2022","10:11:37","6","default","383292078","Oxt_06","27.701","min","95.781","%a.s.","Humid","20.830","deg","41036","µV","27.831","°C","1021.000","hPa","36.4","pmil","0","55.390","deg","20.000","°C","100.000","%a.s.","21.720","deg","20.000","°C","977.000","hPa","0.861","-0.02617","0.00035","0","0","13.56","Humid","26.25","0","44.00","378264.95","SABD0000000001","AAV1.0.0.11","4.0.0.2323","PSt7-10","170328-019","7/29/2022 11:23:46 AM","0000-00","0","no battery","V","","µV","","µV"
"08/11/2022","10:11:38","6","default","383292078","Oxt_06","27.717","min","95.785","%a.s.","Humid","20.830","deg","41040","µV","27.827","°C","1021.000","hPa","36.4","pmil","0","55.390","deg","20.000","°C","100.000","%a.s.","21.720","deg","20.000","°C","977.000","hPa","0.861","-0.02617","0.00035","0","0","13.56","Humid","26.25","0","44.00","378266.65","SABD0000000001","AAV1.0.0.11","4.0.0.2323","PSt7-10","170328-019","7/29/2022 11:23:46 AM","0000-00","0","no battery","V","","µV","","µV"
"08/11/2022","10:11:39","6","default","383292078","Oxt_06","27.734","min","95.820","%a.s.","Humid","20.825","deg","41043","µV","27.835","°C","1021.000","hPa","36.4","pmil","0","55.390","deg","20.000","°C","100.000","%a.s.","21.720","deg","20.000","°C","977.000","hPa","0.861","-0.02617","0.00035","0","0","13.56","Humid","26.25","0","44.00","378270.77","SABD0000000001","AAV1.0.0.11","4.0.0.2323","PSt7-10","170328-019","7/29/2022 11:23:46 AM","0000-00","0","no battery","V","","µV","","µV"
"08/11/2022","10:11:40","6","default","383292078","Oxt_06","27.751","min","95.846","%a.s.","Humid","20.824","deg","41044","µV","27.816","°C","1021.000","hPa","36.4","pmil","0","55.390","deg","20.000","°C","100.000","%a.s.","21.720","deg","20.000","°C","977.000","hPa","0.861","-0.02617","0.00035","0","0","13.56","Humid","26.25","0","44.00","378266.06","SABD0000000001","AAV1.0.0.11","4.0.0.2323","PSt7-10","170328-019","7/29/2022 11:23:46 AM","0000-00","0","no battery","V","","µV","","µV"
"08/11/2022","10:11:41","6","default","383292078","Oxt_06","27.767","min","95.828","%a.s.","Humid","20.825","deg","41041","µV","27.827","°C","1021.000","hPa","36.4","pmil","0","55.390","deg","20.000","°C","100.000","%a.s.","21.720","deg","20.000","°C","977.000","hPa","0.861","-0.02617","0.00035","0","0","13.56","Humid","26.25","0","44.00","378279.61","SABD0000000001","AAV1.0.0.11","4.0.0.2323","PSt7-10","170328-019","7/29/2022 11:23:46 AM","0000-00","0","no battery","V","","µV","","µV"
"08/11/2022","10:11:42","6","default","383292078","Oxt_06","27.784","min","95.882","%a.s.","Humid","20.819","deg","41042","µV","27.824","°C","1021.000","hPa","36.4","pmil","0","55.390","deg","20.000","°C","100.000","%a.s.","21.720","deg","20.000","°C","977.000","hPa","0.861","-0.02617","0.00035","0","0","13.56","Humid","26.25","0","44.00","378275.93","SABD0000000001","AAV1.0.0.11","4.0.0.2323","PSt7-10","170328-019","7/29/2022 11:23:46 AM","0000-00","0","no battery","V","","µV","","µV"
"08/11/2022","10:11:43","6","default","383292078","Oxt_06","27.801","min","95.817","%a.s.","Humid","20.827","deg","41040","µV","27.819","°C","1021.000","hPa","36.4","pmil","0","55.390","deg","20.000","°C","100.000","%a.s.","21.720","deg","20.000","°C","977.000","hPa","0.861","-0.02617","0.00035","0","0","13.56","Humid","26.25","0","44.00","378255.29","SABD0000000001","AAV1.0.0.11","4.0.0.2323","PSt7-10","170328-019","7/29/2022 11:23:46 AM","0000-00","0","no battery","V","","µV","","µV"
"08/11/2022","10:11:44","6","default","383292078","Oxt_06","27.818","min","95.814","%a.s.","Humid","20.825","deg","41040","µV","27.842","°C","1021.000","hPa","36.4","pmil","0","55.390","deg","20.000","°C","100.000","%a.s.","21.720","deg","20.000","°C","977.000","hPa","0.861","-0.02617","0.00035","0","0","13.56","Humid","26.25","0","44.00","378257.33","SABD0000000001","AAV1.0.0.11","4.0.0.2323","PSt7-10","170328-019","7/29/2022 11:23:46 AM","0000-00","0","no battery","V","","µV","","µV"
"08/11/2022","10:11:45","6","default","383292078","Oxt_06","27.834","min","95.728","%a.s.","Humid","20.835","deg","41040","µV","27.842","°C","1021.000","hPa","36.4","pmil","0","55.390","deg","20.000","°C","100.000","%a.s.","21.720","deg","20.000","°C","977.000","hPa","0.861","-0.02617","0.00035","0","0","13.56","Humid","26.25","0","44.00","378240.36","SABD0000000001","AAV1.0.0.11","4.0.0.2323","PSt7-10","170328-019","7/29/2022 11:23:46 AM","0000-00","0","no battery","V","","µV","","µV"
"08/11/2022","10:11:46","6","default","383292078","Oxt_06","27.851","min","95.877","%a.s.","Humid","20.820","deg","41043","µV","27.819","°C","1021.000","hPa","36.4","pmil","0","55.390","deg","20.000","°C","100.000","%a.s.","21.720","deg","20.000","°C","977.000","hPa","0.861","-0.02617","0.00035","0","0","13.56","Humid","26.25","0","44.00","378245.55","SABD0000000001","AAV1.0.0.11","4.0.0.2323","PSt7-10","170328-019","7/29/2022 11:23:46 AM","0000-00","0","no battery","V","","µV","","µV"
"08/11/2022","10:11:47","6","default","383292078","Oxt_06","27.868","min","95.767","%a.s.","Humid","20.832","deg","41041","µV","27.828","°C","1021.000","hPa","36.4","pmil","0","55.390","deg","20.000","°C","100.000","%a.s.","21.720","deg","20.000","°C","977.000","hPa","0.861","-0.02617","0.00035","0","0","13.56","Humid","26.25","0","44.00","378256.20","SABD0000000001","AAV1.0.0.11","4.0.0.2323","PSt7-10","170328-019","7/29/2022 11:23:46 AM","0000-00","0","no battery","V","","µV","","µV"
"08/11/2022","10:11:48","6","default","383292078","Oxt_06","27.884","min","95.819","%a.s.","Humid","20.826","deg","41045","µV","27.827","°C","1021.000","hPa","36.4","pmil","0","55.390","deg","20.000","°C","100.000","%a.s.","21.720","deg","20.000","°C","977.000","hPa","0.861","-0.02617","0.00035","0","0","13.56","Humid","26.25","0","44.00","378254.94","SABD0000000001","AAV1.0.0.11","4.0.0.2323","PSt7-10","170328-019","7/29/2022 11:23:46 AM","0000-00","0","no battery","V","","µV","","µV"
"08/11/2022","10:11:49","6","default","383292078","Oxt_06","27.901","min","95.863","%a.s.","Humid","20.821","deg","41042","µV","27.826","°C","1021.000","hPa","36.4","pmil","0","55.390","deg","20.000","°C","100.000","%a.s.","21.720","deg","20.000","°C","977.000","hPa","0.861","-0.02617","0.00035","0","0","13.56","Humid","26.25","0","44.00","378249.34","SABD0000000001","AAV1.0.0.11","4.0.0.2323","PSt7-10","170328-019","7/29/2022 11:23:46 AM","0000-00","0","no battery","V","","µV","","µV"
"08/11/2022","10:11:50","6","default","383292078","Oxt_06","27.918","min","95.746","%a.s.","Humid","20.834","deg","41041","µV","27.832","°C","1021.000","hPa","36.4","pmil","0","55.390","deg","20.000","°C","100.000","%a.s.","21.720","deg","20.000","°C","977.000","hPa","0.861","-0.02617","0.00035","0","0","13.56","Humid","26.25","0","44.00","378263.33","SABD0000000001","AAV1.0.0.11","4.0.0.2323","PSt7-10","170328-019","7/29/2022 11:23:46 AM","0000-00","0","no battery","V","","µV","","µV"
"08/11/2022","10:11:51","6","default","383292078","Oxt_06","27.934","min","95.740","%a.s.","Humid","20.835","deg","41045","µV","27.829","°C","1021.000","hPa","36.4","pmil","0","55.390","deg","20.000","°C","100.000","%a.s.","21.720","deg","20.000","°C","977.000","hPa","0.861","-0.02617","0.00035","0","0","13.56","Humid","26.25","0","44.00","378252.48","SABD0000000001","AAV1.0.0.11","4.0.0.2323","PSt7-10","170328-019","7/29/2022 11:23:46 AM","0000-00","0","no battery","V","","µV","","µV"
"08/11/2022","10:11:52","6","default","383292078","Oxt_06","27.951","min","95.773","%a.s.","Humid","20.830","deg","41043","µV","27.839","°C","1021.000","hPa","36.4","pmil","0","55.390","deg","20.000","°C","100.000","%a.s.","21.720","deg","20.000","°C","977.000","hPa","0.861","-0.02617","0.00035","0","0","13.56","Humid","26.25","0","44.00","378247.22","SABD0000000001","AAV1.0.0.11","4.0.0.2323","PSt7-10","170328-019","7/29/2022 11:23:46 AM","0000-00","0","no battery","V","","µV","","µV"
"08/11/2022","10:11:53","6","default","383292078","Oxt_06","27.968","min","95.832","%a.s.","Humid","20.824","deg","41040","µV","27.832","°C","1021.000","hPa","36.4","pmil","0","55.390","deg","20.000","°C","100.000","%a.s.","21.720","deg","20.000","°C","977.000","hPa","0.861","-0.02617","0.00035","0","0","13.56","Humid","26.25","0","44.00","378259.18","SABD0000000001","AAV1.0.0.11","4.0.0.2323","PSt7-10","170328-019","7/29/2022 11:23:46 AM","0000-00","0","no battery","V","","µV","","µV"
"08/11/2022","10:11:54","6","default","383292078","Oxt_06","27.984","min","95.872","%a.s.","Humid","20.819","deg","41042","µV","27.835","°C","1021.000","hPa","36.4","pmil","0","55.390","deg","20.000","°C","100.000","%a.s.","21.720","deg","20.000","°C","977.000","hPa","0.861","-0.02617","0.00035","0","0","13.56","Humid","26.25","0","44.00","378244.79","SABD0000000001","AAV1.0.0.11","4.0.0.2323","PSt7-10","170328-019","7/29/2022 11:23:46 AM","0000-00","0","no battery","V","","µV","","µV"
"08/11/2022","10:11:55","6","default","383292078","Oxt_06","28.001","min","95.740","%a.s.","Humid","20.833","deg","41047","µV","27.848","°C","1021.000","hPa","36.4","pmil","0","55.390","deg","20.000","°C","100.000","%a.s.","21.720","deg","20.000","°C","977.000","hPa","0.861","-0.02617","0.00035","0","0","13.56","Humid","26.25","0","44.00","378256.06","SABD0000000001","AAV1.0.0.11","4.0.0.2323","PSt7-10","170328-019","7/29/2022 11:23:46 AM","0000-00","0","no battery","V","","µV","","µV"
"08/11/2022","10:11:56","6","default","383292078","Oxt_06","28.018","min","95.741","%a.s.","Humid","20.835","deg","41041","µV","27.828","°C","1021.000","hPa","36.4","pmil","0","55.390","deg","20.000","°C","100.000","%a.s.","21.720","deg","20.000","°C","977.000","hPa","0.861","-0.02617","0.00035","0","0","13.56","Humid","26.25","0","44.00","378253.13","SABD0000000001","AAV1.0.0.11","4.0.0.2323","PSt7-10","170328-019","7/29/2022 11:23:46 AM","0000-00","0","no battery","V","","µV","","µV"
"08/11/2022","10:11:57","6","default","383292078","Oxt_06","28.034","min","95.738","%a.s.","Humid","20.835","deg","41043","µV","27.831","°C","1021.000","hPa","36.4","pmil","0","55.390","deg","20.000","°C","100.000","%a.s.","21.720","deg","20.000","°C","977.000","hPa","0.861","-0.02617","0.00035","0","0","13.56","Humid","26.25","0","44.00","378251.88","SABD0000000001","AAV1.0.0.11","4.0.0.2323","PSt7-10","170328-019","7/29/2022 11:23:46 AM","0000-00","0","no battery","V","","µV","","µV"
"08/11/2022","10:11:58","6","default","383292078","Oxt_06","28.051","min","95.816","%a.s.","Humid","20.827","deg","41041","µV","27.821","°C","1021.000","hPa","36.4","pmil","0","55.390","deg","20.000","°C","100.000","%a.s.","21.720","deg","20.000","°C","977.000","hPa","0.861","-0.02617","0.00035","0","0","13.56","Humid","26.25","0","44.00","378248.40","SABD0000000001","AAV1.0.0.11","4.0.0.2323","PSt7-10","170328-019","7/29/2022 11:23:46 AM","0000-00","0","no battery","V","","µV","","µV"
"08/11/2022","10:11:59","6","default","383292078","Oxt_06","28.068","min","95.839","%a.s.","Humid","20.825","deg","41050","µV","27.815","°C","1021.000","hPa","36.4","pmil","0","55.390","deg","20.000","°C","100.000","%a.s.","21.720","deg","20.000","°C","977.000","hPa","0.861","-0.02617","0.00035","0","0","13.56","Humid","26.25","0","44.00","378254.13","SABD0000000001","AAV1.0.0.11","4.0.0.2323","PSt7-10","170328-019","7/29/2022 11:23:46 AM","0000-00","0","no battery","V","","µV","","µV"
"08/11/2022","10:12:00","6","default","383292078","Oxt_06","28.084","min","95.848","%a.s.","Humid","20.824","deg","41046","µV","27.814","°C","1021.000","hPa","36.4","pmil","0","55.390","deg","20.000","°C","100.000","%a.s.","21.720","deg","20.000","°C","977.000","hPa","0.861","-0.02617","0.00035","0","0","13.56","Humid","26.25","0","44.00","378255.56","SABD0000000001","AAV1.0.0.11","4.0.0.2323","PSt7-10","170328-019","7/29/2022 11:23:46 AM","0000-00","0","no battery","V","","µV","","µV"
"08/11/2022","10:12:01","6","default","383292078","Oxt_06","28.101","min","95.757","%a.s.","Humid","20.834","deg","41043","µV","27.820","°C","1021.000","hPa","36.4","pmil","0","55.390","deg","20.000","°C","100.000","%a.s.","21.720","deg","20.000","°C","977.000","hPa","0.861","-0.02617","0.00035","0","0","13.56","Humid","26.25","0","44.00","378255.78","SABD0000000001","AAV1.0.0.11","4.0.0.2323","PSt7-10","170328-019","7/29/2022 11:23:46 AM","0000-00","0","no battery","V","","µV","","µV"
"08/11/2022","10:12:02","6","default","383292078","Oxt_06","28.117","min","95.709","%a.s.","Humid","20.839","deg","41039","µV","27.826","°C","1021.000","hPa","36.4","pmil","0","55.390","deg","20.000","°C","100.000","%a.s.","21.720","deg","20.000","°C","977.000","hPa","0.861","-0.02617","0.00035","0","0","13.56","Humid","26.25","0","44.00","378251.33","SABD0000000001","AAV1.0.0.11","4.0.0.2323","PSt7-10","170328-019","7/29/2022 11:23:46 AM","0000-00","0","no battery","V","","µV","","µV"
"08/11/2022","10:12:03","6","default","383292078","Oxt_06","28.134","min","95.749","%a.s.","Humid","20.832","deg","41048","µV","27.847","°C","1021.000","hPa","36.4","pmil","0","55.390","deg","20.000","°C","100.000","%a.s.","21.720","deg","20.000","°C","977.000","hPa","0.861","-0.02617","0.00035","0","0","13.56","Humid","26.25","0","44.00","378242.19","SABD0000000001","AAV1.0.0.11","4.0.0.2323","PSt7-10","170328-019","7/29/2022 11:23:46 AM","0000-00","0","no battery","V","","µV","","µV"
"08/11/2022","10:12:04","6","default","383292078","Oxt_06","28.151","min","95.759","%a.s.","Humid","20.832","deg","41044","µV","27.836","°C","1021.000","hPa","36.4","pmil","0","55.390","deg","20.000","°C","100.000","%a.s.","21.720","deg","20.000","°C","977.000","hPa","0.861","-0.02617","0.00035","0","0","13.56","Humid","26.25","0","44.00","378238.59","SABD0000000001","AAV1.0.0.11","4.0.0.2323","PSt7-10","170328-019","7/29/2022 11:23:46 AM","0000-00","0","no battery","V","","µV","","µV"
"08/11/2022","10:12:05","6","default","383292078","Oxt_06","28.167","min","95.757","%a.s.","Humid","20.832","deg","41045","µV","27.839","°C","1021.000","hPa","36.4","pmil","0","55.390","deg","20.000","°C","100.000","%a.s.","21.720","deg","20.000","°C","977.000","hPa","0.861","-0.02617","0.00035","0","0","13.56","Humid","26.25","0","44.00","378235.86","SABD0000000001","AAV1.0.0.11","4.0.0.2323","PSt7-10","170328-019","7/29/2022 11:23:46 AM","0000-00","0","no battery","V","","µV","","µV"
"08/11/2022","10:12:06","6","default","383292078","Oxt_06","28.184","min","95.720","%a.s.","Humid","20.837","deg","41044","µV","27.832","°C","1021.000","hPa","36.4","pmil","0","55.390","deg","20.000","°C","100.000","%a.s.","21.720","deg","20.000","°C","977.000","hPa","0.861","-0.02617","0.00035","0","0","13.56","Humid","26.25","0","44.00","378240.64","SABD0000000001","AAV1.0.0.11","4.0.0.2323","PSt7-10","170328-019","7/29/2022 11:23:46 AM","0000-00","0","no battery","V","","µV","","µV"
"08/11/2022","10:12:07","6","default","383292078","Oxt_06","28.200","min","95.713","%a.s.","Humid","20.839","deg","41045","µV","27.821","°C","1021.000","hPa","36.4","pmil","0","55.390","deg","20.000","°C","100.000","%a.s.","21.720","deg","20.000","°C","977.000","hPa","0.861","-0.02617","0.00035","0","0","13.56","Humid","26.25","0","44.00","378227.30","SABD0000000001","AAV1.0.0.11","4.0.0.2323","PSt7-10","170328-019","7/29/2022 11:23:46 AM","0000-00","0","no battery","V","","µV","","µV"
"08/11/2022","10:12:08","6","default","383292078","Oxt_06","28.217","min","95.724","%a.s.","Humid","20.837","deg","41039","µV","27.828","°C","1021.000","hPa","36.4","pmil","0","55.390","deg","20.000","°C","100.000","%a.s.","21.720","deg","20.000","°C","977.000","hPa","0.861","-0.02617","0.00035","0","0","13.56","Humid","26.25","0","44.00","378231.27","SABD0000000001","AAV1.0.0.11","4.0.0.2323","PSt7-10","170328-019","7/29/2022 11:23:46 AM","0000-00","0","no battery","V","","µV","","µV"
"08/11/2022","10:12:09","6","default","383292078","Oxt_06","28.234","min","95.741","%a.s.","Humid","20.834","deg","41046","µV","27.838","°C","1021.000","hPa","36.4","pmil","0","55.390","deg","20.000","°C","100.000","%a.s.","21.720","deg","20.000","°C","977.000","hPa","0.861","-0.02617","0.00035","0","0","13.56","Humid","26.25","0","44.00","378233.05","SABD0000000001","AAV1.0.0.11","4.0.0.2323","PSt7-10","170328-019","7/29/2022 11:23:46 AM","0000-00","0","no battery","V","","µV","","µV"
"08/11/2022","10:12:10","6","default","383292078","Oxt_06","28.250","min","95.765","%a.s.","Humid","20.833","deg","41044","µV","27.821","°C","1021.000","hPa","36.4","pmil","0","55.390","deg","20.000","°C","100.000","%a.s.","21.720","deg","20.000","°C","977.000","hPa","0.861","-0.02617","0.00035","0","0","13.56","Humid","26.25","0","44.00","378231.57","SABD0000000001","AAV1.0.0.11","4.0.0.2323","PSt7-10","170328-019","7/29/2022 11:23:46 AM","0000-00","0","no battery","V","","µV","","µV"
"08/11/2022","10:12:11","6","default","383292078","Oxt_06","28.267","min","95.859","%a.s.","Humid","20.822","deg","41043","µV","27.821","°C","1021.000","hPa","36.4","pmil","0","55.390","deg","20.000","°C","100.000","%a.s.","21.720","deg","20.000","°C","977.000","hPa","0.861","-0.02617","0.00035","0","0","13.56","Humid","26.25","0","44.00","378227.71","SABD0000000001","AAV1.0.0.11","4.0.0.2323","PSt7-10","170328-019","7/29/2022 11:23:46 AM","0000-00","0","no battery","V","","µV","","µV"
"08/11/2022","10:12:12","6","default","383292078","Oxt_06","28.284","min","95.749","%a.s.","Humid","20.834","deg","41041","µV","27.829","°C","1021.000","hPa","36.4","pmil","0","55.390","deg","20.000","°C","100.000","%a.s.","21.720","deg","20.000","°C","977.000","hPa","0.861","-0.02617","0.00035","0","0","13.56","Humid","26.25","0","44.00","378231.31","SABD0000000001","AAV1.0.0.11","4.0.0.2323","PSt7-10","170328-019","7/29/2022 11:23:46 AM","0000-00","0","no battery","V","","µV","","µV"
"08/11/2022","10:12:13","6","default","383292078","Oxt_06","28.301","min","95.752","%a.s.","Humid","20.833","deg","41046","µV","27.835","°C","1021.000","hPa","36.4","pmil","0","55.390","deg","20.000","°C","100.000","%a.s.","21.720","deg","20.000","°C","977.000","hPa","0.861","-0.02617","0.00035","0","0","13.56","Humid","26.25","0","44.00","378237.60","SABD0000000001","AAV1.0.0.11","4.0.0.2323","PSt7-10","170328-019","7/29/2022 11:23:46 AM","0000-00","0","no battery","V","","µV","","µV"
"08/11/2022","10:12:14","6","default","383292078","Oxt_06","28.317","min","95.785","%a.s.","Humid","20.828","deg","41047","µV","27.845","°C","1021.000","hPa","36.4","pmil","0","55.390","deg","20.000","°C","100.000","%a.s.","21.720","deg","20.000","°C","977.000","hPa","0.861","-0.02617","0.00035","0","0","13.56","Humid","26.25","0","44.00","378225.23","SABD0000000001","AAV1.0.0.11","4.0.0.2323","PSt7-10","170328-019","7/29/2022 11:23:46 AM","0000-00","0","no battery","V","","µV","","µV"
"08/11/2022","10:12:15","6","default","383292078","Oxt_06","28.334","min","95.735","%a.s.","Humid","20.835","deg","41047","µV","27.835","°C","1021.000","hPa","36.4","pmil","0","55.390","deg","20.000","°C","100.000","%a.s.","21.720","deg","20.000","°C","977.000","hPa","0.861","-0.02617","0.00035","0","0","13.56","Humid","26.25","0","44.00","378220.25","SABD0000000001","AAV1.0.0.11","4.0.0.2323","PSt7-10","170328-019","7/29/2022 11:23:46 AM","0000-00","0","no battery","V","","µV","","µV"
"08/11/2022","10:12:16","6","default","383292078","Oxt_06","28.351","min","95.744","%a.s.","Humid","20.834","deg","41042","µV","27.834","°C","1021.000","hPa","36.4","pmil","0","55.390","deg","20.000","°C","100.000","%a.s.","21.720","deg","20.000","°C","977.000","hPa","0.861","-0.02617","0.00035","0","0","13.56","Humid","26.25","0","44.00","378226.15","SABD0000000001","AAV1.0.0.11","4.0.0.2323","PSt7-10","170328-019","7/29/2022 11:23:46 AM","0000-00","0","no battery","V","","µV","","µV"
"08/11/2022","10:12:17","6","default","383292078","Oxt_06","28.367","min","95.737","%a.s.","Humid","20.836","deg","41046","µV","27.823","°C","1021.000","hPa","36.4","pmil","0","55.390","deg","20.000","°C","100.000","%a.s.","21.720","deg","20.000","°C","977.000","hPa","0.861","-0.02617","0.00035","0","0","13.56","Humid","26.25","0","44.00","378224.54","SABD0000000001","AAV1.0.0.11","4.0.0.2323","PSt7-10","170328-019","7/29/2022 11:23:46 AM","0000-00","0","no battery","V","","µV","","µV"
"08/11/2022","10:12:18","6","default","383292078","Oxt_06","28.384","min","95.796","%a.s.","Humid","20.830","deg","41048","µV","27.814","°C","1021.000","hPa","36.4","pmil","0","55.390","deg","20.000","°C","100.000","%a.s.","21.720","deg","20.000","°C","977.000","hPa","0.861","-0.02617","0.00035","0","0","13.56","Humid","26.25","0","44.00","378214.48","SABD0000000001","AAV1.0.0.11","4.0.0.2323","PSt7-10","170328-019","7/29/2022 11:23:46 AM","0000-00","0","no battery","V","","µV","","µV"
"08/11/2022","10:12:19","6","default","383292078","Oxt_06","28.401","min","95.791","%a.s.","Humid","20.829","deg","41039","µV","27.829","°C","1021.000","hPa","36.4","pmil","0","55.390","deg","20.000","°C","100.000","%a.s.","21.720","deg","20.000","°C","977.000","hPa","0.861","-0.02617","0.00035","0","0","13.56","Humid","26.25","0","44.00","378218.61","SABD0000000001","AAV1.0.0.11","4.0.0.2323","PSt7-10","170328-019","7/29/2022 11:23:46 AM","0000-00","0","no battery","V","","µV","","µV"
"08/11/2022","10:12:20","6","default","383292078","Oxt_06","28.417","min","95.718","%a.s.","Humid","20.837","deg","41046","µV","27.835","°C","1021.000","hPa","36.4","pmil","0","55.390","deg","20.000","°C","100.000","%a.s.","21.720","deg","20.000","°C","977.000","hPa","0.861","-0.02617","0.00035","0","0","13.56","Humid","26.25","0","44.00","378204.84","SABD0000000001","AAV1.0.0.11","4.0.0.2323","PSt7-10","170328-019","7/29/2022 11:23:46 AM","0000-00","0","no battery","V","","µV","","µV"
"08/11/2022","10:12:21","6","default","383292078","Oxt_06","28.434","min","95.705","%a.s.","Humid","20.838","deg","41047","µV","27.840","°C","1021.000","hPa","36.4","pmil","0","55.390","deg","20.000","°C","100.000","%a.s.","21.720","deg","20.000","°C","977.000","hPa","0.861","-0.02617","0.00035","0","0","13.56","Humid","26.25","0","44.00","378224.64","SABD0000000001","AAV1.0.0.11","4.0.0.2323","PSt7-10","170328-019","7/29/2022 11:23:46 AM","0000-00","0","no battery","V","","µV","","µV"
"08/11/2022","10:12:22","6","default","383292078","Oxt_06","28.451","min","95.728","%a.s.","Humid","20.835","deg","41050","µV","27.842","°C","1021.000","hPa","36.4","pmil","0","55.390","deg","20.000","°C","100.000","%a.s.","21.720","deg","20.000","°C","977.000","hPa","0.861","-0.02617","0.00035","0","0","13.56","Humid","26.25","0","44.00","378222.66","SABD0000000001","AAV1.0.0.11","4.0.0.2323","PSt7-10","170328-019","7/29/2022 11:23:46 AM","0000-00","0","no battery","V","","µV","","µV"
"08/11/2022","10:12:23","6","default","383292078","Oxt_06","28.467","min","95.677","%a.s.","Humid","20.841","deg","41039","µV","27.842","°C","1021.000","hPa","36.4","pmil","0","55.390","deg","20.000","°C","100.000","%a.s.","21.720","deg","20.000","°C","977.000","hPa","0.861","-0.02617","0.00035","0","0","13.56","Humid","26.25","0","44.00","378208.50","SABD0000000001","AAV1.0.0.11","4.0.0.2323","PSt7-10","170328-019","7/29/2022 11:23:46 AM","0000-00","0","no battery","V","","µV","","µV"
"08/11/2022","10:12:24","6","default","383292078","Oxt_06","28.484","min","95.683","%a.s.","Humid","20.841","deg","41046","µV","27.835","°C","1021.000","hPa","36.4","pmil","0","55.390","deg","20.000","°C","100.000","%a.s.","21.720","deg","20.000","°C","977.000","hPa","0.861","-0.02617","0.00035","0","0","13.56","Humid","26.25","0","44.00","378229.34","SABD0000000001","AAV1.0.0.11","4.0.0.2323","PSt7-10","170328-019","7/29/2022 11:23:46 AM","0000-00","0","no battery","V","","µV","","µV"
"08/11/2022","10:12:25","6","default","383292078","Oxt_06","28.501","min","95.692","%a.s.","Humid","20.841","deg","41047","µV","27.826","°C","1021.000","hPa","36.4","pmil","0","55.390","deg","20.000","°C","100.000","%a.s.","21.720","deg","20.000","°C","977.000","hPa","0.861","-0.02617","0.00035","0","0","13.56","Humid","26.25","0","44.00","378212.91","SABD0000000001","AAV1.0.0.11","4.0.0.2323","PSt7-10","170328-019","7/29/2022 11:23:46 AM","0000-00","0","no battery","V","","µV","","µV"
"08/11/2022","10:12:26","6","default","383292078","Oxt_06","28.517","min","95.800","%a.s.","Humid","20.828","deg","41044","µV","27.829","°C","1021.000","hPa","36.4","pmil","0","55.390","deg","20.000","°C","100.000","%a.s.","21.720","deg","20.000","°C","977.000","hPa","0.861","-0.02617","0.00035","0","0","13.56","Humid","26.25","0","44.00","378202.71","SABD0000000001","AAV1.0.0.11","4.0.0.2323","PSt7-10","170328-019","7/29/2022 11:23:46 AM","0000-00","0","no battery","V","","µV","","µV"
"08/11/2022","10:12:27","6","default","383292078","Oxt_06","28.534","min","95.714","%a.s.","Humid","20.838","deg","41046","µV","27.829","°C","1021.000","hPa","36.4","pmil","0","55.390","deg","20.000","°C","100.000","%a.s.","21.720","deg","20.000","°C","977.000","hPa","0.861","-0.02617","0.00035","0","0","13.56","Humid","26.25","0","44.00","378214.80","SABD0000000001","AAV1.0.0.11","4.0.0.2323","PSt7-10","170328-019","7/29/2022 11:23:46 AM","0000-00","0","no battery","V","","µV","","µV"
"08/11/2022","10:12:28","6","default","383292078","Oxt_06","28.551","min","95.758","%a.s.","Humid","20.831","deg","41044","µV","27.846","°C","1021.000","hPa","36.4","pmil","0","55.390","deg","20.000","°C","100.000","%a.s.","21.720","deg","20.000","°C","977.000","hPa","0.861","-0.02617","0.00035","0","0","13.56","Humid","26.25","0","44.00","378215.97","SABD0000000001","AAV1.0.0.11","4.0.0.2323","PSt7-10","170328-019","7/29/2022 11:23:46 AM","0000-00","0","no battery","V","","µV","","µV"
"08/11/2022","10:12:29","6","default","383292078","Oxt_06","28.568","min","95.780","%a.s.","Humid","20.830","deg","41051","µV","27.832","°C","1021.000","hPa","36.4","pmil","0","55.390","deg","20.000","°C","100.000","%a.s.","21.720","deg","20.000","°C","977.000","hPa","0.861","-0.02617","0.00035","0","0","13.56","Humid","26.25","0","44.00","378223.25","SABD0000000001","AAV1.0.0.11","4.0.0.2323","PSt7-10","170328-019","7/29/2022 11:23:46 AM","0000-00","0","no battery","V","","µV","","µV"
"08/11/2022","10:12:30","6","default","383292078","Oxt_06","28.584","min","95.665","%a.s.","Humid","20.842","deg","41050","µV","27.845","°C","1021.000","hPa","36.4","pmil","0","55.390","deg","20.000","°C","100.000","%a.s.","21.720","deg","20.000","°C","977.000","hPa","0.861","-0.02617","0.00035","0","0","13.56","Humid","26.25","0","44.00","378218.18","SABD0000000001","AAV1.0.0.11","4.0.0.2323","PSt7-10","170328-019","7/29/2022 11:23:46 AM","0000-00","0","no battery","V","","µV","","µV"
"08/11/2022","10:12:31","6","default","383292078","Oxt_06","28.601","min","95.623","%a.s.","Humid","20.847","deg","41045","µV","27.845","°C","1021.000","hPa","36.4","pmil","0","55.390","deg","20.000","°C","100.000","%a.s.","21.720","deg","20.000","°C","977.000","hPa","0.861","-0.02617","0.00035","0","0","13.56","Humid","26.25","0","44.00","378213.22","SABD0000000001","AAV1.0.0.11","4.0.0.2323","PSt7-10","170328-019","7/29/2022 11:23:46 AM","0000-00","0","no battery","V","","µV","","µV"
"08/11/2022","10:12:32","6","default","383292078","Oxt_06","28.618","min","95.697","%a.s.","Humid","20.840","deg","41050","µV","27.830","°C","1021.000","hPa","36.4","pmil","0","55.390","deg","20.000","°C","100.000","%a.s.","21.720","deg","20.000","°C","977.000","hPa","0.861","-0.02617","0.00035","0","0","13.56","Humid","26.25","0","44.00","378207.57","SABD0000000001","AAV1.0.0.11","4.0.0.2323","PSt7-10","170328-019","7/29/2022 11:23:46 AM","0000-00","0","no battery","V","","µV","","µV"
"08/11/2022","10:12:33","6","default","383292078","Oxt_06","28.634","min","95.711","%a.s.","Humid","20.838","deg","41046","µV","27.833","°C","1021.000","hPa","36.4","pmil","0","55.390","deg","20.000","°C","100.000","%a.s.","21.720","deg","20.000","°C","977.000","hPa","0.861","-0.02617","0.00035","0","0","13.56","Humid","26.25","0","44.00","378210.05","SABD0000000001","AAV1.0.0.11","4.0.0.2323","PSt7-10","170328-019","7/29/2022 11:23:46 AM","0000-00","0","no battery","V","","µV","","µV"
"08/11/2022","10:12:34","6","default","383292078","Oxt_06","28.651","min","95.749","%a.s.","Humid","20.834","deg","41042","µV","27.828","°C","1021.000","hPa","36.4","pmil","0","55.390","deg","20.000","°C","100.000","%a.s.","21.720","deg","20.000","°C","977.000","hPa","0.861","-0.02617","0.00035","0","0","13.56","Humid","26.25","0","44.00","378206.95","SABD0000000001","AAV1.0.0.11","4.0.0.2323","PSt7-10","170328-019","7/29/2022 11:23:46 AM","0000-00","0","no battery","V","","µV","","µV"
"08/11/2022","10:12:35","6","default","383292078","Oxt_06","28.668","min","95.690","%a.s.","Humid","20.841","deg","41048","µV","27.828","°C","1021.000","hPa","36.4","pmil","0","55.390","deg","20.000","°C","100.000","%a.s.","21.720","deg","20.000","°C","977.000","hPa","0.861","-0.02617","0.00035","0","0","13.56","Humid","26.25","0","44.00","378212.26","SABD0000000001","AAV1.0.0.11","4.0.0.2323","PSt7-10","170328-019","7/29/2022 11:23:46 AM","0000-00","0","no battery","V","","µV","","µV"
"08/11/2022","10:12:36","6","default","383292078","Oxt_06","28.684","min","95.736","%a.s.","Humid","20.835","deg","41048","µV","27.833","°C","1021.000","hPa","36.4","pmil","0","55.390","deg","20.000","°C","100.000","%a.s.","21.720","deg","20.000","°C","977.000","hPa","0.861","-0.02617","0.00035","0","0","13.56","Humid","26.25","0","44.00","378207.28","SABD0000000001","AAV1.0.0.11","4.0.0.2323","PSt7-10","170328-019","7/29/2022 11:23:46 AM","0000-00","0","no battery","V","","µV","","µV"
"08/11/2022","10:12:37","6","default","383292078","Oxt_06","28.701","min","95.732","%a.s.","Humid","20.835","deg","41050","µV","27.838","°C","1021.000","hPa","36.4","pmil","0","55.390","deg","20.000","°C","100.000","%a.s.","21.720","deg","20.000","°C","977.000","hPa","0.861","-0.02617","0.00035","0","0","13.56","Humid","26.25","0","44.00","378217.59","SABD0000000001","AAV1.0.0.11","4.0.0.2323","PSt7-10","170328-019","7/29/2022 11:23:46 AM","0000-00","0","no battery","V","","µV","","µV"
"08/11/2022","10:12:38","6","default","383292078","Oxt_06","28.718","min","95.764","%a.s.","Humid","20.834","deg","41052","µV","27.813","°C","1021.000","hPa","36.4","pmil","0","55.390","deg","20.000","°C","100.000","%a.s.","21.720","deg","20.000","°C","977.000","hPa","0.861","-0.02617","0.00035","0","0","13.56","Humid","26.25","0","44.00","378200.17","SABD0000000001","AAV1.0.0.11","4.0.0.2323","PSt7-10","170328-019","7/29/2022 11:23:46 AM","0000-00","0","no battery","V","","µV","","µV"
"08/11/2022","10:12:39","6","default","383292078","Oxt_06","28.734","min","95.700","%a.s.","Humid","20.841","deg","41055","µV","27.817","°C","1021.000","hPa","36.4","pmil","0","55.390","deg","20.000","°C","100.000","%a.s.","21.720","deg","20.000","°C","977.000","hPa","0.861","-0.02617","0.00035","0","0","13.56","Humid","26.25","0","44.00","378197.18","SABD0000000001","AAV1.0.0.11","4.0.0.2323","PSt7-10","170328-019","7/29/2022 11:23:46 AM","0000-00","0","no battery","V","","µV","","µV"
"08/11/2022","10:12:40","6","default","383292078","Oxt_06","28.751","min","95.709","%a.s.","Humid","20.840","deg","41046","µV","27.817","°C","1021.000","hPa","36.4","pmil","0","55.390","deg","20.000","°C","100.000","%a.s.","21.720","deg","20.000","°C","977.000","hPa","0.861","-0.02617","0.00035","0","0","13.56","Humid","26.25","0","44.00","378206.85","SABD0000000001","AAV1.0.0.11","4.0.0.2323","PSt7-10","170328-019","7/29/2022 11:23:46 AM","0000-00","0","no battery","V","","µV","","µV"
"08/11/2022","10:12:41","6","default","383292078","Oxt_06","28.767","min","95.681","%a.s.","Humid","20.840","deg","41059","µV","27.847","°C","1021.000","hPa","36.4","pmil","0","55.390","deg","20.000","°C","100.000","%a.s.","21.720","deg","20.000","°C","977.000","hPa","0.861","-0.02617","0.00035","0","0","13.56","Humid","26.25","0","44.00","378191.66","SABD0000000001","AAV1.0.0.11","4.0.0.2323","PSt7-10","170328-019","7/29/2022 11:23:46 AM","0000-00","0","no battery","V","","µV","","µV"
"08/11/2022","10:12:42","6","default","383292078","Oxt_06","28.784","min","95.720","%a.s.","Humid","20.837","deg","41049","µV","27.832","°C","1021.000","hPa","36.4","pmil","0","55.390","deg","20.000","°C","100.000","%a.s.","21.720","deg","20.000","°C","977.000","hPa","0.861","-0.02617","0.00035","0","0","13.56","Humid","26.25","0","44.00","378211.31","SABD0000000001","AAV1.0.0.11","4.0.0.2323","PSt7-10","170328-019","7/29/2022 11:23:46 AM","0000-00","0","no battery","V","","µV","","µV"
"08/11/2022","10:12:43","6","default","383292078","Oxt_06","28.801","min","95.738","%a.s.","Humid","20.834","deg","41049","µV","27.841","°C","1021.000","hPa","36.4","pmil","0","55.390","deg","20.000","°C","100.000","%a.s.","21.720","deg","20.000","°C","977.000","hPa","0.861","-0.02617","0.00035","0","0","13.56","Humid","26.25","0","44.00","378211.08","SABD0000000001","AAV1.0.0.11","4.0.0.2323","PSt7-10","170328-019","7/29/2022 11:23:46 AM","0000-00","0","no battery","V","","µV","","µV"
"08/11/2022","10:12:44","6","default","383292078","Oxt_06","28.817","min","95.725","%a.s.","Humid","20.836","deg","41050","µV","27.837","°C","1021.000","hPa","36.4","pmil","0","55.390","deg","20.000","°C","100.000","%a.s.","21.720","deg","20.000","°C","977.000","hPa","0.861","-0.02617","0.00035","0","0","13.56","Humid","26.25","0","44.00","378204.18","SABD0000000001","AAV1.0.0.11","4.0.0.2323","PSt7-10","170328-019","7/29/2022 11:23:46 AM","0000-00","0","no battery","V","","µV","","µV"
"08/11/2022","10:12:45","6","default","383292078","Oxt_06","28.834","min","95.682","%a.s.","Humid","20.841","deg","41052","µV","27.836","°C","1021.000","hPa","36.4","pmil","0","55.390","deg","20.000","°C","100.000","%a.s.","21.720","deg","20.000","°C","977.000","hPa","0.861","-0.02617","0.00035","0","0","13.56","Humid","26.25","0","44.00","378207.90","SABD0000000001","AAV1.0.0.11","4.0.0.2323","PSt7-10","170328-019","7/29/2022 11:23:46 AM","0000-00","0","no battery","V","","µV","","µV"
"08/11/2022","10:12:46","6","default","383292078","Oxt_06","28.850","min","95.698","%a.s.","Humid","20.840","deg","41045","µV","27.829","°C","1021.000","hPa","36.4","pmil","0","55.390","deg","20.000","°C","100.000","%a.s.","21.720","deg","20.000","°C","977.000","hPa","0.861","-0.02617","0.00035","0","0","13.56","Humid","26.25","0","44.00","378194.49","SABD0000000001","AAV1.0.0.11","4.0.0.2323","PSt7-10","170328-019","7/29/2022 11:23:46 AM","0000-00","0","no battery","V","","µV","","µV"
"08/11/2022","10:12:47","6","default","383292078","Oxt_06","28.867","min","95.726","%a.s.","Humid","20.836","deg","41053","µV","27.835","°C","1021.000","hPa","36.4","pmil","0","55.390","deg","20.000","°C","100.000","%a.s.","21.720","deg","20.000","°C","977.000","hPa","0.861","-0.02617","0.00035","0","0","13.56","Humid","26.25","0","44.00","378194.82","SABD0000000001","AAV1.0.0.11","4.0.0.2323","PSt7-10","170328-019","7/29/2022 11:23:46 AM","0000-00","0","no battery","V","","µV","","µV"
"08/11/2022","10:12:48","6","default","383292078","Oxt_06","28.884","min","95.677","%a.s.","Humid","20.842","deg","41047","µV","27.833","°C","1021.000","hPa","36.4","pmil","0","55.390","deg","20.000","°C","100.000","%a.s.","21.720","deg","20.000","°C","977.000","hPa","0.861","-0.02617","0.00035","0","0","13.56","Humid","26.25","0","44.00","378201.35","SABD0000000001","AAV1.0.0.11","4.0.0.2323","PSt7-10","170328-019","7/29/2022 11:23:46 AM","0000-00","0","no battery","V","","µV","","µV"
"08/11/2022","10:12:49","6","default","383292078","Oxt_06","28.900","min","95.716","%a.s.","Humid","20.839","deg","41051","µV","27.818","°C","1021.000","hPa","36.4","pmil","0","55.390","deg","20.000","°C","100.000","%a.s.","21.720","deg","20.000","°C","977.000","hPa","0.861","-0.02617","0.00035","0","0","13.56","Humid","26.25","0","44.00","378195.88","SABD0000000001","AAV1.0.0.11","4.0.0.2323","PSt7-10","170328-019","7/29/2022 11:23:46 AM","0000-00","0","no battery","V","","µV","","µV"
"08/11/2022","10:12:50","6","default","383292078","Oxt_06","28.917","min","95.658","%a.s.","Humid","20.846","deg","41048","µV","27.816","°C","1021.000","hPa","36.4","pmil","0","55.390","deg","20.000","°C","100.000","%a.s.","21.720","deg","20.000","°C","977.000","hPa","0.861","-0.02617","0.00035","0","0","13.56","Humid","26.25","0","44.00","378187.41","SABD0000000001","AAV1.0.0.11","4.0.0.2323","PSt7-10","170328-019","7/29/2022 11:23:46 AM","0000-00","0","no battery","V","","µV","","µV"
"08/11/2022","10:12:51","6","default","383292078","Oxt_06","28.934","min","95.745","%a.s.","Humid","20.833","deg","41054","µV","27.842","°C","1021.000","hPa","36.4","pmil","0","55.390","deg","20.000","°C","100.000","%a.s.","21.720","deg","20.000","°C","977.000","hPa","0.861","-0.02617","0.00035","0","0","13.56","Humid","26.25","0","44.00","378200.75","SABD0000000001","AAV1.0.0.11","4.0.0.2323","PSt7-10","170328-019","7/29/2022 11:23:46 AM","0000-00","0","no battery","V","","µV","","µV"
"08/11/2022","10:12:52","6","default","383292078","Oxt_06","28.950","min","95.719","%a.s.","Humid","20.837","deg","41051","µV","27.834","°C","1021.000","hPa","36.4","pmil","0","55.390","deg","20.000","°C","100.000","%a.s.","21.720","deg","20.000","°C","977.000","hPa","0.861","-0.02617","0.00035","0","0","13.56","Humid","26.25","0","44.00","378184.41","SABD0000000001","AAV1.0.0.11","4.0.0.2323","PSt7-10","170328-019","7/29/2022 11:23:46 AM","0000-00","0","no battery","V","","µV","","µV"
"08/11/2022","10:12:53","6","default","383292078","Oxt_06","28.967","min","95.669","%a.s.","Humid","20.843","deg","41051","µV","27.832","°C","1021.000","hPa","36.4","pmil","0","55.390","deg","20.000","°C","100.000","%a.s.","21.720","deg","20.000","°C","977.000","hPa","0.861","-0.02617","0.00035","0","0","13.56","Humid","26.25","0","44.00","378193.40","SABD0000000001","AAV1.0.0.11","4.0.0.2323","PSt7-10","170328-019","7/29/2022 11:23:46 AM","0000-00","0","no battery","V","","µV","","µV"
"08/11/2022","10:12:54","6","default","383292078","Oxt_06","28.984","min","95.634","%a.s.","Humid","20.846","deg","41058","µV","27.842","°C","1021.000","hPa","36.4","pmil","0","55.390","deg","20.000","°C","100.000","%a.s.","21.720","deg","20.000","°C","977.000","hPa","0.861","-0.02617","0.00035","0","0","13.56","Humid","26.25","0","44.00","378190.48","SABD0000000001","AAV1.0.0.11","4.0.0.2323","PSt7-10","170328-019","7/29/2022 11:23:46 AM","0000-00","0","no battery","V","","µV","","µV"
"08/11/2022","10:12:55","6","default","383292078","Oxt_06","29.000","min","95.679","%a.s.","Humid","20.841","deg","41045","µV","27.840","°C","1021.000","hPa","36.4","pmil","0","55.390","deg","20.000","°C","100.000","%a.s.","21.720","deg","20.000","°C","977.000","hPa","0.861","-0.02617","0.00035","0","0","13.56","Humid","26.25","0","44.00","378194.56","SABD0000000001","AAV1.0.0.11","4.0.0.2323","PSt7-10","170328-019","7/29/2022 11:23:46 AM","0000-00","0","no battery","V","","µV","","µV"
"08/11/2022","10:12:56","6","default","383292078","Oxt_06","29.017","min","95.703","%a.s.","Humid","20.840","deg","41058","µV","27.823","°C","1021.000","hPa","36.4","pmil","0","55.390","deg","20.000","°C","100.000","%a.s.","21.720","deg","20.000","°C","977.000","hPa","0.861","-0.02617","0.00035","0","0","13.56","Humid","26.25","0","44.00","378197.04","SABD0000000001","AAV1.0.0.11","4.0.0.2323","PSt7-10","170328-019","7/29/2022 11:23:46 AM","0000-00","0","no battery","V","","µV","","µV"
"08/11/2022","10:12:57","6","default","383292078","Oxt_06","29.034","min","95.728","%a.s.","Humid","20.834","deg","41055","µV","27.851","°C","1021.000","hPa","36.4","pmil","0","55.390","deg","20.000","°C","100.000","%a.s.","21.720","deg","20.000","°C","977.000","hPa","0.861","-0.02617","0.00035","0","0","13.56","Humid","26.25","0","44.00","378199.34","SABD0000000001","AAV1.0.0.11","4.0.0.2323","PSt7-10","170328-019","7/29/2022 11:23:46 AM","0000-00","0","no battery","V","","µV","","µV"
"08/11/2022","10:12:58","6","default","383292078","Oxt_06","29.050","min","95.717","%a.s.","Humid","20.839","deg","41051","µV","27.817","°C","1021.000","hPa","36.4","pmil","0","55.390","deg","20.000","°C","100.000","%a.s.","21.720","deg","20.000","°C","977.000","hPa","0.861","-0.02617","0.00035","0","0","13.56","Humid","26.25","0","44.00","378197.72","SABD0000000001","AAV1.0.0.11","4.0.0.2323","PSt7-10","170328-019","7/29/2022 11:23:46 AM","0000-00","0","no battery","V","","µV","","µV"
"08/11/2022","10:12:59","6","default","383292078","Oxt_06","29.067","min","95.625","%a.s.","Humid","20.850","deg","41056","µV","27.815","°C","1021.000","hPa","36.4","pmil","0","55.390","deg","20.000","°C","100.000","%a.s.","21.720","deg","20.000","°C","977.000","hPa","0.861","-0.02617","0.00035","0","0","13.56","Humid","26.25","0","44.00","378196.25","SABD0000000001","AAV1.0.0.11","4.0.0.2323","PSt7-10","170328-019","7/29/2022 11:23:46 AM","0000-00","0","no battery","V","","µV","","µV"
"08/11/2022","10:13:00","6","default","383292078","Oxt_06","29.084","min","95.701","%a.s.","Humid","20.838","deg","41059","µV","27.844","°C","1021.000","hPa","36.4","pmil","0","55.390","deg","20.000","°C","100.000","%a.s.","21.720","deg","20.000","°C","977.000","hPa","0.861","-0.02617","0.00035","0","0","13.56","Humid","26.25","0","44.00","378186.28","SABD0000000001","AAV1.0.0.11","4.0.0.2323","PSt7-10","170328-019","7/29/2022 11:23:46 AM","0000-00","0","no battery","V","","µV","","µV"
"08/11/2022","10:13:01","6","default","383292078","Oxt_06","29.100","min","95.712","%a.s.","Humid","20.836","deg","41052","µV","27.850","°C","1021.000","hPa","36.4","pmil","0","55.390","deg","20.000","°C","100.000","%a.s.","21.720","deg","20.000","°C","977.000","hPa","0.861","-0.02617","0.00035","0","0","13.56","Humid","26.25","0","44.00","378189.55","SABD0000000001","AAV1.0.0.11","4.0.0.2323","PSt7-10","170328-019","7/29/2022 11:23:46 AM","0000-00","0","no battery","V","","µV","","µV"
"08/11/2022","10:13:02","6","default","383292078","Oxt_06","29.117","min","95.637","%a.s.","Humid","20.846","deg","41055","µV","27.839","°C","1021.000","hPa","36.4","pmil","0","55.390","deg","20.000","°C","100.000","%a.s.","21.720","deg","20.000","°C","977.000","hPa","0.861","-0.02617","0.00035","0","0","13.56","Humid","26.25","0","44.00","378194.88","SABD0000000001","AAV1.0.0.11","4.0.0.2323","PSt7-10","170328-019","7/29/2022 11:23:46 AM","0000-00","0","no battery","V","","µV","","µV"
"08/11/2022","10:13:03","6","default","383292078","Oxt_06","29.134","min","95.629","%a.s.","Humid","20.846","deg","41055","µV","27.848","°C","1021.000","hPa","36.4","pmil","0","55.390","deg","20.000","°C","100.000","%a.s.","21.720","deg","20.000","°C","977.000","hPa","0.861","-0.02617","0.00035","0","0","13.56","Humid","26.25","0","44.00","378208.15","SABD0000000001","AAV1.0.0.11","4.0.0.2323","PSt7-10","170328-019","7/29/2022 11:23:46 AM","0000-00","0","no battery","V","","µV","","µV"
"08/11/2022","10:13:04","6","default","383292078","Oxt_06","29.150","min","95.667","%a.s.","Humid","20.844","deg","41055","µV","27.825","°C","1021.000","hPa","36.4","pmil","0","55.390","deg","20.000","°C","100.000","%a.s.","21.720","deg","20.000","°C","977.000","hPa","0.861","-0.02617","0.00035","0","0","13.56","Humid","26.25","0","44.00","378200.94","SABD0000000001","AAV1.0.0.11","4.0.0.2323","PSt7-10","170328-019","7/29/2022 11:23:46 AM","0000-00","0","no battery","V","","µV","","µV"
"08/11/2022","10:13:05","6","default","383292078","Oxt_06","29.167","min","95.600","%a.s.","Humid","20.850","deg","41054","µV","27.842","°C","1021.000","hPa","36.4","pmil","0","55.390","deg","20.000","°C","100.000","%a.s.","21.720","deg","20.000","°C","977.000","hPa","0.861","-0.02617","0.00035","0","0","13.56","Humid","26.25","0","44.00","378177.75","SABD0000000001","AAV1.0.0.11","4.0.0.2323","PSt7-10","170328-019","7/29/2022 11:23:46 AM","0000-00","0","no battery","V","","µV","","µV"
"08/11/2022","10:13:06","6","default","383292078","Oxt_06","29.184","min","95.685","%a.s.","Humid","20.840","deg","41054","µV","27.842","°C","1021.000","hPa","36.4","pmil","0","55.390","deg","20.000","°C","100.000","%a.s.","21.720","deg","20.000","°C","977.000","hPa","0.861","-0.02617","0.00035","0","0","13.56","Humid","26.25","0","44.00","378175.00","SABD0000000001","AAV1.0.0.11","4.0.0.2323","PSt7-10","170328-019","7/29/2022 11:23:46 AM","0000-00","0","no battery","V","","µV","","µV"
"08/11/2022","10:13:07","6","default","383292078","Oxt_06","29.200","min","95.641","%a.s.","Humid","20.846","deg","41053","µV","27.835","°C","1021.000","hPa","36.4","pmil","0","55.390","deg","20.000","°C","100.000","%a.s.","21.720","deg","20.000","°C","977.000","hPa","0.861","-0.02617","0.00035","0","0","13.56","Humid","26.25","0","44.00","378180.23","SABD0000000001","AAV1.0.0.11","4.0.0.2323","PSt7-10","170328-019","7/29/2022 11:23:46 AM","0000-00","0","no battery","V","","µV","","µV"
"08/11/2022","10:13:08","6","default","383292078","Oxt_06","29.217","min","95.655","%a.s.","Humid","20.845","deg","41058","µV","27.829","°C","1021.000","hPa","36.4","pmil","0","55.390","deg","20.000","°C","100.000","%a.s.","21.720","deg","20.000","°C","977.000","hPa","0.861","-0.02617","0.00035","0","0","13.56","Humid","26.25","0","44.00","378180.98","SABD0000000001","AAV1.0.0.11","4.0.0.2323","PSt7-10","170328-019","7/29/2022 11:23:46 AM","0000-00","0","no battery","V","","µV","","µV"
"08/11/2022","10:13:09","6","default","383292078","Oxt_06","29.234","min","95.617","%a.s.","Humid","20.848","deg","41057","µV","27.843","°C","1021.000","hPa","36.4","pmil","0","55.390","deg","20.000","°C","100.000","%a.s.","21.720","deg","20.000","°C","977.000","hPa","0.861","-0.02617","0.00035","0","0","13.56","Humid","26.25","0","44.00","378186.00","SABD0000000001","AAV1.0.0.11","4.0.0.2323","PSt7-10","170328-019","7/29/2022 11:23:46 AM","0000-00","0","no battery","V","","µV","","µV"
"08/11/2022","10:13:10","6","default","383292078","Oxt_06","29.250","min","95.635","%a.s.","Humid","20.847","deg","41058","µV","27.832","°C","1021.000","hPa","36.4","pmil","0","55.390","deg","20.000","°C","100.000","%a.s.","21.720","deg","20.000","°C","977.000","hPa","0.861","-0.02617","0.00035","0","0","13.56","Humid","26.25","0","44.00","378182.37","SABD0000000001","AAV1.0.0.11","4.0.0.2323","PSt7-10","170328-019","7/29/2022 11:23:46 AM","0000-00","0","no battery","V","","µV","","µV"
"08/11/2022","10:13:11","6","default","383292078","Oxt_06","29.267","min","95.615","%a.s.","Humid","20.847","deg","41059","µV","27.853","°C","1021.000","hPa","36.4","pmil","0","55.390","deg","20.000","°C","100.000","%a.s.","21.720","deg","20.000","°C","977.000","hPa","0.861","-0.02617","0.00035","0","0","13.56","Humid","26.25","0","44.00","378173.18","SABD0000000001","AAV1.0.0.11","4.0.0.2323","PSt7-10","170328-019","7/29/2022 11:23:46 AM","0000-00","0","no battery","V","","µV","","µV"
"08/11/2022","10:13:12","6","default","383292078","Oxt_06","29.284","min","95.660","%a.s.","Humid","20.843","deg","41059","µV","27.842","°C","1021.000","hPa","36.4","pmil","0","55.390","deg","20.000","°C","100.000","%a.s.","21.720","deg","20.000","°C","977.000","hPa","0.861","-0.02617","0.00035","0","0","13.56","Humid","26.25","0","44.00","378182.25","SABD0000000001","AAV1.0.0.11","4.0.0.2323","PSt7-10","170328-019","7/29/2022 11:23:46 AM","0000-00","0","no battery","V","","µV","","µV"
"08/11/2022","10:13:13","6","default","383292078","Oxt_06","29.301","min","95.704","%a.s.","Humid","20.839","deg","41057","µV","27.831","°C","1021.000","hPa","36.4","pmil","0","55.390","deg","20.000","°C","100.000","%a.s.","21.720","deg","20.000","°C","977.000","hPa","0.861","-0.02617","0.00035","0","0","13.56","Humid","26.25","0","44.00","378178.15","SABD0000000001","AAV1.0.0.11","4.0.0.2323","PSt7-10","170328-019","7/29/2022 11:23:46 AM","0000-00","0","no battery","V","","µV","","µV"
"08/11/2022","10:13:14","6","default","383292078","Oxt_06","29.317","min","95.675","%a.s.","Humid","20.842","deg","41059","µV","27.835","°C","1021.000","hPa","36.4","pmil","0","55.390","deg","20.000","°C","100.000","%a.s.","21.720","deg","20.000","°C","977.000","hPa","0.861","-0.02617","0.00035","0","0","13.56","Humid","26.25","0","44.00","378184.84","SABD0000000001","AAV1.0.0.11","4.0.0.2323","PSt7-10","170328-019","7/29/2022 11:23:46 AM","0000-00","0","no battery","V","","µV","","µV"
"08/11/2022","10:13:15","6","default","383292078","Oxt_06","29.334","min","95.708","%a.s.","Humid","20.838","deg","41061","µV","27.836","°C","1021.000","hPa","36.4","pmil","0","55.390","deg","20.000","°C","100.000","%a.s.","21.720","deg","20.000","°C","977.000","hPa","0.861","-0.02617","0.00035","0","0","13.56","Humid","26.25","0","44.00","378207.16","SABD0000000001","AAV1.0.0.11","4.0.0.2323","PSt7-10","170328-019","7/29/2022 11:23:46 AM","0000-00","0","no battery","V","","µV","","µV"
"08/11/2022","10:13:16","6","default","383292078","Oxt_06","29.351","min","95.640","%a.s.","Humid","20.848","deg","41058","µV","27.818","°C","1021.000","hPa","36.4","pmil","0","55.390","deg","20.000","°C","100.000","%a.s.","21.720","deg","20.000","°C","977.000","hPa","0.861","-0.02617","0.00035","0","0","13.56","Humid","26.25","0","44.00","378186.15","SABD0000000001","AAV1.0.0.11","4.0.0.2323","PSt7-10","170328-019","7/29/2022 11:23:46 AM","0000-00","0","no battery","V","","µV","","µV"
"08/11/2022","10:13:17","6","default","383292078","Oxt_06","29.367","min","95.647","%a.s.","Humid","20.847","deg","41057","µV","27.819","°C","1021.000","hPa","36.4","pmil","0","55.390","deg","20.000","°C","100.000","%a.s.","21.720","deg","20.000","°C","977.000","hPa","0.861","-0.02617","0.00035","0","0","13.56","Humid","26.25","0","44.00","378191.06","SABD0000000001","AAV1.0.0.11","4.0.0.2323","PSt7-10","170328-019","7/29/2022 11:23:46 AM","0000-00","0","no battery","V","","µV","","µV"
"08/11/2022","10:13:18","6","default","383292078","Oxt_06","29.384","min","95.681","%a.s.","Humid","20.843","deg","41058","µV","27.819","°C","1021.000","hPa","36.4","pmil","0","55.390","deg","20.000","°C","100.000","%a.s.","21.720","deg","20.000","°C","977.000","hPa","0.861","-0.02617","0.00035","0","0","13.56","Humid","26.25","0","44.00","378191.37","SABD0000000001","AAV1.0.0.11","4.0.0.2323","PSt7-10","170328-019","7/29/2022 11:23:46 AM","0000-00","0","no battery","V","","µV","","µV"
"08/11/2022","10:13:19","6","default","383292078","Oxt_06","29.401","min","95.675","%a.s.","Humid","20.841","deg","41064","µV","27.844","°C","1021.000","hPa","36.4","pmil","0","55.390","deg","20.000","°C","100.000","%a.s.","21.720","deg","20.000","°C","977.000","hPa","0.861","-0.02617","0.00035","0","0","13.56","Humid","26.25","0","44.00","378188.34","SABD0000000001","AAV1.0.0.11","4.0.0.2323","PSt7-10","170328-019","7/29/2022 11:23:46 AM","0000-00","0","no battery","V","","µV","","µV"
"08/11/2022","10:13:20","6","default","383292078","Oxt_06","29.417","min","95.620","%a.s.","Humid","20.848","deg","41055","µV","27.839","°C","1021.000","hPa","36.4","pmil","0","55.390","deg","20.000","°C","100.000","%a.s.","21.720","deg","20.000","°C","977.000","hPa","0.861","-0.02617","0.00035","0","0","13.56","Humid","26.25","0","44.00","378179.51","SABD0000000001","AAV1.0.0.11","4.0.0.2323","PSt7-10","170328-019","7/29/2022 11:23:46 AM","0000-00","0","no battery","V","","µV","","µV"
"08/11/2022","10:13:21","6","default","383292078","Oxt_06","29.434","min","95.587","%a.s.","Humid","20.852","deg","41061","µV","27.838","°C","1021.000","hPa","36.4","pmil","0","55.390","deg","20.000","°C","100.000","%a.s.","21.720","deg","20.000","°C","977.000","hPa","0.861","-0.02617","0.00035","0","0","13.56","Humid","26.25","0","44.00","378182.03","SABD0000000001","AAV1.0.0.11","4.0.0.2323","PSt7-10","170328-019","7/29/2022 11:23:46 AM","0000-00","0","no battery","V","","µV","","µV"
"08/11/2022","10:13:22","6","default","383292078","Oxt_06","29.451","min","95.612","%a.s.","Humid","20.850","deg","41061","µV","27.830","°C","1021.000","hPa","36.4","pmil","0","55.390","deg","20.000","°C","100.000","%a.s.","21.720","deg","20.000","°C","977.000","hPa","0.861","-0.02617","0.00035","0","0","13.56","Humid","26.25","0","44.00","378193.70","SABD0000000001","AAV1.0.0.11","4.0.0.2323","PSt7-10","170328-019","7/29/2022 11:23:46 AM","0000-00","0","no battery","V","","µV","","µV"
"08/11/2022","10:13:23","6","default","383292078","Oxt_06","29.467","min","95.582","%a.s.","Humid","20.853","deg","41060","µV","27.834","°C","1021.000","hPa","36.4","pmil","0","55.390","deg","20.000","°C","100.000","%a.s.","21.720","deg","20.000","°C","977.000","hPa","0.861","-0.02617","0.00035","0","0","13.56","Humid","26.25","0","44.00","378185.25","SABD0000000001","AAV1.0.0.11","4.0.0.2323","PSt7-10","170328-019","7/29/2022 11:23:46 AM","0000-00","0","no battery","V","","µV","","µV"
"08/11/2022","10:13:24","6","default","383292078","Oxt_06","29.484","min","95.584","%a.s.","Humid","20.853","deg","41061","µV","27.832","°C","1021.000","hPa","36.4","pmil","0","55.390","deg","20.000","°C","100.000","%a.s.","21.720","deg","20.000","°C","977.000","hPa","0.861","-0.02617","0.00035","0","0","13.56","Humid","26.25","0","44.00","378173.65","SABD0000000001","AAV1.0.0.11","4.0.0.2323","PSt7-10","170328-019","7/29/2022 11:23:46 AM","0000-00","0","no battery","V","","µV","","µV"
"08/11/2022","10:13:25","6","default","383292078","Oxt_06","29.501","min","95.667","%a.s.","Humid","20.843","deg","41058","µV","27.834","°C","1021.000","hPa","36.4","pmil","0","55.390","deg","20.000","°C","100.000","%a.s.","21.720","deg","20.000","°C","977.000","hPa","0.861","-0.02617","0.00035","0","0","13.56","Humid","26.25","0","44.00","378180.89","SABD0000000001","AAV1.0.0.11","4.0.0.2323","PSt7-10","170328-019","7/29/2022 11:23:46 AM","0000-00","0","no battery","V","","µV","","µV"
"08/11/2022","10:13:26","6","default","383292078","Oxt_06","29.517","min","95.657","%a.s.","Humid","20.843","deg","41058","µV","27.846","°C","1021.000","hPa","36.4","pmil","0","55.390","deg","20.000","°C","100.000","%a.s.","21.720","deg","20.000","°C","977.000","hPa","0.861","-0.02617","0.00035","0","0","13.56","Humid","26.25","0","44.00","378167.11","SABD0000000001","AAV1.0.0.11","4.0.0.2323","PSt7-10","170328-019","7/29/2022 11:23:46 AM","0000-00","0","no battery","V","","µV","","µV"
"08/11/2022","10:13:27","6","default","383292078","Oxt_06","29.534","min","95.688","%a.s.","Humid","20.841","deg","41057","µV","27.830","°C","1021.000","hPa","36.4","pmil","0","55.390","deg","20.000","°C","100.000","%a.s.","21.720","deg","20.000","°C","977.000","hPa","0.861","-0.02617","0.00035","0","0","13.56","Humid","26.25","0","44.00","378168.78","SABD0000000001","AAV1.0.0.11","4.0.0.2323","PSt7-10","170328-019","7/29/2022 11:23:46 AM","0000-00","0","no battery","V","","µV","","µV"
"08/11/2022","10:13:28","6","default","383292078","Oxt_06","29.551","min","95.646","%a.s.","Humid","20.845","deg","41060","µV","27.838","°C","1021.000","hPa","36.4","pmil","0","55.390","deg","20.000","°C","100.000","%a.s.","21.720","deg","20.000","°C","977.000","hPa","0.861","-0.02617","0.00035","0","0","13.56","Humid","26.25","0","44.00","378165.79","SABD0000000001","AAV1.0.0.11","4.0.0.2323","PSt7-10","170328-019","7/29/2022 11:23:46 AM","0000-00","0","no battery","V","","µV","","µV"
"08/11/2022","10:13:29","6","default","383292078","Oxt_06","29.568","min","95.659","%a.s.","Humid","20.843","deg","41062","µV","27.843","°C","1021.000","hPa","36.4","pmil","0","55.390","deg","20.000","°C","100.000","%a.s.","21.720","deg","20.000","°C","977.000","hPa","0.861","-0.02617","0.00035","0","0","13.56","Humid","26.25","0","44.00","378170.76","SABD0000000001","AAV1.0.0.11","4.0.0.2323","PSt7-10","170328-019","7/29/2022 11:23:46 AM","0000-00","0","no battery","V","","µV","","µV"
"08/11/2022","10:13:30","6","default","383292078","Oxt_06","29.584","min","95.655","%a.s.","Humid","20.845","deg","41057","µV","27.829","°C","1021.000","hPa","36.4","pmil","0","55.390","deg","20.000","°C","100.000","%a.s.","21.720","deg","20.000","°C","977.000","hPa","0.861","-0.02617","0.00035","0","0","13.56","Humid","26.25","0","44.00","378159.12","SABD0000000001","AAV1.0.0.11","4.0.0.2323","PSt7-10","170328-019","7/29/2022 11:23:46 AM","0000-00","0","no battery","V","","µV","","µV"
"08/11/2022","10:13:31","6","default","383292078","Oxt_06","29.601","min","95.670","%a.s.","Humid","20.842","deg","41062","µV","27.840","°C","1021.000","hPa","36.4","pmil","0","55.390","deg","20.000","°C","100.000","%a.s.","21.720","deg","20.000","°C","977.000","hPa","0.861","-0.02617","0.00035","0","0","13.56","Humid","26.25","0","44.00","378170.04","SABD0000000001","AAV1.0.0.11","4.0.0.2323","PSt7-10","170328-019","7/29/2022 11:23:46 AM","0000-00","0","no battery","V","","µV","","µV"
"08/11/2022","10:13:32","6","default","383292078","Oxt_06","29.618","min","95.679","%a.s.","Humid","20.843","deg","41062","µV","27.821","°C","1021.000","hPa","36.4","pmil","0","55.390","deg","20.000","°C","100.000","%a.s.","21.720","deg","20.000","°C","977.000","hPa","0.861","-0.02617","0.00035","0","0","13.56","Humid","26.25","0","44.00","378167.95","SABD0000000001","AAV1.0.0.11","4.0.0.2323","PSt7-10","170328-019","7/29/2022 11:23:46 AM","0000-00","0","no battery","V","","µV","","µV"
"08/11/2022","10:13:33","6","default","383292078","Oxt_06","29.634","min","95.636","%a.s.","Humid","20.847","deg","41063","µV","27.831","°C","1021.000","hPa","36.4","pmil","0","55.390","deg","20.000","°C","100.000","%a.s.","21.720","deg","20.000","°C","977.000","hPa","0.861","-0.02617","0.00035","0","0","13.56","Humid","26.25","0","44.00","378159.71","SABD0000000001","AAV1.0.0.11","4.0.0.2323","PSt7-10","170328-019","7/29/2022 11:23:46 AM","0000-00","0","no battery","V","","µV","","µV"
"08/11/2022","10:13:34","6","default","383292078","Oxt_06","29.651","min","95.626","%a.s.","Humid","20.848","deg","41061","µV","27.832","°C","1021.000","hPa","36.4","pmil","0","55.390","deg","20.000","°C","100.000","%a.s.","21.720","deg","20.000","°C","977.000","hPa","0.861","-0.02617","0.00035","0","0","13.56","Humid","26.25","0","44.00","378175.09","SABD0000000001","AAV1.0.0.11","4.0.0.2323","PSt7-10","170328-019","7/29/2022 11:23:46 AM","0000-00","0","no battery","V","","µV","","µV"
"08/11/2022","10:13:35","6","default","383292078","Oxt_06","29.668","min","95.623","%a.s.","Humid","20.850","deg","41056","µV","27.817","°C","1021.000","hPa","36.4","pmil","0","55.390","deg","20.000","°C","100.000","%a.s.","21.720","deg","20.000","°C","977.000","hPa","0.861","-0.02617","0.00035","0","0","13.56","Humid","26.25","0","44.00","378164.51","SABD0000000001","AAV1.0.0.11","4.0.0.2323","PSt7-10","170328-019","7/29/2022 11:23:46 AM","0000-00","0","no battery","V","","µV","","µV"
"08/11/2022","10:13:36","6","default","383292078","Oxt_06","29.684","min","95.613","%a.s.","Humid","20.851","deg","41062","µV","27.819","°C","1021.000","hPa","36.4","pmil","0","55.390","deg","20.000","°C","100.000","%a.s.","21.720","deg","20.000","°C","977.000","hPa","0.861","-0.02617","0.00035","0","0","13.56","Humid","26.25","0","44.00","378160.91","SABD0000000001","AAV1.0.0.11","4.0.0.2323","PSt7-10","170328-019","7/29/2022 11:23:46 AM","0000-00","0","no battery","V","","µV","","µV"
"08/11/2022","10:13:37","6","default","383292078","Oxt_06","29.701","min","95.657","%a.s.","Humid","20.845","deg","41065","µV","27.827","°C","1021.000","hPa","36.4","pmil","0","55.390","deg","20.000","°C","100.000","%a.s.","21.720","deg","20.000","°C","977.000","hPa","0.861","-0.02617","0.00035","0","0","13.56","Humid","26.25","0","44.00","378163.83","SABD0000000001","AAV1.0.0.11","4.0.0.2323","PSt7-10","170328-019","7/29/2022 11:23:46 AM","0000-00","0","no battery","V","","µV","","µV"
"08/11/2022","10:13:38","6","default","383292078","Oxt_06","29.718","min","95.644","%a.s.","Humid","20.846","deg","41058","µV","27.831","°C","1021.000","hPa","36.4","pmil","0","55.390","deg","20.000","°C","100.000","%a.s.","21.720","deg","20.000","°C","977.000","hPa","0.861","-0.02617","0.00035","0","0","13.56","Humid","26.25","0","44.00","378182.18","SABD0000000001","AAV1.0.0.11","4.0.0.2323","PSt7-10","170328-019","7/29/2022 11:23:46 AM","0000-00","0","no battery","V","","µV","","µV"
"08/11/2022","10:13:39","6","default","383292078","Oxt_06","29.734","min","95.606","%a.s.","Humid","20.849","deg","41064","µV","27.844","°C","1021.000","hPa","36.4","pmil","0","55.390","deg","20.000","°C","100.000","%a.s.","21.720","deg","20.000","°C","977.000","hPa","0.861","-0.02617","0.00035","0","0","13.56","Humid","26.25","0","44.00","378159.15","SABD0000000001","AAV1.0.0.11","4.0.0.2323","PSt7-10","170328-019","7/29/2022 11:23:46 AM","0000-00","0","no battery","V","","µV","","µV"
"08/11/2022","10:13:40","6","default","383292078","Oxt_06","29.751","min","95.553","%a.s.","Humid","20.855","deg","41065","µV","27.847","°C","1021.000","hPa","36.4","pmil","0","55.390","deg","20.000","°C","100.000","%a.s.","21.720","deg","20.000","°C","977.000","hPa","0.861","-0.02617","0.00035","0","0","13.56","Humid","26.25","0","44.00","378166.37","SABD0000000001","AAV1.0.0.11","4.0.0.2323","PSt7-10","170328-019","7/29/2022 11:23:46 AM","0000-00","0","no battery","V","","µV","","µV"
"08/11/2022","10:13:41","6","default","383292078","Oxt_06","29.768","min","95.600","%a.s.","Humid","20.851","deg","41058","µV","27.833","°C","1021.000","hPa","36.4","pmil","0","55.390","deg","20.000","°C","100.000","%a.s.","21.720","deg","20.000","°C","977.000","hPa","0.861","-0.02617","0.00035","0","0","13.56","Humid","26.25","0","44.00","378159.81","SABD0000000001","AAV1.0.0.11","4.0.0.2323","PSt7-10","170328-019","7/29/2022 11:23:46 AM","0000-00","0","no battery","V","","µV","","µV"
"08/11/2022","10:13:42","6","default","383292078","Oxt_06","29.784","min","95.650","%a.s.","Humid","20.846","deg","41058","µV","27.825","°C","1021.000","hPa","36.4","pmil","0","55.390","deg","20.000","°C","100.000","%a.s.","21.720","deg","20.000","°C","977.000","hPa","0.861","-0.02617","0.00035","0","0","13.56","Humid","26.25","0","44.00","378170.91","SABD0000000001","AAV1.0.0.11","4.0.0.2323","PSt7-10","170328-019","7/29/2022 11:23:46 AM","0000-00","0","no battery","V","","µV","","µV"
"08/11/2022","10:13:43","6","default","383292078","Oxt_06","29.801","min","95.566","%a.s.","Humid","20.855","deg","41059","µV","27.833","°C","1021.000","hPa","36.4","pmil","0","55.390","deg","20.000","°C","100.000","%a.s.","21.720","deg","20.000","°C","977.000","hPa","0.861","-0.02617","0.00035","0","0","13.56","Humid","26.25","0","44.00","378161.93","SABD0000000001","AAV1.0.0.11","4.0.0.2323","PSt7-10","170328-019","7/29/2022 11:23:46 AM","0000-00","0","no battery","V","","µV","","µV"
"08/11/2022","10:13:44","6","default","383292078","Oxt_06","29.818","min","95.533","%a.s.","Humid","20.858","deg","41059","µV","27.841","°C","1021.000","hPa","36.4","pmil","0","55.390","deg","20.000","°C","100.000","%a.s.","21.720","deg","20.000","°C","977.000","hPa","0.861","-0.02617","0.00035","0","0","13.56","Humid","26.25","0","44.00","378148.21","SABD0000000001","AAV1.0.0.11","4.0.0.2323","PSt7-10","170328-019","7/29/2022 11:23:46 AM","0000-00","0","no battery","V","","µV","","µV"
"08/11/2022","10:13:45","6","default","383292078","Oxt_06","29.834","min","95.604","%a.s.","Humid","20.850","deg","41060","µV","27.838","°C","1021.000","hPa","36.4","pmil","0","55.390","deg","20.000","°C","100.000","%a.s.","21.720","deg","20.000","°C","977.000","hPa","0.861","-0.02617","0.00035","0","0","13.56","Humid","26.25","0","44.00","378160.19","SABD0000000001","AAV1.0.0.11","4.0.0.2323","PSt7-10","170328-019","7/29/2022 11:23:46 AM","0000-00","0","no battery","V","","µV","","µV"
"08/11/2022","10:13:46","6","default","383292078","Oxt_06","29.851","min","95.621","%a.s.","Humid","20.849","deg","41063","µV","27.829","°C","1021.000","hPa","36.4","pmil","0","55.390","deg","20.000","°C","100.000","%a.s.","21.720","deg","20.000","°C","977.000","hPa","0.861","-0.02617","0.00035","0","0","13.56","Humid","26.25","0","44.00","378147.34","SABD0000000001","AAV1.0.0.11","4.0.0.2323","PSt7-10","170328-019","7/29/2022 11:23:46 AM","0000-00","0","no battery","V","","µV","","µV"
"08/11/2022","10:13:47","6","default","383292078","Oxt_06","29.868","min","95.716","%a.s.","Humid","20.838","deg","41063","µV","27.827","°C","1021.000","hPa","36.4","pmil","0","55.390","deg","20.000","°C","100.000","%a.s.","21.720","deg","20.000","°C","977.000","hPa","0.861","-0.02617","0.00035","0","0","13.56","Humid","26.25","0","44.00","378142.06","SABD0000000001","AAV1.0.0.11","4.0.0.2323","PSt7-10","170328-019","7/29/2022 11:23:46 AM","0000-00","0","no battery","V","","µV","","µV"
"08/11/2022","10:13:48","6","default","383292078","Oxt_06","29.884","min","95.611","%a.s.","Humid","20.850","deg","41056","µV","27.830","°C","1021.000","hPa","36.4","pmil","0","55.390","deg","20.000","°C","100.000","%a.s.","21.720","deg","20.000","°C","977.000","hPa","0.861","-0.02617","0.00035","0","0","13.56","Humid","26.25","0","44.00","378161.67","SABD0000000001","AAV1.0.0.11","4.0.0.2323","PSt7-10","170328-019","7/29/2022 11:23:46 AM","0000-00","0","no battery","V","","µV","","µV"
"08/11/2022","10:13:49","6","default","383292078","Oxt_06","29.901","min","95.569","%a.s.","Humid","20.854","deg","41060","µV","27.839","°C","1021.000","hPa","36.4","pmil","0","55.390","deg","20.000","°C","100.000","%a.s.","21.720","deg","20.000","°C","977.000","hPa","0.861","-0.02617","0.00035","0","0","13.56","Humid","26.25","0","44.00","378150.55","SABD0000000001","AAV1.0.0.11","4.0.0.2323","PSt7-10","170328-019","7/29/2022 11:23:46 AM","0000-00","0","no battery","V","","µV","","µV"
"08/11/2022","10:13:50","6","default","383292078","Oxt_06","29.917","min","95.653","%a.s.","Humid","20.846","deg","41062","µV","27.822","°C","1021.000","hPa","36.4","pmil","0","55.390","deg","20.000","°C","100.000","%a.s.","21.720","deg","20.000","°C","977.000","hPa","0.861","-0.02617","0.00035","0","0","13.56","Humid","26.25","0","44.00","378166.50","SABD0000000001","AAV1.0.0.11","4.0.0.2323","PSt7-10","170328-019","7/29/2022 11:23:46 AM","0000-00","0","no battery","V","","µV","","µV"
"08/11/2022","10:13:51","6","default","383292078","Oxt_06","29.934","min","95.576","%a.s.","Humid","20.854","deg","41057","µV","27.831","°C","1021.000","hPa","36.4","pmil","0","55.390","deg","20.000","°C","100.000","%a.s.","21.720","deg","20.000","°C","977.000","hPa","0.861","-0.02617","0.00035","0","0","13.56","Humid","26.25","0","44.00","378159.31","SABD0000000001","AAV1.0.0.11","4.0.0.2323","PSt7-10","170328-019","7/29/2022 11:23:46 AM","0000-00","0","no battery","V","","µV","","µV"
"08/11/2022","10:13:52","6","default","383292078","Oxt_06","29.950","min","95.638","%a.s.","Humid","20.848","deg","41062","µV","27.820","°C","1021.000","hPa","36.4","pmil","0","55.390","deg","20.000","°C","100.000","%a.s.","21.720","deg","20.000","°C","977.000","hPa","0.861","-0.02617","0.00035","0","0","13.56","Humid","26.25","0","44.00","378146.42","SABD0000000001","AAV1.0.0.11","4.0.0.2323","PSt7-10","170328-019","7/29/2022 11:23:46 AM","0000-00","0","no battery","V","","µV","","µV"
"08/11/2022","10:13:53","6","default","383292078","Oxt_06","29.967","min","95.618","%a.s.","Humid","20.848","deg","41060","µV","27.842","°C","1021.000","hPa","36.4","pmil","0","55.390","deg","20.000","°C","100.000","%a.s.","21.720","deg","20.000","°C","977.000","hPa","0.861","-0.02617","0.00035","0","0","13.56","Humid","26.25","0","44.00","378156.51","SABD0000000001","AAV1.0.0.11","4.0.0.2323","PSt7-10","170328-019","7/29/2022 11:23:46 AM","0000-00","0","no battery","V","","µV","","µV"
"08/11/2022","10:13:54","6","default","383292078","Oxt_06","29.984","min","95.650","%a.s.","Humid","20.846","deg","41060","µV","27.825","°C","1021.000","hPa","36.4","pmil","0","55.390","deg","20.000","°C","100.000","%a.s.","21.720","deg","20.000","°C","977.000","hPa","0.861","-0.02617","0.00035","0","0","13.56","Humid","26.25","0","44.00","378144.70","SABD0000000001","AAV1.0.0.11","4.0.0.2323","PSt7-10","170328-019","7/29/2022 11:23:46 AM","0000-00","0","no battery","V","","µV","","µV"
"08/11/2022","10:13:55","6","default","383292078","Oxt_06","30.000","min","95.546","%a.s.","Humid","20.859","deg","41062","µV","27.817","°C","1021.000","hPa","36.4","pmil","0","55.390","deg","20.000","°C","100.000","%a.s.","21.720","deg","20.000","°C","977.000","hPa","0.861","-0.02617","0.00035","0","0","13.56","Humid","26.25","0","44.00","378152.86","SABD0000000001","AAV1.0.0.11","4.0.0.2323","PSt7-10","170328-019","7/29/2022 11:23:46 AM","0000-00","0","no battery","V","","µV","","µV"
"08/11/2022","10:13:56","6","default","383292078","Oxt_06","30.017","min","95.599","%a.s.","Humid","20.853","deg","41065","µV","27.815","°C","1021.000","hPa","36.4","pmil","0","55.390","deg","20.000","°C","100.000","%a.s.","21.720","deg","20.000","°C","977.000","hPa","0.861","-0.02617","0.00035","0","0","13.56","Humid","26.25","0","44.00","378141.39","SABD0000000001","AAV1.0.0.11","4.0.0.2323","PSt7-10","170328-019","7/29/2022 11:23:46 AM","0000-00","0","no battery","V","","µV","","µV"
"08/11/2022","10:13:57","6","default","383292078","Oxt_06","30.034","min","95.565","%a.s.","Humid","20.854","deg","41061","µV","27.843","°C","1021.000","hPa","36.4","pmil","0","55.390","deg","20.000","°C","100.000","%a.s.","21.720","deg","20.000","°C","977.000","hPa","0.861","-0.02617","0.00035","0","0","13.56","Humid","26.25","0","44.00","378145.36","SABD0000000001","AAV1.0.0.11","4.0.0.2323","PSt7-10","170328-019","7/29/2022 11:23:46 AM","0000-00","0","no battery","V","","µV","","µV"
"08/11/2022","10:13:58","6","default","383292078","Oxt_06","30.050","min","95.602","%a.s.","Humid","20.849","deg","41064","µV","27.849","°C","1021.000","hPa","36.4","pmil","0","55.390","deg","20.000","°C","100.000","%a.s.","21.720","deg","20.000","°C","977.000","hPa","0.861","-0.02617","0.00035","0","0","13.56","Humid","26.25","0","44.00","378156.01","SABD0000000001","AAV1.0.0.11","4.0.0.2323","PSt7-10","170328-019","7/29/2022 11:23:46 AM","0000-00","0","no battery","V","","µV","","µV"
"08/11/2022","10:13:59","6","default","383292078","Oxt_06","30.067","min","95.527","%a.s.","Humid","20.859","deg","41064","µV","27.838","°C","1021.000","hPa","36.4","pmil","0","55.390","deg","20.000","°C","100.000","%a.s.","21.720","deg","20.000","°C","977.000","hPa","0.861","-0.02617","0.00035","0","0","13.56","Humid","26.25","0","44.00","378149.46","SABD0000000001","AAV1.0.0.11","4.0.0.2323","PSt7-10","170328-019","7/29/2022 11:23:46 AM","0000-00","0","no battery","V","","µV","","µV"
"08/11/2022","10:14:00","6","default","383292078","Oxt_06","30.084","min","95.621","%a.s.","Humid","20.848","deg","41063","µV","27.838","°C","1021.000","hPa","36.4","pmil","0","55.390","deg","20.000","°C","100.000","%a.s.","21.720","deg","20.000","°C","977.000","hPa","0.861","-0.02617","0.00035","0","0","13.56","Humid","26.25","0","44.00","378153.11","SABD0000000001","AAV1.0.0.11","4.0.0.2323","PSt7-10","170328-019","7/29/2022 11:23:46 AM","0000-00","0","no battery","V","","µV","","µV"
"08/11/2022","10:14:01","6","default","383292078","Oxt_06","30.100","min","95.597","%a.s.","Humid","20.850","deg","41056","µV","27.845","°C","1021.000","hPa","36.4","pmil","0","55.390","deg","20.000","°C","100.000","%a.s.","21.720","deg","20.000","°C","977.000","hPa","0.861","-0.02617","0.00035","0","0","13.56","Humid","26.25","0","44.00","378144.38","SABD0000000001","AAV1.0.0.11","4.0.0.2323","PSt7-10","170328-019","7/29/2022 11:23:46 AM","0000-00","0","no battery","V","","µV","","µV"
"08/11/2022","10:14:02","6","default","383292078","Oxt_06","30.117","min","95.559","%a.s.","Humid","20.855","deg","41062","µV","27.840","°C","1021.000","hPa","36.4","pmil","0","55.390","deg","20.000","°C","100.000","%a.s.","21.720","deg","20.000","°C","977.000","hPa","0.861","-0.02617","0.00035","0","0","13.56","Humid","26.25","0","44.00","378140.66","SABD0000000001","AAV1.0.0.11","4.0.0.2323","PSt7-10","170328-019","7/29/2022 11:23:46 AM","0000-00","0","no battery","V","","µV","","µV"
"08/11/2022","10:14:03","6","default","383292078","Oxt_06","30.134","min","95.581","%a.s.","Humid","20.853","deg","41061","µV","27.835","°C","1021.000","hPa","36.4","pmil","0","55.390","deg","20.000","°C","100.000","%a.s.","21.720","deg","20.000","°C","977.000","hPa","0.861","-0.02617","0.00035","0","0","13.56","Humid","26.25","0","44.00","378150.04","SABD0000000001","AAV1.0.0.11","4.0.0.2323","PSt7-10","170328-019","7/29/2022 11:23:46 AM","0000-00","0","no battery","V","","µV","","µV"
"08/11/2022","10:14:04","6","default","383292078","Oxt_06","30.150","min","95.527","%a.s.","Humid","20.860","deg","41063","µV","27.829","°C","1021.000","hPa","36.4","pmil","0","55.390","deg","20.000","°C","100.000","%a.s.","21.720","deg","20.000","°C","977.000","hPa","0.861","-0.02617","0.00035","0","0","13.56","Humid","26.25","0","44.00","378137.84","SABD0000000001","AAV1.0.0.11","4.0.0.2323","PSt7-10","170328-019","7/29/2022 11:23:46 AM","0000-00","0","no battery","V","","µV","","µV"
"08/11/2022","10:14:05","6","default","383292078","Oxt_06","30.167","min","95.602","%a.s.","Humid","20.851","deg","41064","µV","27.831","°C","1021.000","hPa","36.4","pmil","0","55.390","deg","20.000","°C","100.000","%a.s.","21.720","deg","20.000","°C","977.000","hPa","0.861","-0.02617","0.00035","0","0","13.56","Humid","26.25","0","44.00","378145.32","SABD0000000001","AAV1.0.0.11","4.0.0.2323","PSt7-10","170328-019","7/29/2022 11:23:46 AM","0000-00","0","no battery","V","","µV","","µV"
"08/11/2022","10:14:06","6","default","383292078","Oxt_06","30.184","min","95.573","%a.s.","Humid","20.855","deg","41061","µV","27.825","°C","1021.000","hPa","36.4","pmil","0","55.390","deg","20.000","°C","100.000","%a.s.","21.720","deg","20.000","°C","977.000","hPa","0.861","-0.02617","0.00035","0","0","13.56","Humid","26.25","0","44.00","378140.27","SABD0000000001","AAV1.0.0.11","4.0.0.2323","PSt7-10","170328-019","7/29/2022 11:23:46 AM","0000-00","0","no battery","V","","µV","","µV"
"08/11/2022","10:14:07","6","default","383292078","Oxt_06","30.200","min","95.595","%a.s.","Humid","20.852","deg","41065","µV","27.829","°C","1021.000","hPa","36.4","pmil","0","55.390","deg","20.000","°C","100.000","%a.s.","21.720","deg","20.000","°C","977.000","hPa","0.861","-0.02617","0.00035","0","0","13.56","Humid","26.25","0","44.00","378140.95","SABD0000000001","AAV1.0.0.11","4.0.0.2323","PSt7-10","170328-019","7/29/2022 11:23:46 AM","0000-00","0","no battery","V","","µV","","µV"
"08/11/2022","10:14:08","6","default","383292078","Oxt_06","30.217","min","95.594","%a.s.","Humid","20.852","deg","41063","µV","27.830","°C","1021.000","hPa","36.4","pmil","0","55.390","deg","20.000","°C","100.000","%a.s.","21.720","deg","20.000","°C","977.000","hPa","0.861","-0.02617","0.00035","0","0","13.56","Humid","26.25","0","44.00","378127.57","SABD0000000001","AAV1.0.0.11","4.0.0.2323","PSt7-10","170328-019","7/29/2022 11:23:46 AM","0000-00","0","no battery","V","","µV","","µV"
"08/11/2022","10:14:09","6","default","383292078","Oxt_06","30.234","min","95.550","%a.s.","Humid","20.856","deg","41059","µV","27.841","°C","1021.000","hPa","36.4","pmil","0","55.390","deg","20.000","°C","100.000","%a.s.","21.720","deg","20.000","°C","977.000","hPa","0.861","-0.02617","0.00035","0","0","13.56","Humid","26.25","0","44.00","378144.76","SABD0000000001","AAV1.0.0.11","4.0.0.2323","PSt7-10","170328-019","7/29/2022 11:23:46 AM","0000-00","0","no battery","V","","µV","","µV"
"08/11/2022","10:14:10","6","default","383292078","Oxt_06","30.251","min","95.606","%a.s.","Humid","20.852","deg","41063","µV","27.817","°C","1021.000","hPa","36.4","pmil","0","55.390","deg","20.000","°C","100.000","%a.s.","21.720","deg","20.000","°C","977.000","hPa","0.861","-0.02617","0.00035","0","0","13.56","Humid","26.25","0","44.00","378133.40","SABD0000000001","AAV1.0.0.11","4.0.0.2323","PSt7-10","170328-019","7/29/2022 11:23:46 AM","0000-00","0","no battery","V","","µV","","µV"
"08/11/2022","10:14:11","6","default","383292078","Oxt_06","30.267","min","95.679","%a.s.","Humid","20.842","deg","41066","µV","27.830","°C","1021.000","hPa","36.4","pmil","0","55.390","deg","20.000","°C","100.000","%a.s.","21.720","deg","20.000","°C","977.000","hPa","0.861","-0.02617","0.00035","0","0","13.56","Humid","26.25","0","44.00","378128.51","SABD0000000001","AAV1.0.0.11","4.0.0.2323","PSt7-10","170328-019","7/29/2022 11:23:46 AM","0000-00","0","no battery","V","","µV","","µV"
"08/11/2022","10:14:12","6","default","383292078","Oxt_06","30.284","min","95.552","%a.s.","Humid","20.857","deg","41065","µV","27.830","°C","1021.000","hPa","36.4","pmil","0","55.390","deg","20.000","°C","100.000","%a.s.","21.720","deg","20.000","°C","977.000","hPa","0.861","-0.02617","0.00035","0","0","13.56","Humid","26.25","0","44.00","378127.51","SABD0000000001","AAV1.0.0.11","4.0.0.2323","PSt7-10","170328-019","7/29/2022 11:23:46 AM","0000-00","0","no battery","V","","µV","","µV"
"08/11/2022","10:14:13","6","default","383292078","Oxt_06","30.301","min","95.551","%a.s.","Humid","20.857","deg","41066","µV","27.831","°C","1021.000","hPa","36.4","pmil","0","55.390","deg","20.000","°C","100.000","%a.s.","21.720","deg","20.000","°C","977.000","hPa","0.861","-0.02617","0.00035","0","0","13.56","Humid","26.25","0","44.00","378132.00","SABD0000000001","AAV1.0.0.11","4.0.0.2323","PSt7-10","170328-019","7/29/2022 11:23:46 AM","0000-00","0","no battery","V","","µV","","µV"
"08/11/2022","10:14:14","6","default","383292078","Oxt_06","30.317","min","95.624","%a.s.","Humid","20.849","deg","41064","µV","27.826","°C","1021.000","hPa","36.4","pmil","0","55.390","deg","20.000","°C","100.000","%a.s.","21.720","deg","20.000","°C","977.000","hPa","0.861","-0.02617","0.00035","0","0","13.56","Humid","26.25","0","44.00","378114.25","SABD0000000001","AAV1.0.0.11","4.0.0.2323","PSt7-10","170328-019","7/29/2022 11:23:46 AM","0000-00","0","no battery","V","","µV","","µV"
"08/11/2022","10:14:15","6","default","383292078","Oxt_06","30.334","min","95.558","%a.s.","Humid","20.858","deg","41062","µV","27.814","°C","1021.000","hPa","36.4","pmil","0","55.390","deg","20.000","°C","100.000","%a.s.","21.720","deg","20.000","°C","977.000","hPa","0.861","-0.02617","0.00035","0","0","13.56","Humid","26.25","0","44.00","378131.97","SABD0000000001","AAV1.0.0.11","4.0.0.2323","PSt7-10","170328-019","7/29/2022 11:23:46 AM","0000-00","0","no battery","V","","µV","","µV"
"08/11/2022","10:14:16","6","default","383292078","Oxt_06","30.351","min","95.526","%a.s.","Humid","20.860","deg","41065","µV","27.830","°C","1021.000","hPa","36.4","pmil","0","55.390","deg","20.000","°C","100.000","%a.s.","21.720","deg","20.000","°C","977.000","hPa","0.861","-0.02617","0.00035","0","0","13.56","Humid","26.25","0","44.00","378130.32","SABD0000000001","AAV1.0.0.11","4.0.0.2323","PSt7-10","170328-019","7/29/2022 11:23:46 AM","0000-00","0","no battery","V","","µV","","µV"
"08/11/2022","10:14:17","6","default","383292078","Oxt_06","30.367","min","95.627","%a.s.","Humid","20.848","deg","41064","µV","27.831","°C","1021.000","hPa","36.4","pmil","0","55.390","deg","20.000","°C","100.000","%a.s.","21.720","deg","20.000","°C","977.000","hPa","0.861","-0.02617","0.00035","0","0","13.56","Humid","26.25","0","44.00","378130.75","SABD0000000001","AAV1.0.0.11","4.0.0.2323","PSt7-10","170328-019","7/29/2022 11:23:46 AM","0000-00","0","no battery","V","","µV","","µV"
"08/11/2022","10:14:18","6","default","383292078","Oxt_06","30.384","min","95.517","%a.s.","Humid","20.861","deg","41060","µV","27.831","°C","1021.000","hPa","36.4","pmil","0","55.390","deg","20.000","°C","100.000","%a.s.","21.720","deg","20.000","°C","977.000","hPa","0.861","-0.02617","0.00035","0","0","13.56","Humid","26.25","0","44.00","378129.98","SABD0000000001","AAV1.0.0.11","4.0.0.2323","PSt7-10","170328-019","7/29/2022 11:23:46 AM","0000-00","0","no battery","V","","µV","","µV"
"08/11/2022","10:14:19","6","default","383292078","Oxt_06","30.401","min","95.488","%a.s.","Humid","20.865","deg","41066","µV","27.825","°C","1021.000","hPa","36.4","pmil","0","55.390","deg","20.000","°C","100.000","%a.s.","21.720","deg","20.000","°C","977.000","hPa","0.861","-0.02617","0.00035","0","0","13.56","Humid","26.25","0","44.00","378125.22","SABD0000000001","AAV1.0.0.11","4.0.0.2323","PSt7-10","170328-019","7/29/2022 11:23:46 AM","0000-00","0","no battery","V","","µV","","µV"
"08/11/2022","10:14:20","6","default","383292078","Oxt_06","30.417","min","95.586","%a.s.","Humid","20.853","deg","41065","µV","27.830","°C","1021.000","hPa","36.4","pmil","0","55.390","deg","20.000","°C","100.000","%a.s.","21.720","deg","20.000","°C","977.000","hPa","0.861","-0.02617","0.00035","0","0","13.56","Humid","26.25","0","44.00","378118.49","SABD0000000001","AAV1.0.0.11","4.0.0.2323","PSt7-10","170328-019","7/29/2022 11:23:46 AM","0000-00","0","no battery","V","","µV","","µV"
"08/11/2022","10:14:21","6","default","383292078","Oxt_06","30.434","min","95.600","%a.s.","Humid","20.851","deg","41067","µV","27.833","°C","1021.000","hPa","36.4","pmil","0","55.390","deg","20.000","°C","100.000","%a.s.","21.720","deg","20.000","°C","977.000","hPa","0.861","-0.02617","0.00035","0","0","13.56","Humid","26.25","0","44.00","378125.43","SABD0000000001","AAV1.0.0.11","4.0.0.2323","PSt7-10","170328-019","7/29/2022 11:23:46 AM","0000-00","0","no battery","V","","µV","","µV"
"08/11/2022","10:14:22","6","default","383292078","Oxt_06","30.451","min","95.617","%a.s.","Humid","20.848","deg","41064","µV","27.843","°C","1021.000","hPa","36.4","pmil","0","55.390","deg","20.000","°C","100.000","%a.s.","21.720","deg","20.000","°C","977.000","hPa","0.861","-0.02617","0.00035","0","0","13.56","Humid","26.25","0","44.00","378128.17","SABD0000000001","AAV1.0.0.11","4.0.0.2323","PSt7-10","170328-019","7/29/2022 11:23:46 AM","0000-00","0","no battery","V","","µV","","µV"
"08/11/2022","10:14:23","6","default","383292078","Oxt_06","30.467","min","95.548","%a.s.","Humid","20.858","deg","41067","µV","27.825","°C","1021.000","hPa","36.4","pmil","0","55.390","deg","20.000","°C","100.000","%a.s.","21.720","deg","20.000","°C","977.000","hPa","0.861","-0.02617","0.00035","0","0","13.56","Humid","26.25","0","44.00","378121.40","SABD0000000001","AAV1.0.0.11","4.0.0.2323","PSt7-10","170328-019","7/29/2022 11:23:46 AM","0000-00","0","no battery","V","","µV","","µV"
"08/11/2022","10:14:24","6","default","383292078","Oxt_06","30.484","min","95.593","%a.s.","Humid","20.853","deg","41068","µV","27.822","°C","1021.000","hPa","36.4","pmil","0","55.390","deg","20.000","°C","100.000","%a.s.","21.720","deg","20.000","°C","977.000","hPa","0.861","-0.02617","0.00035","0","0","13.56","Humid","26.25","0","44.00","378122.67","SABD0000000001","AAV1.0.0.11","4.0.0.2323","PSt7-10","170328-019","7/29/2022 11:23:46 AM","0000-00","0","no battery","V","","µV","","µV"
"08/11/2022","10:14:25","6","default","383292078","Oxt_06","30.501","min","95.527","%a.s.","Humid","20.860","deg","41070","µV","27.829","°C","1021.000","hPa","36.4","pmil","0","55.390","deg","20.000","°C","100.000","%a.s.","21.720","deg","20.000","°C","977.000","hPa","0.861","-0.02617","0.00035","0","0","13.56","Humid","26.25","0","44.00","378127.88","SABD0000000001","AAV1.0.0.11","4.0.0.2323","PSt7-10","170328-019","7/29/2022 11:23:46 AM","0000-00","0","no battery","V","","µV","","µV"
"08/11/2022","10:14:26","6","default","383292078","Oxt_06","30.518","min","95.593","%a.s.","Humid","20.852","deg","41069","µV","27.832","°C","1021.000","hPa","36.4","pmil","0","55.390","deg","20.000","°C","100.000","%a.s.","21.720","deg","20.000","°C","977.000","hPa","0.861","-0.02617","0.00035","0","0","13.56","Humid","26.25","0","44.00","378131.12","SABD0000000001","AAV1.0.0.11","4.0.0.2323","PSt7-10","170328-019","7/29/2022 11:23:46 AM","0000-00","0","no battery","V","","µV","","µV"
"08/11/2022","10:14:27","6","default","383292078","Oxt_06","30.534","min","95.503","%a.s.","Humid","20.863","deg","41065","µV","27.827","°C","1021.000","hPa","36.4","pmil","0","55.390","deg","20.000","°C","100.000","%a.s.","21.720","deg","20.000","°C","977.000","hPa","0.861","-0.02617","0.00035","0","0","13.56","Humid","26.25","0","44.00","378112.72","SABD0000000001","AAV1.0.0.11","4.0.0.2323","PSt7-10","170328-019","7/29/2022 11:23:46 AM","0000-00","0","no battery","V","","µV","","µV"
"08/11/2022","10:14:28","6","default","383292078","Oxt_06","30.551","min","95.588","%a.s.","Humid","20.854","deg","41061","µV","27.819","°C","1021.000","hPa","36.4","pmil","0","55.390","deg","20.000","°C","100.000","%a.s.","21.720","deg","20.000","°C","977.000","hPa","0.861","-0.02617","0.00035","0","0","13.56","Humid","26.25","0","44.00","378119.57","SABD0000000001","AAV1.0.0.11","4.0.0.2323","PSt7-10","170328-019","7/29/2022 11:23:46 AM","0000-00","0","no battery","V","","µV","","µV"
"08/11/2022","10:14:29","6","default","383292078","Oxt_06","30.568","min","95.522","%a.s.","Humid","20.861","deg","41076","µV","27.825","°C","1021.000","hPa","36.4","pmil","0","55.390","deg","20.000","°C","100.000","%a.s.","21.720","deg","20.000","°C","977.000","hPa","0.861","-0.02617","0.00035","0","0","13.56","Humid","26.25","0","44.00","378134.69","SABD0000000001","AAV1.0.0.11","4.0.0.2323","PSt7-10","170328-019","7/29/2022 11:23:46 AM","0000-00","0","no battery","V","","µV","","µV"
"08/11/2022","10:14:30","6","default","383292078","Oxt_06","30.584","min","95.545","%a.s.","Humid","20.858","deg","41067","µV","27.828","°C","1021.000","hPa","36.4","pmil","0","55.390","deg","20.000","°C","100.000","%a.s.","21.720","deg","20.000","°C","977.000","hPa","0.861","-0.02617","0.00035","0","0","13.56","Humid","26.25","0","44.00","378112.69","SABD0000000001","AAV1.0.0.11","4.0.0.2323","PSt7-10","170328-019","7/29/2022 11:23:46 AM","0000-00","0","no battery","V","","µV","","µV"
"08/11/2022","10:14:31","6","default","383292078","Oxt_06","30.601","min","95.545","%a.s.","Humid","20.858","deg","41067","µV","27.828","°C","1021.000","hPa","36.4","pmil","0","55.390","deg","20.000","°C","100.000","%a.s.","21.720","deg","20.000","°C","977.000","hPa","0.861","-0.02617","0.00035","0","0","13.56","Humid","26.25","0","44.00","378123.63","SABD0000000001","AAV1.0.0.11","4.0.0.2323","PSt7-10","170328-019","7/29/2022 11:23:46 AM","0000-00","0","no battery","V","","µV","","µV"
"08/11/2022","10:14:32","6","default","383292078","Oxt_06","30.618","min","95.552","%a.s.","Humid","20.859","deg","41063","µV","27.812","°C","1021.000","hPa","36.4","pmil","0","55.390","deg","20.000","°C","100.000","%a.s.","21.720","deg","20.000","°C","977.000","hPa","0.861","-0.02617","0.00035","0","0","13.56","Humid","26.25","0","44.00","378117.36","SABD0000000001","AAV1.0.0.11","4.0.0.2323","PSt7-10","170328-019","7/29/2022 11:23:46 AM","0000-00","0","no battery","V","","µV","","µV"
"08/11/2022","10:14:33","6","default","383292078","Oxt_06","30.634","min","95.483","%a.s.","Humid","20.865","deg","41064","µV","27.830","°C","1021.000","hPa","36.4","pmil","0","55.390","deg","20.000","°C","100.000","%a.s.","21.720","deg","20.000","°C","977.000","hPa","0.861","-0.02617","0.00035","0","0","13.56","Humid","26.25","0","44.00","378105.19","SABD0000000001","AAV1.0.0.11","4.0.0.2323","PSt7-10","170328-019","7/29/2022 11:23:46 AM","0000-00","0","no battery","V","","µV","","µV"
"08/11/2022","10:14:34","6","default","383292078","Oxt_06","30.651","min","95.579","%a.s.","Humid","20.854","deg","41069","µV","27.828","°C","1021.000","hPa","36.4","pmil","0","55.390","deg","20.000","°C","100.000","%a.s.","21.720","deg","20.000","°C","977.000","hPa","0.861","-0.02617","0.00035","0","0","13.56","Humid","26.25","0","44.00","378103.87","SABD0000000001","AAV1.0.0.11","4.0.0.2323","PSt7-10","170328-019","7/29/2022 11:23:46 AM","0000-00","0","no battery","V","","µV","","µV"
"08/11/2022","10:14:35","6","default","383292078","Oxt_06","30.668","min","95.533","%a.s.","Humid","20.860","deg","41066","µV","27.822","°C","1021.000","hPa","36.4","pmil","0","55.390","deg","20.000","°C","100.000","%a.s.","21.720","deg","20.000","°C","977.000","hPa","0.861","-0.02617","0.00035","0","0","13.56","Humid","26.25","0","44.00","378112.29","SABD0000000001","AAV1.0.0.11","4.0.0.2323","PSt7-10","170328-019","7/29/2022 11:23:46 AM","0000-00","0","no battery","V","","µV","","µV"
"08/11/2022","10:14:36","6","default","383292078","Oxt_06","30.684","min","95.541","%a.s.","Humid","20.858","deg","41066","µV","27.833","°C","1021.000","hPa","36.4","pmil","0","55.390","deg","20.000","°C","100.000","%a.s.","21.720","deg","20.000","°C","977.000","hPa","0.861","-0.02617","0.00035","0","0","13.56","Humid","26.25","0","44.00","378119.22","SABD0000000001","AAV1.0.0.11","4.0.0.2323","PSt7-10","170328-019","7/29/2022 11:23:46 AM","0000-00","0","no battery","V","","µV","","µV"
"08/11/2022","10:14:37","6","default","383292078","Oxt_06","30.701","min","95.560","%a.s.","Humid","20.856","deg","41068","µV","27.830","°C","1021.000","hPa","36.4","pmil","0","55.390","deg","20.000","°C","100.000","%a.s.","21.720","deg","20.000","°C","977.000","hPa","0.861","-0.02617","0.00035","0","0","13.56","Humid","26.25","0","44.00","378099.78","SABD0000000001","AAV1.0.0.11","4.0.0.2323","PSt7-10","170328-019","7/29/2022 11:23:46 AM","0000-00","0","no battery","V","","µV","","µV"
"08/11/2022","10:14:38","6","default","383292078","Oxt_06","30.718","min","95.481","%a.s.","Humid","20.864","deg","41066","µV","27.842","°C","1021.000","hPa","36.4","pmil","0","55.390","deg","20.000","°C","100.000","%a.s.","21.720","deg","20.000","°C","977.000","hPa","0.861","-0.02617","0.00035","0","0","13.56","Humid","26.25","0","44.00","378092.81","SABD0000000001","AAV1.0.0.11","4.0.0.2323","PSt7-10","170328-019","7/29/2022 11:23:46 AM","0000-00","0","no battery","V","","µV","","µV"
"08/11/2022","10:14:39","6","default","383292078","Oxt_06","30.734","min","95.520","%a.s.","Humid","20.860","deg","41064","µV","27.836","°C","1021.000","hPa","36.4","pmil","0","55.390","deg","20.000","°C","100.000","%a.s.","21.720","deg","20.000","°C","977.000","hPa","0.861","-0.02617","0.00035","0","0","13.56","Humid","26.25","0","44.00","378101.34","SABD0000000001","AAV1.0.0.11","4.0.0.2323","PSt7-10","170328-019","7/29/2022 11:23:46 AM","0000-00","0","no battery","V","","µV","","µV"
"08/11/2022","10:14:40","6","default","383292078","Oxt_06","30.751","min","95.581","%a.s.","Humid","20.853","deg","41071","µV","27.835","°C","1021.000","hPa","36.4","pmil","0","55.390","deg","20.000","°C","100.000","%a.s.","21.720","deg","20.000","°C","977.000","hPa","0.861","-0.02617","0.00035","0","0","13.56","Humid","26.25","0","44.00","378098.74","SABD0000000001","AAV1.0.0.11","4.0.0.2323","PSt7-10","170328-019","7/29/2022 11:23:46 AM","0000-00","0","no battery","V","","µV","","µV"
"08/11/2022","10:14:41","6","default","383292078","Oxt_06","30.768","min","95.560","%a.s.","Humid","20.855","deg","41068","µV","27.840","°C","1021.000","hPa","36.4","pmil","0","55.390","deg","20.000","°C","100.000","%a.s.","21.720","deg","20.000","°C","977.000","hPa","0.861","-0.02617","0.00035","0","0","13.56","Humid","26.25","0","44.00","378107.42","SABD0000000001","AAV1.0.0.11","4.0.0.2323","PSt7-10","170328-019","7/29/2022 11:23:46 AM","0000-00","0","no battery","V","","µV","","µV"
"08/11/2022","10:14:42","6","default","383292078","Oxt_06","30.784","min","95.481","%a.s.","Humid","20.865","deg","41071","µV","27.832","°C","1021.000","hPa","36.4","pmil","0","55.390","deg","20.000","°C","100.000","%a.s.","21.720","deg","20.000","°C","977.000","hPa","0.861","-0.02617","0.00035","0","0","13.56","Humid","26.25","0","44.00","378102.17","SABD0000000001","AAV1.0.0.11","4.0.0.2323","PSt7-10","170328-019","7/29/2022 11:23:46 AM","0000-00","0","no battery","V","","µV","","µV"
"08/11/2022","10:14:43","6","default","383292078","Oxt_06","30.801","min","95.532","%a.s.","Humid","20.860","deg","41071","µV","27.824","°C","1021.000","hPa","36.4","pmil","0","55.390","deg","20.000","°C","100.000","%a.s.","21.720","deg","20.000","°C","977.000","hPa","0.861","-0.02617","0.00035","0","0","13.56","Humid","26.25","0","44.00","378097.54","SABD0000000001","AAV1.0.0.11","4.0.0.2323","PSt7-10","170328-019","7/29/2022 11:23:46 AM","0000-00","0","no battery","V","","µV","","µV"
"08/11/2022","10:14:44","6","default","383292078","Oxt_06","30.817","min","95.502","%a.s.","Humid","20.863","deg","41065","µV","27.828","°C","1021.000","hPa","36.4","pmil","0","55.390","deg","20.000","°C","100.000","%a.s.","21.720","deg","20.000","°C","977.000","hPa","0.861","-0.02617","0.00035","0","0","13.56","Humid","26.25","0","44.00","378098.56","SABD0000000001","AAV1.0.0.11","4.0.0.2323","PSt7-10","170328-019","7/29/2022 11:23:46 AM","0000-00","0","no battery","V","","µV","","µV"
"08/11/2022","10:14:45","6","default","383292078","Oxt_06","30.834","min","95.521","%a.s.","Humid","20.861","deg","41071","µV","27.827","°C","1021.000","hPa","36.4","pmil","0","55.390","deg","20.000","°C","100.000","%a.s.","21.720","deg","20.000","°C","977.000","hPa","0.861","-0.02617","0.00035","0","0","13.56","Humid","26.25","0","44.00","378102.59","SABD0000000001","AAV1.0.0.11","4.0.0.2323","PSt7-10","170328-019","7/29/2022 11:23:46 AM","0000-00","0","no battery","V","","µV","","µV"
"08/11/2022","10:14:46","6","default","383292078","Oxt_06","30.850","min","95.512","%a.s.","Humid","20.862","deg","41073","µV","27.827","°C","1021.000","hPa","36.4","pmil","0","55.390","deg","20.000","°C","100.000","%a.s.","21.720","deg","20.000","°C","977.000","hPa","0.861","-0.02617","0.00035","0","0","13.56","Humid","26.25","0","44.00","378108.49","SABD0000000001","AAV1.0.0.11","4.0.0.2323","PSt7-10","170328-019","7/29/2022 11:23:46 AM","0000-00","0","no battery","V","","µV","","µV"
"08/11/2022","10:14:47","6","default","383292078","Oxt_06","30.867","min","95.481","%a.s.","Humid","20.865","deg","41072","µV","27.833","°C","1021.000","hPa","36.4","pmil","0","55.390","deg","20.000","°C","100.000","%a.s.","21.720","deg","20.000","°C","977.000","hPa","0.861","-0.02617","0.00035","0","0","13.56","Humid","26.25","0","44.00","378105.95","SABD0000000001","AAV1.0.0.11","4.0.0.2323","PSt7-10","170328-019","7/29/2022 11:23:46 AM","0000-00","0","no battery","V","","µV","","µV"
"08/11/2022","10:14:48","6","default","383292078","Oxt_06","30.884","min","95.513","%a.s.","Humid","20.861","deg","41068","µV","27.835","°C","1021.000","hPa","36.4","pmil","0","55.390","deg","20.000","°C","100.000","%a.s.","21.720","deg","20.000","°C","977.000","hPa","0.861","-0.02617","0.00035","0","0","13.56","Humid","26.25","0","44.00","378104.46","SABD0000000001","AAV1.0.0.11","4.0.0.2323","PSt7-10","170328-019","7/29/2022 11:23:46 AM","0000-00","0","no battery","V","","µV","","µV"
"08/11/2022","10:14:49","6","default","383292078","Oxt_06","30.900","min","95.552","%a.s.","Humid","20.857","deg","41075","µV","27.830","°C","1021.000","hPa","36.4","pmil","0","55.390","deg","20.000","°C","100.000","%a.s.","21.720","deg","20.000","°C","977.000","hPa","0.861","-0.02617","0.00035","0","0","13.56","Humid","26.25","0","44.00","378102.94","SABD0000000001","AAV1.0.0.11","4.0.0.2323","PSt7-10","170328-019","7/29/2022 11:23:46 AM","0000-00","0","no battery","V","","µV","","µV"
"08/11/2022","10:14:50","6","default","383292078","Oxt_06","30.917","min","95.518","%a.s.","Humid","20.861","deg","41071","µV","27.830","°C","1021.000","hPa","36.4","pmil","0","55.390","deg","20.000","°C","100.000","%a.s.","21.720","deg","20.000","°C","977.000","hPa","0.861","-0.02617","0.00035","0","0","13.56","Humid","26.25","0","44.00","378099.64","SABD0000000001","AAV1.0.0.11","4.0.0.2323","PSt7-10","170328-019","7/29/2022 11:23:46 AM","0000-00","0","no battery","V","","µV","","µV"
"08/11/2022","10:14:51","6","default","383292078","Oxt_06","30.934","min","95.509","%a.s.","Humid","20.861","deg","41070","µV","27.839","°C","1021.000","hPa","36.4","pmil","0","55.390","deg","20.000","°C","100.000","%a.s.","21.720","deg","20.000","°C","977.000","hPa","0.861","-0.02617","0.00035","0","0","13.56","Humid","26.25","0","44.00","378107.24","SABD0000000001","AAV1.0.0.11","4.0.0.2323","PSt7-10","170328-019","7/29/2022 11:23:46 AM","0000-00","0","no battery","V","","µV","","µV"
"08/11/2022","10:14:52","6","default","383292078","Oxt_06","30.950","min","95.454","%a.s.","Humid","20.868","deg","41072","µV","27.835","°C","1021.000","hPa","36.4","pmil","0","55.390","deg","20.000","°C","100.000","%a.s.","21.720","deg","20.000","°C","977.000","hPa","0.861","-0.02617","0.00035","0","0","13.56","Humid","26.25","0","44.00","378104.89","SABD0000000001","AAV1.0.0.11","4.0.0.2323","PSt7-10","170328-019","7/29/2022 11:23:46 AM","0000-00","0","no battery","V","","µV","","µV"
"08/11/2022","10:14:53","6","default","383292078","Oxt_06","30.967","min","95.498","%a.s.","Humid","20.863","deg","41071","µV","27.832","°C","1021.000","hPa","36.4","pmil","0","55.390","deg","20.000","°C","100.000","%a.s.","21.720","deg","20.000","°C","977.000","hPa","0.861","-0.02617","0.00035","0","0","13.56","Humid","26.25","0","44.00","378090.39","SABD0000000001","AAV1.0.0.11","4.0.0.2323","PSt7-10","170328-019","7/29/2022 11:23:46 AM","0000-00","0","no battery","V","","µV","","µV"
"08/11/2022","10:14:54","6","default","383292078","Oxt_06","30.984","min","95.480","%a.s.","Humid","20.866","deg","41073","µV","27.824","°C","1021.000","hPa","36.4","pmil","0","55.390","deg","20.000","°C","100.000","%a.s.","21.720","deg","20.000","°C","977.000","hPa","0.861","-0.02617","0.00035","0","0","13.56","Humid","26.25","0","44.00","378091.07","SABD0000000001","AAV1.0.0.11","4.0.0.2323","PSt7-10","170328-019","7/29/2022 11:23:46 AM","0000-00","0","no battery","V","","µV","","µV"
"08/11/2022","10:14:55","6","default","383292078","Oxt_06","31.000","min","95.565","%a.s.","Humid","20.854","deg","41076","µV","27.843","°C","1021.000","hPa","36.4","pmil","0","55.390","deg","20.000","°C","100.000","%a.s.","21.720","deg","20.000","°C","977.000","hPa","0.861","-0.02617","0.00035","0","0","13.56","Humid","26.25","0","44.00","378088.25","SABD0000000001","AAV1.0.0.11","4.0.0.2323","PSt7-10","170328-019","7/29/2022 11:23:46 AM","0000-00","0","no battery","V","","µV","","µV"
"08/11/2022","10:14:56","6","default","383292078","Oxt_06","31.017","min","95.525","%a.s.","Humid","20.860","deg","41073","µV","27.831","°C","1021.000","hPa","36.4","pmil","0","55.390","deg","20.000","°C","100.000","%a.s.","21.720","deg","20.000","°C","977.000","hPa","0.861","-0.02617","0.00035","0","0","13.56","Humid","26.25","0","44.00","378087.83","SABD0000000001","AAV1.0.0.11","4.0.0.2323","PSt7-10","170328-019","7/29/2022 11:23:46 AM","0000-00","0","no battery","V","","µV","","µV"
"08/11/2022","10:14:57","6","default","383292078","Oxt_06","31.034","min","95.428","%a.s.","Humid","20.870","deg","41076","µV","27.844","°C","1021.000","hPa","36.4","pmil","0","55.390","deg","20.000","°C","100.000","%a.s.","21.720","deg","20.000","°C","977.000","hPa","0.861","-0.02617","0.00035","0","0","13.56","Humid","26.25","0","44.00","378098.74","SABD0000000001","AAV1.0.0.11","4.0.0.2323","PSt7-10","170328-019","7/29/2022 11:23:46 AM","0000-00","0","no battery","V","","µV","","µV"
"08/11/2022","10:14:58","6","default","383292078","Oxt_06","31.050","min","95.526","%a.s.","Humid","20.859","deg","41068","µV","27.840","°C","1021.000","hPa","36.4","pmil","0","55.390","deg","20.000","°C","100.000","%a.s.","21.720","deg","20.000","°C","977.000","hPa","0.861","-0.02617","0.00035","0","0","13.56","Humid","26.25","0","44.00","378066.04","SABD0000000001","AAV1.0.0.11","4.0.0.2323","PSt7-10","170328-019","7/29/2022 11:23:46 AM","0000-00","0","no battery","V","","µV","","µV"
"08/11/2022","10:14:59","6","default","383292078","Oxt_06","31.067","min","95.495","%a.s.","Humid","20.864","deg","41072","µV","27.826","°C","1021.000","hPa","36.4","pmil","0","55.390","deg","20.000","°C","100.000","%a.s.","21.720","deg","20.000","°C","977.000","hPa","0.861","-0.02617","0.00035","0","0","13.56","Humid","26.25","0","44.00","378098.42","SABD0000000001","AAV1.0.0.11","4.0.0.2323","PSt7-10","170328-019","7/29/2022 11:23:46 AM","0000-00","0","no battery","V","","µV","","µV"
"08/11/2022","10:15:00","6","default","383292078","Oxt_06","31.084","min","95.442","%a.s.","Humid","20.869","deg","41070","µV","27.838","°C","1021.000","hPa","36.4","pmil","0","55.390","deg","20.000","°C","100.000","%a.s.","21.720","deg","20.000","°C","977.000","hPa","0.861","-0.02617","0.00035","0","0","13.56","Humid","26.25","0","44.00","378099.49","SABD0000000001","AAV1.0.0.11","4.0.0.2323","PSt7-10","170328-019","7/29/2022 11:23:46 AM","0000-00","0","no battery","V","","µV","","µV"
"08/11/2022","10:15:01","6","default","383292078","Oxt_06","31.101","min","95.502","%a.s.","Humid","20.863","deg","41073","µV","27.828","°C","1021.000","hPa","36.4","pmil","0","55.390","deg","20.000","°C","100.000","%a.s.","21.720","deg","20.000","°C","977.000","hPa","0.861","-0.02617","0.00035","0","0","13.56","Humid","26.25","0","44.00","378097.72","SABD0000000001","AAV1.0.0.11","4.0.0.2323","PSt7-10","170328-019","7/29/2022 11:23:46 AM","0000-00","0","no battery","V","","µV","","µV"
"08/11/2022","10:15:02","6","default","383292078","Oxt_06","31.117","min","95.450","%a.s.","Humid","20.869","deg","41077","µV","27.829","°C","1021.000","hPa","36.4","pmil","0","55.390","deg","20.000","°C","100.000","%a.s.","21.720","deg","20.000","°C","977.000","hPa","0.861","-0.02617","0.00035","0","0","13.56","Humid","26.25","0","44.00","378097.15","SABD0000000001","AAV1.0.0.11","4.0.0.2323","PSt7-10","170328-019","7/29/2022 11:23:46 AM","0000-00","0","no battery","V","","µV","","µV"
"08/11/2022","10:15:03","6","default","383292078","Oxt_06","31.134","min","95.465","%a.s.","Humid","20.867","deg","41081","µV","27.832","°C","1021.000","hPa","36.4","pmil","0","55.390","deg","20.000","°C","100.000","%a.s.","21.720","deg","20.000","°C","977.000","hPa","0.861","-0.02617","0.00035","0","0","13.56","Humid","26.25","0","44.00","378094.86","SABD0000000001","AAV1.0.0.11","4.0.0.2323","PSt7-10","170328-019","7/29/2022 11:23:46 AM","0000-00","0","no battery","V","","µV","","µV"
"08/11/2022","10:15:04","6","default","383292078","Oxt_06","31.151","min","95.433","%a.s.","Humid","20.871","deg","41079","µV","27.830","°C","1021.000","hPa","36.4","pmil","0","55.390","deg","20.000","°C","100.000","%a.s.","21.720","deg","20.000","°C","977.000","hPa","0.861","-0.02617","0.00035","0","0","13.56","Humid","26.25","0","44.00","378101.00","SABD0000000001","AAV1.0.0.11","4.0.0.2323","PSt7-10","170328-019","7/29/2022 11:23:46 AM","0000-00","0","no battery","V","","µV","","µV"
"08/11/2022","10:15:05","6","default","383292078","Oxt_06","31.167","min","95.479","%a.s.","Humid","20.865","deg","41074","µV","27.835","°C","1021.000","hPa","36.4","pmil","0","55.390","deg","20.000","°C","100.000","%a.s.","21.720","deg","20.000","°C","977.000","hPa","0.861","-0.02617","0.00035","0","0","13.56","Humid","26.25","0","44.00","378088.03","SABD0000000001","AAV1.0.0.11","4.0.0.2323","PSt7-10","170328-019","7/29/2022 11:23:46 AM","0000-00","0","no battery","V","","µV","","µV"
"08/11/2022","10:15:06","6","default","383292078","Oxt_06","31.184","min","95.441","%a.s.","Humid","20.871","deg","41071","µV","27.821","°C","1021.000","hPa","36.4","pmil","0","55.390","deg","20.000","°C","100.000","%a.s.","21.720","deg","20.000","°C","977.000","hPa","0.861","-0.02617","0.00035","0","0","13.56","Humid","26.25","0","44.00","378086.00","SABD0000000001","AAV1.0.0.11","4.0.0.2323","PSt7-10","170328-019","7/29/2022 11:23:46 AM","0000-00","0","no battery","V","","µV","","µV"
"08/11/2022","10:15:07","6","default","383292078","Oxt_06","31.201","min","95.460","%a.s.","Humid","20.868","deg","41080","µV","27.827","°C","1021.000","hPa","36.4","pmil","0","55.390","deg","20.000","°C","100.000","%a.s.","21.720","deg","20.000","°C","977.000","hPa","0.861","-0.02617","0.00035","0","0","13.56","Humid","26.25","0","44.00","378090.60","SABD0000000001","AAV1.0.0.11","4.0.0.2323","PSt7-10","170328-019","7/29/2022 11:23:46 AM","0000-00","0","no battery","V","","µV","","µV"
"08/11/2022","10:15:08","6","default","383292078","Oxt_06","31.217","min","95.478","%a.s.","Humid","20.865","deg","41079","µV","27.836","°C","1021.000","hPa","36.4","pmil","0","55.390","deg","20.000","°C","100.000","%a.s.","21.720","deg","20.000","°C","977.000","hPa","0.861","-0.02617","0.00035","0","0","13.56","Humid","26.25","0","44.00","378094.74","SABD0000000001","AAV1.0.0.11","4.0.0.2323","PSt7-10","170328-019","7/29/2022 11:23:46 AM","0000-00","0","no battery","V","","µV","","µV"
"08/11/2022","10:15:09","6","default","383292078","Oxt_06","31.234","min","95.443","%a.s.","Humid","20.869","deg","41070","µV","27.837","°C","1021.000","hPa","36.4","pmil","0","55.390","deg","20.000","°C","100.000","%a.s.","21.720","deg","20.000","°C","977.000","hPa","0.861","-0.02617","0.00035","0","0","13.56","Humid","26.25","0","44.00","378090.22","SABD0000000001","AAV1.0.0.11","4.0.0.2323","PSt7-10","170328-019","7/29/2022 11:23:46 AM","0000-00","0","no battery","V","","µV","","µV"
"08/11/2022","10:15:10","6","default","383292078","Oxt_06","31.251","min","95.420","%a.s.","Humid","20.872","deg","41070","µV","27.834","°C","1021.000","hPa","36.4","pmil","0","55.390","deg","20.000","°C","100.000","%a.s.","21.720","deg","20.000","°C","977.000","hPa","0.861","-0.02617","0.00035","0","0","13.56","Humid","26.25","0","44.00","378092.83","SABD0000000001","AAV1.0.0.11","4.0.0.2323","PSt7-10","170328-019","7/29/2022 11:23:46 AM","0000-00","0","no battery","V","","µV","","µV"
"08/11/2022","10:15:11","6","default","383292078","Oxt_06","31.267","min","95.458","%a.s.","Humid","20.869","deg","41074","µV","27.821","°C","1021.000","hPa","36.4","pmil","0","55.390","deg","20.000","°C","100.000","%a.s.","21.720","deg","20.000","°C","977.000","hPa","0.861","-0.02617","0.00035","0","0","13.56","Humid","26.25","0","44.00","378076.96","SABD0000000001","AAV1.0.0.11","4.0.0.2323","PSt7-10","170328-019","7/29/2022 11:23:46 AM","0000-00","0","no battery","V","","µV","","µV"
"08/11/2022","10:15:12","6","default","383292078","Oxt_06","31.284","min","95.537","%a.s.","Humid","20.859","deg","41074","µV","27.828","°C","1021.000","hPa","36.4","pmil","0","55.390","deg","20.000","°C","100.000","%a.s.","21.720","deg","20.000","°C","977.000","hPa","0.861","-0.02617","0.00035","0","0","13.56","Humid","26.25","0","44.00","378093.38","SABD0000000001","AAV1.0.0.11","4.0.0.2323","PSt7-10","170328-019","7/29/2022 11:23:46 AM","0000-00","0","no battery","V","","µV","","µV"
"08/11/2022","10:15:13","6","default","383292078","Oxt_06","31.301","min","95.485","%a.s.","Humid","20.864","deg","41077","µV","27.837","°C","1021.000","hPa","36.4","pmil","0","55.390","deg","20.000","°C","100.000","%a.s.","21.720","deg","20.000","°C","977.000","hPa","0.861","-0.02617","0.00035","0","0","13.56","Humid","26.25","0","44.00","378091.90","SABD0000000001","AAV1.0.0.11","4.0.0.2323","PSt7-10","170328-019","7/29/2022 11:23:46 AM","0000-00","0","no battery","V","","µV","","µV"
"08/11/2022","10:15:14","6","default","383292078","Oxt_06","31.318","min","95.411","%a.s.","Humid","20.873","deg","41078","µV","27.835","°C","1021.000","hPa","36.4","pmil","0","55.390","deg","20.000","°C","100.000","%a.s.","21.720","deg","20.000","°C","977.000","hPa","0.861","-0.02617","0.00035","0","0","13.56","Humid","26.25","0","44.00","378072.25","SABD0000000001","AAV1.0.0.11","4.0.0.2323","PSt7-10","170328-019","7/29/2022 11:23:46 AM","0000-00","0","no battery","V","","µV","","µV"
"08/11/2022","10:15:15","6","default","383292078","Oxt_06","31.334","min","95.505","%a.s.","Humid","20.861","deg","41078","µV","27.844","°C","1021.000","hPa","36.4","pmil","0","55.390","deg","20.000","°C","100.000","%a.s.","21.720","deg","20.000","°C","977.000","hPa","0.861","-0.02617","0.00035","0","0","13.56","Humid","26.25","0","44.00","378083.31","SABD0000000001","AAV1.0.0.11","4.0.0.2323","PSt7-10","170328-019","7/29/2022 11:23:46 AM","0000-00","0","no battery","V","","µV","","µV"
"08/11/2022","10:15:16","6","default","383292078","Oxt_06","31.351","min","95.445","%a.s.","Humid","20.869","deg","41073","µV","27.834","°C","1021.000","hPa","36.4","pmil","0","55.390","deg","20.000","°C","100.000","%a.s.","21.720","deg","20.000","°C","977.000","hPa","0.861","-0.02617","0.00035","0","0","13.56","Humid","26.25","0","44.00","378079.82","SABD0000000001","AAV1.0.0.11","4.0.0.2323","PSt7-10","170328-019","7/29/2022 11:23:46 AM","0000-00","0","no battery","V","","µV","","µV"
"08/11/2022","10:15:17","6","default","383292078","Oxt_06","31.368","min","95.487","%a.s.","Humid","20.865","deg","41079","µV","27.826","°C","1021.000","hPa","36.4","pmil","0","55.390","deg","20.000","°C","100.000","%a.s.","21.720","deg","20.000","°C","977.000","hPa","0.861","-0.02617","0.00035","0","0","13.56","Humid","26.25","0","44.00","378087.28","SABD0000000001","AAV1.0.0.11","4.0.0.2323","PSt7-10","170328-019","7/29/2022 11:23:46 AM","0000-00","0","no battery","V","","µV","","µV"
"08/11/2022","10:15:18","6","default","383292078","Oxt_06","31.384","min","95.421","%a.s.","Humid","20.871","deg","41082","µV","27.842","°C","1021.000","hPa","36.4","pmil","0","55.390","deg","20.000","°C","100.000","%a.s.","21.720","deg","20.000","°C","977.000","hPa","0.861","-0.02617","0.00035","0","0","13.56","Humid","26.25","0","44.00","378060.97","SABD0000000001","AAV1.0.0.11","4.0.0.2323","PSt7-10","170328-019","7/29/2022 11:23:46 AM","0000-00","0","no battery","V","","µV","","µV"
"08/11/2022","10:15:19","6","default","383292078","Oxt_06","31.401","min","95.485","%a.s.","Humid","20.864","deg","41079","µV","27.837","°C","1021.000","hPa","36.4","pmil","0","55.390","deg","20.000","°C","100.000","%a.s.","21.720","deg","20.000","°C","977.000","hPa","0.861","-0.02617","0.00035","0","0","13.56","Humid","26.25","0","44.00","378069.20","SABD0000000001","AAV1.0.0.11","4.0.0.2323","PSt7-10","170328-019","7/29/2022 11:23:46 AM","0000-00","0","no battery","V","","µV","","µV"
"08/11/2022","10:15:20","6","default","383292078","Oxt_06","31.418","min","95.423","%a.s.","Humid","20.871","deg","41078","µV","27.840","°C","1021.000","hPa","36.4","pmil","0","55.390","deg","20.000","°C","100.000","%a.s.","21.720","deg","20.000","°C","977.000","hPa","0.861","-0.02617","0.00035","0","0","13.56","Humid","26.25","0","44.00","378083.74","SABD0000000001","AAV1.0.0.11","4.0.0.2323","PSt7-10","170328-019","7/29/2022 11:23:46 AM","0000-00","0","no battery","V","","µV","","µV"
"08/11/2022","10:15:21","6","default","383292078","Oxt_06","31.434","min","95.482","%a.s.","Humid","20.866","deg","41078","µV","27.822","°C","1021.000","hPa","36.4","pmil","0","55.390","deg","20.000","°C","100.000","%a.s.","21.720","deg","20.000","°C","977.000","hPa","0.861","-0.02617","0.00035","0","0","13.56","Humid","26.25","0","44.00","378064.97","SABD0000000001","AAV1.0.0.11","4.0.0.2323","PSt7-10","170328-019","7/29/2022 11:23:46 AM","0000-00","0","no battery","V","","µV","","µV"
"08/11/2022","10:15:22","6","default","383292078","Oxt_06","31.451","min","95.513","%a.s.","Humid","20.862","deg","41074","µV","27.825","°C","1021.000","hPa","36.4","pmil","0","55.390","deg","20.000","°C","100.000","%a.s.","21.720","deg","20.000","°C","977.000","hPa","0.861","-0.02617","0.00035","0","0","13.56","Humid","26.25","0","44.00","378078.49","SABD0000000001","AAV1.0.0.11","4.0.0.2323","PSt7-10","170328-019","7/29/2022 11:23:46 AM","0000-00","0","no battery","V","","µV","","µV"
"08/11/2022","10:15:23","6","default","383292078","Oxt_06","31.468","min","95.432","%a.s.","Humid","20.871","deg","41083","µV","27.831","°C","1021.000","hPa","36.4","pmil","0","55.390","deg","20.000","°C","100.000","%a.s.","21.720","deg","20.000","°C","977.000","hPa","0.861","-0.02617","0.00035","0","0","13.56","Humid","26.25","0","44.00","378061.15","SABD0000000001","AAV1.0.0.11","4.0.0.2323","PSt7-10","170328-019","7/29/2022 11:23:46 AM","0000-00","0","no battery","V","","µV","","µV"
"08/11/2022","10:15:24","6","default","383292078","Oxt_06","31.484","min","95.481","%a.s.","Humid","20.864","deg","41080","µV","27.842","°C","1021.000","hPa","36.4","pmil","0","55.390","deg","20.000","°C","100.000","%a.s.","21.720","deg","20.000","°C","977.000","hPa","0.861","-0.02617","0.00035","0","0","13.56","Humid","26.25","0","44.00","378049.96","SABD0000000001","AAV1.0.0.11","4.0.0.2323","PSt7-10","170328-019","7/29/2022 11:23:46 AM","0000-00","0","no battery","V","","µV","","µV"
"08/11/2022","10:15:25","6","default","383292078","Oxt_06","31.501","min","95.412","%a.s.","Humid","20.872","deg","41074","µV","27.843","°C","1021.000","hPa","36.4","pmil","0","55.390","deg","20.000","°C","100.000","%a.s.","21.720","deg","20.000","°C","977.000","hPa","0.861","-0.02617","0.00035","0","0","13.56","Humid","26.25","0","44.00","378058.27","SABD0000000001","AAV1.0.0.11","4.0.0.2323","PSt7-10","170328-019","7/29/2022 11:23:46 AM","0000-00","0","no battery","V","","µV","","µV"
"08/11/2022","10:15:26","6","default","383292078","Oxt_06","31.518","min","95.557","%a.s.","Humid","20.858","deg","41077","µV","27.815","°C","1021.000","hPa","36.4","pmil","0","55.390","deg","20.000","°C","100.000","%a.s.","21.720","deg","20.000","°C","977.000","hPa","0.861","-0.02617","0.00035","0","0","13.56","Humid","26.25","0","44.00","378057.50","SABD0000000001","AAV1.0.0.11","4.0.0.2323","PSt7-10","170328-019","7/29/2022 11:23:46 AM","0000-00","0","no battery","V","","µV","","µV"
"08/11/2022","10:15:27","6","default","383292078","Oxt_06","31.534","min","95.554","%a.s.","Humid","20.857","deg","41075","µV","27.827","°C","1021.000","hPa","36.4","pmil","0","55.390","deg","20.000","°C","100.000","%a.s.","21.720","deg","20.000","°C","977.000","hPa","0.861","-0.02617","0.00035","0","0","13.56","Humid","26.25","0","44.00","378063.91","SABD0000000001","AAV1.0.0.11","4.0.0.2323","PSt7-10","170328-019","7/29/2022 11:23:46 AM","0000-00","0","no battery","V","","µV","","µV"
"08/11/2022","10:15:28","6","default","383292078","Oxt_06","31.551","min","95.354","%a.s.","Humid","20.879","deg","41077","µV","27.842","°C","1021.000","hPa","36.4","pmil","0","55.390","deg","20.000","°C","100.000","%a.s.","21.720","deg","20.000","°C","977.000","hPa","0.861","-0.02617","0.00035","0","0","13.56","Humid","26.25","0","44.00","378043.61","SABD0000000001","AAV1.0.0.11","4.0.0.2323","PSt7-10","170328-019","7/29/2022 11:23:46 AM","0000-00","0","no battery","V","","µV","","µV"
"08/11/2022","10:15:29","6","default","383292078","Oxt_06","31.568","min","95.459","%a.s.","Humid","20.869","deg","41075","µV","27.820","°C","1021.000","hPa","36.4","pmil","0","55.390","deg","20.000","°C","100.000","%a.s.","21.720","deg","20.000","°C","977.000","hPa","0.861","-0.02617","0.00035","0","0","13.56","Humid","26.25","0","44.00","378066.05","SABD0000000001","AAV1.0.0.11","4.0.0.2323","PSt7-10","170328-019","7/29/2022 11:23:46 AM","0000-00","0","no battery","V","","µV","","µV"
"08/11/2022","10:15:30","6","default","383292078","Oxt_06","31.584","min","95.494","%a.s.","Humid","20.865","deg","41084","µV","27.818","°C","1021.000","hPa","36.4","pmil","0","55.390","deg","20.000","°C","100.000","%a.s.","21.720","deg","20.000","°C","977.000","hPa","0.861","-0.02617","0.00035","0","0","13.56","Humid","26.25","0","44.00","378059.18","SABD0000000001","AAV1.0.0.11","4.0.0.2323","PSt7-10","170328-019","7/29/2022 11:23:46 AM","0000-00","0","no battery","V","","µV","","µV"
"08/11/2022","10:15:31","6","default","383292078","Oxt_06","31.601","min","95.445","%a.s.","Humid","20.871","deg","41082","µV","27.816","°C","1021.000","hPa","36.4","pmil","0","55.390","deg","20.000","°C","100.000","%a.s.","21.720","deg","20.000","°C","977.000","hPa","0.861","-0.02617","0.00035","0","0","13.56","Humid","26.25","0","44.00","378074.11","SABD0000000001","AAV1.0.0.11","4.0.0.2323","PSt7-10","170328-019","7/29/2022 11:23:46 AM","0000-00","0","no battery","V","","µV","","µV"
"08/11/2022","10:15:32","6","default","383292078","Oxt_06","31.617","min","95.466","%a.s.","Humid","20.868","deg","41078","µV","27.822","°C","1021.000","hPa","36.4","pmil","0","55.390","deg","20.000","°C","100.000","%a.s.","21.720","deg","20.000","°C","977.000","hPa","0.861","-0.02617","0.00035","0","0","13.56","Humid","26.25","0","44.00","378066.39","SABD0000000001","AAV1.0.0.11","4.0.0.2323","PSt7-10","170328-019","7/29/2022 11:23:46 AM","0000-00","0","no battery","V","","µV","","µV"
"08/11/2022","10:15:33","6","default","383292078","Oxt_06","31.634","min","95.436","%a.s.","Humid","20.869","deg","41077","µV","27.845","°C","1021.000","hPa","36.4","pmil","0","55.390","deg","20.000","°C","100.000","%a.s.","21.720","deg","20.000","°C","977.000","hPa","0.861","-0.02617","0.00035","0","0","13.56","Humid","26.25","0","44.00","378068.30","SABD0000000001","AAV1.0.0.11","4.0.0.2323","PSt7-10","170328-019","7/29/2022 11:23:46 AM","0000-00","0","no battery","V","","µV","","µV"
"08/11/2022","10:15:34","6","default","383292078","Oxt_06","31.651","min","95.443","%a.s.","Humid","20.869","deg","41078","µV","27.837","°C","1021.000","hPa","36.4","pmil","0","55.390","deg","20.000","°C","100.000","%a.s.","21.720","deg","20.000","°C","977.000","hPa","0.861","-0.02617","0.00035","0","0","13.56","Humid","26.25","0","44.00","378069.08","SABD0000000001","AAV1.0.0.11","4.0.0.2323","PSt7-10","170328-019","7/29/2022 11:23:46 AM","0000-00","0","no battery","V","","µV","","µV"
"08/11/2022","10:15:35","6","default","383292078","Oxt_06","31.667","min","95.375","%a.s.","Humid","20.877","deg","41082","µV","27.837","°C","1021.000","hPa","36.4","pmil","0","55.390","deg","20.000","°C","100.000","%a.s.","21.720","deg","20.000","°C","977.000","hPa","0.861","-0.02617","0.00035","0","0","13.56","Humid","26.25","0","44.00","378067.28","SABD0000000001","AAV1.0.0.11","4.0.0.2323","PSt7-10","170328-019","7/29/2022 11:23:46 AM","0000-00","0","no battery","V","","µV","","µV"
"08/11/2022","10:15:36","6","default","383292078","Oxt_06","31.684","min","95.499","%a.s.","Humid","20.864","deg","41082","µV","27.823","°C","1021.000","hPa","36.4","pmil","0","55.390","deg","20.000","°C","100.000","%a.s.","21.720","deg","20.000","°C","977.000","hPa","0.861","-0.02617","0.00035","0","0","13.56","Humid","26.25","0","44.00","378082.18","SABD0000000001","AAV1.0.0.11","4.0.0.2323","PSt7-10","170328-019","7/29/2022 11:23:46 AM","0000-00","0","no battery","V","","µV","","µV"
"08/11/2022","10:15:37","6","default","383292078","Oxt_06","31.700","min","95.413","%a.s.","Humid","20.874","deg","41079","µV","27.824","°C","1021.000","hPa","36.4","pmil","0","55.390","deg","20.000","°C","100.000","%a.s.","21.720","deg","20.000","°C","977.000","hPa","0.861","-0.02617","0.00035","0","0","13.56","Humid","26.25","0","44.00","378072.32","SABD0000000001","AAV1.0.0.11","4.0.0.2323","PSt7-10","170328-019","7/29/2022 11:23:46 AM","0000-00","0","no battery","V","","µV","","µV"
"08/11/2022","10:15:38","6","default","383292078","Oxt_06","31.717","min","95.441","%a.s.","Humid","20.871","deg","41085","µV","27.820","°C","1021.000","hPa","36.4","pmil","0","55.390","deg","20.000","°C","100.000","%a.s.","21.720","deg","20.000","°C","977.000","hPa","0.861","-0.02617","0.00035","0","0","13.56","Humid","26.25","0","44.00","378055.00","SABD0000000001","AAV1.0.0.11","4.0.0.2323","PSt7-10","170328-019","7/29/2022 11:23:46 AM","0000-00","0","no battery","V","","µV","","µV"
"08/11/2022","10:15:39","6","default","383292078","Oxt_06","31.734","min","95.391","%a.s.","Humid","20.876","deg","41076","µV","27.829","°C","1021.000","hPa","36.4","pmil","0","55.390","deg","20.000","°C","100.000","%a.s.","21.720","deg","20.000","°C","977.000","hPa","0.861","-0.02617","0.00035","0","0","13.56","Humid","26.25","0","44.00","378056.47","SABD0000000001","AAV1.0.0.11","4.0.0.2323","PSt7-10","170328-019","7/29/2022 11:23:46 AM","0000-00","0","no battery","V","","µV","","µV"
"08/11/2022","10:15:40","6","default","383292078","Oxt_06","31.750","min","95.442","%a.s.","Humid","20.871","deg","41077","µV","27.820","°C","1021.000","hPa","36.4","pmil","0","55.390","deg","20.000","°C","100.000","%a.s.","21.720","deg","20.000","°C","977.000","hPa","0.861","-0.02617","0.00035","0","0","13.56","Humid","26.25","0","44.00","378052.94","SABD0000000001","AAV1.0.0.11","4.0.0.2323","PSt7-10","170328-019","7/29/2022 11:23:46 AM","0000-00","0","no battery","V","","µV","","µV"
"08/11/2022","10:15:41","6","default","383292078","Oxt_06","31.767","min","95.438","%a.s.","Humid","20.871","deg","41085","µV","27.824","°C","1021.000","hPa","36.4","pmil","0","55.390","deg","20.000","°C","100.000","%a.s.","21.720","deg","20.000","°C","977.000","hPa","0.861","-0.02617","0.00035","0","0","13.56","Humid","26.25","0","44.00","378054.50","SABD0000000001","AAV1.0.0.11","4.0.0.2323","PSt7-10","170328-019","7/29/2022 11:23:46 AM","0000-00","0","no battery","V","","µV","","µV"
"08/11/2022","10:15:42","6","default","383292078","Oxt_06","31.784","min","95.440","%a.s.","Humid","20.871","deg","41084","µV","27.822","°C","1021.000","hPa","36.4","pmil","0","55.390","deg","20.000","°C","100.000","%a.s.","21.720","deg","20.000","°C","977.000","hPa","0.861","-0.02617","0.00035","0","0","13.56","Humid","26.25","0","44.00","378062.92","SABD0000000001","AAV1.0.0.11","4.0.0.2323","PSt7-10","170328-019","7/29/2022 11:23:46 AM","0000-00","0","no battery","V","","µV","","µV"
"08/11/2022","10:15:43","6","default","383292078","Oxt_06","31.800","min","95.451","%a.s.","Humid","20.869","deg","41078","µV","27.828","°C","1021.000","hPa","36.4","pmil","0","55.390","deg","20.000","°C","100.000","%a.s.","21.720","deg","20.000","°C","977.000","hPa","0.861","-0.02617","0.00035","0","0","13.56","Humid","26.25","0","44.00","378054.82","SABD0000000001","AAV1.0.0.11","4.0.0.2323","PSt7-10","170328-019","7/29/2022 11:23:46 AM","0000-00","0","no battery","V","","µV","","µV"
"08/11/2022","10:15:44","6","default","383292078","Oxt_06","31.817","min","95.397","%a.s.","Humid","20.875","deg","41084","µV","27.832","°C","1021.000","hPa","36.4","pmil","0","55.390","deg","20.000","°C","100.000","%a.s.","21.720","deg","20.000","°C","977.000","hPa","0.861","-0.02617","0.00035","0","0","13.56","Humid","26.25","0","44.00","378063.52","SABD0000000001","AAV1.0.0.11","4.0.0.2323","PSt7-10","170328-019","7/29/2022 11:23:46 AM","0000-00","0","no battery","V","","µV","","µV"
"08/11/2022","10:15:45","6","default","383292078","Oxt_06","31.834","min","95.408","%a.s.","Humid","20.874","deg","41082","µV","27.828","°C","1021.000","hPa","36.4","pmil","0","55.390","deg","20.000","°C","100.000","%a.s.","21.720","deg","20.000","°C","977.000","hPa","0.861","-0.02617","0.00035","0","0","13.56","Humid","26.25","0","44.00","378066.61","SABD0000000001","AAV1.0.0.11","4.0.0.2323","PSt7-10","170328-019","7/29/2022 11:23:46 AM","0000-00","0","no battery","V","","µV","","µV"
"08/11/2022","10:15:46","6","default","383292078","Oxt_06","31.850","min","95.415","%a.s.","Humid","20.873","deg","41078","µV","27.831","°C","1021.000","hPa","36.4","pmil","0","55.390","deg","20.000","°C","100.000","%a.s.","21.720","deg","20.000","°C","977.000","hPa","0.861","-0.02617","0.00035","0","0","13.56","Humid","26.25","0","44.00","378066.64","SABD0000000001","AAV1.0.0.11","4.0.0.2323","PSt7-10","170328-019","7/29/2022 11:23:46 AM","0000-00","0","no battery","V","","µV","","µV"
"08/11/2022","10:15:47","6","default","383292078","Oxt_06","31.867","min","95.476","%a.s.","Humid","20.867","deg","41086","µV","27.819","°C","1021.000","hPa","36.4","pmil","0","55.390","deg","20.000","°C","100.000","%a.s.","21.720","deg","20.000","°C","977.000","hPa","0.861","-0.02617","0.00035","0","0","13.56","Humid","26.25","0","44.00","378059.19","SABD0000000001","AAV1.0.0.11","4.0.0.2323","PSt7-10","170328-019","7/29/2022 11:23:46 AM","0000-00","0","no battery","V","","µV","","µV"
"08/11/2022","10:15:48","6","default","383292078","Oxt_06","31.884","min","95.441","%a.s.","Humid","20.871","deg","41089","µV","27.821","°C","1021.000","hPa","36.4","pmil","0","55.390","deg","20.000","°C","100.000","%a.s.","21.720","deg","20.000","°C","977.000","hPa","0.861","-0.02617","0.00035","0","0","13.56","Humid","26.25","0","44.00","378074.55","SABD0000000001","AAV1.0.0.11","4.0.0.2323","PSt7-10","170328-019","7/29/2022 11:23:46 AM","0000-00","0","no battery","V","","µV","","µV"
"08/11/2022","10:15:49","6","default","383292078","Oxt_06","31.901","min","95.463","%a.s.","Humid","20.868","deg","41082","µV","27.825","°C","1021.000","hPa","36.4","pmil","0","55.390","deg","20.000","°C","100.000","%a.s.","21.720","deg","20.000","°C","977.000","hPa","0.861","-0.02617","0.00035","0","0","13.56","Humid","26.25","0","44.00","378060.59","SABD0000000001","AAV1.0.0.11","4.0.0.2323","PSt7-10","170328-019","7/29/2022 11:23:46 AM","0000-00","0","no battery","V","","µV","","µV"
"08/11/2022","10:15:50","6","default","383292078","Oxt_06","31.917","min","95.419","%a.s.","Humid","20.873","deg","41083","µV","27.826","°C","1021.000","hPa","36.4","pmil","0","55.390","deg","20.000","°C","100.000","%a.s.","21.720","deg","20.000","°C","977.000","hPa","0.861","-0.02617","0.00035","0","0","13.56","Humid","26.25","0","44.00","378047.28","SABD0000000001","AAV1.0.0.11","4.0.0.2323","PSt7-10","170328-019","7/29/2022 11:23:46 AM","0000-00","0","no battery","V","","µV","","µV"
"08/11/2022","10:15:51","6","default","383292078","Oxt_06","31.934","min","95.397","%a.s.","Humid","20.876","deg","41080","µV","27.822","°C","1021.000","hPa","36.4","pmil","0","55.390","deg","20.000","°C","100.000","%a.s.","21.720","deg","20.000","°C","977.000","hPa","0.861","-0.02617","0.00035","0","0","13.56","Humid","26.25","0","44.00","378042.82","SABD0000000001","AAV1.0.0.11","4.0.0.2323","PSt7-10","170328-019","7/29/2022 11:23:46 AM","0000-00","0","no battery","V","","µV","","µV"
"08/11/2022","10:15:52","6","default","383292078","Oxt_06","31.951","min","95.382","%a.s.","Humid","20.877","deg","41085","µV","27.830","°C","1021.000","hPa","36.4","pmil","0","55.390","deg","20.000","°C","100.000","%a.s.","21.720","deg","20.000","°C","977.000","hPa","0.861","-0.02617","0.00035","0","0","13.56","Humid","26.25","0","44.00","378047.87","SABD0000000001","AAV1.0.0.11","4.0.0.2323","PSt7-10","170328-019","7/29/2022 11:23:46 AM","0000-00","0","no battery","V","","µV","","µV"
"08/11/2022","10:15:53","6","default","383292078","Oxt_06","31.967","min","95.422","%a.s.","Humid","20.873","deg","41085","µV","27.823","°C","1021.000","hPa","36.4","pmil","0","55.390","deg","20.000","°C","100.000","%a.s.","21.720","deg","20.000","°C","977.000","hPa","0.861","-0.02617","0.00035","0","0","13.56","Humid","26.25","0","44.00","378051.92","SABD0000000001","AAV1.0.0.11","4.0.0.2323","PSt7-10","170328-019","7/29/2022 11:23:46 AM","0000-00","0","no battery","V","","µV","","µV"
"08/11/2022","10:15:54","6","default","383292078","Oxt_06","31.984","min","95.328","%a.s.","Humid","20.883","deg","41081","µV","27.833","°C","1021.000","hPa","36.4","pmil","0","55.390","deg","20.000","°C","100.000","%a.s.","21.720","deg","20.000","°C","977.000","hPa","0.861","-0.02617","0.00035","0","0","13.56","Humid","26.25","0","44.00","378058.60","SABD0000000001","AAV1.0.0.11","4.0.0.2323","PSt7-10","170328-019","7/29/2022 11:23:46 AM","0000-00","0","no battery","V","","µV","","µV"
"08/11/2022","10:15:55","6","default","383292078","Oxt_06","32.001","min","95.331","%a.s.","Humid","20.883","deg","41083","µV","27.830","°C","1021.000","hPa","36.4","pmil","0","55.390","deg","20.000","°C","100.000","%a.s.","21.720","deg","20.000","°C","977.000","hPa","0.861","-0.02617","0.00035","0","0","13.56","Humid","26.25","0","44.00","378057.17","SABD0000000001","AAV1.0.0.11","4.0.0.2323","PSt7-10","170328-019","7/29/2022 11:23:46 AM","0000-00","0","no battery","V","","µV","","µV"
"08/11/2022","10:15:56","6","default","383292078","Oxt_06","32.017","min","95.398","%a.s.","Humid","20.874","deg","41079","µV","27.840","°C","1021.000","hPa","36.4","pmil","0","55.390","deg","20.000","°C","100.000","%a.s.","21.720","deg","20.000","°C","977.000","hPa","0.861","-0.02617","0.00035","0","0","13.56","Humid","26.25","0","44.00","378053.71","SABD0000000001","AAV1.0.0.11","4.0.0.2323","PSt7-10","170328-019","7/29/2022 11:23:46 AM","0000-00","0","no battery","V","","µV","","µV"
"08/11/2022","10:15:57","6","default","383292078","Oxt_06","32.034","min","95.385","%a.s.","Humid","20.876","deg","41083","µV","27.836","°C","1021.000","hPa","36.4","pmil","0","55.390","deg","20.000","°C","100.000","%a.s.","21.720","deg","20.000","°C","977.000","hPa","0.861","-0.02617","0.00035","0","0","13.56","Humid","26.25","0","44.00","378051.29","SABD0000000001","AAV1.0.0.11","4.0.0.2323","PSt7-10","170328-019","7/29/2022 11:23:46 AM","0000-00","0","no battery","V","","µV","","µV"
"08/11/2022","10:15:58","6","default","383292078","Oxt_06","32.051","min","95.340","%a.s.","Humid","20.883","deg","41082","µV","27.819","°C","1021.000","hPa","36.4","pmil","0","55.390","deg","20.000","°C","100.000","%a.s.","21.720","deg","20.000","°C","977.000","hPa","0.861","-0.02617","0.00035","0","0","13.56","Humid","26.25","0","44.00","378046.46","SABD0000000001","AAV1.0.0.11","4.0.0.2323","PSt7-10","170328-019","7/29/2022 11:23:46 AM","0000-00","0","no battery","V","","µV","","µV"
"08/11/2022","10:15:59","6","default","383292078","Oxt_06","32.067","min","95.388","%a.s.","Humid","20.878","deg","41086","µV","27.813","°C","1021.000","hPa","36.4","pmil","0","55.390","deg","20.000","°C","100.000","%a.s.","21.720","deg","20.000","°C","977.000","hPa","0.861","-0.02617","0.00035","0","0","13.56","Humid","26.25","0","44.00","378055.14","SABD0000000001","AAV1.0.0.11","4.0.0.2323","PSt7-10","170328-019","7/29/2022 11:23:46 AM","0000-00","0","no battery","V","","µV","","µV"
"08/11/2022","10:16:00","6","default","383292078","Oxt_06","32.084","min","95.411","%a.s.","Humid","20.874","deg","41081","µV","27.825","°C","1021.000","hPa","36.4","pmil","0","55.390","deg","20.000","°C","100.000","%a.s.","21.720","deg","20.000","°C","977.000","hPa","0.861","-0.02617","0.00035","0","0","13.56","Humid","26.25","0","44.00","378044.88","SABD0000000001","AAV1.0.0.11","4.0.0.2323","PSt7-10","170328-019","7/29/2022 11:23:46 AM","0000-00","0","no battery","V","","µV","","µV"
"08/11/2022","10:16:01","6","default","383292078","Oxt_06","32.101","min","95.370","%a.s.","Humid","20.879","deg","41083","µV","27.824","°C","1021.000","hPa","36.4","pmil","0","55.390","deg","20.000","°C","100.000","%a.s.","21.720","deg","20.000","°C","977.000","hPa","0.861","-0.02617","0.00035","0","0","13.56","Humid","26.25","0","44.00","378042.12","SABD0000000001","AAV1.0.0.11","4.0.0.2323","PSt7-10","170328-019","7/29/2022 11:23:46 AM","0000-00","0","no battery","V","","µV","","µV"
"08/11/2022","10:16:02","6","default","383292078","Oxt_06","32.117","min","95.388","%a.s.","Humid","20.876","deg","41089","µV","27.832","°C","1021.000","hPa","36.4","pmil","0","55.390","deg","20.000","°C","100.000","%a.s.","21.720","deg","20.000","°C","977.000","hPa","0.861","-0.02617","0.00035","0","0","13.56","Humid","26.25","0","44.00","378045.33","SABD0000000001","AAV1.0.0.11","4.0.0.2323","PSt7-10","170328-019","7/29/2022 11:23:46 AM","0000-00","0","no battery","V","","µV","","µV"
"08/11/2022","10:16:03","6","default","383292078","Oxt_06","32.134","min","95.349","%a.s.","Humid","20.881","deg","41086","µV","27.829","°C","1021.000","hPa","36.4","pmil","0","55.390","deg","20.000","°C","100.000","%a.s.","21.720","deg","20.000","°C","977.000","hPa","0.861","-0.02617","0.00035","0","0","13.56","Humid","26.25","0","44.00","378032.11","SABD0000000001","AAV1.0.0.11","4.0.0.2323","PSt7-10","170328-019","7/29/2022 11:23:46 AM","0000-00","0","no battery","V","","µV","","µV"
"08/11/2022","10:16:04","6","default","383292078","Oxt_06","32.151","min","95.401","%a.s.","Humid","20.875","deg","41082","µV","27.827","°C","1021.000","hPa","36.4","pmil","0","55.390","deg","20.000","°C","100.000","%a.s.","21.720","deg","20.000","°C","977.000","hPa","0.861","-0.02617","0.00035","0","0","13.56","Humid","26.25","0","44.00","378042.51","SABD0000000001","AAV1.0.0.11","4.0.0.2323","PSt7-10","170328-019","7/29/2022 11:23:46 AM","0000-00","0","no battery","V","","µV","","µV"
"08/11/2022","10:16:05","6","default","383292078","Oxt_06","32.167","min","95.409","%a.s.","Humid","20.874","deg","41084","µV","27.827","°C","1021.000","hPa","36.4","pmil","0","55.390","deg","20.000","°C","100.000","%a.s.","21.720","deg","20.000","°C","977.000","hPa","0.861","-0.02617","0.00035","0","0","13.56","Humid","26.25","0","44.00","378040.78","SABD0000000001","AAV1.0.0.11","4.0.0.2323","PSt7-10","170328-019","7/29/2022 11:23:46 AM","0000-00","0","no battery","V","","µV","","µV"
"08/11/2022","10:16:06","6","default","383292078","Oxt_06","32.184","min","95.359","%a.s.","Humid","20.879","deg","41086","µV","27.836","°C","1021.000","hPa","36.4","pmil","0","55.390","deg","20.000","°C","100.000","%a.s.","21.720","deg","20.000","°C","977.000","hPa","0.861","-0.02617","0.00035","0","0","13.56","Humid","26.25","0","44.00","378046.50","SABD0000000001","AAV1.0.0.11","4.0.0.2323","PSt7-10","170328-019","7/29/2022 11:23:46 AM","0000-00","0","no battery","V","","µV","","µV"
"08/11/2022","10:16:07","6","default","383292078","Oxt_06","32.201","min","95.376","%a.s.","Humid","20.878","deg","41089","µV","27.827","°C","1021.000","hPa","36.4","pmil","0","55.390","deg","20.000","°C","100.000","%a.s.","21.720","deg","20.000","°C","977.000","hPa","0.861","-0.02617","0.00035","0","0","13.56","Humid","26.25","0","44.00","378046.09","SABD0000000001","AAV1.0.0.11","4.0.0.2323","PSt7-10","170328-019","7/29/2022 11:23:46 AM","0000-00","0","no battery","V","","µV","","µV"
"08/11/2022","10:16:08","6","default","383292078","Oxt_06","32.218","min","95.414","%a.s.","Humid","20.874","deg","41084","µV","27.823","°C","1021.000","hPa","36.4","pmil","0","55.390","deg","20.000","°C","100.000","%a.s.","21.720","deg","20.000","°C","977.000","hPa","0.861","-0.02617","0.00035","0","0","13.56","Humid","26.25","0","44.00","378031.41","SABD0000000001","AAV1.0.0.11","4.0.0.2323","PSt7-10","170328-019","7/29/2022 11:23:46 AM","0000-00","0","no battery","V","","µV","","µV"
"08/11/2022","10:16:09","6","default","383292078","Oxt_06","32.234","min","95.409","%a.s.","Humid","20.875","deg","41084","µV","27.818","°C","1021.000","hPa","36.4","pmil","0","55.390","deg","20.000","°C","100.000","%a.s.","21.720","deg","20.000","°C","977.000","hPa","0.861","-0.02617","0.00035","0","0","13.56","Humid","26.25","0","44.00","378035.41","SABD0000000001","AAV1.0.0.11","4.0.0.2323","PSt7-10","170328-019","7/29/2022 11:23:46 AM","0000-00","0","no battery","V","","µV","","µV"
"08/11/2022","10:16:10","6","default","383292078","Oxt_06","32.251","min","95.374","%a.s.","Humid","20.880","deg","41084","µV","27.810","°C","1021.000","hPa","36.4","pmil","0","55.390","deg","20.000","°C","100.000","%a.s.","21.720","deg","20.000","°C","977.000","hPa","0.861","-0.02617","0.00035","0","0","13.56","Humid","26.25","0","44.00","378037.20","SABD0000000001","AAV1.0.0.11","4.0.0.2323","PSt7-10","170328-019","7/29/2022 11:23:46 AM","0000-00","0","no battery","V","","µV","","µV"
"08/11/2022","10:16:11","6","default","383292078","Oxt_06","32.268","min","95.351","%a.s.","Humid","20.879","deg","41088","µV","27.844","°C","1021.000","hPa","36.4","pmil","0","55.390","deg","20.000","°C","100.000","%a.s.","21.720","deg","20.000","°C","977.000","hPa","0.861","-0.02617","0.00035","0","0","13.56","Humid","26.25","0","44.00","378034.01","SABD0000000001","AAV1.0.0.11","4.0.0.2323","PSt7-10","170328-019","7/29/2022 11:23:46 AM","0000-00","0","no battery","V","","µV","","µV"
"08/11/2022","10:16:12","6","default","383292078","Oxt_06","32.284","min","95.382","%a.s.","Humid","20.876","deg","41075","µV","27.839","°C","1021.000","hPa","36.4","pmil","0","55.390","deg","20.000","°C","100.000","%a.s.","21.720","deg","20.000","°C","977.000","hPa","0.861","-0.02617","0.00035","0","0","13.56","Humid","26.25","0","44.00","378026.10","SABD0000000001","AAV1.0.0.11","4.0.0.2323","PSt7-10","170328-019","7/29/2022 11:23:46 AM","0000-00","0","no battery","V","","µV","","µV"
"08/11/2022","10:16:13","6","default","383292078","Oxt_06","32.301","min","95.358","%a.s.","Humid","20.881","deg","41076","µV","27.819","°C","1021.000","hPa","36.4","pmil","0","55.390","deg","20.000","°C","100.000","%a.s.","21.720","deg","20.000","°C","977.000","hPa","0.861","-0.02617","0.00035","0","0","13.56","Humid","26.25","0","44.00","378033.81","SABD0000000001","AAV1.0.0.11","4.0.0.2323","PSt7-10","170328-019","7/29/2022 11:23:46 AM","0000-00","0","no battery","V","","µV","","µV"
"08/11/2022","10:16:14","6","default","383292078","Oxt_06","32.318","min","95.419","%a.s.","Humid","20.872","deg","41078","µV","27.836","°C","1021.000","hPa","36.4","pmil","0","55.390","deg","20.000","°C","100.000","%a.s.","21.720","deg","20.000","°C","977.000","hPa","0.861","-0.02617","0.00035","0","0","13.56","Humid","26.25","0","44.00","378021.72","SABD0000000001","AAV1.0.0.11","4.0.0.2323","PSt7-10","170328-019","7/29/2022 11:23:46 AM","0000-00","0","no battery","V","","µV","","µV"
"08/11/2022","10:16:15","6","default","383292078","Oxt_06","32.334","min","95.264","%a.s.","Humid","20.889","deg","41083","µV","27.846","°C","1021.000","hPa","36.4","pmil","0","55.390","deg","20.000","°C","100.000","%a.s.","21.720","deg","20.000","°C","977.000","hPa","0.861","-0.02617","0.00035","0","0","13.56","Humid","26.25","0","44.00","378028.17","SABD0000000001","AAV1.0.0.11","4.0.0.2323","PSt7-10","170328-019","7/29/2022 11:23:46 AM","0000-00","0","no battery","V","","µV","","µV"
"08/11/2022","10:16:16","6","default","383292078","Oxt_06","32.351","min","95.380","%a.s.","Humid","20.876","deg","41078","µV","27.841","°C","1021.000","hPa","36.4","pmil","0","55.390","deg","20.000","°C","100.000","%a.s.","21.720","deg","20.000","°C","977.000","hPa","0.861","-0.02617","0.00035","0","0","13.56","Humid","26.25","0","44.00","378033.04","SABD0000000001","AAV1.0.0.11","4.0.0.2323","PSt7-10","170328-019","7/29/2022 11:23:46 AM","0000-00","0","no battery","V","","µV","","µV"
"08/11/2022","10:16:17","6","default","383292078","Oxt_06","32.368","min","95.344","%a.s.","Humid","20.882","deg","41079","µV","27.825","°C","1021.000","hPa","36.4","pmil","0","55.390","deg","20.000","°C","100.000","%a.s.","21.720","deg","20.000","°C","977.000","hPa","0.861","-0.02617","0.00035","0","0","13.56","Humid","26.25","0","44.00","378028.87","SABD0000000001","AAV1.0.0.11","4.0.0.2323","PSt7-10","170328-019","7/29/2022 11:23:46 AM","0000-00","0","no battery","V","","µV","","µV"
"08/11/2022","10:16:18","6","default","383292078","Oxt_06","32.384","min","95.301","%a.s.","Humid","20.887","deg","41077","µV","27.825","°C","1021.000","hPa","36.4","pmil","0","55.390","deg","20.000","°C","100.000","%a.s.","21.720","deg","20.000","°C","977.000","hPa","0.861","-0.02617","0.00035","0","0","13.56","Humid","26.25","0","44.00","378020.01","SABD0000000001","AAV1.0.0.11","4.0.0.2323","PSt7-10","170328-019","7/29/2022 11:23:46 AM","0000-00","0","no battery","V","","µV","","µV"
"08/11/2022","10:16:19","6","default","383292078","Oxt_06","32.401","min","95.363","%a.s.","Humid","20.880","deg","41073","µV","27.822","°C","1021.000","hPa","36.4","pmil","0","55.390","deg","20.000","°C","100.000","%a.s.","21.720","deg","20.000","°C","977.000","hPa","0.861","-0.02617","0.00035","0","0","13.56","Humid","26.25","0","44.00","378019.57","SABD0000000001","AAV1.0.0.11","4.0.0.2323","PSt7-10","170328-019","7/29/2022 11:23:46 AM","0000-00","0","no battery","V","","µV","","µV"
"08/11/2022","10:16:20","6","default","383292078","Oxt_06","32.418","min","95.360","%a.s.","Humid","20.879","deg","41076","µV","27.835","°C","1021.000","hPa","36.4","pmil","0","55.390","deg","20.000","°C","100.000","%a.s.","21.720","deg","20.000","°C","977.000","hPa","0.861","-0.02617","0.00035","0","0","13.56","Humid","26.25","0","44.00","378017.04","SABD0000000001","AAV1.0.0.11","4.0.0.2323","PSt7-10","170328-019","7/29/2022 11:23:46 AM","0000-00","0","no battery","V","","µV","","µV"
"08/11/2022","10:16:21","6","default","383292078","Oxt_06","32.434","min","95.376","%a.s.","Humid","20.878","deg","41081","µV","27.827","°C","1021.000","hPa","36.4","pmil","0","55.390","deg","20.000","°C","100.000","%a.s.","21.720","deg","20.000","°C","977.000","hPa","0.861","-0.02617","0.00035","0","0","13.56","Humid","26.25","0","44.00","378020.50","SABD0000000001","AAV1.0.0.11","4.0.0.2323","PSt7-10","170328-019","7/29/2022 11:23:46 AM","0000-00","0","no battery","V","","µV","","µV"
"08/11/2022","10:16:22","6","default","383292078","Oxt_06","32.451","min","95.359","%a.s.","Humid","20.880","deg","41077","µV","27.826","°C","1021.000","hPa","36.4","pmil","0","55.390","deg","20.000","°C","100.000","%a.s.","21.720","deg","20.000","°C","977.000","hPa","0.861","-0.02617","0.00035","0","0","13.56","Humid","26.25","0","44.00","378020.52","SABD0000000001","AAV1.0.0.11","4.0.0.2323","PSt7-10","170328-019","7/29/2022 11:23:46 AM","0000-00","0","no battery","V","","µV","","µV"
"08/11/2022","10:16:23","6","default","383292078","Oxt_06","32.467","min","95.318","%a.s.","Humid","20.885","deg","41076","µV","27.825","°C","1021.000","hPa","36.4","pmil","0","55.390","deg","20.000","°C","100.000","%a.s.","21.720","deg","20.000","°C","977.000","hPa","0.861","-0.02617","0.00035","0","0","13.56","Humid","26.25","0","44.00","378038.74","SABD0000000001","AAV1.0.0.11","4.0.0.2323","PSt7-10","170328-019","7/29/2022 11:23:46 AM","0000-00","0","no battery","V","","µV","","µV"
"08/11/2022","10:16:24","6","default","383292078","Oxt_06","32.484","min","95.393","%a.s.","Humid","20.876","deg","41078","µV","27.827","°C","1021.000","hPa","36.4","pmil","0","55.390","deg","20.000","°C","100.000","%a.s.","21.720","deg","20.000","°C","977.000","hPa","0.861","-0.02617","0.00035","0","0","13.56","Humid","26.25","0","44.00","378023.82","SABD0000000001","AAV1.0.0.11","4.0.0.2323","PSt7-10","170328-019","7/29/2022 11:23:46 AM","0000-00","0","no battery","V","","µV","","µV"
"08/11/2022","10:16:25","6","default","383292078","Oxt_06","32.501","min","95.351","%a.s.","Humid","20.881","deg","41077","µV","27.826","°C","1021.000","hPa","36.4","pmil","0","55.390","deg","20.000","°C","100.000","%a.s.","21.720","deg","20.000","°C","977.000","hPa","0.861","-0.02617","0.00035","0","0","13.56","Humid","26.25","0","44.00","378014.93","SABD0000000001","AAV1.0.0.11","4.0.0.2323","PSt7-10","170328-019","7/29/2022 11:23:46 AM","0000-00","0","no battery","V","","µV","","µV"
"08/11/2022","10:16:26","6","default","383292078","Oxt_06","32.517","min","95.365","%a.s.","Humid","20.879","deg","41081","µV","27.830","°C","1021.000","hPa","36.4","pmil","0","55.390","deg","20.000","°C","100.000","%a.s.","21.720","deg","20.000","°C","977.000","hPa","0.861","-0.02617","0.00035","0","0","13.56","Humid","26.25","0","44.00","378026.76","SABD0000000001","AAV1.0.0.11","4.0.0.2323","PSt7-10","170328-019","7/29/2022 11:23:46 AM","0000-00","0","no battery","V","","µV","","µV"
"08/11/2022","10:16:27","6","default","383292078","Oxt_06","32.534","min","95.368","%a.s.","Humid","20.879","deg","41078","µV","27.826","°C","1021.000","hPa","36.4","pmil","0","55.390","deg","20.000","°C","100.000","%a.s.","21.720","deg","20.000","°C","977.000","hPa","0.861","-0.02617","0.00035","0","0","13.56","Humid","26.25","0","44.00","378017.38","SABD0000000001","AAV1.0.0.11","4.0.0.2323","PSt7-10","170328-019","7/29/2022 11:23:46 AM","0000-00","0","no battery","V","","µV","","µV"
"08/11/2022","10:16:28","6","default","383292078","Oxt_06","32.551","min","95.361","%a.s.","Humid","20.880","deg","41079","µV","27.824","°C","1021.000","hPa","36.4","pmil","0","55.390","deg","20.000","°C","100.000","%a.s.","21.720","deg","20.000","°C","977.000","hPa","0.861","-0.02617","0.00035","0","0","13.56","Humid","26.25","0","44.00","378025.97","SABD0000000001","AAV1.0.0.11","4.0.0.2323","PSt7-10","170328-019","7/29/2022 11:23:46 AM","0000-00","0","no battery","V","","µV","","µV"
"08/11/2022","10:16:29","6","default","383292078","Oxt_06","32.567","min","95.290","%a.s.","Humid","20.889","deg","41076","µV","27.818","°C","1021.000","hPa","36.4","pmil","0","55.390","deg","20.000","°C","100.000","%a.s.","21.720","deg","20.000","°C","977.000","hPa","0.861","-0.02617","0.00035","0","0","13.56","Humid","26.25","0","44.00","378005.56","SABD0000000001","AAV1.0.0.11","4.0.0.2323","PSt7-10","170328-019","7/29/2022 11:23:46 AM","0000-00","0","no battery","V","","µV","","µV"
"08/11/2022","10:16:30","6","default","383292078","Oxt_06","32.584","min","95.279","%a.s.","Humid","20.888","deg","41073","µV","27.840","°C","1021.000","hPa","36.4","pmil","0","55.390","deg","20.000","°C","100.000","%a.s.","21.720","deg","20.000","°C","977.000","hPa","0.861","-0.02617","0.00035","0","0","13.56","Humid","26.25","0","44.00","378007.83","SABD0000000001","AAV1.0.0.11","4.0.0.2323","PSt7-10","170328-019","7/29/2022 11:23:46 AM","0000-00","0","no battery","V","","µV","","µV"
"08/11/2022","10:16:31","6","default","383292078","Oxt_06","32.601","min","95.340","%a.s.","Humid","20.881","deg","41081","µV","27.838","°C","1021.000","hPa","36.4","pmil","0","55.390","deg","20.000","°C","100.000","%a.s.","21.720","deg","20.000","°C","977.000","hPa","0.861","-0.02617","0.00035","0","0","13.56","Humid","26.25","0","44.00","378025.97","SABD0000000001","AAV1.0.0.11","4.0.0.2323","PSt7-10","170328-019","7/29/2022 11:23:46 AM","0000-00","0","no battery","V","","µV","","µV"
"08/11/2022","10:16:32","6","default","383292078","Oxt_06","32.617","min","95.365","%a.s.","Humid","20.878","deg","41079","µV","27.839","°C","1021.000","hPa","36.4","pmil","0","55.390","deg","20.000","°C","100.000","%a.s.","21.720","deg","20.000","°C","977.000","hPa","0.861","-0.02617","0.00035","0","0","13.56","Humid","26.25","0","44.00","378017.46","SABD0000000001","AAV1.0.0.11","4.0.0.2323","PSt7-10","170328-019","7/29/2022 11:23:46 AM","0000-00","0","no battery","V","","µV","","µV"
"08/11/2022","10:16:33","6","default","383292078","Oxt_06","32.634","min","95.320","%a.s.","Humid","20.884","deg","41077","µV","27.832","°C","1021.000","hPa","36.4","pmil","0","55.390","deg","20.000","°C","100.000","%a.s.","21.720","deg","20.000","°C","977.000","hPa","0.861","-0.02617","0.00035","0","0","13.56","Humid","26.25","0","44.00","378017.69","SABD0000000001","AAV1.0.0.11","4.0.0.2323","PSt7-10","170328-019","7/29/2022 11:23:46 AM","0000-00","0","no battery","V","","µV","","µV"
"08/11/2022","10:16:34","6","default","383292078","Oxt_06","32.650","min","95.364","%a.s.","Humid","20.880","deg","41082","µV","27.821","°C","1021.000","hPa","36.4","pmil","0","55.390","deg","20.000","°C","100.000","%a.s.","21.720","deg","20.000","°C","977.000","hPa","0.861","-0.02617","0.00035","0","0","13.56","Humid","26.25","0","44.00","378001.62","SABD0000000001","AAV1.0.0.11","4.0.0.2323","PSt7-10","170328-019","7/29/2022 11:23:46 AM","0000-00","0","no battery","V","","µV","","µV"
"08/11/2022","10:16:35","6","default","383292078","Oxt_06","32.667","min","95.388","%a.s.","Humid","20.875","deg","41081","µV","27.841","°C","1021.000","hPa","36.4","pmil","0","55.390","deg","20.000","°C","100.000","%a.s.","21.720","deg","20.000","°C","977.000","hPa","0.861","-0.02617","0.00035","0","0","13.56","Humid","26.25","0","44.00","378000.36","SABD0000000001","AAV1.0.0.11","4.0.0.2323","PSt7-10","170328-019","7/29/2022 11:23:46 AM","0000-00","0","no battery","V","","µV","","µV"
"08/11/2022","10:16:36","6","default","383292078","Oxt_06","32.684","min","95.347","%a.s.","Humid","20.881","deg","41079","µV","27.830","°C","1021.000","hPa","36.4","pmil","0","55.390","deg","20.000","°C","100.000","%a.s.","21.720","deg","20.000","°C","977.000","hPa","0.861","-0.02617","0.00035","0","0","13.56","Humid","26.25","0","44.00","378028.63","SABD0000000001","AAV1.0.0.11","4.0.0.2323","PSt7-10","170328-019","7/29/2022 11:23:46 AM","0000-00","0","no battery","V","","µV","","µV"
"08/11/2022","10:16:37","6","default","383292078","Oxt_06","32.700","min","95.309","%a.s.","Humid","20.887","deg","41080","µV","27.816","°C","1021.000","hPa","36.4","pmil","0","55.390","deg","20.000","°C","100.000","%a.s.","21.720","deg","20.000","°C","977.000","hPa","0.861","-0.02617","0.00035","0","0","13.56","Humid","26.25","0","44.00","378002.78","SABD0000000001","AAV1.0.0.11","4.0.0.2323","PSt7-10","170328-019","7/29/2022 11:23:46 AM","0000-00","0","no battery","V","","µV","","µV"
"08/11/2022","10:16:38","6","default","383292078","Oxt_06","32.717","min","95.336","%a.s.","Humid","20.884","deg","41074","µV","27.814","°C","1021.000","hPa","36.4","pmil","0","55.390","deg","20.000","°C","100.000","%a.s.","21.720","deg","20.000","°C","977.000","hPa","0.861","-0.02617","0.00035","0","0","13.56","Humid","26.25","0","44.00","378015.76","SABD0000000001","AAV1.0.0.11","4.0.0.2323","PSt7-10","170328-019","7/29/2022 11:23:46 AM","0000-00","0","no battery","V","","µV","","µV"
"08/11/2022","10:16:39","6","default","383292078","Oxt_06","32.734","min","95.317","%a.s.","Humid","20.885","deg","41082","µV","27.826","°C","1021.000","hPa","36.4","pmil","0","55.390","deg","20.000","°C","100.000","%a.s.","21.720","deg","20.000","°C","977.000","hPa","0.861","-0.02617","0.00035","0","0","13.56","Humid","26.25","0","44.00","378012.44","SABD0000000001","AAV1.0.0.11","4.0.0.2323","PSt7-10","170328-019","7/29/2022 11:23:46 AM","0000-00","0","no battery","V","","µV","","µV"
"08/11/2022","10:16:40","6","default","383292078","Oxt_06","32.750","min","95.282","%a.s.","Humid","20.890","deg","41079","µV","27.818","°C","1021.000","hPa","36.4","pmil","0","55.390","deg","20.000","°C","100.000","%a.s.","21.720","deg","20.000","°C","977.000","hPa","0.861","-0.02617","0.00035","0","0","13.56","Humid","26.25","0","44.00","378004.36","SABD0000000001","AAV1.0.0.11","4.0.0.2323","PSt7-10","170328-019","7/29/2022 11:23:46 AM","0000-00","0","no battery","V","","µV","","µV"
"08/11/2022","10:16:41","6","default","383292078","Oxt_06","32.767","min","95.277","%a.s.","Humid","20.889","deg","41079","µV","27.833","°C","1021.000","hPa","36.4","pmil","0","55.390","deg","20.000","°C","100.000","%a.s.","21.720","deg","20.000","°C","977.000","hPa","0.861","-0.02617","0.00035","0","0","13.56","Humid","26.25","0","44.00","378008.21","SABD0000000001","AAV1.0.0.11","4.0.0.2323","PSt7-10","170328-019","7/29/2022 11:23:46 AM","0000-00","0","no battery","V","","µV","","µV"
"08/11/2022","10:16:42","6","default","383292078","Oxt_06","32.784","min","95.287","%a.s.","Humid","20.888","deg","41082","µV","27.832","°C","1021.000","hPa","36.4","pmil","0","55.390","deg","20.000","°C","100.000","%a.s.","21.720","deg","20.000","°C","977.000","hPa","0.861","-0.02617","0.00035","0","0","13.56","Humid","26.25","0","44.00","378009.89","SABD0000000001","AAV1.0.0.11","4.0.0.2323","PSt7-10","170328-019","7/29/2022 11:23:46 AM","0000-00","0","no battery","V","","µV","","µV"
"08/11/2022","10:16:43","6","default","383292078","Oxt_06","32.800","min","95.352","%a.s.","Humid","20.881","deg","41079","µV","27.825","°C","1021.000","hPa","36.4","pmil","0","55.390","deg","20.000","°C","100.000","%a.s.","21.720","deg","20.000","°C","977.000","hPa","0.861","-0.02617","0.00035","0","0","13.56","Humid","26.25","0","44.00","378004.51","SABD0000000001","AAV1.0.0.11","4.0.0.2323","PSt7-10","170328-019","7/29/2022 11:23:46 AM","0000-00","0","no battery","V","","µV","","µV"
"08/11/2022","10:16:44","6","default","383292078","Oxt_06","32.817","min","95.235","%a.s.","Humid","20.893","deg","41079","µV","27.841","°C","1021.000","hPa","36.4","pmil","0","55.390","deg","20.000","°C","100.000","%a.s.","21.720","deg","20.000","°C","977.000","hPa","0.861","-0.02617","0.00035","0","0","13.56","Humid","26.25","0","44.00","378013.69","SABD0000000001","AAV1.0.0.11","4.0.0.2323","PSt7-10","170328-019","7/29/2022 11:23:46 AM","0000-00","0","no battery","V","","µV","","µV"
"08/11/2022","10:16:45","6","default","383292078","Oxt_06","32.834","min","95.342","%a.s.","Humid","20.883","deg","41074","µV","27.818","°C","1021.000","hPa","36.4","pmil","0","55.390","deg","20.000","°C","100.000","%a.s.","21.720","deg","20.000","°C","977.000","hPa","0.861","-0.02617","0.00035","0","0","13.56","Humid","26.25","0","44.00","377985.35","SABD0000000001","AAV1.0.0.11","4.0.0.2323","PSt7-10","170328-019","7/29/2022 11:23:46 AM","0000-00","0","no battery","V","","µV","","µV"
"08/11/2022","10:16:46","6","default","383292078","Oxt_06","32.851","min","95.333","%a.s.","Humid","20.884","deg","41083","µV","27.818","°C","1021.000","hPa","36.4","pmil","0","55.390","deg","20.000","°C","100.000","%a.s.","21.720","deg","20.000","°C","977.000","hPa","0.861","-0.02617","0.00035","0","0","13.56","Humid","26.25","0","44.00","378009.28","SABD0000000001","AAV1.0.0.11","4.0.0.2323","PSt7-10","170328-019","7/29/2022 11:23:46 AM","0000-00","0","no battery","V","","µV","","µV"
"08/11/2022","10:16:47","6","default","383292078","Oxt_06","32.867","min","95.260","%a.s.","Humid","20.892","deg","41086","µV","27.824","°C","1021.000","hPa","36.4","pmil","0","55.390","deg","20.000","°C","100.000","%a.s.","21.720","deg","20.000","°C","977.000","hPa","0.861","-0.02617","0.00035","0","0","13.56","Humid","26.25","0","44.00","377997.83","SABD0000000001","AAV1.0.0.11","4.0.0.2323","PSt7-10","170328-019","7/29/2022 11:23:46 AM","0000-00","0","no battery","V","","µV","","µV"
"08/11/2022","10:16:48","6","default","383292078","Oxt_06","32.884","min","95.329","%a.s.","Humid","20.884","deg","41074","µV","27.823","°C","1021.000","hPa","36.4","pmil","0","55.390","deg","20.000","°C","100.000","%a.s.","21.720","deg","20.000","°C","977.000","hPa","0.861","-0.02617","0.00035","0","0","13.56","Humid","26.25","0","44.00","377999.51","SABD0000000001","AAV1.0.0.11","4.0.0.2323","PSt7-10","170328-019","7/29/2022 11:23:46 AM","0000-00","0","no battery","V","","µV","","µV"
"08/11/2022","10:16:49","6","default","383292078","Oxt_06","32.901","min","95.365","%a.s.","Humid","20.879","deg","41077","µV","27.829","°C","1021.000","hPa","36.4","pmil","0","55.390","deg","20.000","°C","100.000","%a.s.","21.720","deg","20.000","°C","977.000","hPa","0.861","-0.02617","0.00035","0","0","13.56","Humid","26.25","0","44.00","377999.13","SABD0000000001","AAV1.0.0.11","4.0.0.2323","PSt7-10","170328-019","7/29/2022 11:23:46 AM","0000-00","0","no battery","V","","µV","","µV"
"08/11/2022","10:16:50","6","default","383292078","Oxt_06","32.917","min","95.224","%a.s.","Humid","20.895","deg","41076","µV","27.834","°C","1021.000","hPa","36.4","pmil","0","55.390","deg","20.000","°C","100.000","%a.s.","21.720","deg","20.000","°C","977.000","hPa","0.861","-0.02617","0.00035","0","0","13.56","Humid","26.25","0","44.00","378008.04","SABD0000000001","AAV1.0.0.11","4.0.0.2323","PSt7-10","170328-019","7/29/2022 11:23:46 AM","0000-00","0","no battery","V","","µV","","µV"
"08/11/2022","10:16:51","6","default","383292078","Oxt_06","32.934","min","95.295","%a.s.","Humid","20.887","deg","41082","µV","27.832","°C","1021.000","hPa","36.4","pmil","0","55.390","deg","20.000","°C","100.000","%a.s.","21.720","deg","20.000","°C","977.000","hPa","0.861","-0.02617","0.00035","0","0","13.56","Humid","26.25","0","44.00","377993.52","SABD0000000001","AAV1.0.0.11","4.0.0.2323","PSt7-10","170328-019","7/29/2022 11:23:46 AM","0000-00","0","no battery","V","","µV","","µV"
"08/11/2022","10:16:52","6","default","383292078","Oxt_06","32.951","min","95.321","%a.s.","Humid","20.884","deg","41078","µV","27.831","°C","1021.000","hPa","36.4","pmil","0","55.390","deg","20.000","°C","100.000","%a.s.","21.720","deg","20.000","°C","977.000","hPa","0.861","-0.02617","0.00035","0","0","13.56","Humid","26.25","0","44.00","378007.37","SABD0000000001","AAV1.0.0.11","4.0.0.2323","PSt7-10","170328-019","7/29/2022 11:23:46 AM","0000-00","0","no battery","V","","µV","","µV"
"08/11/2022","10:16:53","6","default","383292078","Oxt_06","32.967","min","95.366","%a.s.","Humid","20.879","deg","41085","µV","27.828","°C","1021.000","hPa","36.4","pmil","0","55.390","deg","20.000","°C","100.000","%a.s.","21.720","deg","20.000","°C","977.000","hPa","0.861","-0.02617","0.00035","0","0","13.56","Humid","26.25","0","44.00","377997.77","SABD0000000001","AAV1.0.0.11","4.0.0.2323","PSt7-10","170328-019","7/29/2022 11:23:46 AM","0000-00","0","no battery","V","","µV","","µV"
"08/11/2022","10:16:54","6","default","383292078","Oxt_06","32.984","min","95.297","%a.s.","Humid","20.887","deg","41081","µV","27.829","°C","1021.000","hPa","36.4","pmil","0","55.390","deg","20.000","°C","100.000","%a.s.","21.720","deg","20.000","°C","977.000","hPa","0.861","-0.02617","0.00035","0","0","13.56","Humid","26.25","0","44.00","377996.41","SABD0000000001","AAV1.0.0.11","4.0.0.2323","PSt7-10","170328-019","7/29/2022 11:23:46 AM","0000-00","0","no battery","V","","µV","","µV"
"08/11/2022","10:16:55","6","default","383292078","Oxt_06","33.001","min","95.296","%a.s.","Humid","20.887","deg","41083","µV","27.831","°C","1021.000","hPa","36.4","pmil","0","55.390","deg","20.000","°C","100.000","%a.s.","21.720","deg","20.000","°C","977.000","hPa","0.861","-0.02617","0.00035","0","0","13.56","Humid","26.25","0","44.00","377997.55","SABD0000000001","AAV1.0.0.11","4.0.0.2323","PSt7-10","170328-019","7/29/2022 11:23:46 AM","0000-00","0","no battery","V","","µV","","µV"
"08/11/2022","10:16:56","6","default","383292078","Oxt_06","33.017","min","95.274","%a.s.","Humid","20.890","deg","41086","µV","27.826","°C","1021.000","hPa","36.4","pmil","0","55.390","deg","20.000","°C","100.000","%a.s.","21.720","deg","20.000","°C","977.000","hPa","0.861","-0.02617","0.00035","0","0","13.56","Humid","26.25","0","44.00","377996.92","SABD0000000001","AAV1.0.0.11","4.0.0.2323","PSt7-10","170328-019","7/29/2022 11:23:46 AM","0000-00","0","no battery","V","","µV","","µV"
"08/11/2022","10:16:57","6","default","383292078","Oxt_06","33.034","min","95.309","%a.s.","Humid","20.887","deg","41086","µV","27.816","°C","1021.000","hPa","36.4","pmil","0","55.390","deg","20.000","°C","100.000","%a.s.","21.720","deg","20.000","°C","977.000","hPa","0.861","-0.02617","0.00035","0","0","13.56","Humid","26.25","0","44.00","377999.09","SABD0000000001","AAV1.0.0.11","4.0.0.2323","PSt7-10","170328-019","7/29/2022 11:23:46 AM","0000-00","0","no battery","V","","µV","","µV"
"08/11/2022","10:16:58","6","default","383292078","Oxt_06","33.051","min","95.302","%a.s.","Humid","20.887","deg","41086","µV","27.824","°C","1021.000","hPa","36.4","pmil","0","55.390","deg","20.000","°C","100.000","%a.s.","21.720","deg","20.000","°C","977.000","hPa","0.861","-0.02617","0.00035","0","0","13.56","Humid","26.25","0","44.00","377997.48","SABD0000000001","AAV1.0.0.11","4.0.0.2323","PSt7-10","170328-019","7/29/2022 11:23:46 AM","0000-00","0","no battery","V","","µV","","µV"
"08/11/2022","10:16:59","6","default","383292078","Oxt_06","33.067","min","95.307","%a.s.","Humid","20.885","deg","41084","µV","27.837","°C","1021.000","hPa","36.4","pmil","0","55.390","deg","20.000","°C","100.000","%a.s.","21.720","deg","20.000","°C","977.000","hPa","0.861","-0.02617","0.00035","0","0","13.56","Humid","26.25","0","44.00","377993.26","SABD0000000001","AAV1.0.0.11","4.0.0.2323","PSt7-10","170328-019","7/29/2022 11:23:46 AM","0000-00","0","no battery","V","","µV","","µV"
"08/11/2022","10:17:00","6","default","383292078","Oxt_06","33.084","min","95.211","%a.s.","Humid","20.896","deg","41084","µV","27.840","°C","1021.000","hPa","36.4","pmil","0","55.390","deg","20.000","°C","100.000","%a.s.","21.720","deg","20.000","°C","977.000","hPa","0.861","-0.02617","0.00035","0","0","13.56","Humid","26.25","0","44.00","377993.75","SABD0000000001","AAV1.0.0.11","4.0.0.2323","PSt7-10","170328-019","7/29/2022 11:23:46 AM","0000-00","0","no battery","V","","µV","","µV"
"08/11/2022","10:17:01","6","default","383292078","Oxt_06","33.101","min","95.318","%a.s.","Humid","20.885","deg","41080","µV","27.825","°C","1021.000","hPa","36.4","pmil","0","55.390","deg","20.000","°C","100.000","%a.s.","21.720","deg","20.000","°C","977.000","hPa","0.861","-0.02617","0.00035","0","0","13.56","Humid","26.25","0","44.00","377988.27","SABD0000000001","AAV1.0.0.11","4.0.0.2323","PSt7-10","170328-019","7/29/2022 11:23:46 AM","0000-00","0","no battery","V","","µV","","µV"
"08/11/2022","10:17:02","6","default","383292078","Oxt_06","33.117","min","95.297","%a.s.","Humid","20.888","deg","41082","µV","27.820","°C","1021.000","hPa","36.4","pmil","0","55.390","deg","20.000","°C","100.000","%a.s.","21.720","deg","20.000","°C","977.000","hPa","0.861","-0.02617","0.00035","0","0","13.56","Humid","26.25","0","44.00","377991.09","SABD0000000001","AAV1.0.0.11","4.0.0.2323","PSt7-10","170328-019","7/29/2022 11:23:46 AM","0000-00","0","no battery","V","","µV","","µV"
"08/11/2022","10:17:03","6","default","383292078","Oxt_06","33.134","min","95.237","%a.s.","Humid","20.895","deg","41085","µV","27.821","°C","1021.000","hPa","36.4","pmil","0","55.390","deg","20.000","°C","100.000","%a.s.","21.720","deg","20.000","°C","977.000","hPa","0.861","-0.02617","0.00035","0","0","13.56","Humid","26.25","0","44.00","377986.80","SABD0000000001","AAV1.0.0.11","4.0.0.2323","PSt7-10","170328-019","7/29/2022 11:23:46 AM","0000-00","0","no battery","V","","µV","","µV"
"08/11/2022","10:17:04","6","default","383292078","Oxt_06","33.151","min","95.255","%a.s.","Humid","20.891","deg","41084","µV","27.839","°C","1021.000","hPa","36.4","pmil","0","55.390","deg","20.000","°C","100.000","%a.s.","21.720","deg","20.000","°C","977.000","hPa","0.861","-0.02617","0.00035","0","0","13.56","Humid","26.25","0","44.00","377989.44","SABD0000000001","AAV1.0.0.11","4.0.0.2323","PSt7-10","170328-019","7/29/2022 11:23:46 AM","0000-00","0","no battery","V","","µV","","µV"
"08/11/2022","10:17:05","6","default","383292078","Oxt_06","33.167","min","95.331","%a.s.","Humid","20.884","deg","41077","µV","27.820","°C","1021.000","hPa","36.4","pmil","0","55.390","deg","20.000","°C","100.000","%a.s.","21.720","deg","20.000","°C","977.000","hPa","0.861","-0.02617","0.00035","0","0","13.56","Humid","26.25","0","44.00","377976.04","SABD0000000001","AAV1.0.0.11","4.0.0.2323","PSt7-10","170328-019","7/29/2022 11:23:46 AM","0000-00","0","no battery","V","","µV","","µV"
"08/11/2022","10:17:06","6","default","383292078","Oxt_06","33.184","min","95.377","%a.s.","Humid","20.879","deg","41086","µV","27.816","°C","1021.000","hPa","36.4","pmil","0","55.390","deg","20.000","°C","100.000","%a.s.","21.720","deg","20.000","°C","977.000","hPa","0.861","-0.02617","0.00035","0","0","13.56","Humid","26.25","0","44.00","377996.80","SABD0000000001","AAV1.0.0.11","4.0.0.2323","PSt7-10","170328-019","7/29/2022 11:23:46 AM","0000-00","0","no battery","V","","µV","","µV"
"08/11/2022","10:17:07","6","default","383292078","Oxt_06","33.201","min","95.237","%a.s.","Humid","20.895","deg","41091","µV","27.821","°C","1021.000","hPa","36.4","pmil","0","55.390","deg","20.000","°C","100.000","%a.s.","21.720","deg","20.000","°C","977.000","hPa","0.861","-0.02617","0.00035","0","0","13.56","Humid","26.25","0","44.00","377987.03","SABD0000000001","AAV1.0.0.11","4.0.0.2323","PSt7-10","170328-019","7/29/2022 11:23:46 AM","0000-00","0","no battery","V","","µV","","µV"
"08/11/2022","10:17:08","6","default","383292078","Oxt_06","33.217","min","95.288","%a.s.","Humid","20.888","deg","41092","µV","27.830","°C","1021.000","hPa","36.4","pmil","0","55.390","deg","20.000","°C","100.000","%a.s.","21.720","deg","20.000","°C","977.000","hPa","0.861","-0.02617","0.00035","0","0","13.56","Humid","26.25","0","44.00","377984.90","SABD0000000001","AAV1.0.0.11","4.0.0.2323","PSt7-10","170328-019","7/29/2022 11:23:46 AM","0000-00","0","no battery","V","","µV","","µV"
"08/11/2022","10:17:09","6","default","383292078","Oxt_06","33.234","min","95.282","%a.s.","Humid","20.888","deg","41084","µV","27.836","°C","1021.000","hPa","36.4","pmil","0","55.390","deg","20.000","°C","100.000","%a.s.","21.720","deg","20.000","°C","977.000","hPa","0.861","-0.02617","0.00035","0","0","13.56","Humid","26.25","0","44.00","377993.31","SABD0000000001","AAV1.0.0.11","4.0.0.2323","PSt7-10","170328-019","7/29/2022 11:23:46 AM","0000-00","0","no battery","V","","µV","","µV"
"08/11/2022","10:17:10","6","default","383292078","Oxt_06","33.251","min","95.290","%a.s.","Humid","20.888","deg","41090","µV","27.828","°C","1021.000","hPa","36.4","pmil","0","55.390","deg","20.000","°C","100.000","%a.s.","21.720","deg","20.000","°C","977.000","hPa","0.861","-0.02617","0.00035","0","0","13.56","Humid","26.25","0","44.00","377977.68","SABD0000000001","AAV1.0.0.11","4.0.0.2323","PSt7-10","170328-019","7/29/2022 11:23:46 AM","0000-00","0","no battery","V","","µV","","µV"
"08/11/2022","10:17:11","6","default","383292078","Oxt_06","33.268","min","95.274","%a.s.","Humid","20.890","deg","41087","µV","27.826","°C","1021.000","hPa","36.4","pmil","0","55.390","deg","20.000","°C","100.000","%a.s.","21.720","deg","20.000","°C","977.000","hPa","0.861","-0.02617","0.00035","0","0","13.56","Humid","26.25","0","44.00","377990.35","SABD0000000001","AAV1.0.0.11","4.0.0.2323","PSt7-10","170328-019","7/29/2022 11:23:46 AM","0000-00","0","no battery","V","","µV","","µV"
"08/11/2022","10:17:12","6","default","383292078","Oxt_06","33.284","min","95.243","%a.s.","Humid","20.893","deg","41091","µV","27.832","°C","1021.000","hPa","36.4","pmil","0","55.390","deg","20.000","°C","100.000","%a.s.","21.720","deg","20.000","°C","977.000","hPa","0.861","-0.02617","0.00035","0","0","13.56","Humid","26.25","0","44.00","377980.15","SABD0000000001","AAV1.0.0.11","4.0.0.2323","PSt7-10","170328-019","7/29/2022 11:23:46 AM","0000-00","0","no battery","V","","µV","","µV"
"08/11/2022","10:17:13","6","default","383292078","Oxt_06","33.301","min","95.249","%a.s.","Humid","20.892","deg","41086","µV","27.836","°C","1021.000","hPa","36.4","pmil","0","55.390","deg","20.000","°C","100.000","%a.s.","21.720","deg","20.000","°C","977.000","hPa","0.861","-0.02617","0.00035","0","0","13.56","Humid","26.25","0","44.00","377989.42","SABD0000000001","AAV1.0.0.11","4.0.0.2323","PSt7-10","170328-019","7/29/2022 11:23:46 AM","0000-00","0","no battery","V","","µV","","µV"
"08/11/2022","10:17:14","6","default","383292078","Oxt_06","33.318","min","95.205","%a.s.","Humid","20.898","deg","41088","µV","27.827","°C","1021.000","hPa","36.4","pmil","0","55.390","deg","20.000","°C","100.000","%a.s.","21.720","deg","20.000","°C","977.000","hPa","0.861","-0.02617","0.00035","0","0","13.56","Humid","26.25","0","44.00","377987.30","SABD0000000001","AAV1.0.0.11","4.0.0.2323","PSt7-10","170328-019","7/29/2022 11:23:46 AM","0000-00","0","no battery","V","","µV","","µV"
"08/11/2022","10:17:15","6","default","383292078","Oxt_06","33.334","min","95.272","%a.s.","Humid","20.892","deg","41093","µV","27.811","°C","1021.000","hPa","36.4","pmil","0","55.390","deg","20.000","°C","100.000","%a.s.","21.720","deg","20.000","°C","977.000","hPa","0.861","-0.02617","0.00035","0","0","13.56","Humid","26.25","0","44.00","377989.58","SABD0000000001","AAV1.0.0.11","4.0.0.2323","PSt7-10","170328-019","7/29/2022 11:23:46 AM","0000-00","0","no battery","V","","µV","","µV"
"08/11/2022","10:17:16","6","default","383292078","Oxt_06","33.351","min","95.278","%a.s.","Humid","20.890","deg","41091","µV","27.822","°C","1021.000","hPa","36.4","pmil","0","55.390","deg","20.000","°C","100.000","%a.s.","21.720","deg","20.000","°C","977.000","hPa","0.861","-0.02617","0.00035","0","0","13.56","Humid","26.25","0","44.00","377979.25","SABD0000000001","AAV1.0.0.11","4.0.0.2323","PSt7-10","170328-019","7/29/2022 11:23:46 AM","0000-00","0","no battery","V","","µV","","µV"
"08/11/2022","10:17:17","6","default","383292078","Oxt_06","33.368","min","95.288","%a.s.","Humid","20.889","deg","41088","µV","27.821","°C","1021.000","hPa","36.4","pmil","0","55.390","deg","20.000","°C","100.000","%a.s.","21.720","deg","20.000","°C","977.000","hPa","0.861","-0.02617","0.00035","0","0","13.56","Humid","26.25","0","44.00","377989.04","SABD0000000001","AAV1.0.0.11","4.0.0.2323","PSt7-10","170328-019","7/29/2022 11:23:46 AM","0000-00","0","no battery","V","","µV","","µV"
"08/11/2022","10:17:18","6","default","383292078","Oxt_06","33.384","min","95.229","%a.s.","Humid","20.895","deg","41091","µV","27.829","°C","1021.000","hPa","36.4","pmil","0","55.390","deg","20.000","°C","100.000","%a.s.","21.720","deg","20.000","°C","977.000","hPa","0.861","-0.02617","0.00035","0","0","13.56","Humid","26.25","0","44.00","377982.64","SABD0000000001","AAV1.0.0.11","4.0.0.2323","PSt7-10","170328-019","7/29/2022 11:23:46 AM","0000-00","0","no battery","V","","µV","","µV"
"08/11/2022","10:17:19","6","default","383292078","Oxt_06","33.401","min","95.230","%a.s.","Humid","20.894","deg","41090","µV","27.837","°C","1021.000","hPa","36.4","pmil","0","55.390","deg","20.000","°C","100.000","%a.s.","21.720","deg","20.000","°C","977.000","hPa","0.861","-0.02617","0.00035","0","0","13.56","Humid","26.25","0","44.00","377990.67","SABD0000000001","AAV1.0.0.11","4.0.0.2323","PSt7-10","170328-019","7/29/2022 11:23:46 AM","0000-00","0","no battery","V","","µV","","µV"
"08/11/2022","10:17:20","6","default","383292078","Oxt_06","33.418","min","95.189","%a.s.","Humid","20.900","deg","41092","µV","27.827","°C","1021.000","hPa","36.4","pmil","0","55.390","deg","20.000","°C","100.000","%a.s.","21.720","deg","20.000","°C","977.000","hPa","0.861","-0.02617","0.00035","0","0","13.56","Humid","26.25","0","44.00","377985.49","SABD0000000001","AAV1.0.0.11","4.0.0.2323","PSt7-10","170328-019","7/29/2022 11:23:46 AM","0000-00","0","no battery","V","","µV","","µV"
"08/11/2022","10:17:21","6","default","383292078","Oxt_06","33.434","min","95.322","%a.s.","Humid","20.886","deg","41091","µV","27.811","°C","1021.000","hPa","36.4","pmil","0","55.390","deg","20.000","°C","100.000","%a.s.","21.720","deg","20.000","°C","977.000","hPa","0.861","-0.02617","0.00035","0","0","13.56","Humid","26.25","0","44.00","377962.59","SABD0000000001","AAV1.0.0.11","4.0.0.2323","PSt7-10","170328-019","7/29/2022 11:23:46 AM","0000-00","0","no battery","V","","µV","","µV"
"08/11/2022","10:17:22","6","default","383292078","Oxt_06","33.451","min","95.309","%a.s.","Humid","20.887","deg","41088","µV","27.816","°C","1021.000","hPa","36.4","pmil","0","55.390","deg","20.000","°C","100.000","%a.s.","21.720","deg","20.000","°C","977.000","hPa","0.861","-0.02617","0.00035","0","0","13.56","Humid","26.25","0","44.00","377962.88","SABD0000000001","AAV1.0.0.11","4.0.0.2323","PSt7-10","170328-019","7/29/2022 11:23:46 AM","0000-00","0","no battery","V","","µV","","µV"
"08/11/2022","10:17:23","6","default","383292078","Oxt_06","33.468","min","95.213","%a.s.","Humid","20.898","deg","41095","µV","27.819","°C","1021.000","hPa","36.4","pmil","0","55.390","deg","20.000","°C","100.000","%a.s.","21.720","deg","20.000","°C","977.000","hPa","0.861","-0.02617","0.00035","0","0","13.56","Humid","26.25","0","44.00","377976.84","SABD0000000001","AAV1.0.0.11","4.0.0.2323","PSt7-10","170328-019","7/29/2022 11:23:46 AM","0000-00","0","no battery","V","","µV","","µV"
"08/11/2022","10:17:24","6","default","383292078","Oxt_06","33.484","min","95.296","%a.s.","Humid","20.889","deg","41087","µV","27.811","°C","1021.000","hPa","36.4","pmil","0","55.390","deg","20.000","°C","100.000","%a.s.","21.720","deg","20.000","°C","977.000","hPa","0.861","-0.02617","0.00035","0","0","13.56","Humid","26.25","0","44.00","377959.37","SABD0000000001","AAV1.0.0.11","4.0.0.2323","PSt7-10","170328-019","7/29/2022 11:23:46 AM","0000-00","0","no battery","V","","µV","","µV"
"08/11/2022","10:17:25","6","default","383292078","Oxt_06","33.501","min","95.267","%a.s.","Humid","20.893","deg","41088","µV","27.806","°C","1021.000","hPa","36.4","pmil","0","55.390","deg","20.000","°C","100.000","%a.s.","21.720","deg","20.000","°C","977.000","hPa","0.861","-0.02617","0.00035","0","0","13.56","Humid","26.25","0","44.00","377956.00","SABD0000000001","AAV1.0.0.11","4.0.0.2323","PSt7-10","170328-019","7/29/2022 11:23:46 AM","0000-00","0","no battery","V","","µV","","µV"
"08/11/2022","10:17:26","6","default","383292078","Oxt_06","33.518","min","95.290","%a.s.","Humid","20.889","deg","41089","µV","27.818","°C","1021.000","hPa","36.4","pmil","0","55.390","deg","20.000","°C","100.000","%a.s.","21.720","deg","20.000","°C","977.000","hPa","0.861","-0.02617","0.00035","0","0","13.56","Humid","26.25","0","44.00","377972.13","SABD0000000001","AAV1.0.0.11","4.0.0.2323","PSt7-10","170328-019","7/29/2022 11:23:46 AM","0000-00","0","no battery","V","","µV","","µV"
"08/11/2022","10:17:27","6","default","383292078","Oxt_06","33.534","min","95.256","%a.s.","Humid","20.892","deg","41085","µV","27.828","°C","1021.000","hPa","36.4","pmil","0","55.390","deg","20.000","°C","100.000","%a.s.","21.720","deg","20.000","°C","977.000","hPa","0.861","-0.02617","0.00035","0","0","13.56","Humid","26.25","0","44.00","377964.44","SABD0000000001","AAV1.0.0.11","4.0.0.2323","PSt7-10","170328-019","7/29/2022 11:23:46 AM","0000-00","0","no battery","V","","µV","","µV"
"08/11/2022","10:17:28","6","default","383292078","Oxt_06","33.551","min","95.265","%a.s.","Humid","20.891","deg","41083","µV","27.828","°C","1021.000","hPa","36.4","pmil","0","55.390","deg","20.000","°C","100.000","%a.s.","21.720","deg","20.000","°C","977.000","hPa","0.861","-0.02617","0.00035","0","0","13.56","Humid","26.25","0","44.00","377965.38","SABD0000000001","AAV1.0.0.11","4.0.0.2323","PSt7-10","170328-019","7/29/2022 11:23:46 AM","0000-00","0","no battery","V","","µV","","µV"
"08/11/2022","10:17:29","6","default","383292078","Oxt_06","33.568","min","95.265","%a.s.","Humid","20.891","deg","41093","µV","27.827","°C","1021.000","hPa","36.4","pmil","0","55.390","deg","20.000","°C","100.000","%a.s.","21.720","deg","20.000","°C","977.000","hPa","0.861","-0.02617","0.00035","0","0","13.56","Humid","26.25","0","44.00","377967.33","SABD0000000001","AAV1.0.0.11","4.0.0.2323","PSt7-10","170328-019","7/29/2022 11:23:46 AM","0000-00","0","no battery","V","","µV","","µV"
"08/11/2022","10:17:30","6","default","383292078","Oxt_06","33.584","min","95.205","%a.s.","Humid","20.897","deg","41095","µV","27.837","°C","1021.000","hPa","36.4","pmil","0","55.390","deg","20.000","°C","100.000","%a.s.","21.720","deg","20.000","°C","977.000","hPa","0.861","-0.02617","0.00035","0","0","13.56","Humid","26.25","0","44.00","377965.36","SABD0000000001","AAV1.0.0.11","4.0.0.2323","PSt7-10","170328-019","7/29/2022 11:23:46 AM","0000-00","0","no battery","V","","µV","","µV"
"08/11/2022","10:17:31","6","default","383292078","Oxt_06","33.601","min","95.252","%a.s.","Humid","20.892","deg","41086","µV","27.833","°C","1021.000","hPa","36.4","pmil","0","55.390","deg","20.000","°C","100.000","%a.s.","21.720","deg","20.000","°C","977.000","hPa","0.861","-0.02617","0.00035","0","0","13.56","Humid","26.25","0","44.00","377963.28","SABD0000000001","AAV1.0.0.11","4.0.0.2323","PSt7-10","170328-019","7/29/2022 11:23:46 AM","0000-00","0","no battery","V","","µV","","µV"
"08/11/2022","10:17:32","6","default","383292078","Oxt_06","33.617","min","95.244","%a.s.","Humid","20.893","deg","41093","µV","27.832","°C","1021.000","hPa","36.4","pmil","0","55.390","deg","20.000","°C","100.000","%a.s.","21.720","deg","20.000","°C","977.000","hPa","0.861","-0.02617","0.00035","0","0","13.56","Humid","26.25","0","44.00","377965.65","SABD0000000001","AAV1.0.0.11","4.0.0.2323","PSt7-10","170328-019","7/29/2022 11:23:46 AM","0000-00","0","no battery","V","","µV","","µV"
"08/11/2022","10:17:33","6","default","383292078","Oxt_06","33.634","min","95.261","%a.s.","Humid","20.892","deg","41089","µV","27.823","°C","1021.000","hPa","36.4","pmil","0","55.390","deg","20.000","°C","100.000","%a.s.","21.720","deg","20.000","°C","977.000","hPa","0.861","-0.02617","0.00035","0","0","13.56","Humid","26.25","0","44.00","377958.92","SABD0000000001","AAV1.0.0.11","4.0.0.2323","PSt7-10","170328-019","7/29/2022 11:23:46 AM","0000-00","0","no battery","V","","µV","","µV"
"08/11/2022","10:17:34","6","default","383292078","Oxt_06","33.650","min","95.263","%a.s.","Humid","20.892","deg","41095","µV","27.820","°C","1021.000","hPa","36.4","pmil","0","55.390","deg","20.000","°C","100.000","%a.s.","21.720","deg","20.000","°C","977.000","hPa","0.861","-0.02617","0.00035","0","0","13.56","Humid","26.25","0","44.00","377967.35","SABD0000000001","AAV1.0.0.11","4.0.0.2323","PSt7-10","170328-019","7/29/2022 11:23:46 AM","0000-00","0","no battery","V","","µV","","µV"
"08/11/2022","10:17:35","6","default","383292078","Oxt_06","33.667","min","95.305","%a.s.","Humid","20.887","deg","41095","µV","27.821","°C","1021.000","hPa","36.4","pmil","0","55.390","deg","20.000","°C","100.000","%a.s.","21.720","deg","20.000","°C","977.000","hPa","0.861","-0.02617","0.00035","0","0","13.56","Humid","26.25","0","44.00","377980.22","SABD0000000001","AAV1.0.0.11","4.0.0.2323","PSt7-10","170328-019","7/29/2022 11:23:46 AM","0000-00","0","no battery","V","","µV","","µV"
"08/11/2022","10:17:36","6","default","383292078","Oxt_06","33.684","min","95.258","%a.s.","Humid","20.893","deg","41092","µV","27.817","°C","1021.000","hPa","36.4","pmil","0","55.390","deg","20.000","°C","100.000","%a.s.","21.720","deg","20.000","°C","977.000","hPa","0.861","-0.02617","0.00035","0","0","13.56","Humid","26.25","0","44.00","377971.30","SABD0000000001","AAV1.0.0.11","4.0.0.2323","PSt7-10","170328-019","7/29/2022 11:23:46 AM","0000-00","0","no battery","V","","µV","","µV"
"08/11/2022","10:17:37","6","default","383292078","Oxt_06","33.700","min","95.263","%a.s.","Humid","20.891","deg","41098","µV","27.829","°C","1021.000","hPa","36.4","pmil","0","55.390","deg","20.000","°C","100.000","%a.s.","21.720","deg","20.000","°C","977.000","hPa","0.861","-0.02617","0.00035","0","0","13.56","Humid","26.25","0","44.00","377954.49","SABD0000000001","AAV1.0.0.11","4.0.0.2323","PSt7-10","170328-019","7/29/2022 11:23:46 AM","0000-00","0","no battery","V","","µV","","µV"
"08/11/2022","10:17:38","6","default","383292078","Oxt_06","33.717","min","95.258","%a.s.","Humid","20.891","deg","41092","µV","27.835","°C","1021.000","hPa","36.4","pmil","0","55.390","deg","20.000","°C","100.000","%a.s.","21.720","deg","20.000","°C","977.000","hPa","0.861","-0.02617","0.00035","0","0","13.56","Humid","26.25","0","44.00","377961.98","SABD0000000001","AAV1.0.0.11","4.0.0.2323","PSt7-10","170328-019","7/29/2022 11:23:46 AM","0000-00","0","no battery","V","","µV","","µV"
"08/11/2022","10:17:39","6","default","383292078","Oxt_06","33.734","min","95.240","%a.s.","Humid","20.894","deg","41095","µV","27.827","°C","1021.000","hPa","36.4","pmil","0","55.390","deg","20.000","°C","100.000","%a.s.","21.720","deg","20.000","°C","977.000","hPa","0.861","-0.02617","0.00035","0","0","13.56","Humid","26.25","0","44.00","377963.68","SABD0000000001","AAV1.0.0.11","4.0.0.2323","PSt7-10","170328-019","7/29/2022 11:23:46 AM","0000-00","0","no battery","V","","µV","","µV"
"08/11/2022","10:17:40","6","default","383292078","Oxt_06","33.750","min","95.277","%a.s.","Humid","20.890","deg","41091","µV","27.823","°C","1021.000","hPa","36.4","pmil","0","55.390","deg","20.000","°C","100.000","%a.s.","21.720","deg","20.000","°C","977.000","hPa","0.861","-0.02617","0.00035","0","0","13.56","Humid","26.25","0","44.00","377959.89","SABD0000000001","AAV1.0.0.11","4.0.0.2323","PSt7-10","170328-019","7/29/2022 11:23:46 AM","0000-00","0","no battery","V","","µV","","µV"
"08/11/2022","10:17:41","6","default","383292078","Oxt_06","33.767","min","95.243","%a.s.","Humid","20.895","deg","41090","µV","27.814","°C","1021.000","hPa","36.4","pmil","0","55.390","deg","20.000","°C","100.000","%a.s.","21.720","deg","20.000","°C","977.000","hPa","0.861","-0.02617","0.00035","0","0","13.56","Humid","26.25","0","44.00","377963.00","SABD0000000001","AAV1.0.0.11","4.0.0.2323","PSt7-10","170328-019","7/29/2022 11:23:46 AM","0000-00","0","no battery","V","","µV","","µV"
"08/11/2022","10:17:42","6","default","383292078","Oxt_06","33.784","min","95.229","%a.s.","Humid","20.896","deg","41090","µV","27.821","°C","1021.000","hPa","36.4","pmil","0","55.390","deg","20.000","°C","100.000","%a.s.","21.720","deg","20.000","°C","977.000","hPa","0.861","-0.02617","0.00035","0","0","13.56","Humid","26.25","0","44.00","377948.38","SABD0000000001","AAV1.0.0.11","4.0.0.2323","PSt7-10","170328-019","7/29/2022 11:23:46 AM","0000-00","0","no battery","V","","µV","","µV"
"08/11/2022","10:17:43","6","default","383292078","Oxt_06","33.800","min","95.224","%a.s.","Humid","20.897","deg","41092","µV","27.816","°C","1021.000","hPa","36.4","pmil","0","55.390","deg","20.000","°C","100.000","%a.s.","21.720","deg","20.000","°C","977.000","hPa","0.861","-0.02617","0.00035","0","0","13.56","Humid","26.25","0","44.00","377957.80","SABD0000000001","AAV1.0.0.11","4.0.0.2323","PSt7-10","170328-019","7/29/2022 11:23:46 AM","0000-00","0","no battery","V","","µV","","µV"
"08/11/2022","10:17:44","6","default","383292078","Oxt_06","33.817","min","95.213","%a.s.","Humid","20.898","deg","41093","µV","27.820","°C","1021.000","hPa","36.4","pmil","0","55.390","deg","20.000","°C","100.000","%a.s.","21.720","deg","20.000","°C","977.000","hPa","0.861","-0.02617","0.00035","0","0","13.56","Humid","26.25","0","44.00","377963.84","SABD0000000001","AAV1.0.0.11","4.0.0.2323","PSt7-10","170328-019","7/29/2022 11:23:46 AM","0000-00","0","no battery","V","","µV","","µV"
"08/11/2022","10:17:45","6","default","383292078","Oxt_06","33.834","min","95.260","%a.s.","Humid","20.893","deg","41095","µV","27.815","°C","1021.000","hPa","36.4","pmil","0","55.390","deg","20.000","°C","100.000","%a.s.","21.720","deg","20.000","°C","977.000","hPa","0.861","-0.02617","0.00035","0","0","13.56","Humid","26.25","0","44.00","377957.65","SABD0000000001","AAV1.0.0.11","4.0.0.2323","PSt7-10","170328-019","7/29/2022 11:23:46 AM","0000-00","0","no battery","V","","µV","","µV"
"08/11/2022","10:17:46","6","default","383292078","Oxt_06","33.851","min","95.246","%a.s.","Humid","20.893","deg","41094","µV","27.830","°C","1021.000","hPa","36.4","pmil","0","55.390","deg","20.000","°C","100.000","%a.s.","21.720","deg","20.000","°C","977.000","hPa","0.861","-0.02617","0.00035","0","0","13.56","Humid","26.25","0","44.00","377956.56","SABD0000000001","AAV1.0.0.11","4.0.0.2323","PSt7-10","170328-019","7/29/2022 11:23:46 AM","0000-00","0","no battery","V","","µV","","µV"
"08/11/2022","10:17:47","6","default","383292078","Oxt_06","33.867","min","95.181","%a.s.","Humid","20.900","deg","41095","µV","27.835","°C","1021.000","hPa","36.4","pmil","0","55.390","deg","20.000","°C","100.000","%a.s.","21.720","deg","20.000","°C","977.000","hPa","0.861","-0.02617","0.00035","0","0","13.56","Humid","26.25","0","44.00","377950.57","SABD0000000001","AAV1.0.0.11","4.0.0.2323","PSt7-10","170328-019","7/29/2022 11:23:46 AM","0000-00","0","no battery","V","","µV","","µV"
"08/11/2022","10:17:48","6","default","383292078","Oxt_06","33.884","min","95.228","%a.s.","Humid","20.896","deg","41092","µV","27.821","°C","1021.000","hPa","36.4","pmil","0","55.390","deg","20.000","°C","100.000","%a.s.","21.720","deg","20.000","°C","977.000","hPa","0.861","-0.02617","0.00035","0","0","13.56","Humid","26.25","0","44.00","377942.08","SABD0000000001","AAV1.0.0.11","4.0.0.2323","PSt7-10","170328-019","7/29/2022 11:23:46 AM","0000-00","0","no battery","V","","µV","","µV"
"08/11/2022","10:17:49","6","default","383292078","Oxt_06","33.901","min","95.174","%a.s.","Humid","20.901","deg","41094","µV","27.834","°C","1021.000","hPa","36.4","pmil","0","55.390","deg","20.000","°C","100.000","%a.s.","21.720","deg","20.000","°C","977.000","hPa","0.861","-0.02617","0.00035","0","0","13.56","Humid","26.25","0","44.00","377959.47","SABD0000000001","AAV1.0.0.11","4.0.0.2323","PSt7-10","170328-019","7/29/2022 11:23:46 AM","0000-00","0","no battery","V","","µV","","µV"
"08/11/2022","10:17:50","6","default","383292078","Oxt_06","33.917","min","95.306","%a.s.","Humid","20.886","deg","41094","µV","27.829","°C","1021.000","hPa","36.4","pmil","0","55.390","deg","20.000","°C","100.000","%a.s.","21.720","deg","20.000","°C","977.000","hPa","0.861","-0.02617","0.00035","0","0","13.56","Humid","26.25","0","44.00","377952.35","SABD0000000001","AAV1.0.0.11","4.0.0.2323","PSt7-10","170328-019","7/29/2022 11:23:46 AM","0000-00","0","no battery","V","","µV","","µV"
"08/11/2022","10:17:51","6","default","383292078","Oxt_06","33.934","min","95.160","%a.s.","Humid","20.904","deg","41097","µV","27.821","°C","1021.000","hPa","36.4","pmil","0","55.390","deg","20.000","°C","100.000","%a.s.","21.720","deg","20.000","°C","977.000","hPa","0.861","-0.02617","0.00035","0","0","13.56","Humid","26.25","0","44.00","377954.37","SABD0000000001","AAV1.0.0.11","4.0.0.2323","PSt7-10","170328-019","7/29/2022 11:23:46 AM","0000-00","0","no battery","V","","µV","","µV"
"08/11/2022","10:17:52","6","default","383292078","Oxt_06","33.951","min","95.194","%a.s.","Humid","20.899","deg","41100","µV","27.830","°C","1021.000","hPa","36.4","pmil","0","55.390","deg","20.000","°C","100.000","%a.s.","21.720","deg","20.000","°C","977.000","hPa","0.861","-0.02617","0.00035","0","0","13.56","Humid","26.25","0","44.00","377949.26","SABD0000000001","AAV1.0.0.11","4.0.0.2323","PSt7-10","170328-019","7/29/2022 11:23:46 AM","0000-00","0","no battery","V","","µV","","µV"
"08/11/2022","10:17:53","6","default","383292078","Oxt_06","33.967","min","95.201","%a.s.","Humid","20.899","deg","41100","µV","27.823","°C","1021.000","hPa","36.4","pmil","0","55.390","deg","20.000","°C","100.000","%a.s.","21.720","deg","20.000","°C","977.000","hPa","0.861","-0.02617","0.00035","0","0","13.56","Humid","26.25","0","44.00","377944.74","SABD0000000001","AAV1.0.0.11","4.0.0.2323","PSt7-10","170328-019","7/29/2022 11:23:46 AM","0000-00","0","no battery","V","","µV","","µV"
"08/11/2022","10:17:54","6","default","383292078","Oxt_06","33.984","min","95.228","%a.s.","Humid","20.896","deg","41097","µV","27.821","°C","1021.000","hPa","36.4","pmil","0","55.390","deg","20.000","°C","100.000","%a.s.","21.720","deg","20.000","°C","977.000","hPa","0.861","-0.02617","0.00035","0","0","13.56","Humid","26.25","0","44.00","377957.30","SABD0000000001","AAV1.0.0.11","4.0.0.2323","PSt7-10","170328-019","7/29/2022 11:23:46 AM","0000-00","0","no battery","V","","µV","","µV"
"08/11/2022","10:17:55","6","default","383292078","Oxt_06","34.001","min","95.167","%a.s.","Humid","20.903","deg","41100","µV","27.823","°C","1021.000","hPa","36.4","pmil","0","55.390","deg","20.000","°C","100.000","%a.s.","21.720","deg","20.000","°C","977.000","hPa","0.861","-0.02617","0.00035","0","0","13.56","Humid","26.25","0","44.00","377954.98","SABD0000000001","AAV1.0.0.11","4.0.0.2323","PSt7-10","170328-019","7/29/2022 11:23:46 AM","0000-00","0","no battery","V","","µV","","µV"
"08/11/2022","10:17:56","6","default","383292078","Oxt_06","34.017","min","95.159","%a.s.","Humid","20.904","deg","41095","µV","27.823","°C","1021.000","hPa","36.4","pmil","0","55.390","deg","20.000","°C","100.000","%a.s.","21.720","deg","20.000","°C","977.000","hPa","0.861","-0.02617","0.00035","0","0","13.56","Humid","26.25","0","44.00","377946.33","SABD0000000001","AAV1.0.0.11","4.0.0.2323","PSt7-10","170328-019","7/29/2022 11:23:46 AM","0000-00","0","no battery","V","","µV","","µV"
"08/11/2022","10:17:57","6","default","383292078","Oxt_06","34.034","min","95.139","%a.s.","Humid","20.906","deg","41097","µV","27.826","°C","1021.000","hPa","36.4","pmil","0","55.390","deg","20.000","°C","100.000","%a.s.","21.720","deg","20.000","°C","977.000","hPa","0.861","-0.02617","0.00035","0","0","13.56","Humid","26.25","0","44.00","377950.51","SABD0000000001","AAV1.0.0.11","4.0.0.2323","PSt7-10","170328-019","7/29/2022 11:23:46 AM","0000-00","0","no battery","V","","µV","","µV"
"08/11/2022","10:17:58","6","default","383292078","Oxt_06","34.051","min","95.261","%a.s.","Humid","20.891","deg","41098","µV","27.831","°C","1021.000","hPa","36.4","pmil","0","55.390","deg","20.000","°C","100.000","%a.s.","21.720","deg","20.000","°C","977.000","hPa","0.861","-0.02617","0.00035","0","0","13.56","Humid","26.25","0","44.00","377937.15","SABD0000000001","AAV1.0.0.11","4.0.0.2323","PSt7-10","170328-019","7/29/2022 11:23:46 AM","0000-00","0","no battery","V","","µV","","µV"
"08/11/2022","10:17:59","6","default","383292078","Oxt_06","34.067","min","95.242","%a.s.","Humid","20.894","deg","41096","µV","27.825","°C","1021.000","hPa","36.4","pmil","0","55.390","deg","20.000","°C","100.000","%a.s.","21.720","deg","20.000","°C","977.000","hPa","0.861","-0.02617","0.00035","0","0","13.56","Humid","26.25","0","44.00","377944.10","SABD0000000001","AAV1.0.0.11","4.0.0.2323","PSt7-10","170328-019","7/29/2022 11:23:46 AM","0000-00","0","no battery","V","","µV","","µV"
"08/11/2022","10:18:00","6","default","383292078","Oxt_06","34.084","min","95.123","%a.s.","Humid","20.908","deg","41093","µV","27.825","°C","1021.000","hPa","36.4","pmil","0","55.390","deg","20.000","°C","100.000","%a.s.","21.720","deg","20.000","°C","977.000","hPa","0.861","-0.02617","0.00035","0","0","13.56","Humid","26.25","0","44.00","377941.05","SABD0000000001","AAV1.0.0.11","4.0.0.2323","PSt7-10","170328-019","7/29/2022 11:23:46 AM","0000-00","0","no battery","V","","µV","","µV"
"08/11/2022","10:18:01","6","default","383292078","Oxt_06","34.101","min","95.168","%a.s.","Humid","20.903","deg","41091","µV","27.822","°C","1021.000","hPa","36.4","pmil","0","55.390","deg","20.000","°C","100.000","%a.s.","21.720","deg","20.000","°C","977.000","hPa","0.861","-0.02617","0.00035","0","0","13.56","Humid","26.25","0","44.00","377939.48","SABD0000000001","AAV1.0.0.11","4.0.0.2323","PSt7-10","170328-019","7/29/2022 11:23:46 AM","0000-00","0","no battery","V","","µV","","µV"
"08/11/2022","10:18:02","6","default","383292078","Oxt_06","34.117","min","95.169","%a.s.","Humid","20.902","deg","41092","µV","27.830","°C","1021.000","hPa","36.4","pmil","0","55.390","deg","20.000","°C","100.000","%a.s.","21.720","deg","20.000","°C","977.000","hPa","0.861","-0.02617","0.00035","0","0","13.56","Humid","26.25","0","44.00","377936.24","SABD0000000001","AAV1.0.0.11","4.0.0.2323","PSt7-10","170328-019","7/29/2022 11:23:46 AM","0000-00","0","no battery","V","","µV","","µV"
"08/11/2022","10:18:03","6","default","383292078","Oxt_06","34.134","min","95.196","%a.s.","Humid","20.900","deg","41092","µV","27.819","°C","1021.000","hPa","36.4","pmil","0","55.390","deg","20.000","°C","100.000","%a.s.","21.720","deg","20.000","°C","977.000","hPa","0.861","-0.02617","0.00035","0","0","13.56","Humid","26.25","0","44.00","377949.48","SABD0000000001","AAV1.0.0.11","4.0.0.2323","PSt7-10","170328-019","7/29/2022 11:23:46 AM","0000-00","0","no battery","V","","µV","","µV"
"08/11/2022","10:18:04","6","default","383292078","Oxt_06","34.151","min","95.223","%a.s.","Humid","20.897","deg","41096","µV","27.817","°C","1021.000","hPa","36.4","pmil","0","55.390","deg","20.000","°C","100.000","%a.s.","21.720","deg","20.000","°C","977.000","hPa","0.861","-0.02617","0.00035","0","0","13.56","Humid","26.25","0","44.00","377935.32","SABD0000000001","AAV1.0.0.11","4.0.0.2323","PSt7-10","170328-019","7/29/2022 11:23:46 AM","0000-00","0","no battery","V","","µV","","µV"
"08/11/2022","10:18:05","6","default","383292078","Oxt_06","34.168","min","95.182","%a.s.","Humid","20.901","deg","41095","µV","27.826","°C","1021.000","hPa","36.4","pmil","0","55.390","deg","20.000","°C","100.000","%a.s.","21.720","deg","20.000","°C","977.000","hPa","0.861","-0.02617","0.00035","0","0","13.56","Humid","26.25","0","44.00","377944.15","SABD0000000001","AAV1.0.0.11","4.0.0.2323","PSt7-10","170328-019","7/29/2022 11:23:46 AM","0000-00","0","no battery","V","","µV","","µV"
"08/11/2022","10:18:06","6","default","383292078","Oxt_06","34.184","min","95.234","%a.s.","Humid","20.894","deg","41097","µV","27.833","°C","1021.000","hPa","36.4","pmil","0","55.390","deg","20.000","°C","100.000","%a.s.","21.720","deg","20.000","°C","977.000","hPa","0.861","-0.02617","0.00035","0","0","13.56","Humid","26.25","0","44.00","377927.95","SABD0000000001","AAV1.0.0.11","4.0.0.2323","PSt7-10","170328-019","7/29/2022 11:23:46 AM","0000-00","0","no battery","V","","µV","","µV"
"08/11/2022","10:18:07","6","default","383292078","Oxt_06","34.201","min","95.105","%a.s.","Humid","20.909","deg","41097","µV","27.835","°C","1021.000","hPa","36.4","pmil","0","55.390","deg","20.000","°C","100.000","%a.s.","21.720","deg","20.000","°C","977.000","hPa","0.861","-0.02617","0.00035","0","0","13.56","Humid","26.25","0","44.00","377940.92","SABD0000000001","AAV1.0.0.11","4.0.0.2323","PSt7-10","170328-019","7/29/2022 11:23:46 AM","0000-00","0","no battery","V","","µV","","µV"
"08/11/2022","10:18:08","6","default","383292078","Oxt_06","34.218","min","95.170","%a.s.","Humid","20.903","deg","41100","µV","27.820","°C","1021.000","hPa","36.4","pmil","0","55.390","deg","20.000","°C","100.000","%a.s.","21.720","deg","20.000","°C","977.000","hPa","0.861","-0.02617","0.00035","0","0","13.56","Humid","26.25","0","44.00","377949.06","SABD0000000001","AAV1.0.0.11","4.0.0.2323","PSt7-10","170328-019","7/29/2022 11:23:46 AM","0000-00","0","no battery","V","","µV","","µV"
"08/11/2022","10:18:09","6","default","383292078","Oxt_06","34.234","min","95.181","%a.s.","Humid","20.901","deg","41093","µV","27.827","°C","1021.000","hPa","36.4","pmil","0","55.390","deg","20.000","°C","100.000","%a.s.","21.720","deg","20.000","°C","977.000","hPa","0.861","-0.02617","0.00035","0","0","13.56","Humid","26.25","0","44.00","377942.68","SABD0000000001","AAV1.0.0.11","4.0.0.2323","PSt7-10","170328-019","7/29/2022 11:23:46 AM","0000-00","0","no battery","V","","µV","","µV"
"08/11/2022","10:18:10","6","default","383292078","Oxt_06","34.251","min","95.186","%a.s.","Humid","20.900","deg","41098","µV","27.831","°C","1021.000","hPa","36.4","pmil","0","55.390","deg","20.000","°C","100.000","%a.s.","21.720","deg","20.000","°C","977.000","hPa","0.861","-0.02617","0.00035","0","0","13.56","Humid","26.25","0","44.00","377935.41","SABD0000000001","AAV1.0.0.11","4.0.0.2323","PSt7-10","170328-019","7/29/2022 11:23:46 AM","0000-00","0","no battery","V","","µV","","µV"
"08/11/2022","10:18:11","6","default","383292078","Oxt_06","34.268","min","95.175","%a.s.","Humid","20.902","deg","41098","µV","27.824","°C","1021.000","hPa","36.4","pmil","0","55.390","deg","20.000","°C","100.000","%a.s.","21.720","deg","20.000","°C","977.000","hPa","0.861","-0.02617","0.00035","0","0","13.56","Humid","26.25","0","44.00","377930.31","SABD0000000001","AAV1.0.0.11","4.0.0.2323","PSt7-10","170328-019","7/29/2022 11:23:46 AM","0000-00","0","no battery","V","","µV","","µV"
"08/11/2022","10:18:12","6","default","383292078","Oxt_06","34.284","min","95.201","%a.s.","Humid","20.899","deg","41099","µV","27.823","°C","1021.000","hPa","36.4","pmil","0","55.390","deg","20.000","°C","100.000","%a.s.","21.720","deg","20.000","°C","977.000","hPa","0.861","-0.02617","0.00035","0","0","13.56","Humid","26.25","0","44.00","377933.79","SABD0000000001","AAV1.0.0.11","4.0.0.2323","PSt7-10","170328-019","7/29/2022 11:23:46 AM","0000-00","0","no battery","V","","µV","","µV"
"08/11/2022","10:18:13","6","default","383292078","Oxt_06","34.301","min","95.211","%a.s.","Humid","20.900","deg","41101","µV","27.803","°C","1021.000","hPa","36.4","pmil","0","55.390","deg","20.000","°C","100.000","%a.s.","21.720","deg","20.000","°C","977.000","hPa","0.861","-0.02617","0.00035","0","0","13.56","Humid","26.25","0","44.00","377940.16","SABD0000000001","AAV1.0.0.11","4.0.0.2323","PSt7-10","170328-019","7/29/2022 11:23:46 AM","0000-00","0","no battery","V","","µV","","µV"
"08/11/2022","10:18:14","6","default","383292078","Oxt_06","34.318","min","95.107","%a.s.","Humid","20.910","deg","41100","µV","27.824","°C","1021.000","hPa","36.4","pmil","0","55.390","deg","20.000","°C","100.000","%a.s.","21.720","deg","20.000","°C","977.000","hPa","0.861","-0.02617","0.00035","0","0","13.56","Humid","26.25","0","44.00","377939.05","SABD0000000001","AAV1.0.0.11","4.0.0.2323","PSt7-10","170328-019","7/29/2022 11:23:46 AM","0000-00","0","no battery","V","","µV","","µV"
"08/11/2022","10:18:15","6","default","383292078","Oxt_06","34.334","min","95.237","%a.s.","Humid","20.894","deg","41093","µV","27.830","°C","1021.000","hPa","36.4","pmil","0","55.390","deg","20.000","°C","100.000","%a.s.","21.720","deg","20.000","°C","977.000","hPa","0.861","-0.02617","0.00035","0","0","13.56","Humid","26.25","0","44.00","377931.74","SABD0000000001","AAV1.0.0.11","4.0.0.2323","PSt7-10","170328-019","7/29/2022 11:23:46 AM","0000-00","0","no battery","V","","µV","","µV"
"08/11/2022","10:18:16","6","default","383292078","Oxt_06","34.351","min","95.191","%a.s.","Humid","20.899","deg","41100","µV","27.834","°C","1021.000","hPa","36.4","pmil","0","55.390","deg","20.000","°C","100.000","%a.s.","21.720","deg","20.000","°C","977.000","hPa","0.861","-0.02617","0.00035","0","0","13.56","Humid","26.25","0","44.00","377919.77","SABD0000000001","AAV1.0.0.11","4.0.0.2323","PSt7-10","170328-019","7/29/2022 11:23:46 AM","0000-00","0","no battery","V","","µV","","µV"
"08/11/2022","10:18:17","6","default","383292078","Oxt_06","34.368","min","95.090","%a.s.","Humid","20.912","deg","41096","µV","27.824","°C","1021.000","hPa","36.4","pmil","0","55.390","deg","20.000","°C","100.000","%a.s.","21.720","deg","20.000","°C","977.000","hPa","0.861","-0.02617","0.00035","0","0","13.56","Humid","26.25","0","44.00","377934.24","SABD0000000001","AAV1.0.0.11","4.0.0.2323","PSt7-10","170328-019","7/29/2022 11:23:46 AM","0000-00","0","no battery","V","","µV","","µV"
"08/11/2022","10:18:18","6","default","383292078","Oxt_06","34.384","min","95.137","%a.s.","Humid","20.907","deg","41094","µV","27.819","°C","1021.000","hPa","36.4","pmil","0","55.390","deg","20.000","°C","100.000","%a.s.","21.720","deg","20.000","°C","977.000","hPa","0.861","-0.02617","0.00035","0","0","13.56","Humid","26.25","0","44.00","377927.09","SABD0000000001","AAV1.0.0.11","4.0.0.2323","PSt7-10","170328-019","7/29/2022 11:23:46 AM","0000-00","0","no battery","V","","µV","","µV"
"08/11/2022","10:18:19","6","default","383292078","Oxt_06","34.401","min","95.163","%a.s.","Humid","20.904","deg","41096","µV","27.818","°C","1021.000","hPa","36.4","pmil","0","55.390","deg","20.000","°C","100.000","%a.s.","21.720","deg","20.000","°C","977.000","hPa","0.861","-0.02617","0.00035","0","0","13.56","Humid","26.25","0","44.00","377936.03","SABD0000000001","AAV1.0.0.11","4.0.0.2323","PSt7-10","170328-019","7/29/2022 11:23:46 AM","0000-00","0","no battery","V","","µV","","µV"
"08/11/2022","10:18:20","6","default","383292078","Oxt_06","34.418","min","95.162","%a.s.","Humid","20.904","deg","41101","µV","27.819","°C","1021.000","hPa","36.4","pmil","0","55.390","deg","20.000","°C","100.000","%a.s.","21.720","deg","20.000","°C","977.000","hPa","0.861","-0.02617","0.00035","0","0","13.56","Humid","26.25","0","44.00","377938.74","SABD0000000001","AAV1.0.0.11","4.0.0.2323","PSt7-10","170328-019","7/29/2022 11:23:46 AM","0000-00","0","no battery","V","","µV","","µV"
"08/11/2022","10:18:21","6","default","383292078","Oxt_06","34.434","min","95.181","%a.s.","Humid","20.903","deg","41095","µV","27.808","°C","1021.000","hPa","36.4","pmil","0","55.390","deg","20.000","°C","100.000","%a.s.","21.720","deg","20.000","°C","977.000","hPa","0.861","-0.02617","0.00035","0","0","13.56","Humid","26.25","0","44.00","377925.49","SABD0000000001","AAV1.0.0.11","4.0.0.2323","PSt7-10","170328-019","7/29/2022 11:23:46 AM","0000-00","0","no battery","V","","µV","","µV"
"08/11/2022","10:18:22","6","default","383292078","Oxt_06","34.451","min","95.202","%a.s.","Humid","20.899","deg","41099","µV","27.822","°C","1021.000","hPa","36.4","pmil","0","55.390","deg","20.000","°C","100.000","%a.s.","21.720","deg","20.000","°C","977.000","hPa","0.861","-0.02617","0.00035","0","0","13.56","Humid","26.25","0","44.00","377934.59","SABD0000000001","AAV1.0.0.11","4.0.0.2323","PSt7-10","170328-019","7/29/2022 11:23:46 AM","0000-00","0","no battery","V","","µV","","µV"
"08/11/2022","10:18:23","6","default","383292078","Oxt_06","34.468","min","95.169","%a.s.","Humid","20.906","deg","41101","µV","27.793","°C","1021.000","hPa","36.4","pmil","0","55.390","deg","20.000","°C","100.000","%a.s.","21.720","deg","20.000","°C","977.000","hPa","0.861","-0.02617","0.00035","0","0","13.56","Humid","26.25","0","44.00","377938.35","SABD0000000001","AAV1.0.0.11","4.0.0.2323","PSt7-10","170328-019","7/29/2022 11:23:46 AM","0000-00","0","no battery","V","","µV","","µV"
"08/11/2022","10:18:24","6","default","383292078","Oxt_06","34.484","min","95.198","%a.s.","Humid","20.903","deg","41102","µV","27.789","°C","1021.000","hPa","36.4","pmil","0","55.390","deg","20.000","°C","100.000","%a.s.","21.720","deg","20.000","°C","977.000","hPa","0.861","-0.02617","0.00035","0","0","13.56","Humid","26.25","0","44.00","377928.21","SABD0000000001","AAV1.0.0.11","4.0.0.2323","PSt7-10","170328-019","7/29/2022 11:23:46 AM","0000-00","0","no battery","V","","µV","","µV"
"08/11/2022","10:18:25","6","default","383292078","Oxt_06","34.501","min","95.157","%a.s.","Humid","20.903","deg","41099","µV","27.834","°C","1021.000","hPa","36.4","pmil","0","55.390","deg","20.000","°C","100.000","%a.s.","21.720","deg","20.000","°C","977.000","hPa","0.861","-0.02617","0.00035","0","0","13.56","Humid","26.25","0","44.00","377931.53","SABD0000000001","AAV1.0.0.11","4.0.0.2323","PSt7-10","170328-019","7/29/2022 11:23:46 AM","0000-00","0","no battery","V","","µV","","µV"
"08/11/2022","10:18:26","6","default","383292078","Oxt_06","34.518","min","95.132","%a.s.","Humid","20.907","deg","41098","µV","27.824","°C","1021.000","hPa","36.4","pmil","0","55.390","deg","20.000","°C","100.000","%a.s.","21.720","deg","20.000","°C","977.000","hPa","0.861","-0.02617","0.00035","0","0","13.56","Humid","26.25","0","44.00","377923.84","SABD0000000001","AAV1.0.0.11","4.0.0.2323","PSt7-10","170328-019","7/29/2022 11:23:46 AM","0000-00","0","no battery","V","","µV","","µV"
"08/11/2022","10:18:27","6","default","383292078","Oxt_06","34.534","min","95.150","%a.s.","Humid","20.905","deg","41103","µV","27.823","°C","1021.000","hPa","36.4","pmil","0","55.390","deg","20.000","°C","100.000","%a.s.","21.720","deg","20.000","°C","977.000","hPa","0.861","-0.02617","0.00035","0","0","13.56","Humid","26.25","0","44.00","377926.40","SABD0000000001","AAV1.0.0.11","4.0.0.2323","PSt7-10","170328-019","7/29/2022 11:23:46 AM","0000-00","0","no battery","V","","µV","","µV"
"08/11/2022","10:18:28","6","default","383292078","Oxt_06","34.551","min","95.139","%a.s.","Humid","20.905","deg","41099","µV","27.836","°C","1021.000","hPa","36.4","pmil","0","55.390","deg","20.000","°C","100.000","%a.s.","21.720","deg","20.000","°C","977.000","hPa","0.861","-0.02617","0.00035","0","0","13.56","Humid","26.25","0","44.00","377913.53","SABD0000000001","AAV1.0.0.11","4.0.0.2323","PSt7-10","170328-019","7/29/2022 11:23:46 AM","0000-00","0","no battery","V","","µV","","µV"
"08/11/2022","10:18:29","6","default","383292078","Oxt_06","34.568","min","95.178","%a.s.","Humid","20.901","deg","41098","µV","27.829","°C","1021.000","hPa","36.4","pmil","0","55.390","deg","20.000","°C","100.000","%a.s.","21.720","deg","20.000","°C","977.000","hPa","0.861","-0.02617","0.00035","0","0","13.56","Humid","26.25","0","44.00","377921.82","SABD0000000001","AAV1.0.0.11","4.0.0.2323","PSt7-10","170328-019","7/29/2022 11:23:46 AM","0000-00","0","no battery","V","","µV","","µV"
"08/11/2022","10:18:30","6","default","383292078","Oxt_06","34.584","min","95.189","%a.s.","Humid","20.900","deg","41107","µV","27.827","°C","1021.000","hPa","36.4","pmil","0","55.390","deg","20.000","°C","100.000","%a.s.","21.720","deg","20.000","°C","977.000","hPa","0.861","-0.02617","0.00035","0","0","13.56","Humid","26.25","0","44.00","377933.54","SABD0000000001","AAV1.0.0.11","4.0.0.2323","PSt7-10","170328-019","7/29/2022 11:23:46 AM","0000-00","0","no battery","V","","µV","","µV"
"08/11/2022","10:18:31","6","default","383292078","Oxt_06","34.601","min","95.210","%a.s.","Humid","20.898","deg","41102","µV","27.822","°C","1021.000","hPa","36.4","pmil","0","55.390","deg","20.000","°C","100.000","%a.s.","21.720","deg","20.000","°C","977.000","hPa","0.861","-0.02617","0.00035","0","0","13.56","Humid","26.25","0","44.00","377926.95","SABD0000000001","AAV1.0.0.11","4.0.0.2323","PSt7-10","170328-019","7/29/2022 11:23:46 AM","0000-00","0","no battery","V","","µV","","µV"
"08/11/2022","10:18:32","6","default","383292078","Oxt_06","34.618","min","95.175","%a.s.","Humid","20.903","deg","41103","µV","27.814","°C","1021.000","hPa","36.4","pmil","0","55.390","deg","20.000","°C","100.000","%a.s.","21.720","deg","20.000","°C","977.000","hPa","0.861","-0.02617","0.00035","0","0","13.56","Humid","26.25","0","44.00","377915.80","SABD0000000001","AAV1.0.0.11","4.0.0.2323","PSt7-10","170328-019","7/29/2022 11:23:46 AM","0000-00","0","no battery","V","","µV","","µV"
"08/11/2022","10:18:33","6","default","383292078","Oxt_06","34.634","min","95.152","%a.s.","Humid","20.906","deg","41101","µV","27.812","°C","1021.000","hPa","36.4","pmil","0","55.390","deg","20.000","°C","100.000","%a.s.","21.720","deg","20.000","°C","977.000","hPa","0.861","-0.02617","0.00035","0","0","13.56","Humid","26.25","0","44.00","377922.09","SABD0000000001","AAV1.0.0.11","4.0.0.2323","PSt7-10","170328-019","7/29/2022 11:23:46 AM","0000-00","0","no battery","V","","µV","","µV"
"08/11/2022","10:18:34","6","default","383292078","Oxt_06","34.651","min","95.115","%a.s.","Humid","20.909","deg","41103","µV","27.824","°C","1021.000","hPa","36.4","pmil","0","55.390","deg","20.000","°C","100.000","%a.s.","21.720","deg","20.000","°C","977.000","hPa","0.861","-0.02617","0.00035","0","0","13.56","Humid","26.25","0","44.00","377923.72","SABD0000000001","AAV1.0.0.11","4.0.0.2323","PSt7-10","170328-019","7/29/2022 11:23:46 AM","0000-00","0","no battery","V","","µV","","µV"
"08/11/2022","10:18:35","6","default","383292078","Oxt_06","34.667","min","95.091","%a.s.","Humid","20.912","deg","41097","µV","27.823","°C","1021.000","hPa","36.4","pmil","0","55.390","deg","20.000","°C","100.000","%a.s.","21.720","deg","20.000","°C","977.000","hPa","0.861","-0.02617","0.00035","0","0","13.56","Humid","26.25","0","44.00","377907.67","SABD0000000001","AAV1.0.0.11","4.0.0.2323","PSt7-10","170328-019","7/29/2022 11:23:46 AM","0000-00","0","no battery","V","","µV","","µV"
"08/11/2022","10:18:36","6","default","383292078","Oxt_06","34.684","min","95.190","%a.s.","Humid","20.900","deg","41101","µV","27.825","°C","1021.000","hPa","36.4","pmil","0","55.390","deg","20.000","°C","100.000","%a.s.","21.720","deg","20.000","°C","977.000","hPa","0.861","-0.02617","0.00035","0","0","13.56","Humid","26.25","0","44.00","377907.43","SABD0000000001","AAV1.0.0.11","4.0.0.2323","PSt7-10","170328-019","7/29/2022 11:23:46 AM","0000-00","0","no battery","V","","µV","","µV"
"08/11/2022","10:18:37","6","default","383292078","Oxt_06","34.700","min","95.135","%a.s.","Humid","20.908","deg","41103","µV","27.811","°C","1021.000","hPa","36.4","pmil","0","55.390","deg","20.000","°C","100.000","%a.s.","21.720","deg","20.000","°C","977.000","hPa","0.861","-0.02617","0.00035","0","0","13.56","Humid","26.25","0","44.00","377901.02","SABD0000000001","AAV1.0.0.11","4.0.0.2323","PSt7-10","170328-019","7/29/2022 11:23:46 AM","0000-00","0","no battery","V","","µV","","µV"
"08/11/2022","10:18:38","6","default","383292078","Oxt_06","34.717","min","95.140","%a.s.","Humid","20.907","deg","41101","µV","27.815","°C","1021.000","hPa","36.4","pmil","0","55.390","deg","20.000","°C","100.000","%a.s.","21.720","deg","20.000","°C","977.000","hPa","0.861","-0.02617","0.00035","0","0","13.56","Humid","26.25","0","44.00","377903.19","SABD0000000001","AAV1.0.0.11","4.0.0.2323","PSt7-10","170328-019","7/29/2022 11:23:46 AM","0000-00","0","no battery","V","","µV","","µV"
"08/11/2022","10:18:39","6","default","383292078","Oxt_06","34.734","min","95.140","%a.s.","Humid","20.909","deg","41108","µV","27.797","°C","1021.000","hPa","36.4","pmil","0","55.390","deg","20.000","°C","100.000","%a.s.","21.720","deg","20.000","°C","977.000","hPa","0.861","-0.02617","0.00035","0","0","13.56","Humid","26.25","0","44.00","377912.36","SABD0000000001","AAV1.0.0.11","4.0.0.2323","PSt7-10","170328-019","7/29/2022 11:23:46 AM","0000-00","0","no battery","V","","µV","","µV"
"08/11/2022","10:18:40","6","default","383292078","Oxt_06","34.750","min","95.223","%a.s.","Humid","20.900","deg","41099","µV","27.790","°C","1021.000","hPa","36.4","pmil","0","55.390","deg","20.000","°C","100.000","%a.s.","21.720","deg","20.000","°C","977.000","hPa","0.861","-0.02617","0.00035","0","0","13.56","Humid","26.25","0","44.00","377911.01","SABD0000000001","AAV1.0.0.11","4.0.0.2323","PSt7-10","170328-019","7/29/2022 11:23:46 AM","0000-00","0","no battery","V","","µV","","µV"
"08/11/2022","10:18:41","6","default","383292078","Oxt_06","34.767","min","95.109","%a.s.","Humid","20.911","deg","41103","µV","27.813","°C","1021.000","hPa","36.4","pmil","0","55.390","deg","20.000","°C","100.000","%a.s.","21.720","deg","20.000","°C","977.000","hPa","0.861","-0.02617","0.00035","0","0","13.56","Humid","26.25","0","44.00","377910.39","SABD0000000001","AAV1.0.0.11","4.0.0.2323","PSt7-10","170328-019","7/29/2022 11:23:46 AM","0000-00","0","no battery","V","","µV","","µV"
"08/11/2022","10:18:42","6","default","383292078","Oxt_06","34.784","min","95.171","%a.s.","Humid","20.902","deg","41104","µV","27.828","°C","1021.000","hPa","36.4","pmil","0","55.390","deg","20.000","°C","100.000","%a.s.","21.720","deg","20.000","°C","977.000","hPa","0.861","-0.02617","0.00035","0","0","13.56","Humid","26.25","0","44.00","377898.80","SABD0000000001","AAV1.0.0.11","4.0.0.2323","PSt7-10","170328-019","7/29/2022 11:23:46 AM","0000-00","0","no battery","V","","µV","","µV"
"08/11/2022","10:18:43","6","default","383292078","Oxt_06","34.800","min","95.098","%a.s.","Humid","20.909","deg","41101","µV","27.843","°C","1021.000","hPa","36.4","pmil","0","55.390","deg","20.000","°C","100.000","%a.s.","21.720","deg","20.000","°C","977.000","hPa","0.861","-0.02617","0.00035","0","0","13.56","Humid","26.25","0","44.00","377903.82","SABD0000000001","AAV1.0.0.11","4.0.0.2323","PSt7-10","170328-019","7/29/2022 11:23:46 AM","0000-00","0","no battery","V","","µV","","µV"
"08/11/2022","10:18:44","6","default","383292078","Oxt_06","34.817","min","95.121","%a.s.","Humid","20.907","deg","41106","µV","27.836","°C","1021.000","hPa","36.4","pmil","0","55.390","deg","20.000","°C","100.000","%a.s.","21.720","deg","20.000","°C","977.000","hPa","0.861","-0.02617","0.00035","0","0","13.56","Humid","26.25","0","44.00","377917.82","SABD0000000001","AAV1.0.0.11","4.0.0.2323","PSt7-10","170328-019","7/29/2022 11:23:46 AM","0000-00","0","no battery","V","","µV","","µV"
"08/11/2022","10:18:45","6","default","383292078","Oxt_06","34.834","min","95.120","%a.s.","Humid","20.909","deg","41102","µV","27.819","°C","1021.000","hPa","36.4","pmil","0","55.390","deg","20.000","°C","100.000","%a.s.","21.720","deg","20.000","°C","977.000","hPa","0.861","-0.02617","0.00035","0","0","13.56","Humid","26.25","0","44.00","377910.27","SABD0000000001","AAV1.0.0.11","4.0.0.2323","PSt7-10","170328-019","7/29/2022 11:23:46 AM","0000-00","0","no battery","V","","µV","","µV"
"08/11/2022","10:18:46","6","default","383292078","Oxt_06","34.850","min","95.114","%a.s.","Humid","20.910","deg","41104","µV","27.816","°C","1021.000","hPa","36.4","pmil","0","55.390","deg","20.000","°C","100.000","%a.s.","21.720","deg","20.000","°C","977.000","hPa","0.861","-0.02617","0.00035","0","0","13.56","Humid","26.25","0","44.00","377915.81","SABD0000000001","AAV1.0.0.11","4.0.0.2323","PSt7-10","170328-019","7/29/2022 11:23:46 AM","0000-00","0","no battery","V","","µV","","µV"
"08/11/2022","10:18:47","6","default","383292078","Oxt_06","34.867","min","95.119","%a.s.","Humid","20.908","deg","41102","µV","27.829","°C","1021.000","hPa","36.4","pmil","0","55.390","deg","20.000","°C","100.000","%a.s.","21.720","deg","20.000","°C","977.000","hPa","0.861","-0.02617","0.00035","0","0","13.56","Humid","26.25","0","44.00","377903.78","SABD0000000001","AAV1.0.0.11","4.0.0.2323","PSt7-10","170328-019","7/29/2022 11:23:46 AM","0000-00","0","no battery","V","","µV","","µV"
"08/11/2022","10:18:48","6","default","383292078","Oxt_06","34.884","min","95.112","%a.s.","Humid","20.910","deg","41105","µV","27.819","°C","1021.000","hPa","36.4","pmil","0","55.390","deg","20.000","°C","100.000","%a.s.","21.720","deg","20.000","°C","977.000","hPa","0.861","-0.02617","0.00035","0","0","13.56","Humid","26.25","0","44.00","377916.85","SABD0000000001","AAV1.0.0.11","4.0.0.2323","PSt7-10","170328-019","7/29/2022 11:23:46 AM","0000-00","0","no battery","V","","µV","","µV"
"08/11/2022","10:18:49","6","default","383292078","Oxt_06","34.900","min","95.123","%a.s.","Humid","20.908","deg","41105","µV","27.825","°C","1021.000","hPa","36.4","pmil","0","55.390","deg","20.000","°C","100.000","%a.s.","21.720","deg","20.000","°C","977.000","hPa","0.861","-0.02617","0.00035","0","0","13.56","Humid","26.25","0","44.00","377906.67","SABD0000000001","AAV1.0.0.11","4.0.0.2323","PSt7-10","170328-019","7/29/2022 11:23:46 AM","0000-00","0","no battery","V","","µV","","µV"
"08/11/2022","10:18:50","6","default","383292078","Oxt_06","34.917","min","95.089","%a.s.","Humid","20.913","deg","41101","µV","27.816","°C","1021.000","hPa","36.4","pmil","0","55.390","deg","20.000","°C","100.000","%a.s.","21.720","deg","20.000","°C","977.000","hPa","0.861","-0.02617","0.00035","0","0","13.56","Humid","26.25","0","44.00","377904.58","SABD0000000001","AAV1.0.0.11","4.0.0.2323","PSt7-10","170328-019","7/29/2022 11:23:46 AM","0000-00","0","no battery","V","","µV","","µV"
"08/11/2022","10:18:51","6","default","383292078","Oxt_06","34.934","min","95.178","%a.s.","Humid","20.902","deg","41107","µV","27.821","°C","1021.000","hPa","36.4","pmil","0","55.390","deg","20.000","°C","100.000","%a.s.","21.720","deg","20.000","°C","977.000","hPa","0.861","-0.02617","0.00035","0","0","13.56","Humid","26.25","0","44.00","377909.41","SABD0000000001","AAV1.0.0.11","4.0.0.2323","PSt7-10","170328-019","7/29/2022 11:23:46 AM","0000-00","0","no battery","V","","µV","","µV"
"08/11/2022","10:18:52","6","default","383292078","Oxt_06","34.950","min","95.131","%a.s.","Humid","20.908","deg","41111","µV","27.816","°C","1021.000","hPa","36.4","pmil","0","55.390","deg","20.000","°C","100.000","%a.s.","21.720","deg","20.000","°C","977.000","hPa","0.861","-0.02617","0.00035","0","0","13.56","Humid","26.25","0","44.00","377898.16","SABD0000000001","AAV1.0.0.11","4.0.0.2323","PSt7-10","170328-019","7/29/2022 11:23:46 AM","0000-00","0","no battery","V","","µV","","µV"
"08/11/2022","10:18:53","6","default","383292078","Oxt_06","34.967","min","95.152","%a.s.","Humid","20.904","deg","41105","µV","27.831","°C","1021.000","hPa","36.4","pmil","0","55.390","deg","20.000","°C","100.000","%a.s.","21.720","deg","20.000","°C","977.000","hPa","0.861","-0.02617","0.00035","0","0","13.56","Humid","26.25","0","44.00","377907.44","SABD0000000001","AAV1.0.0.11","4.0.0.2323","PSt7-10","170328-019","7/29/2022 11:23:46 AM","0000-00","0","no battery","V","","µV","","µV"
"08/11/2022","10:18:54","6","default","383292078","Oxt_06","34.984","min","95.139","%a.s.","Humid","20.906","deg","41105","µV","27.826","°C","1021.000","hPa","36.4","pmil","0","55.390","deg","20.000","°C","100.000","%a.s.","21.720","deg","20.000","°C","977.000","hPa","0.861","-0.02617","0.00035","0","0","13.56","Humid","26.25","0","44.00","377908.52","SABD0000000001","AAV1.0.0.11","4.0.0.2323","PSt7-10","170328-019","7/29/2022 11:23:46 AM","0000-00","0","no battery","V","","µV","","µV"
"08/11/2022","10:18:55","6","default","383292078","Oxt_06","35.001","min","95.129","%a.s.","Humid","20.908","deg","41102","µV","27.819","°C","1021.000","hPa","36.4","pmil","0","55.390","deg","20.000","°C","100.000","%a.s.","21.720","deg","20.000","°C","977.000","hPa","0.861","-0.02617","0.00035","0","0","13.56","Humid","26.25","0","44.00","377912.79","SABD0000000001","AAV1.0.0.11","4.0.0.2323","PSt7-10","170328-019","7/29/2022 11:23:46 AM","0000-00","0","no battery","V","","µV","","µV"
"08/11/2022","10:18:56","6","default","383292078","Oxt_06","35.017","min","95.114","%a.s.","Humid","20.909","deg","41106","µV","27.825","°C","1021.000","hPa","36.4","pmil","0","55.390","deg","20.000","°C","100.000","%a.s.","21.720","deg","20.000","°C","977.000","hPa","0.861","-0.02617","0.00035","0","0","13.56","Humid","26.25","0","44.00","377900.67","SABD0000000001","AAV1.0.0.11","4.0.0.2323","PSt7-10","170328-019","7/29/2022 11:23:46 AM","0000-00","0","no battery","V","","µV","","µV"
"08/11/2022","10:18:57","6","default","383292078","Oxt_06","35.034","min","95.143","%a.s.","Humid","20.906","deg","41107","µV","27.822","°C","1021.000","hPa","36.4","pmil","0","55.390","deg","20.000","°C","100.000","%a.s.","21.720","deg","20.000","°C","977.000","hPa","0.861","-0.02617","0.00035","0","0","13.56","Humid","26.25","0","44.00","377916.28","SABD0000000001","AAV1.0.0.11","4.0.0.2323","PSt7-10","170328-019","7/29/2022 11:23:46 AM","0000-00","0","no battery","V","","µV","","µV"
"08/11/2022","10:18:58","6","default","383292078","Oxt_06","35.050","min","95.064","%a.s.","Humid","20.916","deg","41112","µV","27.816","°C","1021.000","hPa","36.4","pmil","0","55.390","deg","20.000","°C","100.000","%a.s.","21.720","deg","20.000","°C","977.000","hPa","0.861","-0.02617","0.00035","0","0","13.56","Humid","26.25","0","44.00","377910.67","SABD0000000001","AAV1.0.0.11","4.0.0.2323","PSt7-10","170328-019","7/29/2022 11:23:46 AM","0000-00","0","no battery","V","","µV","","µV"
"08/11/2022","10:18:59","6","default","383292078","Oxt_06","35.067","min","95.083","%a.s.","Humid","20.914","deg","41106","µV","27.814","°C","1021.000","hPa","36.4","pmil","0","55.390","deg","20.000","°C","100.000","%a.s.","21.720","deg","20.000","°C","977.000","hPa","0.861","-0.02617","0.00035","0","0","13.56","Humid","26.25","0","44.00","377904.43","SABD0000000001","AAV1.0.0.11","4.0.0.2323","PSt7-10","170328-019","7/29/2022 11:23:46 AM","0000-00","0","no battery","V","","µV","","µV"
"08/11/2022","10:19:00","6","default","383292078","Oxt_06","35.084","min","95.112","%a.s.","Humid","20.911","deg","41115","µV","27.809","°C","1021.000","hPa","36.4","pmil","0","55.390","deg","20.000","°C","100.000","%a.s.","21.720","deg","20.000","°C","977.000","hPa","0.861","-0.02617","0.00035","0","0","13.56","Humid","26.25","0","44.00","377922.34","SABD0000000001","AAV1.0.0.11","4.0.0.2323","PSt7-10","170328-019","7/29/2022 11:23:46 AM","0000-00","0","no battery","V","","µV","","µV"
"08/11/2022","10:19:01","6","default","383292078","Oxt_06","35.100","min","95.115","%a.s.","Humid","20.911","deg","41107","µV","27.806","°C","1021.000","hPa","36.4","pmil","0","55.390","deg","20.000","°C","100.000","%a.s.","21.720","deg","20.000","°C","977.000","hPa","0.861","-0.02617","0.00035","0","0","13.56","Humid","26.25","0","44.00","377892.45","SABD0000000001","AAV1.0.0.11","4.0.0.2323","PSt7-10","170328-019","7/29/2022 11:23:46 AM","0000-00","0","no battery","V","","µV","","µV"
"08/11/2022","10:19:02","6","default","383292078","Oxt_06","35.117","min","95.094","%a.s.","Humid","20.912","deg","41109","µV","27.820","°C","1021.000","hPa","36.4","pmil","0","55.390","deg","20.000","°C","100.000","%a.s.","21.720","deg","20.000","°C","977.000","hPa","0.861","-0.02617","0.00035","0","0","13.56","Humid","26.25","0","44.00","377907.15","SABD0000000001","AAV1.0.0.11","4.0.0.2323","PSt7-10","170328-019","7/29/2022 11:23:46 AM","0000-00","0","no battery","V","","µV","","µV"
"08/11/2022","10:19:03","6","default","383292078","Oxt_06","35.134","min","95.076","%a.s.","Humid","20.913","deg","41107","µV","27.830","°C","1021.000","hPa","36.4","pmil","0","55.390","deg","20.000","°C","100.000","%a.s.","21.720","deg","20.000","°C","977.000","hPa","0.861","-0.02617","0.00035","0","0","13.56","Humid","26.25","0","44.00","377902.02","SABD0000000001","AAV1.0.0.11","4.0.0.2323","PSt7-10","170328-019","7/29/2022 11:23:46 AM","0000-00","0","no battery","V","","µV","","µV"
"08/11/2022","10:19:04","6","default","383292078","Oxt_06","35.150","min","95.030","%a.s.","Humid","20.918","deg","41108","µV","27.835","°C","1021.000","hPa","36.4","pmil","0","55.390","deg","20.000","°C","100.000","%a.s.","21.720","deg","20.000","°C","977.000","hPa","0.861","-0.02617","0.00035","0","0","13.56","Humid","26.25","0","44.00","377888.21","SABD0000000001","AAV1.0.0.11","4.0.0.2323","PSt7-10","170328-019","7/29/2022 11:23:46 AM","0000-00","0","no battery","V","","µV","","µV"
"08/11/2022","10:19:05","6","default","383292078","Oxt_06","35.167","min","95.113","%a.s.","Humid","20.910","deg","41110","µV","27.818","°C","1021.000","hPa","36.4","pmil","0","55.390","deg","20.000","°C","100.000","%a.s.","21.720","deg","20.000","°C","977.000","hPa","0.861","-0.02617","0.00035","0","0","13.56","Humid","26.25","0","44.00","377905.67","SABD0000000001","AAV1.0.0.11","4.0.0.2323","PSt7-10","170328-019","7/29/2022 11:23:46 AM","0000-00","0","no battery","V","","µV","","µV"
"08/11/2022","10:19:06","6","default","383292078","Oxt_06","35.184","min","95.065","%a.s.","Humid","20.915","deg","41114","µV","27.824","°C","1021.000","hPa","36.4","pmil","0","55.390","deg","20.000","°C","100.000","%a.s.","21.720","deg","20.000","°C","977.000","hPa","0.861","-0.02617","0.00035","0","0","13.56","Humid","26.25","0","44.00","377904.25","SABD0000000001","AAV1.0.0.11","4.0.0.2323","PSt7-10","170328-019","7/29/2022 11:23:46 AM","0000-00","0","no battery","V","","µV","","µV"
"08/11/2022","10:19:07","6","default","383292078","Oxt_06","35.201","min","95.045","%a.s.","Humid","20.916","deg","41103","µV","27.836","°C","1021.000","hPa","36.4","pmil","0","55.390","deg","20.000","°C","100.000","%a.s.","21.720","deg","20.000","°C","977.000","hPa","0.861","-0.02617","0.00035","0","0","13.56","Humid","26.25","0","44.00","377882.26","SABD0000000001","AAV1.0.0.11","4.0.0.2323","PSt7-10","170328-019","7/29/2022 11:23:46 AM","0000-00","0","no battery","V","","µV","","µV"
"08/11/2022","10:19:08","6","default","383292078","Oxt_06","35.217","min","95.080","%a.s.","Humid","20.912","deg","41106","µV","27.835","°C","1021.000","hPa","36.4","pmil","0","55.390","deg","20.000","°C","100.000","%a.s.","21.720","deg","20.000","°C","977.000","hPa","0.861","-0.02617","0.00035","0","0","13.56","Humid","26.25","0","44.00","377894.29","SABD0000000001","AAV1.0.0.11","4.0.0.2323","PSt7-10","170328-019","7/29/2022 11:23:46 AM","0000-00","0","no battery","V","","µV","","µV"
"08/11/2022","10:19:09","6","default","383292078","Oxt_06","35.234","min","95.085","%a.s.","Humid","20.913","deg","41111","µV","27.820","°C","1021.000","hPa","36.4","pmil","0","55.390","deg","20.000","°C","100.000","%a.s.","21.720","deg","20.000","°C","977.000","hPa","0.861","-0.02617","0.00035","0","0","13.56","Humid","26.25","0","44.00","377903.96","SABD0000000001","AAV1.0.0.11","4.0.0.2323","PSt7-10","170328-019","7/29/2022 11:23:46 AM","0000-00","0","no battery","V","","µV","","µV"
"08/11/2022","10:19:10","6","default","383292078","Oxt_06","35.251","min","95.059","%a.s.","Humid","20.916","deg","41115","µV","27.820","°C","1021.000","hPa","36.4","pmil","0","55.390","deg","20.000","°C","100.000","%a.s.","21.720","deg","20.000","°C","977.000","hPa","0.861","-0.02617","0.00035","0","0","13.56","Humid","26.25","0","44.00","377897.26","SABD0000000001","AAV1.0.0.11","4.0.0.2323","PSt7-10","170328-019","7/29/2022 11:23:46 AM","0000-00","0","no battery","V","","µV","","µV"
"08/11/2022","10:19:11","6","default","383292078","Oxt_06","35.267","min","95.132","%a.s.","Humid","20.908","deg","41110","µV","27.815","°C","1021.000","hPa","36.4","pmil","0","55.390","deg","20.000","°C","100.000","%a.s.","21.720","deg","20.000","°C","977.000","hPa","0.861","-0.02617","0.00035","0","0","13.56","Humid","26.25","0","44.00","377888.46","SABD0000000001","AAV1.0.0.11","4.0.0.2323","PSt7-10","170328-019","7/29/2022 11:23:46 AM","0000-00","0","no battery","V","","µV","","µV"
"08/11/2022","10:19:12","6","default","383292078","Oxt_06","35.284","min","95.106","%a.s.","Humid","20.910","deg","41110","µV","27.825","°C","1021.000","hPa","36.4","pmil","0","55.390","deg","20.000","°C","100.000","%a.s.","21.720","deg","20.000","°C","977.000","hPa","0.861","-0.02617","0.00035","0","0","13.56","Humid","26.25","0","44.00","377897.32","SABD0000000001","AAV1.0.0.11","4.0.0.2323","PSt7-10","170328-019","7/29/2022 11:23:46 AM","0000-00","0","no battery","V","","µV","","µV"
"08/11/2022","10:19:13","6","default","383292078","Oxt_06","35.301","min","95.105","%a.s.","Humid","20.910","deg","41107","µV","27.826","°C","1021.000","hPa","36.4","pmil","0","55.390","deg","20.000","°C","100.000","%a.s.","21.720","deg","20.000","°C","977.000","hPa","0.861","-0.02617","0.00035","0","0","13.56","Humid","26.25","0","44.00","377887.55","SABD0000000001","AAV1.0.0.11","4.0.0.2323","PSt7-10","170328-019","7/29/2022 11:23:46 AM","0000-00","0","no battery","V","","µV","","µV"
"08/11/2022","10:19:14","6","default","383292078","Oxt_06","35.317","min","95.098","%a.s.","Humid","20.911","deg","41110","µV","27.824","°C","1021.000","hPa","36.4","pmil","0","55.390","deg","20.000","°C","100.000","%a.s.","21.720","deg","20.000","°C","977.000","hPa","0.861","-0.02617","0.00035","0","0","13.56","Humid","26.25","0","44.00","377890.33","SABD0000000001","AAV1.0.0.11","4.0.0.2323","PSt7-10","170328-019","7/29/2022 11:23:46 AM","0000-00","0","no battery","V","","µV","","µV"
"08/11/2022","10:19:15","6","default","383292078","Oxt_06","35.334","min","95.089","%a.s.","Humid","20.913","deg","41112","µV","27.816","°C","1021.000","hPa","36.4","pmil","0","55.390","deg","20.000","°C","100.000","%a.s.","21.720","deg","20.000","°C","977.000","hPa","0.861","-0.02617","0.00035","0","0","13.56","Humid","26.25","0","44.00","377880.76","SABD0000000001","AAV1.0.0.11","4.0.0.2323","PSt7-10","170328-019","7/29/2022 11:23:46 AM","0000-00","0","no battery","V","","µV","","µV"
"08/11/2022","10:19:16","6","default","383292078","Oxt_06","35.351","min","95.086","%a.s.","Humid","20.913","deg","41110","µV","27.819","°C","1021.000","hPa","36.4","pmil","0","55.390","deg","20.000","°C","100.000","%a.s.","21.720","deg","20.000","°C","977.000","hPa","0.861","-0.02617","0.00035","0","0","13.56","Humid","26.25","0","44.00","377869.84","SABD0000000001","AAV1.0.0.11","4.0.0.2323","PSt7-10","170328-019","7/29/2022 11:23:46 AM","0000-00","0","no battery","V","","µV","","µV"
"08/11/2022","10:19:17","6","default","383292078","Oxt_06","35.367","min","95.078","%a.s.","Humid","20.914","deg","41111","µV","27.818","°C","1021.000","hPa","36.4","pmil","0","55.390","deg","20.000","°C","100.000","%a.s.","21.720","deg","20.000","°C","977.000","hPa","0.861","-0.02617","0.00035","0","0","13.56","Humid","26.25","0","44.00","377897.97","SABD0000000001","AAV1.0.0.11","4.0.0.2323","PSt7-10","170328-019","7/29/2022 11:23:46 AM","0000-00","0","no battery","V","","µV","","µV"
"08/11/2022","10:19:18","6","default","383292078","Oxt_06","35.384","min","95.015","%a.s.","Humid","20.921","deg","41109","µV","27.823","°C","1021.000","hPa","36.4","pmil","0","55.390","deg","20.000","°C","100.000","%a.s.","21.720","deg","20.000","°C","977.000","hPa","0.861","-0.02617","0.00035","0","0","13.56","Humid","26.25","0","44.00","377885.20","SABD0000000001","AAV1.0.0.11","4.0.0.2323","PSt7-10","170328-019","7/29/2022 11:23:46 AM","0000-00","0","no battery","V","","µV","","µV"
"08/11/2022","10:19:19","6","default","383292078","Oxt_06","35.401","min","95.079","%a.s.","Humid","20.913","deg","41113","µV","27.826","°C","1021.000","hPa","36.4","pmil","0","55.390","deg","20.000","°C","100.000","%a.s.","21.720","deg","20.000","°C","977.000","hPa","0.861","-0.02617","0.00035","0","0","13.56","Humid","26.25","0","44.00","377893.20","SABD0000000001","AAV1.0.0.11","4.0.0.2323","PSt7-10","170328-019","7/29/2022 11:23:46 AM","0000-00","0","no battery","V","","µV","","µV"
"08/11/2022","10:19:20","6","default","383292078","Oxt_06","35.417","min","95.102","%a.s.","Humid","20.913","deg","41111","µV","27.801","°C","1021.000","hPa","36.4","pmil","0","55.390","deg","20.000","°C","100.000","%a.s.","21.720","deg","20.000","°C","977.000","hPa","0.861","-0.02617","0.00035","0","0","13.56","Humid","26.25","0","44.00","377880.44","SABD0000000001","AAV1.0.0.11","4.0.0.2323","PSt7-10","170328-019","7/29/2022 11:23:46 AM","0000-00","0","no battery","V","","µV","","µV"
"08/11/2022","10:19:21","6","default","383292078","Oxt_06","35.434","min","95.121","%a.s.","Humid","20.909","deg","41113","µV","27.818","°C","1021.000","hPa","36.4","pmil","0","55.390","deg","20.000","°C","100.000","%a.s.","21.720","deg","20.000","°C","977.000","hPa","0.861","-0.02617","0.00035","0","0","13.56","Humid","26.25","0","44.00","377892.08","SABD0000000001","AAV1.0.0.11","4.0.0.2323","PSt7-10","170328-019","7/29/2022 11:23:46 AM","0000-00","0","no battery","V","","µV","","µV"
"08/11/2022","10:19:22","6","default","383292078","Oxt_06","35.451","min","95.039","%a.s.","Humid","20.917","deg","41110","µV","27.834","°C","1021.000","hPa","36.4","pmil","0","55.390","deg","20.000","°C","100.000","%a.s.","21.720","deg","20.000","°C","977.000","hPa","0.861","-0.02617","0.00035","0","0","13.56","Humid","26.25","0","44.00","377878.69","SABD0000000001","AAV1.0.0.11","4.0.0.2323","PSt7-10","170328-019","7/29/2022 11:23:46 AM","0000-00","0","no battery","V","","µV","","µV"
"08/11/2022","10:19:23","6","default","383292078","Oxt_06","35.467","min","95.098","%a.s.","Humid","20.911","deg","41110","µV","27.825","°C","1021.000","hPa","36.4","pmil","0","55.390","deg","20.000","°C","100.000","%a.s.","21.720","deg","20.000","°C","977.000","hPa","0.861","-0.02617","0.00035","0","0","13.56","Humid","26.25","0","44.00","377879.41","SABD0000000001","AAV1.0.0.11","4.0.0.2323","PSt7-10","170328-019","7/29/2022 11:23:46 AM","0000-00","0","no battery","V","","µV","","µV"
"08/11/2022","10:19:24","6","default","383292078","Oxt_06","35.484","min","95.051","%a.s.","Humid","20.918","deg","41111","µV","27.812","°C","1021.000","hPa","36.4","pmil","0","55.390","deg","20.000","°C","100.000","%a.s.","21.720","deg","20.000","°C","977.000","hPa","0.861","-0.02617","0.00035","0","0","13.56","Humid","26.25","0","44.00","377874.12","SABD0000000001","AAV1.0.0.11","4.0.0.2323","PSt7-10","170328-019","7/29/2022 11:23:46 AM","0000-00","0","no battery","V","","µV","","µV"
"08/11/2022","10:19:25","6","default","383292078","Oxt_06","35.501","min","95.012","%a.s.","Humid","20.923","deg","41105","µV","27.808","°C","1021.000","hPa","36.4","pmil","0","55.390","deg","20.000","°C","100.000","%a.s.","21.720","deg","20.000","°C","977.000","hPa","0.861","-0.02617","0.00035","0","0","13.56","Humid","26.25","0","44.00","377875.44","SABD0000000001","AAV1.0.0.11","4.0.0.2323","PSt7-10","170328-019","7/29/2022 11:23:46 AM","0000-00","0","no battery","V","","µV","","µV"
"08/11/2022","10:19:26","6","default","383292078","Oxt_06","35.517","min","95.033","%a.s.","Humid","20.920","deg","41118","µV","27.812","°C","1021.000","hPa","36.4","pmil","0","55.390","deg","20.000","°C","100.000","%a.s.","21.720","deg","20.000","°C","977.000","hPa","0.861","-0.02617","0.00035","0","0","13.56","Humid","26.25","0","44.00","377873.45","SABD0000000001","AAV1.0.0.11","4.0.0.2323","PSt7-10","170328-019","7/29/2022 11:23:46 AM","0000-00","0","no battery","V","","µV","","µV"
"08/11/2022","10:19:27","6","default","383292078","Oxt_06","35.534","min","95.104","%a.s.","Humid","20.910","deg","41112","µV","27.827","°C","1021.000","hPa","36.4","pmil","0","55.390","deg","20.000","°C","100.000","%a.s.","21.720","deg","20.000","°C","977.000","hPa","0.861","-0.02617","0.00035","0","0","13.56","Humid","26.25","0","44.00","377876.00","SABD0000000001","AAV1.0.0.11","4.0.0.2323","PSt7-10","170328-019","7/29/2022 11:23:46 AM","0000-00","0","no battery","V","","µV","","µV"
"08/11/2022","10:19:28","6","default","383292078","Oxt_06","35.551","min","95.077","%a.s.","Humid","20.914","deg","41121","µV","27.819","°C","1021.000","hPa","36.4","pmil","0","55.390","deg","20.000","°C","100.000","%a.s.","21.720","deg","20.000","°C","977.000","hPa","0.861","-0.02617","0.00035","0","0","13.56","Humid","26.25","0","44.00","377867.65","SABD0000000001","AAV1.0.0.11","4.0.0.2323","PSt7-10","170328-019","7/29/2022 11:23:46 AM","0000-00","0","no battery","V","","µV","","µV"
"08/11/2022","10:19:29","6","default","383292078","Oxt_06","35.567","min","95.068","%a.s.","Humid","20.915","deg","41119","µV","27.821","°C","1021.000","hPa","36.4","pmil","0","55.390","deg","20.000","°C","100.000","%a.s.","21.720","deg","20.000","°C","977.000","hPa","0.861","-0.02617","0.00035","0","0","13.56","Humid","26.25","0","44.00","377872.97","SABD0000000001","AAV1.0.0.11","4.0.0.2323","PSt7-10","170328-019","7/29/2022 11:23:46 AM","0000-00","0","no battery","V","","µV","","µV"
"08/11/2022","10:19:30","6","default","383292078","Oxt_06","35.584","min","95.045","%a.s.","Humid","20.918","deg","41115","µV","27.818","°C","1021.000","hPa","36.4","pmil","0","55.390","deg","20.000","°C","100.000","%a.s.","21.720","deg","20.000","°C","977.000","hPa","0.861","-0.02617","0.00035","0","0","13.56","Humid","26.25","0","44.00","377857.71","SABD0000000001","AAV1.0.0.11","4.0.0.2323","PSt7-10","170328-019","7/29/2022 11:23:46 AM","0000-00","0","no battery","V","","µV","","µV"
"08/11/2022","10:19:31","6","default","383292078","Oxt_06","35.601","min","95.147","%a.s.","Humid","20.906","deg","41113","µV","27.818","°C","1021.000","hPa","36.4","pmil","0","55.390","deg","20.000","°C","100.000","%a.s.","21.720","deg","20.000","°C","977.000","hPa","0.861","-0.02617","0.00035","0","0","13.56","Humid","26.25","0","44.00","377866.84","SABD0000000001","AAV1.0.0.11","4.0.0.2323","PSt7-10","170328-019","7/29/2022 11:23:46 AM","0000-00","0","no battery","V","","µV","","µV"
"08/11/2022","10:19:32","6","default","383292078","Oxt_06","35.617","min","95.019","%a.s.","Humid","20.921","deg","41117","µV","27.819","°C","1021.000","hPa","36.4","pmil","0","55.390","deg","20.000","°C","100.000","%a.s.","21.720","deg","20.000","°C","977.000","hPa","0.861","-0.02617","0.00035","0","0","13.56","Humid","26.25","0","44.00","377874.18","SABD0000000001","AAV1.0.0.11","4.0.0.2323","PSt7-10","170328-019","7/29/2022 11:23:46 AM","0000-00","0","no battery","V","","µV","","µV"
"08/11/2022","10:19:33","6","default","383292078","Oxt_06","35.634","min","94.938","%a.s.","Humid","20.930","deg","41116","µV","27.824","°C","1021.000","hPa","36.4","pmil","0","55.390","deg","20.000","°C","100.000","%a.s.","21.720","deg","20.000","°C","977.000","hPa","0.861","-0.02617","0.00035","0","0","13.56","Humid","26.25","0","44.00","377875.30","SABD0000000001","AAV1.0.0.11","4.0.0.2323","PSt7-10","170328-019","7/29/2022 11:23:46 AM","0000-00","0","no battery","V","","µV","","µV"
"08/11/2022","10:19:34","6","default","383292078","Oxt_06","35.651","min","95.016","%a.s.","Humid","20.922","deg","41118","µV","27.812","°C","1021.000","hPa","36.4","pmil","0","55.390","deg","20.000","°C","100.000","%a.s.","21.720","deg","20.000","°C","977.000","hPa","0.861","-0.02617","0.00035","0","0","13.56","Humid","26.25","0","44.00","377877.90","SABD0000000001","AAV1.0.0.11","4.0.0.2323","PSt7-10","170328-019","7/29/2022 11:23:46 AM","0000-00","0","no battery","V","","µV","","µV"
"08/11/2022","10:19:35","6","default","383292078","Oxt_06","35.667","min","95.003","%a.s.","Humid","20.923","deg","41110","µV","27.817","°C","1021.000","hPa","36.4","pmil","0","55.390","deg","20.000","°C","100.000","%a.s.","21.720","deg","20.000","°C","977.000","hPa","0.861","-0.02617","0.00035","0","0","13.56","Humid","26.25","0","44.00","377874.91","SABD0000000001","AAV1.0.0.11","4.0.0.2323","PSt7-10","170328-019","7/29/2022 11:23:46 AM","0000-00","0","no battery","V","","µV","","µV"
"08/11/2022","10:19:36","6","default","383292078","Oxt_06","35.684","min","95.030","%a.s.","Humid","20.920","deg","41113","µV","27.815","°C","1021.000","hPa","36.4","pmil","0","55.390","deg","20.000","°C","100.000","%a.s.","21.720","deg","20.000","°C","977.000","hPa","0.861","-0.02617","0.00035","0","0","13.56","Humid","26.25","0","44.00","377868.94","SABD0000000001","AAV1.0.0.11","4.0.0.2323","PSt7-10","170328-019","7/29/2022 11:23:46 AM","0000-00","0","no battery","V","","µV","","µV"
"08/11/2022","10:19:37","6","default","383292078","Oxt_06","35.701","min","95.003","%a.s.","Humid","20.923","deg","41121","µV","27.818","°C","1021.000","hPa","36.4","pmil","0","55.390","deg","20.000","°C","100.000","%a.s.","21.720","deg","20.000","°C","977.000","hPa","0.861","-0.02617","0.00035","0","0","13.56","Humid","26.25","0","44.00","377866.83","SABD0000000001","AAV1.0.0.11","4.0.0.2323","PSt7-10","170328-019","7/29/2022 11:23:46 AM","0000-00","0","no battery","V","","µV","","µV"
"08/11/2022","10:19:38","6","default","383292078","Oxt_06","35.718","min","95.005","%a.s.","Humid","20.923","deg","41111","µV","27.815","°C","1021.000","hPa","36.4","pmil","0","55.390","deg","20.000","°C","100.000","%a.s.","21.720","deg","20.000","°C","977.000","hPa","0.861","-0.02617","0.00035","0","0","13.56","Humid","26.25","0","44.00","377869.49","SABD0000000001","AAV1.0.0.11","4.0.0.2323","PSt7-10","170328-019","7/29/2022 11:23:46 AM","0000-00","0","no battery","V","","µV","","µV"
"08/11/2022","10:19:39","6","default","383292078","Oxt_06","35.734","min","95.074","%a.s.","Humid","20.916","deg","41115","µV","27.805","°C","1021.000","hPa","36.4","pmil","0","55.390","deg","20.000","°C","100.000","%a.s.","21.720","deg","20.000","°C","977.000","hPa","0.861","-0.02617","0.00035","0","0","13.56","Humid","26.25","0","44.00","377868.29","SABD0000000001","AAV1.0.0.11","4.0.0.2323","PSt7-10","170328-019","7/29/2022 11:23:46 AM","0000-00","0","no battery","V","","µV","","µV"
"08/11/2022","10:19:40","6","default","383292078","Oxt_06","35.751","min","94.997","%a.s.","Humid","20.923","deg","41115","µV","27.824","°C","1021.000","hPa","36.4","pmil","0","55.390","deg","20.000","°C","100.000","%a.s.","21.720","deg","20.000","°C","977.000","hPa","0.861","-0.02617","0.00035","0","0","13.56","Humid","26.25","0","44.00","377873.40","SABD0000000001","AAV1.0.0.11","4.0.0.2323","PSt7-10","170328-019","7/29/2022 11:23:46 AM","0000-00","0","no battery","V","","µV","","µV"
"08/11/2022","10:19:41","6","default","383292078","Oxt_06","35.768","min","95.072","%a.s.","Humid","20.914","deg","41115","µV","27.825","°C","1021.000","hPa","36.4","pmil","0","55.390","deg","20.000","°C","100.000","%a.s.","21.720","deg","20.000","°C","977.000","hPa","0.861","-0.02617","0.00035","0","0","13.56","Humid","26.25","0","44.00","377873.67","SABD0000000001","AAV1.0.0.11","4.0.0.2323","PSt7-10","170328-019","7/29/2022 11:23:46 AM","0000-00","0","no battery","V","","µV","","µV"
"08/11/2022","10:19:42","6","default","383292078","Oxt_06","35.784","min","94.989","%a.s.","Humid","20.924","deg","41117","µV","27.823","°C","1021.000","hPa","36.4","pmil","0","55.390","deg","20.000","°C","100.000","%a.s.","21.720","deg","20.000","°C","977.000","hPa","0.861","-0.02617","0.00035","0","0","13.56","Humid","26.25","0","44.00","377864.02","SABD0000000001","AAV1.0.0.11","4.0.0.2323","PSt7-10","170328-019","7/29/2022 11:23:46 AM","0000-00","0","no battery","V","","µV","","µV"
"08/11/2022","10:19:43","6","default","383292078","Oxt_06","35.801","min","95.067","%a.s.","Humid","20.914","deg","41113","µV","27.830","°C","1021.000","hPa","36.4","pmil","0","55.390","deg","20.000","°C","100.000","%a.s.","21.720","deg","20.000","°C","977.000","hPa","0.861","-0.02617","0.00035","0","0","13.56","Humid","26.25","0","44.00","377867.51","SABD0000000001","AAV1.0.0.11","4.0.0.2323","PSt7-10","170328-019","7/29/2022 11:23:46 AM","0000-00","0","no battery","V","","µV","","µV"
"08/11/2022","10:19:44","6","default","383292078","Oxt_06","35.818","min","94.966","%a.s.","Humid","20.926","deg","41113","µV","27.830","°C","1021.000","hPa","36.4","pmil","0","55.390","deg","20.000","°C","100.000","%a.s.","21.720","deg","20.000","°C","977.000","hPa","0.861","-0.02617","0.00035","0","0","13.56","Humid","26.25","0","44.00","377866.49","SABD0000000001","AAV1.0.0.11","4.0.0.2323","PSt7-10","170328-019","7/29/2022 11:23:46 AM","0000-00","0","no battery","V","","µV","","µV"
"08/11/2022","10:19:45","6","default","383292078","Oxt_06","35.834","min","95.026","%a.s.","Humid","20.919","deg","41112","µV","27.829","°C","1021.000","hPa","36.4","pmil","0","55.390","deg","20.000","°C","100.000","%a.s.","21.720","deg","20.000","°C","977.000","hPa","0.861","-0.02617","0.00035","0","0","13.56","Humid","26.25","0","44.00","377860.35","SABD0000000001","AAV1.0.0.11","4.0.0.2323","PSt7-10","170328-019","7/29/2022 11:23:46 AM","0000-00","0","no battery","V","","µV","","µV"
"08/11/2022","10:19:46","6","default","383292078","Oxt_06","35.851","min","95.007","%a.s.","Humid","20.922","deg","41114","µV","27.822","°C","1021.000","hPa","36.4","pmil","0","55.390","deg","20.000","°C","100.000","%a.s.","21.720","deg","20.000","°C","977.000","hPa","0.861","-0.02617","0.00035","0","0","13.56","Humid","26.25","0","44.00","377864.63","SABD0000000001","AAV1.0.0.11","4.0.0.2323","PSt7-10","170328-019","7/29/2022 11:23:46 AM","0000-00","0","no battery","V","","µV","","µV"
"08/11/2022","10:19:47","6","default","383292078","Oxt_06","35.868","min","94.971","%a.s.","Humid","20.926","deg","41117","µV","27.824","°C","1021.000","hPa","36.4","pmil","0","55.390","deg","20.000","°C","100.000","%a.s.","21.720","deg","20.000","°C","977.000","hPa","0.861","-0.02617","0.00035","0","0","13.56","Humid","26.25","0","44.00","377860.07","SABD0000000001","AAV1.0.0.11","4.0.0.2323","PSt7-10","170328-019","7/29/2022 11:23:46 AM","0000-00","0","no battery","V","","µV","","µV"
"08/11/2022","10:19:48","6","default","383292078","Oxt_06","35.884","min","95.018","%a.s.","Humid","20.922","deg","41112","µV","27.810","°C","1021.000","hPa","36.4","pmil","0","55.390","deg","20.000","°C","100.000","%a.s.","21.720","deg","20.000","°C","977.000","hPa","0.861","-0.02617","0.00035","0","0","13.56","Humid","26.25","0","44.00","377850.53","SABD0000000001","AAV1.0.0.11","4.0.0.2323","PSt7-10","170328-019","7/29/2022 11:23:46 AM","0000-00","0","no battery","V","","µV","","µV"
"08/11/2022","10:19:49","6","default","383292078","Oxt_06","35.901","min","95.004","%a.s.","Humid","20.924","deg","41116","µV","27.807","°C","1021.000","hPa","36.4","pmil","0","55.390","deg","20.000","°C","100.000","%a.s.","21.720","deg","20.000","°C","977.000","hPa","0.861","-0.02617","0.00035","0","0","13.56","Humid","26.25","0","44.00","377869.31","SABD0000000001","AAV1.0.0.11","4.0.0.2323","PSt7-10","170328-019","7/29/2022 11:23:46 AM","0000-00","0","no battery","V","","µV","","µV"
"08/11/2022","10:19:50","6","default","383292078","Oxt_06","35.918","min","94.976","%a.s.","Humid","20.925","deg","41123","µV","27.828","°C","1021.000","hPa","36.4","pmil","0","55.390","deg","20.000","°C","100.000","%a.s.","21.720","deg","20.000","°C","977.000","hPa","0.861","-0.02617","0.00035","0","0","13.56","Humid","26.25","0","44.00","377860.19","SABD0000000001","AAV1.0.0.11","4.0.0.2323","PSt7-10","170328-019","7/29/2022 11:23:46 AM","0000-00","0","no battery","V","","µV","","µV"
"08/11/2022","10:19:51","6","default","383292078","Oxt_06","35.934","min","94.969","%a.s.","Humid","20.927","deg","41119","µV","27.818","°C","1021.000","hPa","36.4","pmil","0","55.390","deg","20.000","°C","100.000","%a.s.","21.720","deg","20.000","°C","977.000","hPa","0.861","-0.02617","0.00035","0","0","13.56","Humid","26.25","0","44.00","377858.02","SABD0000000001","AAV1.0.0.11","4.0.0.2323","PSt7-10","170328-019","7/29/2022 11:23:46 AM","0000-00","0","no battery","V","","µV","","µV"
"08/11/2022","10:19:52","6","default","383292078","Oxt_06","35.951","min","95.076","%a.s.","Humid","20.916","deg","41117","µV","27.802","°C","1021.000","hPa","36.4","pmil","0","55.390","deg","20.000","°C","100.000","%a.s.","21.720","deg","20.000","°C","977.000","hPa","0.861","-0.02617","0.00035","0","0","13.56","Humid","26.25","0","44.00","377851.93","SABD0000000001","AAV1.0.0.11","4.0.0.2323","PSt7-10","170328-019","7/29/2022 11:23:46 AM","0000-00","0","no battery","V","","µV","","µV"
"08/11/2022","10:19:53","6","default","383292078","Oxt_06","35.968","min","95.101","%a.s.","Humid","20.913","deg","41117","µV","27.803","°C","1021.000","hPa","36.4","pmil","0","55.390","deg","20.000","°C","100.000","%a.s.","21.720","deg","20.000","°C","977.000","hPa","0.861","-0.02617","0.00035","0","0","13.56","Humid","26.25","0","44.00","377876.43","SABD0000000001","AAV1.0.0.11","4.0.0.2323","PSt7-10","170328-019","7/29/2022 11:23:46 AM","0000-00","0","no battery","V","","µV","","µV"
"08/11/2022","10:19:54","6","default","383292078","Oxt_06","35.984","min","94.990","%a.s.","Humid","20.925","deg","41118","µV","27.814","°C","1021.000","hPa","36.4","pmil","0","55.390","deg","20.000","°C","100.000","%a.s.","21.720","deg","20.000","°C","977.000","hPa","0.861","-0.02617","0.00035","0","0","13.56","Humid","26.25","0","44.00","377853.70","SABD0000000001","AAV1.0.0.11","4.0.0.2323","PSt7-10","170328-019","7/29/2022 11:23:46 AM","0000-00","0","no battery","V","","µV","","µV"
"08/11/2022","10:19:55","6","default","383292078","Oxt_06","36.001","min","95.013","%a.s.","Humid","20.922","deg","41120","µV","27.816","°C","1021.000","hPa","36.4","pmil","0","55.390","deg","20.000","°C","100.000","%a.s.","21.720","deg","20.000","°C","977.000","hPa","0.861","-0.02617","0.00035","0","0","13.56","Humid","26.25","0","44.00","377860.53","SABD0000000001","AAV1.0.0.11","4.0.0.2323","PSt7-10","170328-019","7/29/2022 11:23:46 AM","0000-00","0","no battery","V","","µV","","µV"
"08/11/2022","10:19:56","6","default","383292078","Oxt_06","36.018","min","95.013","%a.s.","Humid","20.922","deg","41116","µV","27.816","°C","1021.000","hPa","36.4","pmil","0","55.390","deg","20.000","°C","100.000","%a.s.","21.720","deg","20.000","°C","977.000","hPa","0.861","-0.02617","0.00035","0","0","13.56","Humid","26.25","0","44.00","377842.53","SABD0000000001","AAV1.0.0.11","4.0.0.2323","PSt7-10","170328-019","7/29/2022 11:23:46 AM","0000-00","0","no battery","V","","µV","","µV"
"08/11/2022","10:19:57","6","default","383292078","Oxt_06","36.034","min","95.055","%a.s.","Humid","20.918","deg","41116","µV","27.806","°C","1021.000","hPa","36.4","pmil","0","55.390","deg","20.000","°C","100.000","%a.s.","21.720","deg","20.000","°C","977.000","hPa","0.861","-0.02617","0.00035","0","0","13.56","Humid","26.25","0","44.00","377848.38","SABD0000000001","AAV1.0.0.11","4.0.0.2323","PSt7-10","170328-019","7/29/2022 11:23:46 AM","0000-00","0","no battery","V","","µV","","µV"
"08/11/2022","10:19:58","6","default","383292078","Oxt_06","36.051","min","95.064","%a.s.","Humid","20.917","deg","41119","µV","27.806","°C","1021.000","hPa","36.4","pmil","0","55.390","deg","20.000","°C","100.000","%a.s.","21.720","deg","20.000","°C","977.000","hPa","0.861","-0.02617","0.00035","0","0","13.56","Humid","26.25","0","44.00","377847.37","SABD0000000001","AAV1.0.0.11","4.0.0.2323","PSt7-10","170328-019","7/29/2022 11:23:46 AM","0000-00","0","no battery","V","","µV","","µV"
"08/11/2022","10:19:59","6","default","383292078","Oxt_06","36.068","min","94.981","%a.s.","Humid","20.926","deg","41123","µV","27.813","°C","1021.000","hPa","36.4","pmil","0","55.390","deg","20.000","°C","100.000","%a.s.","21.720","deg","20.000","°C","977.000","hPa","0.861","-0.02617","0.00035","0","0","13.56","Humid","26.25","0","44.00","377851.50","SABD0000000001","AAV1.0.0.11","4.0.0.2323","PSt7-10","170328-019","7/29/2022 11:23:46 AM","0000-00","0","no battery","V","","µV","","µV"
"08/11/2022","10:20:00","6","default","383292078","Oxt_06","36.084","min","95.014","%a.s.","Humid","20.921","deg","41123","µV","27.823","°C","1021.000","hPa","36.4","pmil","0","55.390","deg","20.000","°C","100.000","%a.s.","21.720","deg","20.000","°C","977.000","hPa","0.861","-0.02617","0.00035","0","0","13.56","Humid","26.25","0","44.00","377836.72","SABD0000000001","AAV1.0.0.11","4.0.0.2323","PSt7-10","170328-019","7/29/2022 11:23:46 AM","0000-00","0","no battery","V","","µV","","µV"
"08/11/2022","10:20:01","6","default","383292078","Oxt_06","36.101","min","95.000","%a.s.","Humid","20.923","deg","41125","µV","27.821","°C","1021.000","hPa","36.4","pmil","0","55.390","deg","20.000","°C","100.000","%a.s.","21.720","deg","20.000","°C","977.000","hPa","0.861","-0.02617","0.00035","0","0","13.56","Humid","26.25","0","44.00","377850.10","SABD0000000001","AAV1.0.0.11","4.0.0.2323","PSt7-10","170328-019","7/29/2022 11:23:46 AM","0000-00","0","no battery","V","","µV","","µV"
"08/11/2022","10:20:02","6","default","383292078","Oxt_06","36.118","min","95.044","%a.s.","Humid","20.918","deg","41119","µV","27.818","°C","1021.000","hPa","36.4","pmil","0","55.390","deg","20.000","°C","100.000","%a.s.","21.720","deg","20.000","°C","977.000","hPa","0.861","-0.02617","0.00035","0","0","13.56","Humid","26.25","0","44.00","377849.10","SABD0000000001","AAV1.0.0.11","4.0.0.2323","PSt7-10","170328-019","7/29/2022 11:23:46 AM","0000-00","0","no battery","V","","µV","","µV"
"08/11/2022","10:20:03","6","default","383292078","Oxt_06","36.134","min","94.956","%a.s.","Humid","20.928","deg","41116","µV","27.823","°C","1021.000","hPa","36.4","pmil","0","55.390","deg","20.000","°C","100.000","%a.s.","21.720","deg","20.000","°C","977.000","hPa","0.861","-0.02617","0.00035","0","0","13.56","Humid","26.25","0","44.00","377841.25","SABD0000000001","AAV1.0.0.11","4.0.0.2323","PSt7-10","170328-019","7/29/2022 11:23:46 AM","0000-00","0","no battery","V","","µV","","µV"
"08/11/2022","10:20:04","6","default","383292078","Oxt_06","36.151","min","94.988","%a.s.","Humid","20.924","deg","41121","µV","27.825","°C","1021.000","hPa","36.4","pmil","0","55.390","deg","20.000","°C","100.000","%a.s.","21.720","deg","20.000","°C","977.000","hPa","0.861","-0.02617","0.00035","0","0","13.56","Humid","26.25","0","44.00","377851.19","SABD0000000001","AAV1.0.0.11","4.0.0.2323","PSt7-10","170328-019","7/29/2022 11:23:46 AM","0000-00","0","no battery","V","","µV","","µV"
"08/11/2022","10:20:05","6","default","383292078","Oxt_06","36.168","min","94.974","%a.s.","Humid","20.926","deg","41120","µV","27.821","°C","1021.000","hPa","36.4","pmil","0","55.390","deg","20.000","°C","100.000","%a.s.","21.720","deg","20.000","°C","977.000","hPa","0.861","-0.02617","0.00035","0","0","13.56","Humid","26.25","0","44.00","377843.62","SABD0000000001","AAV1.0.0.11","4.0.0.2323","PSt7-10","170328-019","7/29/2022 11:23:46 AM","0000-00","0","no battery","V","","µV","","µV"
"08/11/2022","10:20:06","6","default","383292078","Oxt_06","36.184","min","95.007","%a.s.","Humid","20.923","deg","41118","µV","27.813","°C","1021.000","hPa","36.4","pmil","0","55.390","deg","20.000","°C","100.000","%a.s.","21.720","deg","20.000","°C","977.000","hPa","0.861","-0.02617","0.00035","0","0","13.56","Humid","26.25","0","44.00","377850.24","SABD0000000001","AAV1.0.0.11","4.0.0.2323","PSt7-10","170328-019","7/29/2022 11:23:46 AM","0000-00","0","no battery","V","","µV","","µV"
"08/11/2022","10:20:07","6","default","383292078","Oxt_06","36.201","min","94.938","%a.s.","Humid","20.932","deg","41122","µV","27.805","°C","1021.000","hPa","36.4","pmil","0","55.390","deg","20.000","°C","100.000","%a.s.","21.720","deg","20.000","°C","977.000","hPa","0.861","-0.02617","0.00035","0","0","13.56","Humid","26.25","0","44.00","377839.78","SABD0000000001","AAV1.0.0.11","4.0.0.2323","PSt7-10","170328-019","7/29/2022 11:23:46 AM","0000-00","0","no battery","V","","µV","","µV"
"08/11/2022","10:20:08","6","default","383292078","Oxt_06","36.217","min","94.958","%a.s.","Humid","20.930","deg","41124","µV","27.802","°C","1021.000","hPa","36.4","pmil","0","55.390","deg","20.000","°C","100.000","%a.s.","21.720","deg","20.000","°C","977.000","hPa","0.861","-0.02617","0.00035","0","0","13.56","Humid","26.25","0","44.00","377834.48","SABD0000000001","AAV1.0.0.11","4.0.0.2323","PSt7-10","170328-019","7/29/2022 11:23:46 AM","0000-00","0","no battery","V","","µV","","µV"
"08/11/2022","10:20:09","6","default","383292078","Oxt_06","36.234","min","94.947","%a.s.","Humid","20.931","deg","41119","µV","27.804","°C","1021.000","hPa","36.4","pmil","0","55.390","deg","20.000","°C","100.000","%a.s.","21.720","deg","20.000","°C","977.000","hPa","0.861","-0.02617","0.00035","0","0","13.56","Humid","26.25","0","44.00","377844.59","SABD0000000001","AAV1.0.0.11","4.0.0.2323","PSt7-10","170328-019","7/29/2022 11:23:46 AM","0000-00","0","no battery","V","","µV","","µV"
"08/11/2022","10:20:10","6","default","383292078","Oxt_06","36.250","min","95.049","%a.s.","Humid","20.918","deg","41120","µV","27.814","°C","1021.000","hPa","36.4","pmil","0","55.390","deg","20.000","°C","100.000","%a.s.","21.720","deg","20.000","°C","977.000","hPa","0.861","-0.02617","0.00035","0","0","13.56","Humid","26.25","0","44.00","377836.96","SABD0000000001","AAV1.0.0.11","4.0.0.2323","PSt7-10","170328-019","7/29/2022 11:23:46 AM","0000-00","0","no battery","V","","µV","","µV"
"08/11/2022","10:20:11","6","default","383292078","Oxt_06","36.267","min","94.958","%a.s.","Humid","20.928","deg","41125","µV","27.820","°C","1021.000","hPa","36.4","pmil","0","55.390","deg","20.000","°C","100.000","%a.s.","21.720","deg","20.000","°C","977.000","hPa","0.861","-0.02617","0.00035","0","0","13.56","Humid","26.25","0","44.00","377830.59","SABD0000000001","AAV1.0.0.11","4.0.0.2323","PSt7-10","170328-019","7/29/2022 11:23:46 AM","0000-00","0","no battery","V","","µV","","µV"
"08/11/2022","10:20:12","6","default","383292078","Oxt_06","36.284","min","94.961","%a.s.","Humid","20.929","deg","41126","µV","27.808","°C","1021.000","hPa","36.4","pmil","0","55.390","deg","20.000","°C","100.000","%a.s.","21.720","deg","20.000","°C","977.000","hPa","0.861","-0.02617","0.00035","0","0","13.56","Humid","26.25","0","44.00","377837.77","SABD0000000001","AAV1.0.0.11","4.0.0.2323","PSt7-10","170328-019","7/29/2022 11:23:46 AM","0000-00","0","no battery","V","","µV","","µV"
"08/11/2022","10:20:13","6","default","383292078","Oxt_06","36.300","min","94.955","%a.s.","Humid","20.929","deg","41125","µV","27.814","°C","1021.000","hPa","36.4","pmil","0","55.390","deg","20.000","°C","100.000","%a.s.","21.720","deg","20.000","°C","977.000","hPa","0.861","-0.02617","0.00035","0","0","13.56","Humid","26.25","0","44.00","377840.65","SABD0000000001","AAV1.0.0.11","4.0.0.2323","PSt7-10","170328-019","7/29/2022 11:23:46 AM","0000-00","0","no battery","V","","µV","","µV"
"08/11/2022","10:20:14","6","default","383292078","Oxt_06","36.317","min","94.952","%a.s.","Humid","20.930","deg","41122","µV","27.809","°C","1021.000","hPa","36.4","pmil","0","55.390","deg","20.000","°C","100.000","%a.s.","21.720","deg","20.000","°C","977.000","hPa","0.861","-0.02617","0.00035","0","0","13.56","Humid","26.25","0","44.00","377839.17","SABD0000000001","AAV1.0.0.11","4.0.0.2323","PSt7-10","170328-019","7/29/2022 11:23:46 AM","0000-00","0","no battery","V","","µV","","µV"
"08/11/2022","10:20:15","6","default","383292078","Oxt_06","36.334","min","94.971","%a.s.","Humid","20.927","deg","41123","µV","27.815","°C","1021.000","hPa","36.4","pmil","0","55.390","deg","20.000","°C","100.000","%a.s.","21.720","deg","20.000","°C","977.000","hPa","0.861","-0.02617","0.00035","0","0","13.56","Humid","26.25","0","44.00","377828.47","SABD0000000001","AAV1.0.0.11","4.0.0.2323","PSt7-10","170328-019","7/29/2022 11:23:46 AM","0000-00","0","no battery","V","","µV","","µV"
"08/11/2022","10:20:16","6","default","383292078","Oxt_06","36.350","min","94.961","%a.s.","Humid","20.928","deg","41119","µV","27.817","°C","1021.000","hPa","36.4","pmil","0","55.390","deg","20.000","°C","100.000","%a.s.","21.720","deg","20.000","°C","977.000","hPa","0.861","-0.02617","0.00035","0","0","13.56","Humid","26.25","0","44.00","377836.00","SABD0000000001","AAV1.0.0.11","4.0.0.2323","PSt7-10","170328-019","7/29/2022 11:23:46 AM","0000-00","0","no battery","V","","µV","","µV"
"08/11/2022","10:20:17","6","default","383292078","Oxt_06","36.367","min","95.050","%a.s.","Humid","20.919","deg","41124","µV","27.803","°C","1021.000","hPa","36.4","pmil","0","55.390","deg","20.000","°C","100.000","%a.s.","21.720","deg","20.000","°C","977.000","hPa","0.861","-0.02617","0.00035","0","0","13.56","Humid","26.25","0","44.00","377838.04","SABD0000000001","AAV1.0.0.11","4.0.0.2323","PSt7-10","170328-019","7/29/2022 11:23:46 AM","0000-00","0","no battery","V","","µV","","µV"
"08/11/2022","10:20:18","6","default","383292078","Oxt_06","36.384","min","94.940","%a.s.","Humid","20.932","deg","41122","µV","27.803","°C","1021.000","hPa","36.4","pmil","0","55.390","deg","20.000","°C","100.000","%a.s.","21.720","deg","20.000","°C","977.000","hPa","0.861","-0.02617","0.00035","0","0","13.56","Humid","26.25","0","44.00","377840.50","SABD0000000001","AAV1.0.0.11","4.0.0.2323","PSt7-10","170328-019","7/29/2022 11:23:46 AM","0000-00","0","no battery","V","","µV","","µV"
"08/11/2022","10:20:19","6","default","383292078","Oxt_06","36.400","min","95.023","%a.s.","Humid","20.920","deg","41121","µV","27.824","°C","1021.000","hPa","36.4","pmil","0","55.390","deg","20.000","°C","100.000","%a.s.","21.720","deg","20.000","°C","977.000","hPa","0.861","-0.02617","0.00035","0","0","13.56","Humid","26.25","0","44.00","377844.73","SABD0000000001","AAV1.0.0.11","4.0.0.2323","PSt7-10","170328-019","7/29/2022 11:23:46 AM","0000-00","0","no battery","V","","µV","","µV"
"08/11/2022","10:20:20","6","default","383292078","Oxt_06","36.417","min","94.946","%a.s.","Humid","20.930","deg","41127","µV","27.815","°C","1021.000","hPa","36.4","pmil","0","55.390","deg","20.000","°C","100.000","%a.s.","21.720","deg","20.000","°C","977.000","hPa","0.861","-0.02617","0.00035","0","0","13.56","Humid","26.25","0","44.00","377839.43","SABD0000000001","AAV1.0.0.11","4.0.0.2323","PSt7-10","170328-019","7/29/2022 11:23:46 AM","0000-00","0","no battery","V","","µV","","µV"
"08/11/2022","10:20:21","6","default","383292078","Oxt_06","36.434","min","94.968","%a.s.","Humid","20.926","deg","41130","µV","27.828","°C","1021.000","hPa","36.4","pmil","0","55.390","deg","20.000","°C","100.000","%a.s.","21.720","deg","20.000","°C","977.000","hPa","0.861","-0.02617","0.00035","0","0","13.56","Humid","26.25","0","44.00","377840.93","SABD0000000001","AAV1.0.0.11","4.0.0.2323","PSt7-10","170328-019","7/29/2022 11:23:46 AM","0000-00","0","no battery","V","","µV","","µV"
"08/11/2022","10:20:22","6","default","383292078","Oxt_06","36.450","min","94.896","%a.s.","Humid","20.934","deg","41127","µV","27.833","°C","1021.000","hPa","36.4","pmil","0","55.390","deg","20.000","°C","100.000","%a.s.","21.720","deg","20.000","°C","977.000","hPa","0.861","-0.02617","0.00035","0","0","13.56","Humid","26.25","0","44.00","377834.21","SABD0000000001","AAV1.0.0.11","4.0.0.2323","PSt7-10","170328-019","7/29/2022 11:23:46 AM","0000-00","0","no battery","V","","µV","","µV"
"08/11/2022","10:20:23","6","default","383292078","Oxt_06","36.467","min","94.938","%a.s.","Humid","20.931","deg","41127","µV","27.815","°C","1021.000","hPa","36.4","pmil","0","55.390","deg","20.000","°C","100.000","%a.s.","21.720","deg","20.000","°C","977.000","hPa","0.861","-0.02617","0.00035","0","0","13.56","Humid","26.25","0","44.00","377847.20","SABD0000000001","AAV1.0.0.11","4.0.0.2323","PSt7-10","170328-019","7/29/2022 11:23:46 AM","0000-00","0","no battery","V","","µV","","µV"
"08/11/2022","10:20:24","6","default","383292078","Oxt_06","36.484","min","94.970","%a.s.","Humid","20.926","deg","41124","µV","27.825","°C","1021.000","hPa","36.4","pmil","0","55.390","deg","20.000","°C","100.000","%a.s.","21.720","deg","20.000","°C","977.000","hPa","0.861","-0.02617","0.00035","0","0","13.56","Humid","26.25","0","44.00","377825.25","SABD0000000001","AAV1.0.0.11","4.0.0.2323","PSt7-10","170328-019","7/29/2022 11:23:46 AM","0000-00","0","no battery","V","","µV","","µV"
"08/11/2022","10:20:25","6","default","383292078","Oxt_06","36.500","min","94.974","%a.s.","Humid","20.926","deg","41131","µV","27.821","°C","1021.000","hPa","36.4","pmil","0","55.390","deg","20.000","°C","100.000","%a.s.","21.720","deg","20.000","°C","977.000","hPa","0.861","-0.02617","0.00035","0","0","13.56","Humid","26.25","0","44.00","377835.58","SABD0000000001","AAV1.0.0.11","4.0.0.2323","PSt7-10","170328-019","7/29/2022 11:23:46 AM","0000-00","0","no battery","V","","µV","","µV"
"08/11/2022","10:20:26","6","default","383292078","Oxt_06","36.517","min","94.894","%a.s.","Humid","20.935","deg","41125","µV","27.826","°C","1021.000","hPa","36.4","pmil","0","55.390","deg","20.000","°C","100.000","%a.s.","21.720","deg","20.000","°C","977.000","hPa","0.861","-0.02617","0.00035","0","0","13.56","Humid","26.25","0","44.00","377830.00","SABD0000000001","AAV1.0.0.11","4.0.0.2323","PSt7-10","170328-019","7/29/2022 11:23:46 AM","0000-00","0","no battery","V","","µV","","µV"
"08/11/2022","10:20:27","6","default","383292078","Oxt_06","36.534","min","94.927","%a.s.","Humid","20.932","deg","41124","µV","27.817","°C","1021.000","hPa","36.4","pmil","0","55.390","deg","20.000","°C","100.000","%a.s.","21.720","deg","20.000","°C","977.000","hPa","0.861","-0.02617","0.00035","0","0","13.56","Humid","26.25","0","44.00","377827.64","SABD0000000001","AAV1.0.0.11","4.0.0.2323","PSt7-10","170328-019","7/29/2022 11:23:46 AM","0000-00","0","no battery","V","","µV","","µV"
"08/11/2022","10:20:28","6","default","383292078","Oxt_06","36.550","min","94.953","%a.s.","Humid","20.929","deg","41126","µV","27.816","°C","1021.000","hPa","36.4","pmil","0","55.390","deg","20.000","°C","100.000","%a.s.","21.720","deg","20.000","°C","977.000","hPa","0.861","-0.02617","0.00035","0","0","13.56","Humid","26.25","0","44.00","377821.88","SABD0000000001","AAV1.0.0.11","4.0.0.2323","PSt7-10","170328-019","7/29/2022 11:23:46 AM","0000-00","0","no battery","V","","µV","","µV"
"08/11/2022","10:20:29","6","default","383292078","Oxt_06","36.567","min","94.948","%a.s.","Humid","20.930","deg","41125","µV","27.813","°C","1021.000","hPa","36.4","pmil","0","55.390","deg","20.000","°C","100.000","%a.s.","21.720","deg","20.000","°C","977.000","hPa","0.861","-0.02617","0.00035","0","0","13.56","Humid","26.25","0","44.00","377823.52","SABD0000000001","AAV1.0.0.11","4.0.0.2323","PSt7-10","170328-019","7/29/2022 11:23:46 AM","0000-00","0","no battery","V","","µV","","µV"
"08/11/2022","10:20:30","6","default","383292078","Oxt_06","36.584","min","94.984","%a.s.","Humid","20.926","deg","41125","µV","27.810","°C","1021.000","hPa","36.4","pmil","0","55.390","deg","20.000","°C","100.000","%a.s.","21.720","deg","20.000","°C","977.000","hPa","0.861","-0.02617","0.00035","0","0","13.56","Humid","26.25","0","44.00","377834.61","SABD0000000001","AAV1.0.0.11","4.0.0.2323","PSt7-10","170328-019","7/29/2022 11:23:46 AM","0000-00","0","no battery","V","","µV","","µV"
"08/11/2022","10:20:31","6","default","383292078","Oxt_06","36.601","min","95.029","%a.s.","Humid","20.920","deg","41121","µV","27.817","°C","1021.000","hPa","36.4","pmil","0","55.390","deg","20.000","°C","100.000","%a.s.","21.720","deg","20.000","°C","977.000","hPa","0.861","-0.02617","0.00035","0","0","13.56","Humid","26.25","0","44.00","377819.56","SABD0000000001","AAV1.0.0.11","4.0.0.2323","PSt7-10","170328-019","7/29/2022 11:23:46 AM","0000-00","0","no battery","V","","µV","","µV"
"08/11/2022","10:20:32","6","default","383292078","Oxt_06","36.617","min","94.997","%a.s.","Humid","20.924","deg","41122","µV","27.814","°C","1021.000","hPa","36.4","pmil","0","55.390","deg","20.000","°C","100.000","%a.s.","21.720","deg","20.000","°C","977.000","hPa","0.861","-0.02617","0.00035","0","0","13.56","Humid","26.25","0","44.00","377827.41","SABD0000000001","AAV1.0.0.11","4.0.0.2323","PSt7-10","170328-019","7/29/2022 11:23:46 AM","0000-00","0","no battery","V","","µV","","µV"
"08/11/2022","10:20:33","6","default","383292078","Oxt_06","36.634","min","94.990","%a.s.","Humid","20.926","deg","41126","µV","27.804","°C","1021.000","hPa","36.4","pmil","0","55.390","deg","20.000","°C","100.000","%a.s.","21.720","deg","20.000","°C","977.000","hPa","0.861","-0.02617","0.00035","0","0","13.56","Humid","26.25","0","44.00","377829.25","SABD0000000001","AAV1.0.0.11","4.0.0.2323","PSt7-10","170328-019","7/29/2022 11:23:46 AM","0000-00","0","no battery","V","","µV","","µV"
"08/11/2022","10:20:34","6","default","383292078","Oxt_06","36.651","min","95.018","%a.s.","Humid","20.923","deg","41125","µV","27.801","°C","1021.000","hPa","36.4","pmil","0","55.390","deg","20.000","°C","100.000","%a.s.","21.720","deg","20.000","°C","977.000","hPa","0.861","-0.02617","0.00035","0","0","13.56","Humid","26.25","0","44.00","377833.06","SABD0000000001","AAV1.0.0.11","4.0.0.2323","PSt7-10","170328-019","7/29/2022 11:23:46 AM","0000-00","0","no battery","V","","µV","","µV"
"08/11/2022","10:20:35","6","default","383292078","Oxt_06","36.667","min","94.901","%a.s.","Humid","20.936","deg","41126","µV","27.808","°C","1021.000","hPa","36.4","pmil","0","55.390","deg","20.000","°C","100.000","%a.s.","21.720","deg","20.000","°C","977.000","hPa","0.861","-0.02617","0.00035","0","0","13.56","Humid","26.25","0","44.00","377834.66","SABD0000000001","AAV1.0.0.11","4.0.0.2323","PSt7-10","170328-019","7/29/2022 11:23:46 AM","0000-00","0","no battery","V","","µV","","µV"
"08/11/2022","10:20:36","6","default","383292078","Oxt_06","36.684","min","94.948","%a.s.","Humid","20.929","deg","41127","µV","27.822","°C","1021.000","hPa","36.4","pmil","0","55.390","deg","20.000","°C","100.000","%a.s.","21.720","deg","20.000","°C","977.000","hPa","0.861","-0.02617","0.00035","0","0","13.56","Humid","26.25","0","44.00","377833.22","SABD0000000001","AAV1.0.0.11","4.0.0.2323","PSt7-10","170328-019","7/29/2022 11:23:46 AM","0000-00","0","no battery","V","","µV","","µV"
"08/11/2022","10:20:37","6","default","383292078","Oxt_06","36.701","min","94.949","%a.s.","Humid","20.929","deg","41127","µV","27.821","°C","1021.000","hPa","36.4","pmil","0","55.390","deg","20.000","°C","100.000","%a.s.","21.720","deg","20.000","°C","977.000","hPa","0.861","-0.02617","0.00035","0","0","13.56","Humid","26.25","0","44.00","377817.03","SABD0000000001","AAV1.0.0.11","4.0.0.2323","PSt7-10","170328-019","7/29/2022 11:23:46 AM","0000-00","0","no battery","V","","µV","","µV"
"08/11/2022","10:20:38","6","default","383292078","Oxt_06","36.717","min","94.907","%a.s.","Humid","20.933","deg","41123","µV","27.829","°C","1021.000","hPa","36.4","pmil","0","55.390","deg","20.000","°C","100.000","%a.s.","21.720","deg","20.000","°C","977.000","hPa","0.861","-0.02617","0.00035","0","0","13.56","Humid","26.25","0","44.00","377820.35","SABD0000000001","AAV1.0.0.11","4.0.0.2323","PSt7-10","170328-019","7/29/2022 11:23:46 AM","0000-00","0","no battery","V","","µV","","µV"
"08/11/2022","10:20:39","6","default","383292078","Oxt_06","36.734","min","94.929","%a.s.","Humid","20.930","deg","41125","µV","27.834","°C","1021.000","hPa","36.4","pmil","0","55.390","deg","20.000","°C","100.000","%a.s.","21.720","deg","20.000","°C","977.000","hPa","0.861","-0.02617","0.00035","0","0","13.56","Humid","26.25","0","44.00","377825.22","SABD0000000001","AAV1.0.0.11","4.0.0.2323","PSt7-10","170328-019","7/29/2022 11:23:46 AM","0000-00","0","no battery","V","","µV","","µV"
"08/11/2022","10:20:40","6","default","383292078","Oxt_06","36.751","min","94.899","%a.s.","Humid","20.935","deg","41124","µV","27.820","°C","1021.000","hPa","36.4","pmil","0","55.390","deg","20.000","°C","100.000","%a.s.","21.720","deg","20.000","°C","977.000","hPa","0.861","-0.02617","0.00035","0","0","13.56","Humid","26.25","0","44.00","377813.82","SABD0000000001","AAV1.0.0.11","4.0.0.2323","PSt7-10","170328-019","7/29/2022 11:23:46 AM","0000-00","0","no battery","V","","µV","","µV"
"08/11/2022","10:20:41","6","default","383292078","Oxt_06","36.768","min","94.962","%a.s.","Humid","20.927","deg","41119","µV","27.825","°C","1021.000","hPa","36.4","pmil","0","55.390","deg","20.000","°C","100.000","%a.s.","21.720","deg","20.000","°C","977.000","hPa","0.861","-0.02617","0.00035","0","0","13.56","Humid","26.25","0","44.00","377828.40","SABD0000000001","AAV1.0.0.11","4.0.0.2323","PSt7-10","170328-019","7/29/2022 11:23:46 AM","0000-00","0","no battery","V","","µV","","µV"
"08/11/2022","10:20:42","6","default","383292078","Oxt_06","36.784","min","94.995","%a.s.","Humid","20.925","deg","41114","µV","27.808","°C","1021.000","hPa","36.4","pmil","0","55.390","deg","20.000","°C","100.000","%a.s.","21.720","deg","20.000","°C","977.000","hPa","0.861","-0.02617","0.00035","0","0","13.56","Humid","26.25","0","44.00","377819.18","SABD0000000001","AAV1.0.0.11","4.0.0.2323","PSt7-10","170328-019","7/29/2022 11:23:46 AM","0000-00","0","no battery","V","","µV","","µV"
"08/11/2022","10:20:43","6","default","383292078","Oxt_06","36.801","min","94.974","%a.s.","Humid","20.927","deg","41114","µV","27.812","°C","1021.000","hPa","36.4","pmil","0","55.390","deg","20.000","°C","100.000","%a.s.","21.720","deg","20.000","°C","977.000","hPa","0.861","-0.02617","0.00035","0","0","13.56","Humid","26.25","0","44.00","377824.40","SABD0000000001","AAV1.0.0.11","4.0.0.2323","PSt7-10","170328-019","7/29/2022 11:23:46 AM","0000-00","0","no battery","V","","µV","","µV"
"08/11/2022","10:20:44","6","default","383292078","Oxt_06","36.818","min","94.947","%a.s.","Humid","20.930","deg","41121","µV","27.814","°C","1021.000","hPa","36.4","pmil","0","55.390","deg","20.000","°C","100.000","%a.s.","21.720","deg","20.000","°C","977.000","hPa","0.861","-0.02617","0.00035","0","0","13.56","Humid","26.25","0","44.00","377804.02","SABD0000000001","AAV1.0.0.11","4.0.0.2323","PSt7-10","170328-019","7/29/2022 11:23:46 AM","0000-00","0","no battery","V","","µV","","µV"
"08/11/2022","10:20:45","6","default","383292078","Oxt_06","36.834","min","94.939","%a.s.","Humid","20.932","deg","41111","µV","27.804","°C","1021.000","hPa","36.4","pmil","0","55.390","deg","20.000","°C","100.000","%a.s.","21.720","deg","20.000","°C","977.000","hPa","0.861","-0.02617","0.00035","0","0","13.56","Humid","26.25","0","44.00","377811.31","SABD0000000001","AAV1.0.0.11","4.0.0.2323","PSt7-10","170328-019","7/29/2022 11:23:46 AM","0000-00","0","no battery","V","","µV","","µV"
"08/11/2022","10:20:46","6","default","383292078","Oxt_06","36.851","min","94.908","%a.s.","Humid","20.935","deg","41117","µV","27.810","°C","1021.000","hPa","36.4","pmil","0","55.390","deg","20.000","°C","100.000","%a.s.","21.720","deg","20.000","°C","977.000","hPa","0.861","-0.02617","0.00035","0","0","13.56","Humid","26.25","0","44.00","377816.21","SABD0000000001","AAV1.0.0.11","4.0.0.2323","PSt7-10","170328-019","7/29/2022 11:23:46 AM","0000-00","0","no battery","V","","µV","","µV"
"08/11/2022","10:20:47","6","default","383292078","Oxt_06","36.868","min","94.989","%a.s.","Humid","20.925","deg","41112","µV","27.814","°C","1021.000","hPa","36.4","pmil","0","55.390","deg","20.000","°C","100.000","%a.s.","21.720","deg","20.000","°C","977.000","hPa","0.861","-0.02617","0.00035","0","0","13.56","Humid","26.25","0","44.00","377821.79","SABD0000000001","AAV1.0.0.11","4.0.0.2323","PSt7-10","170328-019","7/29/2022 11:23:46 AM","0000-00","0","no battery","V","","µV","","µV"
"08/11/2022","10:20:48","6","default","383292078","Oxt_06","36.884","min","94.916","%a.s.","Humid","20.934","deg","41114","µV","27.811","°C","1021.000","hPa","36.4","pmil","0","55.390","deg","20.000","°C","100.000","%a.s.","21.720","deg","20.000","°C","977.000","hPa","0.861","-0.02617","0.00035","0","0","13.56","Humid","26.25","0","44.00","377815.97","SABD0000000001","AAV1.0.0.11","4.0.0.2323","PSt7-10","170328-019","7/29/2022 11:23:46 AM","0000-00","0","no battery","V","","µV","","µV"
"08/11/2022","10:20:49","6","default","383292078","Oxt_06","36.901","min","94.901","%a.s.","Humid","20.936","deg","41118","µV","27.809","°C","1021.000","hPa","36.4","pmil","0","55.390","deg","20.000","°C","100.000","%a.s.","21.720","deg","20.000","°C","977.000","hPa","0.861","-0.02617","0.00035","0","0","13.56","Humid","26.25","0","44.00","377821.21","SABD0000000001","AAV1.0.0.11","4.0.0.2323","PSt7-10","170328-019","7/29/2022 11:23:46 AM","0000-00","0","no battery","V","","µV","","µV"
"08/11/2022","10:20:50","6","default","383292078","Oxt_06","36.918","min","94.891","%a.s.","Humid","20.937","deg","41111","µV","27.811","°C","1021.000","hPa","36.4","pmil","0","55.390","deg","20.000","°C","100.000","%a.s.","21.720","deg","20.000","°C","977.000","hPa","0.861","-0.02617","0.00035","0","0","13.56","Humid","26.25","0","44.00","377806.82","SABD0000000001","AAV1.0.0.11","4.0.0.2323","PSt7-10","170328-019","7/29/2022 11:23:46 AM","0000-00","0","no battery","V","","µV","","µV"
"08/11/2022","10:20:51","6","default","383292078","Oxt_06","36.934","min","94.881","%a.s.","Humid","20.938","deg","41114","µV","27.812","°C","1021.000","hPa","36.4","pmil","0","55.390","deg","20.000","°C","100.000","%a.s.","21.720","deg","20.000","°C","977.000","hPa","0.861","-0.02617","0.00035","0","0","13.56","Humid","26.25","0","44.00","377802.62","SABD0000000001","AAV1.0.0.11","4.0.0.2323","PSt7-10","170328-019","7/29/2022 11:23:46 AM","0000-00","0","no battery","V","","µV","","µV"
"08/11/2022","10:20:52","6","default","383292078","Oxt_06","36.951","min","94.896","%a.s.","Humid","20.936","deg","41113","µV","27.814","°C","1021.000","hPa","36.4","pmil","0","55.390","deg","20.000","°C","100.000","%a.s.","21.720","deg","20.000","°C","977.000","hPa","0.861","-0.02617","0.00035","0","0","13.56","Humid","26.25","0","44.00","377803.05","SABD0000000001","AAV1.0.0.11","4.0.0.2323","PSt7-10","170328-019","7/29/2022 11:23:46 AM","0000-00","0","no battery","V","","µV","","µV"
"08/11/2022","10:20:53","6","default","383292078","Oxt_06","36.968","min","94.951","%a.s.","Humid","20.928","deg","41117","µV","27.828","°C","1021.000","hPa","36.4","pmil","0","55.390","deg","20.000","°C","100.000","%a.s.","21.720","deg","20.000","°C","977.000","hPa","0.861","-0.02617","0.00035","0","0","13.56","Humid","26.25","0","44.00","377801.28","SABD0000000001","AAV1.0.0.11","4.0.0.2323","PSt7-10","170328-019","7/29/2022 11:23:46 AM","0000-00","0","no battery","V","","µV","","µV"
"08/11/2022","10:20:54","6","default","383292078","Oxt_06","36.984","min","94.898","%a.s.","Humid","20.934","deg","41115","µV","27.831","°C","1021.000","hPa","36.4","pmil","0","55.390","deg","20.000","°C","100.000","%a.s.","21.720","deg","20.000","°C","977.000","hPa","0.861","-0.02617","0.00035","0","0","13.56","Humid","26.25","0","44.00","377808.01","SABD0000000001","AAV1.0.0.11","4.0.0.2323","PSt7-10","170328-019","7/29/2022 11:23:46 AM","0000-00","0","no battery","V","","µV","","µV"
"08/11/2022","10:20:55","6","default","383292078","Oxt_06","37.001","min","94.925","%a.s.","Humid","20.934","deg","41114","µV","27.801","°C","1021.000","hPa","36.4","pmil","0","55.390","deg","20.000","°C","100.000","%a.s.","21.720","deg","20.000","°C","977.000","hPa","0.861","-0.02617","0.00035","0","0","13.56","Humid","26.25","0","44.00","377793.73","SABD0000000001","AAV1.0.0.11","4.0.0.2323","PSt7-10","170328-019","7/29/2022 11:23:46 AM","0000-00","0","no battery","V","","µV","","µV"
"08/11/2022","10:20:56","6","default","383292078","Oxt_06","37.018","min","94.893","%a.s.","Humid","20.937","deg","41114","µV","27.808","°C","1021.000","hPa","36.4","pmil","0","55.390","deg","20.000","°C","100.000","%a.s.","21.720","deg","20.000","°C","977.000","hPa","0.861","-0.02617","0.00035","0","0","13.56","Humid","26.25","0","44.00","377802.49","SABD0000000001","AAV1.0.0.11","4.0.0.2323","PSt7-10","170328-019","7/29/2022 11:23:46 AM","0000-00","0","no battery","V","","µV","","µV"
"08/11/2022","10:20:57","6","default","383292078","Oxt_06","37.034","min","94.917","%a.s.","Humid","20.932","deg","41115","µV","27.828","°C","1021.000","hPa","36.4","pmil","0","55.390","deg","20.000","°C","100.000","%a.s.","21.720","deg","20.000","°C","977.000","hPa","0.861","-0.02617","0.00035","0","0","13.56","Humid","26.25","0","44.00","377809.18","SABD0000000001","AAV1.0.0.11","4.0.0.2323","PSt7-10","170328-019","7/29/2022 11:23:46 AM","0000-00","0","no battery","V","","µV","","µV"
"08/11/2022","10:20:58","6","default","383292078","Oxt_06","37.051","min","94.883","%a.s.","Humid","20.937","deg","41116","µV","27.819","°C","1021.000","hPa","36.4","pmil","0","55.390","deg","20.000","°C","100.000","%a.s.","21.720","deg","20.000","°C","977.000","hPa","0.861","-0.02617","0.00035","0","0","13.56","Humid","26.25","0","44.00","377807.77","SABD0000000001","AAV1.0.0.11","4.0.0.2323","PSt7-10","170328-019","7/29/2022 11:23:46 AM","0000-00","0","no battery","V","","µV","","µV"
"08/11/2022","10:20:59","6","default","383292078","Oxt_06","37.068","min","94.849","%a.s.","Humid","20.941","deg","41115","µV","27.820","°C","1021.000","hPa","36.4","pmil","0","55.390","deg","20.000","°C","100.000","%a.s.","21.720","deg","20.000","°C","977.000","hPa","0.861","-0.02617","0.00035","0","0","13.56","Humid","26.25","0","44.00","377813.98","SABD0000000001","AAV1.0.0.11","4.0.0.2323","PSt7-10","170328-019","7/29/2022 11:23:46 AM","0000-00","0","no battery","V","","µV","","µV"
"08/11/2022","10:21:00","6","default","383292078","Oxt_06","37.084","min","94.935","%a.s.","Humid","20.931","deg","41106","µV","27.818","°C","1021.000","hPa","36.4","pmil","0","55.390","deg","20.000","°C","100.000","%a.s.","21.720","deg","20.000","°C","977.000","hPa","0.861","-0.02617","0.00035","0","0","13.56","Humid","26.25","0","44.00","377803.47","SABD0000000001","AAV1.0.0.11","4.0.0.2323","PSt7-10","170328-019","7/29/2022 11:23:46 AM","0000-00","0","no battery","V","","µV","","µV"
"08/11/2022","10:21:01","6","default","383292078","Oxt_06","37.101","min","94.912","%a.s.","Humid","20.935","deg","41114","µV","27.806","°C","1021.000","hPa","36.4","pmil","0","55.390","deg","20.000","°C","100.000","%a.s.","21.720","deg","20.000","°C","977.000","hPa","0.861","-0.02617","0.00035","0","0","13.56","Humid","26.25","0","44.00","377788.99","SABD0000000001","AAV1.0.0.11","4.0.0.2323","PSt7-10","170328-019","7/29/2022 11:23:46 AM","0000-00","0","no battery","V","","µV","","µV"
"08/11/2022","10:21:02","6","default","383292078","Oxt_06","37.118","min","94.883","%a.s.","Humid","20.937","deg","41112","µV","27.820","°C","1021.000","hPa","36.4","pmil","0","55.390","deg","20.000","°C","100.000","%a.s.","21.720","deg","20.000","°C","977.000","hPa","0.861","-0.02617","0.00035","0","0","13.56","Humid","26.25","0","44.00","377799.13","SABD0000000001","AAV1.0.0.11","4.0.0.2323","PSt7-10","170328-019","7/29/2022 11:23:46 AM","0000-00","0","no battery","V","","µV","","µV"
"08/11/2022","10:21:03","6","default","383292078","Oxt_06","37.134","min","94.873","%a.s.","Humid","20.939","deg","41111","µV","27.811","°C","1021.000","hPa","36.4","pmil","0","55.390","deg","20.000","°C","100.000","%a.s.","21.720","deg","20.000","°C","977.000","hPa","0.861","-0.02617","0.00035","0","0","13.56","Humid","26.25","0","44.00","377806.23","SABD0000000001","AAV1.0.0.11","4.0.0.2323","PSt7-10","170328-019","7/29/2022 11:23:46 AM","0000-00","0","no battery","V","","µV","","µV"
"08/11/2022","10:21:04","6","default","383292078","Oxt_06","37.151","min","94.946","%a.s.","Humid","20.931","deg","41111","µV","27.805","°C","1021.000","hPa","36.4","pmil","0","55.390","deg","20.000","°C","100.000","%a.s.","21.720","deg","20.000","°C","977.000","hPa","0.861","-0.02617","0.00035","0","0","13.56","Humid","26.25","0","44.00","377804.19","SABD0000000001","AAV1.0.0.11","4.0.0.2323","PSt7-10","170328-019","7/29/2022 11:23:46 AM","0000-00","0","no battery","V","","µV","","µV"
"08/11/2022","10:21:05","6","default","383292078","Oxt_06","37.167","min","94.854","%a.s.","Humid","20.941","deg","41119","µV","27.814","°C","1021.000","hPa","36.4","pmil","0","55.390","deg","20.000","°C","100.000","%a.s.","21.720","deg","20.000","°C","977.000","hPa","0.861","-0.02617","0.00035","0","0","13.56","Humid","26.25","0","44.00","377809.28","SABD0000000001","AAV1.0.0.11","4.0.0.2323","PSt7-10","170328-019","7/29/2022 11:23:46 AM","0000-00","0","no battery","V","","µV","","µV"
"08/11/2022","10:21:06","6","default","383292078","Oxt_06","37.184","min","94.835","%a.s.","Humid","20.943","deg","41110","µV","27.816","°C","1021.000","hPa","36.4","pmil","0","55.390","deg","20.000","°C","100.000","%a.s.","21.720","deg","20.000","°C","977.000","hPa","0.861","-0.02617","0.00035","0","0","13.56","Humid","26.25","0","44.00","377795.11","SABD0000000001","AAV1.0.0.11","4.0.0.2323","PSt7-10","170328-019","7/29/2022 11:23:46 AM","0000-00","0","no battery","V","","µV","","µV"
"08/11/2022","10:21:07","6","default","383292078","Oxt_06","37.200","min","94.861","%a.s.","Humid","20.940","deg","41107","µV","27.816","°C","1021.000","hPa","36.4","pmil","0","55.390","deg","20.000","°C","100.000","%a.s.","21.720","deg","20.000","°C","977.000","hPa","0.861","-0.02617","0.00035","0","0","13.56","Humid","26.25","0","44.00","377778.24","SABD0000000001","AAV1.0.0.11","4.0.0.2323","PSt7-10","170328-019","7/29/2022 11:23:46 AM","0000-00","0","no battery","V","","µV","","µV"
"08/11/2022","10:21:08","6","default","383292078","Oxt_06","37.217","min","94.828","%a.s.","Humid","20.944","deg","41112","µV","27.815","°C","1021.000","hPa","36.4","pmil","0","55.390","deg","20.000","°C","100.000","%a.s.","21.720","deg","20.000","°C","977.000","hPa","0.861","-0.02617","0.00035","0","0","13.56","Humid","26.25","0","44.00","377784.72","SABD0000000001","AAV1.0.0.11","4.0.0.2323","PSt7-10","170328-019","7/29/2022 11:23:46 AM","0000-00","0","no battery","V","","µV","","µV"
"08/11/2022","10:21:09","6","default","383292078","Oxt_06","37.234","min","94.911","%a.s.","Humid","20.935","deg","41105","µV","27.807","°C","1021.000","hPa","36.4","pmil","0","55.390","deg","20.000","°C","100.000","%a.s.","21.720","deg","20.000","°C","977.000","hPa","0.861","-0.02617","0.00035","0","0","13.56","Humid","26.25","0","44.00","377786.83","SABD0000000001","AAV1.0.0.11","4.0.0.2323","PSt7-10","170328-019","7/29/2022 11:23:46 AM","0000-00","0","no battery","V","","µV","","µV"
"08/11/2022","10:21:10","6","default","383292078","Oxt_06","37.250","min","94.847","%a.s.","Humid","20.942","deg","41112","µV","27.813","°C","1021.000","hPa","36.4","pmil","0","55.390","deg","20.000","°C","100.000","%a.s.","21.720","deg","20.000","°C","977.000","hPa","0.861","-0.02617","0.00035","0","0","13.56","Humid","26.25","0","44.00","377784.30","SABD0000000001","AAV1.0.0.11","4.0.0.2323","PSt7-10","170328-019","7/29/2022 11:23:46 AM","0000-00","0","no battery","V","","µV","","µV"
"08/11/2022","10:21:11","6","default","383292078","Oxt_06","37.267","min","94.898","%a.s.","Humid","20.936","deg","41112","µV","27.812","°C","1021.000","hPa","36.4","pmil","0","55.390","deg","20.000","°C","100.000","%a.s.","21.720","deg","20.000","°C","977.000","hPa","0.861","-0.02617","0.00035","0","0","13.56","Humid","26.25","0","44.00","377794.57","SABD0000000001","AAV1.0.0.11","4.0.0.2323","PSt7-10","170328-019","7/29/2022 11:23:46 AM","0000-00","0","no battery","V","","µV","","µV"
"08/11/2022","10:21:12","6","default","383292078","Oxt_06","37.284","min","94.958","%a.s.","Humid","20.928","deg","41114","µV","27.820","°C","1021.000","hPa","36.4","pmil","0","55.390","deg","20.000","°C","100.000","%a.s.","21.720","deg","20.000","°C","977.000","hPa","0.861","-0.02617","0.00035","0","0","13.56","Humid","26.25","0","44.00","377792.21","SABD0000000001","AAV1.0.0.11","4.0.0.2323","PSt7-10","170328-019","7/29/2022 11:23:46 AM","0000-00","0","no battery","V","","µV","","µV"
"08/11/2022","10:21:13","6","default","383292078","Oxt_06","37.300","min","94.863","%a.s.","Humid","20.941","deg","41109","µV","27.805","°C","1021.000","hPa","36.4","pmil","0","55.390","deg","20.000","°C","100.000","%a.s.","21.720","deg","20.000","°C","977.000","hPa","0.861","-0.02617","0.00035","0","0","13.56","Humid","26.25","0","44.00","377794.68","SABD0000000001","AAV1.0.0.11","4.0.0.2323","PSt7-10","170328-019","7/29/2022 11:23:46 AM","0000-00","0","no battery","V","","µV","","µV"
"08/11/2022","10:21:14","6","default","383292078","Oxt_06","37.317","min","94.804","%a.s.","Humid","20.949","deg","41111","µV","27.794","°C","1021.000","hPa","36.4","pmil","0","55.390","deg","20.000","°C","100.000","%a.s.","21.720","deg","20.000","°C","977.000","hPa","0.861","-0.02617","0.00035","0","0","13.56","Humid","26.25","0","44.00","377788.63","SABD0000000001","AAV1.0.0.11","4.0.0.2323","PSt7-10","170328-019","7/29/2022 11:23:46 AM","0000-00","0","no battery","V","","µV","","µV"
"08/11/2022","10:21:15","6","default","383292078","Oxt_06","37.334","min","94.843","%a.s.","Humid","20.943","deg","41118","µV","27.808","°C","1021.000","hPa","36.4","pmil","0","55.390","deg","20.000","°C","100.000","%a.s.","21.720","deg","20.000","°C","977.000","hPa","0.861","-0.02617","0.00035","0","0","13.56","Humid","26.25","0","44.00","377792.50","SABD0000000001","AAV1.0.0.11","4.0.0.2323","PSt7-10","170328-019","7/29/2022 11:23:46 AM","0000-00","0","no battery","V","","µV","","µV"
"08/11/2022","10:21:16","6","default","383292078","Oxt_06","37.351","min","94.828","%a.s.","Humid","20.945","deg","41106","µV","27.806","°C","1021.000","hPa","36.4","pmil","0","55.390","deg","20.000","°C","100.000","%a.s.","21.720","deg","20.000","°C","977.000","hPa","0.861","-0.02617","0.00035","0","0","13.56","Humid","26.25","0","44.00","377795.42","SABD0000000001","AAV1.0.0.11","4.0.0.2323","PSt7-10","170328-019","7/29/2022 11:23:46 AM","0000-00","0","no battery","V","","µV","","µV"
"08/11/2022","10:21:17","6","default","383292078","Oxt_06","37.367","min","94.885","%a.s.","Humid","20.937","deg","41113","µV","27.816","°C","1021.000","hPa","36.4","pmil","0","55.390","deg","20.000","°C","100.000","%a.s.","21.720","deg","20.000","°C","977.000","hPa","0.861","-0.02617","0.00035","0","0","13.56","Humid","26.25","0","44.00","377783.60","SABD0000000001","AAV1.0.0.11","4.0.0.2323","PSt7-10","170328-019","7/29/2022 11:23:46 AM","0000-00","0","no battery","V","","µV","","µV"
"08/11/2022","10:21:18","6","default","383292078","Oxt_06","37.384","min","94.851","%a.s.","Humid","20.940","deg","41116","µV","27.827","°C","1021.000","hPa","36.4","pmil","0","55.390","deg","20.000","°C","100.000","%a.s.","21.720","deg","20.000","°C","977.000","hPa","0.861","-0.02617","0.00035","0","0","13.56","Humid","26.25","0","44.00","377792.87","SABD0000000001","AAV1.0.0.11","4.0.0.2323","PSt7-10","170328-019","7/29/2022 11:23:46 AM","0000-00","0","no battery","V","","µV","","µV"
"08/11/2022","10:21:19","6","default","383292078","Oxt_06","37.401","min","94.906","%a.s.","Humid","20.936","deg","41115","µV","27.803","°C","1021.000","hPa","36.4","pmil","0","55.390","deg","20.000","°C","100.000","%a.s.","21.720","deg","20.000","°C","977.000","hPa","0.861","-0.02617","0.00035","0","0","13.56","Humid","26.25","0","44.00","377786.52","SABD0000000001","AAV1.0.0.11","4.0.0.2323","PSt7-10","170328-019","7/29/2022 11:23:46 AM","0000-00","0","no battery","V","","µV","","µV"
"08/11/2022","10:21:20","6","default","383292078","Oxt_06","37.417","min","94.892","%a.s.","Humid","20.937","deg","41113","µV","27.809","°C","1021.000","hPa","36.4","pmil","0","55.390","deg","20.000","°C","100.000","%a.s.","21.720","deg","20.000","°C","977.000","hPa","0.861","-0.02617","0.00035","0","0","13.56","Humid","26.25","0","44.00","377791.18","SABD0000000001","AAV1.0.0.11","4.0.0.2323","PSt7-10","170328-019","7/29/2022 11:23:46 AM","0000-00","0","no battery","V","","µV","","µV"
"08/11/2022","10:21:21","6","default","383292078","Oxt_06","37.434","min","94.885","%a.s.","Humid","20.938","deg","41116","µV","27.808","°C","1021.000","hPa","36.4","pmil","0","55.390","deg","20.000","°C","100.000","%a.s.","21.720","deg","20.000","°C","977.000","hPa","0.861","-0.02617","0.00035","0","0","13.56","Humid","26.25","0","44.00","377789.46","SABD0000000001","AAV1.0.0.11","4.0.0.2323","PSt7-10","170328-019","7/29/2022 11:23:46 AM","0000-00","0","no battery","V","","µV","","µV"
"08/11/2022","10:21:22","6","default","383292078","Oxt_06","37.451","min","94.898","%a.s.","Humid","20.936","deg","41111","µV","27.813","°C","1021.000","hPa","36.4","pmil","0","55.390","deg","20.000","°C","100.000","%a.s.","21.720","deg","20.000","°C","977.000","hPa","0.861","-0.02617","0.00035","0","0","13.56","Humid","26.25","0","44.00","377797.24","SABD0000000001","AAV1.0.0.11","4.0.0.2323","PSt7-10","170328-019","7/29/2022 11:23:46 AM","0000-00","0","no battery","V","","µV","","µV"
"08/11/2022","10:21:23","6","default","383292078","Oxt_06","37.467","min","94.872","%a.s.","Humid","20.939","deg","41105","µV","27.813","°C","1021.000","hPa","36.4","pmil","0","55.390","deg","20.000","°C","100.000","%a.s.","21.720","deg","20.000","°C","977.000","hPa","0.861","-0.02617","0.00035","0","0","13.56","Humid","26.25","0","44.00","377763.28","SABD0000000001","AAV1.0.0.11","4.0.0.2323","PSt7-10","170328-019","7/29/2022 11:23:46 AM","0000-00","0","no battery","V","","µV","","µV"
"08/11/2022","10:21:24","6","default","383292078","Oxt_06","37.484","min","94.834","%a.s.","Humid","20.943","deg","41112","µV","27.818","°C","1021.000","hPa","36.4","pmil","0","55.390","deg","20.000","°C","100.000","%a.s.","21.720","deg","20.000","°C","977.000","hPa","0.861","-0.02617","0.00035","0","0","13.56","Humid","26.25","0","44.00","377782.60","SABD0000000001","AAV1.0.0.11","4.0.0.2323","PSt7-10","170328-019","7/29/2022 11:23:46 AM","0000-00","0","no battery","V","","µV","","µV"
"08/11/2022","10:21:25","6","default","383292078","Oxt_06","37.501","min","94.801","%a.s.","Humid","20.947","deg","41114","µV","27.817","°C","1021.000","hPa","36.4","pmil","0","55.390","deg","20.000","°C","100.000","%a.s.","21.720","deg","20.000","°C","977.000","hPa","0.861","-0.02617","0.00035","0","0","13.56","Humid","26.25","0","44.00","377799.37","SABD0000000001","AAV1.0.0.11","4.0.0.2323","PSt7-10","170328-019","7/29/2022 11:23:46 AM","0000-00","0","no battery","V","","µV","","µV"
"08/11/2022","10:21:26","6","default","383292078","Oxt_06","37.517","min","94.819","%a.s.","Humid","20.945","deg","41116","µV","27.815","°C","1021.000","hPa","36.4","pmil","0","55.390","deg","20.000","°C","100.000","%a.s.","21.720","deg","20.000","°C","977.000","hPa","0.861","-0.02617","0.00035","0","0","13.56","Humid","26.25","0","44.00","377758.71","SABD0000000001","AAV1.0.0.11","4.0.0.2323","PSt7-10","170328-019","7/29/2022 11:23:46 AM","0000-00","0","no battery","V","","µV","","µV"
"08/11/2022","10:21:27","6","default","383292078","Oxt_06","37.534","min","94.840","%a.s.","Humid","20.942","deg","41109","µV","27.820","°C","1021.000","hPa","36.4","pmil","0","55.390","deg","20.000","°C","100.000","%a.s.","21.720","deg","20.000","°C","977.000","hPa","0.861","-0.02617","0.00035","0","0","13.56","Humid","26.25","0","44.00","377782.36","SABD0000000001","AAV1.0.0.11","4.0.0.2323","PSt7-10","170328-019","7/29/2022 11:23:46 AM","0000-00","0","no battery","V","","µV","","µV"
"08/11/2022","10:21:28","6","default","383292078","Oxt_06","37.551","min","94.889","%a.s.","Humid","20.937","deg","41116","µV","27.812","°C","1021.000","hPa","36.4","pmil","0","55.390","deg","20.000","°C","100.000","%a.s.","21.720","deg","20.000","°C","977.000","hPa","0.861","-0.02617","0.00035","0","0","13.56","Humid","26.25","0","44.00","377781.36","SABD0000000001","AAV1.0.0.11","4.0.0.2323","PSt7-10","170328-019","7/29/2022 11:23:46 AM","0000-00","0","no battery","V","","µV","","µV"
"08/11/2022","10:21:29","6","default","383292078","Oxt_06","37.567","min","94.810","%a.s.","Humid","20.946","deg","41111","µV","27.816","°C","1021.000","hPa","36.4","pmil","0","55.390","deg","20.000","°C","100.000","%a.s.","21.720","deg","20.000","°C","977.000","hPa","0.861","-0.02617","0.00035","0","0","13.56","Humid","26.25","0","44.00","377785.76","SABD0000000001","AAV1.0.0.11","4.0.0.2323","PSt7-10","170328-019","7/29/2022 11:23:46 AM","0000-00","0","no battery","V","","µV","","µV"
"08/11/2022","10:21:30","6","default","383292078","Oxt_06","37.584","min","94.822","%a.s.","Humid","20.946","deg","41114","µV","27.803","°C","1021.000","hPa","36.4","pmil","0","55.390","deg","20.000","°C","100.000","%a.s.","21.720","deg","20.000","°C","977.000","hPa","0.861","-0.02617","0.00035","0","0","13.56","Humid","26.25","0","44.00","377783.93","SABD0000000001","AAV1.0.0.11","4.0.0.2323","PSt7-10","170328-019","7/29/2022 11:23:46 AM","0000-00","0","no battery","V","","µV","","µV"
"08/11/2022","10:21:31","6","default","383292078","Oxt_06","37.601","min","94.897","%a.s.","Humid","20.938","deg","41112","µV","27.795","°C","1021.000","hPa","36.4","pmil","0","55.390","deg","20.000","°C","100.000","%a.s.","21.720","deg","20.000","°C","977.000","hPa","0.861","-0.02617","0.00035","0","0","13.56","Humid","26.25","0","44.00","377778.90","SABD0000000001","AAV1.0.0.11","4.0.0.2323","PSt7-10","170328-019","7/29/2022 11:23:46 AM","0000-00","0","no battery","V","","µV","","µV"
"08/11/2022","10:21:32","6","default","383292078","Oxt_06","37.617","min","94.851","%a.s.","Humid","20.943","deg","41107","µV","27.799","°C","1021.000","hPa","36.4","pmil","0","55.390","deg","20.000","°C","100.000","%a.s.","21.720","deg","20.000","°C","977.000","hPa","0.861","-0.02617","0.00035","0","0","13.56","Humid","26.25","0","44.00","377778.08","SABD0000000001","AAV1.0.0.11","4.0.0.2323","PSt7-10","170328-019","7/29/2022 11:23:46 AM","0000-00","0","no battery","V","","µV","","µV"
"08/11/2022","10:21:33","6","default","383292078","Oxt_06","37.634","min","94.860","%a.s.","Humid","20.942","deg","41117","µV","27.798","°C","1021.000","hPa","36.4","pmil","0","55.390","deg","20.000","°C","100.000","%a.s.","21.720","deg","20.000","°C","977.000","hPa","0.861","-0.02617","0.00035","0","0","13.56","Humid","26.25","0","44.00","377800.66","SABD0000000001","AAV1.0.0.11","4.0.0.2323","PSt7-10","170328-019","7/29/2022 11:23:46 AM","0000-00","0","no battery","V","","µV","","µV"
"08/11/2022","10:21:34","6","default","383292078","Oxt_06","37.651","min","94.868","%a.s.","Humid","20.940","deg","41114","µV","27.807","°C","1021.000","hPa","36.4","pmil","0","55.390","deg","20.000","°C","100.000","%a.s.","21.720","deg","20.000","°C","977.000","hPa","0.861","-0.02617","0.00035","0","0","13.56","Humid","26.25","0","44.00","377794.88","SABD0000000001","AAV1.0.0.11","4.0.0.2323","PSt7-10","170328-019","7/29/2022 11:23:46 AM","0000-00","0","no battery","V","","µV","","µV"
"08/11/2022","10:21:35","6","default","383292078","Oxt_06","37.667","min","94.901","%a.s.","Humid","20.934","deg","41116","µV","27.827","°C","1021.000","hPa","36.4","pmil","0","55.390","deg","20.000","°C","100.000","%a.s.","21.720","deg","20.000","°C","977.000","hPa","0.861","-0.02617","0.00035","0","0","13.56","Humid","26.25","0","44.00","377790.87","SABD0000000001","AAV1.0.0.11","4.0.0.2323","PSt7-10","170328-019","7/29/2022 11:23:46 AM","0000-00","0","no battery","V","","µV","","µV"
"08/11/2022","10:21:36","6","default","383292078","Oxt_06","37.684","min","94.861","%a.s.","Humid","20.939","deg","41115","µV","27.825","°C","1021.000","hPa","36.4","pmil","0","55.390","deg","20.000","°C","100.000","%a.s.","21.720","deg","20.000","°C","977.000","hPa","0.861","-0.02617","0.00035","0","0","13.56","Humid","26.25","0","44.00","377794.96","SABD0000000001","AAV1.0.0.11","4.0.0.2323","PSt7-10","170328-019","7/29/2022 11:23:46 AM","0000-00","0","no battery","V","","µV","","µV"
"08/11/2022","10:21:37","6","default","383292078","Oxt_06","37.701","min","94.874","%a.s.","Humid","20.939","deg","41117","µV","27.811","°C","1021.000","hPa","36.4","pmil","0","55.390","deg","20.000","°C","100.000","%a.s.","21.720","deg","20.000","°C","977.000","hPa","0.861","-0.02617","0.00035","0","0","13.56","Humid","26.25","0","44.00","377805.35","SABD0000000001","AAV1.0.0.11","4.0.0.2323","PSt7-10","170328-019","7/29/2022 11:23:46 AM","0000-00","0","no battery","V","","µV","","µV"
"08/11/2022","10:21:38","6","default","383292078","Oxt_06","37.717","min","94.828","%a.s.","Humid","20.944","deg","41116","µV","27.814","°C","1021.000","hPa","36.4","pmil","0","55.390","deg","20.000","°C","100.000","%a.s.","21.720","deg","20.000","°C","977.000","hPa","0.861","-0.02617","0.00035","0","0","13.56","Humid","26.25","0","44.00","377796.16","SABD0000000001","AAV1.0.0.11","4.0.0.2323","PSt7-10","170328-019","7/29/2022 11:23:46 AM","0000-00","0","no battery","V","","µV","","µV"
"08/11/2022","10:21:39","6","default","383292078","Oxt_06","37.734","min","94.812","%a.s.","Humid","20.947","deg","41114","µV","27.805","°C","1021.000","hPa","36.4","pmil","0","55.390","deg","20.000","°C","100.000","%a.s.","21.720","deg","20.000","°C","977.000","hPa","0.861","-0.02617","0.00035","0","0","13.56","Humid","26.25","0","44.00","377793.91","SABD0000000001","AAV1.0.0.11","4.0.0.2323","PSt7-10","170328-019","7/29/2022 11:23:46 AM","0000-00","0","no battery","V","","µV","","µV"
"08/11/2022","10:21:40","6","default","383292078","Oxt_06","37.751","min","94.869","%a.s.","Humid","20.940","deg","41117","µV","27.806","°C","1021.000","hPa","36.4","pmil","0","55.390","deg","20.000","°C","100.000","%a.s.","21.720","deg","20.000","°C","977.000","hPa","0.861","-0.02617","0.00035","0","0","13.56","Humid","26.25","0","44.00","377790.97","SABD0000000001","AAV1.0.0.11","4.0.0.2323","PSt7-10","170328-019","7/29/2022 11:23:46 AM","0000-00","0","no battery","V","","µV","","µV"
"08/11/2022","10:21:41","6","default","383292078","Oxt_06","37.767","min","94.890","%a.s.","Humid","20.937","deg","41113","µV","27.811","°C","1021.000","hPa","36.4","pmil","0","55.390","deg","20.000","°C","100.000","%a.s.","21.720","deg","20.000","°C","977.000","hPa","0.861","-0.02617","0.00035","0","0","13.56","Humid","26.25","0","44.00","377785.11","SABD0000000001","AAV1.0.0.11","4.0.0.2323","PSt7-10","170328-019","7/29/2022 11:23:46 AM","0000-00","0","no battery","V","","µV","","µV"
"08/11/2022","10:21:42","6","default","383292078","Oxt_06","37.784","min","94.852","%a.s.","Humid","20.942","deg","41117","µV","27.807","°C","1021.000","hPa","36.4","pmil","0","55.390","deg","20.000","°C","100.000","%a.s.","21.720","deg","20.000","°C","977.000","hPa","0.861","-0.02617","0.00035","0","0","13.56","Humid","26.25","0","44.00","377793.76","SABD0000000001","AAV1.0.0.11","4.0.0.2323","PSt7-10","170328-019","7/29/2022 11:23:46 AM","0000-00","0","no battery","V","","µV","","µV"
"08/11/2022","10:21:43","6","default","383292078","Oxt_06","37.801","min","94.893","%a.s.","Humid","20.937","deg","41120","µV","27.808","°C","1021.000","hPa","36.4","pmil","0","55.390","deg","20.000","°C","100.000","%a.s.","21.720","deg","20.000","°C","977.000","hPa","0.861","-0.02617","0.00035","0","0","13.56","Humid","26.25","0","44.00","377784.30","SABD0000000001","AAV1.0.0.11","4.0.0.2323","PSt7-10","170328-019","7/29/2022 11:23:46 AM","0000-00","0","no battery","V","","µV","","µV"
"08/11/2022","10:21:44","6","default","383292078","Oxt_06","37.817","min","94.853","%a.s.","Humid","20.942","deg","41121","µV","27.806","°C","1021.000","hPa","36.4","pmil","0","55.390","deg","20.000","°C","100.000","%a.s.","21.720","deg","20.000","°C","977.000","hPa","0.861","-0.02617","0.00035","0","0","13.56","Humid","26.25","0","44.00","377785.88","SABD0000000001","AAV1.0.0.11","4.0.0.2323","PSt7-10","170328-019","7/29/2022 11:23:46 AM","0000-00","0","no battery","V","","µV","","µV"
"08/11/2022","10:21:45","6","default","383292078","Oxt_06","37.834","min","94.847","%a.s.","Humid","20.943","deg","41123","µV","27.803","°C","1021.000","hPa","36.4","pmil","0","55.390","deg","20.000","°C","100.000","%a.s.","21.720","deg","20.000","°C","977.000","hPa","0.861","-0.02617","0.00035","0","0","13.56","Humid","26.25","0","44.00","377777.63","SABD0000000001","AAV1.0.0.11","4.0.0.2323","PSt7-10","170328-019","7/29/2022 11:23:46 AM","0000-00","0","no battery","V","","µV","","µV"
"08/11/2022","10:21:46","6","default","383292078","Oxt_06","37.851","min","94.801","%a.s.","Humid","20.947","deg","41117","µV","27.816","°C","1021.000","hPa","36.4","pmil","0","55.390","deg","20.000","°C","100.000","%a.s.","21.720","deg","20.000","°C","977.000","hPa","0.861","-0.02617","0.00035","0","0","13.56","Humid","26.25","0","44.00","377788.41","SABD0000000001","AAV1.0.0.11","4.0.0.2323","PSt7-10","170328-019","7/29/2022 11:23:46 AM","0000-00","0","no battery","V","","µV","","µV"
"08/11/2022","10:21:47","6","default","383292078","Oxt_06","37.868","min","94.836","%a.s.","Humid","20.943","deg","41123","µV","27.816","°C","1021.000","hPa","36.4","pmil","0","55.390","deg","20.000","°C","100.000","%a.s.","21.720","deg","20.000","°C","977.000","hPa","0.861","-0.02617","0.00035","0","0","13.56","Humid","26.25","0","44.00","377780.58","SABD0000000001","AAV1.0.0.11","4.0.0.2323","PSt7-10","170328-019","7/29/2022 11:23:46 AM","0000-00","0","no battery","V","","µV","","µV"
"08/11/2022","10:21:48","6","default","383292078","Oxt_06","37.884","min","94.840","%a.s.","Humid","20.944","deg","41116","µV","27.801","°C","1021.000","hPa","36.4","pmil","0","55.390","deg","20.000","°C","100.000","%a.s.","21.720","deg","20.000","°C","977.000","hPa","0.861","-0.02617","0.00035","0","0","13.56","Humid","26.25","0","44.00","377771.61","SABD0000000001","AAV1.0.0.11","4.0.0.2323","PSt7-10","170328-019","7/29/2022 11:23:46 AM","0000-00","0","no battery","V","","µV","","µV"
"08/11/2022","10:21:49","6","default","383292078","Oxt_06","37.901","min","94.720","%a.s.","Humid","20.957","deg","41115","µV","27.812","°C","1021.000","hPa","36.4","pmil","0","55.390","deg","20.000","°C","100.000","%a.s.","21.720","deg","20.000","°C","977.000","hPa","0.861","-0.02617","0.00035","0","0","13.56","Humid","26.25","0","44.00","377782.49","SABD0000000001","AAV1.0.0.11","4.0.0.2323","PSt7-10","170328-019","7/29/2022 11:23:46 AM","0000-00","0","no battery","V","","µV","","µV"
"08/11/2022","10:21:50","6","default","383292078","Oxt_06","37.918","min","94.837","%a.s.","Humid","20.944","deg","41112","µV","27.805","°C","1021.000","hPa","36.4","pmil","0","55.390","deg","20.000","°C","100.000","%a.s.","21.720","deg","20.000","°C","977.000","hPa","0.861","-0.02617","0.00035","0","0","13.56","Humid","26.25","0","44.00","377784.24","SABD0000000001","AAV1.0.0.11","4.0.0.2323","PSt7-10","170328-019","7/29/2022 11:23:46 AM","0000-00","0","no battery","V","","µV","","µV"
"08/11/2022","10:21:51","6","default","383292078","Oxt_06","37.934","min","94.822","%a.s.","Humid","20.946","deg","41118","µV","27.803","°C","1021.000","hPa","36.4","pmil","0","55.390","deg","20.000","°C","100.000","%a.s.","21.720","deg","20.000","°C","977.000","hPa","0.861","-0.02617","0.00035","0","0","13.56","Humid","26.25","0","44.00","377781.18","SABD0000000001","AAV1.0.0.11","4.0.0.2323","PSt7-10","170328-019","7/29/2022 11:23:46 AM","0000-00","0","no battery","V","","µV","","µV"
"08/11/2022","10:21:52","6","default","383292078","Oxt_06","37.951","min","94.830","%a.s.","Humid","20.945","deg","41118","µV","27.803","°C","1021.000","hPa","36.4","pmil","0","55.390","deg","20.000","°C","100.000","%a.s.","21.720","deg","20.000","°C","977.000","hPa","0.861","-0.02617","0.00035","0","0","13.56","Humid","26.25","0","44.00","377763.62","SABD0000000001","AAV1.0.0.11","4.0.0.2323","PSt7-10","170328-019","7/29/2022 11:23:46 AM","0000-00","0","no battery","V","","µV","","µV"
"08/11/2022","10:21:53","6","default","383292078","Oxt_06","37.968","min","94.749","%a.s.","Humid","20.954","deg","41113","µV","27.809","°C","1021.000","hPa","36.4","pmil","0","55.390","deg","20.000","°C","100.000","%a.s.","21.720","deg","20.000","°C","977.000","hPa","0.861","-0.02617","0.00035","0","0","13.56","Humid","26.25","0","44.00","377776.49","SABD0000000001","AAV1.0.0.11","4.0.0.2323","PSt7-10","170328-019","7/29/2022 11:23:46 AM","0000-00","0","no battery","V","","µV","","µV"
"08/11/2022","10:21:54","6","default","383292078","Oxt_06","37.984","min","94.792","%a.s.","Humid","20.947","deg","41117","µV","27.826","°C","1021.000","hPa","36.4","pmil","0","55.390","deg","20.000","°C","100.000","%a.s.","21.720","deg","20.000","°C","977.000","hPa","0.861","-0.02617","0.00035","0","0","13.56","Humid","26.25","0","44.00","377781.27","SABD0000000001","AAV1.0.0.11","4.0.0.2323","PSt7-10","170328-019","7/29/2022 11:23:46 AM","0000-00","0","no battery","V","","µV","","µV"
"08/11/2022","10:21:55","6","default","383292078","Oxt_06","38.001","min","94.784","%a.s.","Humid","20.948","deg","41117","µV","27.826","°C","1021.000","hPa","36.4","pmil","0","55.390","deg","20.000","°C","100.000","%a.s.","21.720","deg","20.000","°C","977.000","hPa","0.861","-0.02617","0.00035","0","0","13.56","Humid","26.25","0","44.00","377781.04","SABD0000000001","AAV1.0.0.11","4.0.0.2323","PSt7-10","170328-019","7/29/2022 11:23:46 AM","0000-00","0","no battery","V","","µV","","µV"
"08/11/2022","10:21:56","6","default","383292078","Oxt_06","38.018","min","94.704","%a.s.","Humid","20.957","deg","41118","µV","27.830","°C","1021.000","hPa","36.4","pmil","0","55.390","deg","20.000","°C","100.000","%a.s.","21.720","deg","20.000","°C","977.000","hPa","0.861","-0.02617","0.00035","0","0","13.56","Humid","26.25","0","44.00","377773.51","SABD0000000001","AAV1.0.0.11","4.0.0.2323","PSt7-10","170328-019","7/29/2022 11:23:46 AM","0000-00","0","no battery","V","","µV","","µV"
"08/11/2022","10:21:57","6","default","383292078","Oxt_06","38.034","min","94.790","%a.s.","Humid","20.949","deg","41115","µV","27.811","°C","1021.000","hPa","36.4","pmil","0","55.390","deg","20.000","°C","100.000","%a.s.","21.720","deg","20.000","°C","977.000","hPa","0.861","-0.02617","0.00035","0","0","13.56","Humid","26.25","0","44.00","377772.38","SABD0000000001","AAV1.0.0.11","4.0.0.2323","PSt7-10","170328-019","7/29/2022 11:23:46 AM","0000-00","0","no battery","V","","µV","","µV"
"08/11/2022","10:21:58","6","default","383292078","Oxt_06","38.051","min","94.801","%a.s.","Humid","20.947","deg","41114","µV","27.817","°C","1021.000","hPa","36.4","pmil","0","55.390","deg","20.000","°C","100.000","%a.s.","21.720","deg","20.000","°C","977.000","hPa","0.861","-0.02617","0.00035","0","0","13.56","Humid","26.25","0","44.00","377771.37","SABD0000000001","AAV1.0.0.11","4.0.0.2323","PSt7-10","170328-019","7/29/2022 11:23:46 AM","0000-00","0","no battery","V","","µV","","µV"
"08/11/2022","10:21:59","6","default","383292078","Oxt_06","38.067","min","94.819","%a.s.","Humid","20.945","deg","41117","µV","27.815","°C","1021.000","hPa","36.4","pmil","0","55.390","deg","20.000","°C","100.000","%a.s.","21.720","deg","20.000","°C","977.000","hPa","0.861","-0.02617","0.00035","0","0","13.56","Humid","26.25","0","44.00","377770.04","SABD0000000001","AAV1.0.0.11","4.0.0.2323","PSt7-10","170328-019","7/29/2022 11:23:46 AM","0000-00","0","no battery","V","","µV","","µV"
"08/11/2022","10:22:00","6","default","383292078","Oxt_06","38.084","min","94.807","%a.s.","Humid","20.946","deg","41118","µV","27.820","°C","1021.000","hPa","36.4","pmil","0","55.390","deg","20.000","°C","100.000","%a.s.","21.720","deg","20.000","°C","977.000","hPa","0.861","-0.02617","0.00035","0","0","13.56","Humid","26.25","0","44.00","377784.12","SABD0000000001","AAV1.0.0.11","4.0.0.2323","PSt7-10","170328-019","7/29/2022 11:23:46 AM","0000-00","0","no battery","V","","µV","","µV"
"08/11/2022","10:22:01","6","default","383292078","Oxt_06","38.101","min","94.742","%a.s.","Humid","20.954","deg","41121","µV","27.817","°C","1021.000","hPa","36.4","pmil","0","55.390","deg","20.000","°C","100.000","%a.s.","21.720","deg","20.000","°C","977.000","hPa","0.861","-0.02617","0.00035","0","0","13.56","Humid","26.25","0","44.00","377779.08","SABD0000000001","AAV1.0.0.11","4.0.0.2323","PSt7-10","170328-019","7/29/2022 11:23:46 AM","0000-00","0","no battery","V","","µV","","µV"
"08/11/2022","10:22:02","6","default","383292078","Oxt_06","38.118","min","94.705","%a.s.","Humid","20.959","deg","41120","µV","27.811","°C","1021.000","hPa","36.4","pmil","0","55.390","deg","20.000","°C","100.000","%a.s.","21.720","deg","20.000","°C","977.000","hPa","0.861","-0.02617","0.00035","0","0","13.56","Humid","26.25","0","44.00","377780.15","SABD0000000001","AAV1.0.0.11","4.0.0.2323","PSt7-10","170328-019","7/29/2022 11:23:46 AM","0000-00","0","no battery","V","","µV","","µV"
"08/11/2022","10:22:03","6","default","383292078","Oxt_06","38.134","min","94.875","%a.s.","Humid","20.940","deg","41115","µV","27.800","°C","1021.000","hPa","36.4","pmil","0","55.390","deg","20.000","°C","100.000","%a.s.","21.720","deg","20.000","°C","977.000","hPa","0.861","-0.02617","0.00035","0","0","13.56","Humid","26.25","0","44.00","377771.41","SABD0000000001","AAV1.0.0.11","4.0.0.2323","PSt7-10","170328-019","7/29/2022 11:23:46 AM","0000-00","0","no battery","V","","µV","","µV"
"08/11/2022","10:22:04","6","default","383292078","Oxt_06","38.151","min","94.814","%a.s.","Humid","20.947","deg","41119","µV","27.802","°C","1021.000","hPa","36.4","pmil","0","55.390","deg","20.000","°C","100.000","%a.s.","21.720","deg","20.000","°C","977.000","hPa","0.861","-0.02617","0.00035","0","0","13.56","Humid","26.25","0","44.00","377773.46","SABD0000000001","AAV1.0.0.11","4.0.0.2323","PSt7-10","170328-019","7/29/2022 11:23:46 AM","0000-00","0","no battery","V","","µV","","µV"
"08/11/2022","10:22:05","6","default","383292078","Oxt_06","38.168","min","94.762","%a.s.","Humid","20.952","deg","41118","µV","27.813","°C","1021.000","hPa","36.4","pmil","0","55.390","deg","20.000","°C","100.000","%a.s.","21.720","deg","20.000","°C","977.000","hPa","0.861","-0.02617","0.00035","0","0","13.56","Humid","26.25","0","44.00","377779.42","SABD0000000001","AAV1.0.0.11","4.0.0.2323","PSt7-10","170328-019","7/29/2022 11:23:46 AM","0000-00","0","no battery","V","","µV","","µV"
"08/11/2022","10:22:06","6","default","383292078","Oxt_06","38.185","min","94.829","%a.s.","Humid","20.945","deg","41119","µV","27.804","°C","1021.000","hPa","36.4","pmil","0","55.390","deg","20.000","°C","100.000","%a.s.","21.720","deg","20.000","°C","977.000","hPa","0.861","-0.02617","0.00035","0","0","13.56","Humid","26.25","0","44.00","377780.80","SABD0000000001","AAV1.0.0.11","4.0.0.2323","PSt7-10","170328-019","7/29/2022 11:23:46 AM","0000-00","0","no battery","V","","µV","","µV"
"08/11/2022","10:22:07","6","default","383292078","Oxt_06","38.200","min","94.775","%a.s.","Humid","20.951","deg","41122","µV","27.808","°C","1021.000","hPa","36.4","pmil","0","55.390","deg","20.000","°C","100.000","%a.s.","21.720","deg","20.000","°C","977.000","hPa","0.861","-0.02617","0.00035","0","0","13.56","Humid","26.25","0","44.00","377777.74","SABD0000000001","AAV1.0.0.11","4.0.0.2323","PSt7-10","170328-019","7/29/2022 11:23:46 AM","0000-00","0","no battery","V","","µV","","µV"
"08/11/2022","10:22:08","6","default","383292078","Oxt_06","38.217","min","94.773","%a.s.","Humid","20.952","deg","41122","µV","27.801","°C","1021.000","hPa","36.4","pmil","0","55.390","deg","20.000","°C","100.000","%a.s.","21.720","deg","20.000","°C","977.000","hPa","0.861","-0.02617","0.00035","0","0","13.56","Humid","26.25","0","44.00","377786.76","SABD0000000001","AAV1.0.0.11","4.0.0.2323","PSt7-10","170328-019","7/29/2022 11:23:46 AM","0000-00","0","no battery","V","","µV","","µV"
"08/11/2022","10:22:09","6","default","383292078","Oxt_06","38.234","min","94.837","%a.s.","Humid","20.944","deg","41116","µV","27.804","°C","1021.000","hPa","36.4","pmil","0","55.390","deg","20.000","°C","100.000","%a.s.","21.720","deg","20.000","°C","977.000","hPa","0.861","-0.02617","0.00035","0","0","13.56","Humid","26.25","0","44.00","377785.14","SABD0000000001","AAV1.0.0.11","4.0.0.2323","PSt7-10","170328-019","7/29/2022 11:23:46 AM","0000-00","0","no battery","V","","µV","","µV"
"08/11/2022","10:22:10","6","default","383292078","Oxt_06","38.250","min","94.750","%a.s.","Humid","20.954","deg","41121","µV","27.808","°C","1021.000","hPa","36.4","pmil","0","55.390","deg","20.000","°C","100.000","%a.s.","21.720","deg","20.000","°C","977.000","hPa","0.861","-0.02617","0.00035","0","0","13.56","Humid","26.25","0","44.00","377770.53","SABD0000000001","AAV1.0.0.11","4.0.0.2323","PSt7-10","170328-019","7/29/2022 11:23:46 AM","0000-00","0","no battery","V","","µV","","µV"
"08/11/2022","10:22:11","6","default","383292078","Oxt_06","38.267","min","94.699","%a.s.","Humid","20.960","deg","41123","µV","27.808","°C","1021.000","hPa","36.4","pmil","0","55.390","deg","20.000","°C","100.000","%a.s.","21.720","deg","20.000","°C","977.000","hPa","0.861","-0.02617","0.00035","0","0","13.56","Humid","26.25","0","44.00","377776.36","SABD0000000001","AAV1.0.0.11","4.0.0.2323","PSt7-10","170328-019","7/29/2022 11:23:46 AM","0000-00","0","no battery","V","","µV","","µV"
"08/11/2022","10:22:12","6","default","383292078","Oxt_06","38.284","min","94.778","%a.s.","Humid","20.950","deg","41125","µV","27.814","°C","1021.000","hPa","36.4","pmil","0","55.390","deg","20.000","°C","100.000","%a.s.","21.720","deg","20.000","°C","977.000","hPa","0.861","-0.02617","0.00035","0","0","13.56","Humid","26.25","0","44.00","377770.33","SABD0000000001","AAV1.0.0.11","4.0.0.2323","PSt7-10","170328-019","7/29/2022 11:23:46 AM","0000-00","0","no battery","V","","µV","","µV"
"08/11/2022","10:22:13","6","default","383292078","Oxt_06","38.301","min","94.793","%a.s.","Humid","20.950","deg","41127","µV","27.797","°C","1021.000","hPa","36.4","pmil","0","55.390","deg","20.000","°C","100.000","%a.s.","21.720","deg","20.000","°C","977.000","hPa","0.861","-0.02617","0.00035","0","0","13.56","Humid","26.25","0","44.00","377770.02","SABD0000000001","AAV1.0.0.11","4.0.0.2323","PSt7-10","170328-019","7/29/2022 11:23:46 AM","0000-00","0","no battery","V","","µV","","µV"
"08/11/2022","10:22:14","6","default","383292078","Oxt_06","38.317","min","94.788","%a.s.","Humid","20.948","deg","41116","µV","27.821","°C","1021.000","hPa","36.4","pmil","0","55.390","deg","20.000","°C","100.000","%a.s.","21.720","deg","20.000","°C","977.000","hPa","0.861","-0.02617","0.00035","0","0","13.56","Humid","26.25","0","44.00","377768.01","SABD0000000001","AAV1.0.0.11","4.0.0.2323","PSt7-10","170328-019","7/29/2022 11:23:46 AM","0000-00","0","no battery","V","","µV","","µV"
"08/11/2022","10:22:15","6","default","383292078","Oxt_06","38.334","min","94.782","%a.s.","Humid","20.948","deg","41122","µV","27.828","°C","1021.000","hPa","36.4","pmil","0","55.390","deg","20.000","°C","100.000","%a.s.","21.720","deg","20.000","°C","977.000","hPa","0.861","-0.02617","0.00035","0","0","13.56","Humid","26.25","0","44.00","377771.90","SABD0000000001","AAV1.0.0.11","4.0.0.2323","PSt7-10","170328-019","7/29/2022 11:23:46 AM","0000-00","0","no battery","V","","µV","","µV"
"08/11/2022","10:22:16","6","default","383292078","Oxt_06","38.351","min","94.719","%a.s.","Humid","20.957","deg","41124","µV","27.814","°C","1021.000","hPa","36.4","pmil","0","55.390","deg","20.000","°C","100.000","%a.s.","21.720","deg","20.000","°C","977.000","hPa","0.861","-0.02617","0.00035","0","0","13.56","Humid","26.25","0","44.00","377767.18","SABD0000000001","AAV1.0.0.11","4.0.0.2323","PSt7-10","170328-019","7/29/2022 11:23:46 AM","0000-00","0","no battery","V","","µV","","µV"
"08/11/2022","10:22:17","6","default","383292078","Oxt_06","38.367","min","94.802","%a.s.","Humid","20.947","deg","41127","µV","27.815","°C","1021.000","hPa","36.4","pmil","0","55.390","deg","20.000","°C","100.000","%a.s.","21.720","deg","20.000","°C","977.000","hPa","0.861","-0.02617","0.00035","0","0","13.56","Humid","26.25","0","44.00","377767.97","SABD0000000001","AAV1.0.0.11","4.0.0.2323","PSt7-10","170328-019","7/29/2022 11:23:46 AM","0000-00","0","no battery","V","","µV","","µV"
"08/11/2022","10:22:18","6","default","383292078","Oxt_06","38.384","min","94.793","%a.s.","Humid","20.949","deg","41128","µV","27.806","°C","1021.000","hPa","36.4","pmil","0","55.390","deg","20.000","°C","100.000","%a.s.","21.720","deg","20.000","°C","977.000","hPa","0.861","-0.02617","0.00035","0","0","13.56","Humid","26.25","0","44.00","377776.72","SABD0000000001","AAV1.0.0.11","4.0.0.2323","PSt7-10","170328-019","7/29/2022 11:23:46 AM","0000-00","0","no battery","V","","µV","","µV"
"08/11/2022","10:22:19","6","default","383292078","Oxt_06","38.401","min","94.749","%a.s.","Humid","20.953","deg","41122","µV","27.818","°C","1021.000","hPa","36.4","pmil","0","55.390","deg","20.000","°C","100.000","%a.s.","21.720","deg","20.000","°C","977.000","hPa","0.861","-0.02617","0.00035","0","0","13.56","Humid","26.25","0","44.00","377785.67","SABD0000000001","AAV1.0.0.11","4.0.0.2323","PSt7-10","170328-019","7/29/2022 11:23:46 AM","0000-00","0","no battery","V","","µV","","µV"
"08/11/2022","10:22:20","6","default","383292078","Oxt_06","38.417","min","94.778","%a.s.","Humid","20.950","deg","41126","µV","27.814","°C","1021.000","hPa","36.4","pmil","0","55.390","deg","20.000","°C","100.000","%a.s.","21.720","deg","20.000","°C","977.000","hPa","0.861","-0.02617","0.00035","0","0","13.56","Humid","26.25","0","44.00","377776.72","SABD0000000001","AAV1.0.0.11","4.0.0.2323","PSt7-10","170328-019","7/29/2022 11:23:46 AM","0000-00","0","no battery","V","","µV","","µV"
"08/11/2022","10:22:21","6","default","383292078","Oxt_06","38.434","min","94.794","%a.s.","Humid","20.949","deg","41129","µV","27.806","°C","1021.000","hPa","36.4","pmil","0","55.390","deg","20.000","°C","100.000","%a.s.","21.720","deg","20.000","°C","977.000","hPa","0.861","-0.02617","0.00035","0","0","13.56","Humid","26.25","0","44.00","377782.82","SABD0000000001","AAV1.0.0.11","4.0.0.2323","PSt7-10","170328-019","7/29/2022 11:23:46 AM","0000-00","0","no battery","V","","µV","","µV"
"08/11/2022","10:22:22","6","default","383292078","Oxt_06","38.451","min","94.736","%a.s.","Humid","20.955","deg","41126","µV","27.814","°C","1021.000","hPa","36.4","pmil","0","55.390","deg","20.000","°C","100.000","%a.s.","21.720","deg","20.000","°C","977.000","hPa","0.861","-0.02617","0.00035","0","0","13.56","Humid","26.25","0","44.00","377776.02","SABD0000000001","AAV1.0.0.11","4.0.0.2323","PSt7-10","170328-019","7/29/2022 11:23:46 AM","0000-00","0","no battery","V","","µV","","µV"
"08/11/2022","10:22:23","6","default","383292078","Oxt_06","38.467","min","94.701","%a.s.","Humid","20.960","deg","41124","µV","27.806","°C","1021.000","hPa","36.4","pmil","0","55.390","deg","20.000","°C","100.000","%a.s.","21.720","deg","20.000","°C","977.000","hPa","0.861","-0.02617","0.00035","0","0","13.56","Humid","26.25","0","44.00","377773.52","SABD0000000001","AAV1.0.0.11","4.0.0.2323","PSt7-10","170328-019","7/29/2022 11:23:46 AM","0000-00","0","no battery","V","","µV","","µV"
"08/11/2022","10:22:24","6","default","383292078","Oxt_06","38.484","min","94.771","%a.s.","Humid","20.951","deg","41121","µV","27.812","°C","1021.000","hPa","36.4","pmil","0","55.390","deg","20.000","°C","100.000","%a.s.","21.720","deg","20.000","°C","977.000","hPa","0.861","-0.02617","0.00035","0","0","13.56","Humid","26.25","0","44.00","377789.44","SABD0000000001","AAV1.0.0.11","4.0.0.2323","PSt7-10","170328-019","7/29/2022 11:23:46 AM","0000-00","0","no battery","V","","µV","","µV"
"08/11/2022","10:22:25","6","default","383292078","Oxt_06","38.500","min","94.693","%a.s.","Humid","20.961","deg","41122","µV","27.806","°C","1021.000","hPa","36.4","pmil","0","55.390","deg","20.000","°C","100.000","%a.s.","21.720","deg","20.000","°C","977.000","hPa","0.861","-0.02617","0.00035","0","0","13.56","Humid","26.25","0","44.00","377787.54","SABD0000000001","AAV1.0.0.11","4.0.0.2323","PSt7-10","170328-019","7/29/2022 11:23:46 AM","0000-00","0","no battery","V","","µV","","µV"
"08/11/2022","10:22:26","6","default","383292078","Oxt_06","38.517","min","94.714","%a.s.","Humid","20.959","deg","41127","µV","27.801","°C","1021.000","hPa","36.4","pmil","0","55.390","deg","20.000","°C","100.000","%a.s.","21.720","deg","20.000","°C","977.000","hPa","0.861","-0.02617","0.00035","0","0","13.56","Humid","26.25","0","44.00","377788.36","SABD0000000001","AAV1.0.0.11","4.0.0.2323","PSt7-10","170328-019","7/29/2022 11:23:46 AM","0000-00","0","no battery","V","","µV","","µV"
"08/11/2022","10:22:27","6","default","383292078","Oxt_06","38.534","min","94.799","%a.s.","Humid","20.948","deg","41128","µV","27.809","°C","1021.000","hPa","36.4","pmil","0","55.390","deg","20.000","°C","100.000","%a.s.","21.720","deg","20.000","°C","977.000","hPa","0.861","-0.02617","0.00035","0","0","13.56","Humid","26.25","0","44.00","377792.09","SABD0000000001","AAV1.0.0.11","4.0.0.2323","PSt7-10","170328-019","7/29/2022 11:23:46 AM","0000-00","0","no battery","V","","µV","","µV"
"08/11/2022","10:22:28","6","default","383292078","Oxt_06","38.551","min","94.741","%a.s.","Humid","20.955","deg","41133","µV","27.809","°C","1021.000","hPa","36.4","pmil","0","55.390","deg","20.000","°C","100.000","%a.s.","21.720","deg","20.000","°C","977.000","hPa","0.861","-0.02617","0.00035","0","0","13.56","Humid","26.25","0","44.00","377784.57","SABD0000000001","AAV1.0.0.11","4.0.0.2323","PSt7-10","170328-019","7/29/2022 11:23:46 AM","0000-00","0","no battery","V","","µV","","µV"
"08/11/2022","10:22:29","6","default","383292078","Oxt_06","38.567","min","94.793","%a.s.","Humid","20.950","deg","41122","µV","27.797","°C","1021.000","hPa","36.4","pmil","0","55.390","deg","20.000","°C","100.000","%a.s.","21.720","deg","20.000","°C","977.000","hPa","0.861","-0.02617","0.00035","0","0","13.56","Humid","26.25","0","44.00","377778.91","SABD0000000001","AAV1.0.0.11","4.0.0.2323","PSt7-10","170328-019","7/29/2022 11:23:46 AM","0000-00","0","no battery","V","","µV","","µV"
"08/11/2022","10:22:30","6","default","383292078","Oxt_06","38.584","min","94.783","%a.s.","Humid","20.950","deg","41119","µV","27.808","°C","1021.000","hPa","36.4","pmil","0","55.390","deg","20.000","°C","100.000","%a.s.","21.720","deg","20.000","°C","977.000","hPa","0.861","-0.02617","0.00035","0","0","13.56","Humid","26.25","0","44.00","377782.08","SABD0000000001","AAV1.0.0.11","4.0.0.2323","PSt7-10","170328-019","7/29/2022 11:23:46 AM","0000-00","0","no battery","V","","µV","","µV"
"08/11/2022","10:22:31","6","default","383292078","Oxt_06","38.601","min","94.746","%a.s.","Humid","20.955","deg","41126","µV","27.803","°C","1021.000","hPa","36.4","pmil","0","55.390","deg","20.000","°C","100.000","%a.s.","21.720","deg","20.000","°C","977.000","hPa","0.861","-0.02617","0.00035","0","0","13.56","Humid","26.25","0","44.00","377775.42","SABD0000000001","AAV1.0.0.11","4.0.0.2323","PSt7-10","170328-019","7/29/2022 11:23:46 AM","0000-00","0","no battery","V","","µV","","µV"
"08/11/2022","10:22:32","6","default","383292078","Oxt_06","38.617","min","94.751","%a.s.","Humid","20.953","deg","41127","µV","27.816","°C","1021.000","hPa","36.4","pmil","0","55.390","deg","20.000","°C","100.000","%a.s.","21.720","deg","20.000","°C","977.000","hPa","0.861","-0.02617","0.00035","0","0","13.56","Humid","26.25","0","44.00","377779.04","SABD0000000001","AAV1.0.0.11","4.0.0.2323","PSt7-10","170328-019","7/29/2022 11:23:46 AM","0000-00","0","no battery","V","","µV","","µV"
"08/11/2022","10:22:33","6","default","383292078","Oxt_06","38.634","min","94.767","%a.s.","Humid","20.951","deg","41124","µV","27.817","°C","1021.000","hPa","36.4","pmil","0","55.390","deg","20.000","°C","100.000","%a.s.","21.720","deg","20.000","°C","977.000","hPa","0.861","-0.02617","0.00035","0","0","13.56","Humid","26.25","0","44.00","377788.10","SABD0000000001","AAV1.0.0.11","4.0.0.2323","PSt7-10","170328-019","7/29/2022 11:23:46 AM","0000-00","0","no battery","V","","µV","","µV"
"08/11/2022","10:22:34","6","default","383292078","Oxt_06","38.651","min","94.712","%a.s.","Humid","20.957","deg","41131","µV","27.821","°C","1021.000","hPa","36.4","pmil","0","55.390","deg","20.000","°C","100.000","%a.s.","21.720","deg","20.000","°C","977.000","hPa","0.861","-0.02617","0.00035","0","0","13.56","Humid","26.25","0","44.00","377800.44","SABD0000000001","AAV1.0.0.11","4.0.0.2323","PSt7-10","170328-019","7/29/2022 11:23:46 AM","0000-00","0","no battery","V","","µV","","µV"
"08/11/2022","10:22:35","6","default","383292078","Oxt_06","38.667","min","94.729","%a.s.","Humid","20.956","deg","41126","µV","27.812","°C","1021.000","hPa","36.4","pmil","0","55.390","deg","20.000","°C","100.000","%a.s.","21.720","deg","20.000","°C","977.000","hPa","0.861","-0.02617","0.00035","0","0","13.56","Humid","26.25","0","44.00","377789.71","SABD0000000001","AAV1.0.0.11","4.0.0.2323","PSt7-10","170328-019","7/29/2022 11:23:46 AM","0000-00","0","no battery","V","","µV","","µV"
"08/11/2022","10:22:36","6","default","383292078","Oxt_06","38.684","min","94.768","%a.s.","Humid","20.951","deg","41129","µV","27.815","°C","1021.000","hPa","36.4","pmil","0","55.390","deg","20.000","°C","100.000","%a.s.","21.720","deg","20.000","°C","977.000","hPa","0.861","-0.02617","0.00035","0","0","13.56","Humid","26.25","0","44.00","377792.94","SABD0000000001","AAV1.0.0.11","4.0.0.2323","PSt7-10","170328-019","7/29/2022 11:23:46 AM","0000-00","0","no battery","V","","µV","","µV"
"08/11/2022","10:22:37","6","default","383292078","Oxt_06","38.701","min","94.709","%a.s.","Humid","20.957","deg","41129","µV","27.825","°C","1021.000","hPa","36.4","pmil","0","55.390","deg","20.000","°C","100.000","%a.s.","21.720","deg","20.000","°C","977.000","hPa","0.861","-0.02617","0.00035","0","0","13.56","Humid","26.25","0","44.00","377775.97","SABD0000000001","AAV1.0.0.11","4.0.0.2323","PSt7-10","170328-019","7/29/2022 11:23:46 AM","0000-00","0","no battery","V","","µV","","µV"
"08/11/2022","10:22:38","6","default","383292078","Oxt_06","38.717","min","94.729","%a.s.","Humid","20.956","deg","41126","µV","27.812","°C","1021.000","hPa","36.4","pmil","0","55.390","deg","20.000","°C","100.000","%a.s.","21.720","deg","20.000","°C","977.000","hPa","0.861","-0.02617","0.00035","0","0","13.56","Humid","26.25","0","44.00","377772.17","SABD0000000001","AAV1.0.0.11","4.0.0.2323","PSt7-10","170328-019","7/29/2022 11:23:46 AM","0000-00","0","no battery","V","","µV","","µV"
"08/11/2022","10:22:39","6","default","383292078","Oxt_06","38.734","min","94.692","%a.s.","Humid","20.961","deg","41130","µV","27.807","°C","1021.000","hPa","36.4","pmil","0","55.390","deg","20.000","°C","100.000","%a.s.","21.720","deg","20.000","°C","977.000","hPa","0.861","-0.02617","0.00035","0","0","13.56","Humid","26.25","0","44.00","377780.92","SABD0000000001","AAV1.0.0.11","4.0.0.2323","PSt7-10","170328-019","7/29/2022 11:23:46 AM","0000-00","0","no battery","V","","µV","","µV"
"08/11/2022","10:22:40","6","default","383292078","Oxt_06","38.751","min","94.678","%a.s.","Humid","20.963","deg","41129","µV","27.804","°C","1021.000","hPa","36.4","pmil","0","55.390","deg","20.000","°C","100.000","%a.s.","21.720","deg","20.000","°C","977.000","hPa","0.861","-0.02617","0.00035","0","0","13.56","Humid","26.25","0","44.00","377792.62","SABD0000000001","AAV1.0.0.11","4.0.0.2323","PSt7-10","170328-019","7/29/2022 11:23:46 AM","0000-00","0","no battery","V","","µV","","µV"
"08/11/2022","10:22:41","6","default","383292078","Oxt_06","38.767","min","94.781","%a.s.","Humid","20.951","deg","41131","µV","27.801","°C","1021.000","hPa","36.4","pmil","0","55.390","deg","20.000","°C","100.000","%a.s.","21.720","deg","20.000","°C","977.000","hPa","0.861","-0.02617","0.00035","0","0","13.56","Humid","26.25","0","44.00","377775.88","SABD0000000001","AAV1.0.0.11","4.0.0.2323","PSt7-10","170328-019","7/29/2022 11:23:46 AM","0000-00","0","no battery","V","","µV","","µV"
"08/11/2022","10:22:42","6","default","383292078","Oxt_06","38.784","min","94.712","%a.s.","Humid","20.958","deg","41126","µV","27.812","°C","1021.000","hPa","36.4","pmil","0","55.390","deg","20.000","°C","100.000","%a.s.","21.720","deg","20.000","°C","977.000","hPa","0.861","-0.02617","0.00035","0","0","13.56","Humid","26.25","0","44.00","377784.61","SABD0000000001","AAV1.0.0.11","4.0.0.2323","PSt7-10","170328-019","7/29/2022 11:23:46 AM","0000-00","0","no battery","V","","µV","","µV"
"08/11/2022","10:22:43","6","default","383292078","Oxt_06","38.801","min","94.697","%a.s.","Humid","20.959","deg","41129","µV","27.820","°C","1021.000","hPa","36.4","pmil","0","55.390","deg","20.000","°C","100.000","%a.s.","21.720","deg","20.000","°C","977.000","hPa","0.861","-0.02617","0.00035","0","0","13.56","Humid","26.25","0","44.00","377781.09","SABD0000000001","AAV1.0.0.11","4.0.0.2323","PSt7-10","170328-019","7/29/2022 11:23:46 AM","0000-00","0","no battery","V","","µV","","µV"
"08/11/2022","10:22:44","6","default","383292078","Oxt_06","38.818","min","94.747","%a.s.","Humid","20.955","deg","41132","µV","27.802","°C","1021.000","hPa","36.4","pmil","0","55.390","deg","20.000","°C","100.000","%a.s.","21.720","deg","20.000","°C","977.000","hPa","0.861","-0.02617","0.00035","0","0","13.56","Humid","26.25","0","44.00","377790.42","SABD0000000001","AAV1.0.0.11","4.0.0.2323","PSt7-10","170328-019","7/29/2022 11:23:46 AM","0000-00","0","no battery","V","","µV","","µV"
"08/11/2022","10:22:45","6","default","383292078","Oxt_06","38.834","min","94.761","%a.s.","Humid","20.953","deg","41135","µV","27.805","°C","1021.000","hPa","36.4","pmil","0","55.390","deg","20.000","°C","100.000","%a.s.","21.720","deg","20.000","°C","977.000","hPa","0.861","-0.02617","0.00035","0","0","13.56","Humid","26.25","0","44.00","377790.95","SABD0000000001","AAV1.0.0.11","4.0.0.2323","PSt7-10","170328-019","7/29/2022 11:23:46 AM","0000-00","0","no battery","V","","µV","","µV"
"08/11/2022","10:22:46","6","default","383292078","Oxt_06","38.851","min","94.730","%a.s.","Humid","20.958","deg","41132","µV","27.793","°C","1021.000","hPa","36.4","pmil","0","55.390","deg","20.000","°C","100.000","%a.s.","21.720","deg","20.000","°C","977.000","hPa","0.861","-0.02617","0.00035","0","0","13.56","Humid","26.25","0","44.00","377791.21","SABD0000000001","AAV1.0.0.11","4.0.0.2323","PSt7-10","170328-019","7/29/2022 11:23:46 AM","0000-00","0","no battery","V","","µV","","µV"
"08/11/2022","10:22:47","6","default","383292078","Oxt_06","38.868","min","94.711","%a.s.","Humid","20.959","deg","41132","µV","27.804","°C","1021.000","hPa","36.4","pmil","0","55.390","deg","20.000","°C","100.000","%a.s.","21.720","deg","20.000","°C","977.000","hPa","0.861","-0.02617","0.00035","0","0","13.56","Humid","26.25","0","44.00","377789.77","SABD0000000001","AAV1.0.0.11","4.0.0.2323","PSt7-10","170328-019","7/29/2022 11:23:46 AM","0000-00","0","no battery","V","","µV","","µV"
"08/11/2022","10:22:48","6","default","383292078","Oxt_06","38.884","min","94.729","%a.s.","Humid","20.957","deg","41131","µV","27.803","°C","1021.000","hPa","36.4","pmil","0","55.390","deg","20.000","°C","100.000","%a.s.","21.720","deg","20.000","°C","977.000","hPa","0.861","-0.02617","0.00035","0","0","13.56","Humid","26.25","0","44.00","377784.34","SABD0000000001","AAV1.0.0.11","4.0.0.2323","PSt7-10","170328-019","7/29/2022 11:23:46 AM","0000-00","0","no battery","V","","µV","","µV"
"08/11/2022","10:22:49","6","default","383292078","Oxt_06","38.901","min","94.764","%a.s.","Humid","20.952","deg","41131","µV","27.811","°C","1021.000","hPa","36.4","pmil","0","55.390","deg","20.000","°C","100.000","%a.s.","21.720","deg","20.000","°C","977.000","hPa","0.861","-0.02617","0.00035","0","0","13.56","Humid","26.25","0","44.00","377787.96","SABD0000000001","AAV1.0.0.11","4.0.0.2323","PSt7-10","170328-019","7/29/2022 11:23:46 AM","0000-00","0","no battery","V","","µV","","µV"
"08/11/2022","10:22:50","6","default","383292078","Oxt_06","38.918","min","94.739","%a.s.","Humid","20.956","deg","41137","µV","27.801","°C","1021.000","hPa","36.4","pmil","0","55.390","deg","20.000","°C","100.000","%a.s.","21.720","deg","20.000","°C","977.000","hPa","0.861","-0.02617","0.00035","0","0","13.56","Humid","26.25","0","44.00","377797.12","SABD0000000001","AAV1.0.0.11","4.0.0.2323","PSt7-10","170328-019","7/29/2022 11:23:46 AM","0000-00","0","no battery","V","","µV","","µV"
"08/11/2022","10:22:51","6","default","383292078","Oxt_06","38.934","min","94.742","%a.s.","Humid","20.956","deg","41136","µV","27.798","°C","1021.000","hPa","36.4","pmil","0","55.390","deg","20.000","°C","100.000","%a.s.","21.720","deg","20.000","°C","977.000","hPa","0.861","-0.02617","0.00035","0","0","13.56","Humid","26.25","0","44.00","377788.55","SABD0000000001","AAV1.0.0.11","4.0.0.2323","PSt7-10","170328-019","7/29/2022 11:23:46 AM","0000-00","0","no battery","V","","µV","","µV"
"08/11/2022","10:22:52","6","default","383292078","Oxt_06","38.951","min","94.660","%a.s.","Humid","20.965","deg","41136","µV","27.805","°C","1021.000","hPa","36.4","pmil","0","55.390","deg","20.000","°C","100.000","%a.s.","21.720","deg","20.000","°C","977.000","hPa","0.861","-0.02617","0.00035","0","0","13.56","Humid","26.25","0","44.00","377789.39","SABD0000000001","AAV1.0.0.11","4.0.0.2323","PSt7-10","170328-019","7/29/2022 11:23:46 AM","0000-00","0","no battery","V","","µV","","µV"
"08/11/2022","10:22:53","6","default","383292078","Oxt_06","38.967","min","94.693","%a.s.","Humid","20.961","deg","41128","µV","27.806","°C","1021.000","hPa","36.4","pmil","0","55.390","deg","20.000","°C","100.000","%a.s.","21.720","deg","20.000","°C","977.000","hPa","0.861","-0.02617","0.00035","0","0","13.56","Humid","26.25","0","44.00","377790.22","SABD0000000001","AAV1.0.0.11","4.0.0.2323","PSt7-10","170328-019","7/29/2022 11:23:46 AM","0000-00","0","no battery","V","","µV","","µV"
"08/11/2022","10:22:54","6","default","383292078","Oxt_06","38.984","min","94.664","%a.s.","Humid","20.964","deg","41131","µV","27.810","°C","1021.000","hPa","36.4","pmil","0","55.390","deg","20.000","°C","100.000","%a.s.","21.720","deg","20.000","°C","977.000","hPa","0.861","-0.02617","0.00035","0","0","13.56","Humid","26.25","0","44.00","377794.12","SABD0000000001","AAV1.0.0.11","4.0.0.2323","PSt7-10","170328-019","7/29/2022 11:23:46 AM","0000-00","0","no battery","V","","µV","","µV"
"08/11/2022","10:22:55","6","default","383292078","Oxt_06","39.001","min","94.702","%a.s.","Humid","20.959","deg","41131","µV","27.815","°C","1021.000","hPa","36.4","pmil","0","55.390","deg","20.000","°C","100.000","%a.s.","21.720","deg","20.000","°C","977.000","hPa","0.861","-0.02617","0.00035","0","0","13.56","Humid","26.25","0","44.00","377800.00","SABD0000000001","AAV1.0.0.11","4.0.0.2323","PSt7-10","170328-019","7/29/2022 11:23:46 AM","0000-00","0","no battery","V","","µV","","µV"
"08/11/2022","10:22:56","6","default","383292078","Oxt_06","39.017","min","94.694","%a.s.","Humid","20.959","deg","41131","µV","27.823","°C","1021.000","hPa","36.4","pmil","0","55.390","deg","20.000","°C","100.000","%a.s.","21.720","deg","20.000","°C","977.000","hPa","0.861","-0.02617","0.00035","0","0","13.56","Humid","26.25","0","44.00","377803.79","SABD0000000001","AAV1.0.0.11","4.0.0.2323","PSt7-10","170328-019","7/29/2022 11:23:46 AM","0000-00","0","no battery","V","","µV","","µV"
"08/11/2022","10:22:57","6","default","383292078","Oxt_06","39.034","min","94.740","%a.s.","Humid","20.954","deg","41127","µV","27.819","°C","1021.000","hPa","36.4","pmil","0","55.390","deg","20.000","°C","100.000","%a.s.","21.720","deg","20.000","°C","977.000","hPa","0.861","-0.02617","0.00035","0","0","13.56","Humid","26.25","0","44.00","377796.65","SABD0000000001","AAV1.0.0.11","4.0.0.2323","PSt7-10","170328-019","7/29/2022 11:23:46 AM","0000-00","0","no battery","V","","µV","","µV"
"08/11/2022","10:22:58","6","default","383292078","Oxt_06","39.050","min","94.688","%a.s.","Humid","20.962","deg","41134","µV","27.802","°C","1021.000","hPa","36.4","pmil","0","55.390","deg","20.000","°C","100.000","%a.s.","21.720","deg","20.000","°C","977.000","hPa","0.861","-0.02617","0.00035","0","0","13.56","Humid","26.25","0","44.00","377815.49","SABD0000000001","AAV1.0.0.11","4.0.0.2323","PSt7-10","170328-019","7/29/2022 11:23:46 AM","0000-00","0","no battery","V","","µV","","µV"
"08/11/2022","10:22:59","6","default","383292078","Oxt_06","39.067","min","94.661","%a.s.","Humid","20.964","deg","41126","µV","27.813","°C","1021.000","hPa","36.4","pmil","0","55.390","deg","20.000","°C","100.000","%a.s.","21.720","deg","20.000","°C","977.000","hPa","0.861","-0.02617","0.00035","0","0","13.56","Humid","26.25","0","44.00","377794.09","SABD0000000001","AAV1.0.0.11","4.0.0.2323","PSt7-10","170328-019","7/29/2022 11:23:46 AM","0000-00","0","no battery","V","","µV","","µV"
"08/11/2022","10:23:00","6","default","383292078","Oxt_06","39.084","min","94.720","%a.s.","Humid","20.958","deg","41138","µV","27.803","°C","1021.000","hPa","36.4","pmil","0","55.390","deg","20.000","°C","100.000","%a.s.","21.720","deg","20.000","°C","977.000","hPa","0.861","-0.02617","0.00035","0","0","13.56","Humid","26.25","0","44.00","377800.46","SABD0000000001","AAV1.0.0.11","4.0.0.2323","PSt7-10","170328-019","7/29/2022 11:23:46 AM","0000-00","0","no battery","V","","µV","","µV"
"08/11/2022","10:23:01","6","default","383292078","Oxt_06","39.100","min","94.654","%a.s.","Humid","20.965","deg","41134","µV","27.812","°C","1021.000","hPa","36.4","pmil","0","55.390","deg","20.000","°C","100.000","%a.s.","21.720","deg","20.000","°C","977.000","hPa","0.861","-0.02617","0.00035","0","0","13.56","Humid","26.25","0","44.00","377792.53","SABD0000000001","AAV1.0.0.11","4.0.0.2323","PSt7-10","170328-019","7/29/2022 11:23:46 AM","0000-00","0","no battery","V","","µV","","µV"
"08/11/2022","10:23:02","6","default","383292078","Oxt_06","39.117","min","94.710","%a.s.","Humid","20.958","deg","41129","µV","27.815","°C","1021.000","hPa","36.4","pmil","0","55.390","deg","20.000","°C","100.000","%a.s.","21.720","deg","20.000","°C","977.000","hPa","0.861","-0.02617","0.00035","0","0","13.56","Humid","26.25","0","44.00","377806.10","SABD0000000001","AAV1.0.0.11","4.0.0.2323","PSt7-10","170328-019","7/29/2022 11:23:46 AM","0000-00","0","no battery","V","","µV","","µV"
"08/11/2022","10:23:03","6","default","383292078","Oxt_06","39.134","min","94.672","%a.s.","Humid","20.962","deg","41142","µV","27.820","°C","1021.000","hPa","36.4","pmil","0","55.390","deg","20.000","°C","100.000","%a.s.","21.720","deg","20.000","°C","977.000","hPa","0.861","-0.02617","0.00035","0","0","13.56","Humid","26.25","0","44.00","377793.39","SABD0000000001","AAV1.0.0.11","4.0.0.2323","PSt7-10","170328-019","7/29/2022 11:23:46 AM","0000-00","0","no battery","V","","µV","","µV"
"08/11/2022","10:23:04","6","default","383292078","Oxt_06","39.150","min","94.780","%a.s.","Humid","20.951","deg","41138","µV","27.803","°C","1021.000","hPa","36.4","pmil","0","55.390","deg","20.000","°C","100.000","%a.s.","21.720","deg","20.000","°C","977.000","hPa","0.861","-0.02617","0.00035","0","0","13.56","Humid","26.25","0","44.00","377804.93","SABD0000000001","AAV1.0.0.11","4.0.0.2323","PSt7-10","170328-019","7/29/2022 11:23:46 AM","0000-00","0","no battery","V","","µV","","µV"
"08/11/2022","10:23:05","6","default","383292078","Oxt_06","39.167","min","94.691","%a.s.","Humid","20.961","deg","41138","µV","27.808","°C","1021.000","hPa","36.4","pmil","0","55.390","deg","20.000","°C","100.000","%a.s.","21.720","deg","20.000","°C","977.000","hPa","0.861","-0.02617","0.00035","0","0","13.56","Humid","26.25","0","44.00","377809.18","SABD0000000001","AAV1.0.0.11","4.0.0.2323","PSt7-10","170328-019","7/29/2022 11:23:46 AM","0000-00","0","no battery","V","","µV","","µV"
"08/11/2022","10:23:06","6","default","383292078","Oxt_06","39.184","min","94.675","%a.s.","Humid","20.964","deg","41132","µV","27.798","°C","1021.000","hPa","36.4","pmil","0","55.390","deg","20.000","°C","100.000","%a.s.","21.720","deg","20.000","°C","977.000","hPa","0.861","-0.02617","0.00035","0","0","13.56","Humid","26.25","0","44.00","377812.25","SABD0000000001","AAV1.0.0.11","4.0.0.2323","PSt7-10","170328-019","7/29/2022 11:23:46 AM","0000-00","0","no battery","V","","µV","","µV"
"08/11/2022","10:23:07","6","default","383292078","Oxt_06","39.201","min","94.646","%a.s.","Humid","20.966","deg","41142","µV","27.811","°C","1021.000","hPa","36.4","pmil","0","55.390","deg","20.000","°C","100.000","%a.s.","21.720","deg","20.000","°C","977.000","hPa","0.861","-0.02617","0.00035","0","0","13.56","Humid","26.25","0","44.00","377812.78","SABD0000000001","AAV1.0.0.11","4.0.0.2323","PSt7-10","170328-019","7/29/2022 11:23:46 AM","0000-00","0","no battery","V","","µV","","µV"
"08/11/2022","10:23:08","6","default","383292078","Oxt_06","39.217","min","94.692","%a.s.","Humid","20.960","deg","41132","µV","27.816","°C","1021.000","hPa","36.4","pmil","0","55.390","deg","20.000","°C","100.000","%a.s.","21.720","deg","20.000","°C","977.000","hPa","0.861","-0.02617","0.00035","0","0","13.56","Humid","26.25","0","44.00","377801.55","SABD0000000001","AAV1.0.0.11","4.0.0.2323","PSt7-10","170328-019","7/29/2022 11:23:46 AM","0000-00","0","no battery","V","","µV","","µV"
"08/11/2022","10:23:09","6","default","383292078","Oxt_06","39.234","min","94.697","%a.s.","Humid","20.961","deg","41136","µV","27.801","°C","1021.000","hPa","36.4","pmil","0","55.390","deg","20.000","°C","100.000","%a.s.","21.720","deg","20.000","°C","977.000","hPa","0.861","-0.02617","0.00035","0","0","13.56","Humid","26.25","0","44.00","377812.84","SABD0000000001","AAV1.0.0.11","4.0.0.2323","PSt7-10","170328-019","7/29/2022 11:23:46 AM","0000-00","0","no battery","V","","µV","","µV"
"08/11/2022","10:23:10","6","default","383292078","Oxt_06","39.251","min","94.706","%a.s.","Humid","20.959","deg","41136","µV","27.810","°C","1021.000","hPa","36.4","pmil","0","55.390","deg","20.000","°C","100.000","%a.s.","21.720","deg","20.000","°C","977.000","hPa","0.861","-0.02617","0.00035","0","0","13.56","Humid","26.25","0","44.00","377806.28","SABD0000000001","AAV1.0.0.11","4.0.0.2323","PSt7-10","170328-019","7/29/2022 11:23:46 AM","0000-00","0","no battery","V","","µV","","µV"
"08/11/2022","10:23:11","6","default","383292078","Oxt_06","39.267","min","94.681","%a.s.","Humid","20.961","deg","41141","µV","27.819","°C","1021.000","hPa","36.4","pmil","0","55.390","deg","20.000","°C","100.000","%a.s.","21.720","deg","20.000","°C","977.000","hPa","0.861","-0.02617","0.00035","0","0","13.56","Humid","26.25","0","44.00","377799.75","SABD0000000001","AAV1.0.0.11","4.0.0.2323","PSt7-10","170328-019","7/29/2022 11:23:46 AM","0000-00","0","no battery","V","","µV","","µV"
"08/11/2022","10:23:12","6","default","383292078","Oxt_06","39.284","min","94.604","%a.s.","Humid","20.971","deg","41135","µV","27.811","°C","1021.000","hPa","36.4","pmil","0","55.390","deg","20.000","°C","100.000","%a.s.","21.720","deg","20.000","°C","977.000","hPa","0.861","-0.02617","0.00035","0","0","13.56","Humid","26.25","0","44.00","377810.09","SABD0000000001","AAV1.0.0.11","4.0.0.2323","PSt7-10","170328-019","7/29/2022 11:23:46 AM","0000-00","0","no battery","V","","µV","","µV"
"08/11/2022","10:23:13","6","default","383292078","Oxt_06","39.301","min","94.675","%a.s.","Humid","20.963","deg","41139","µV","27.807","°C","1021.000","hPa","36.4","pmil","0","55.390","deg","20.000","°C","100.000","%a.s.","21.720","deg","20.000","°C","977.000","hPa","0.861","-0.02617","0.00035","0","0","13.56","Humid","26.25","0","44.00","377808.02","SABD0000000001","AAV1.0.0.11","4.0.0.2323","PSt7-10","170328-019","7/29/2022 11:23:46 AM","0000-00","0","no battery","V","","µV","","µV"
"08/11/2022","10:23:14","6","default","383292078","Oxt_06","39.317","min","94.734","%a.s.","Humid","20.955","deg","41133","µV","27.816","°C","1021.000","hPa","36.4","pmil","0","55.390","deg","20.000","°C","100.000","%a.s.","21.720","deg","20.000","°C","977.000","hPa","0.861","-0.02617","0.00035","0","0","13.56","Humid","26.25","0","44.00","377821.35","SABD0000000001","AAV1.0.0.11","4.0.0.2323","PSt7-10","170328-019","7/29/2022 11:23:46 AM","0000-00","0","no battery","V","","µV","","µV"
"08/11/2022","10:23:15","6","default","383292078","Oxt_06","39.334","min","94.628","%a.s.","Humid","20.968","deg","41138","µV","27.812","°C","1021.000","hPa","36.4","pmil","0","55.390","deg","20.000","°C","100.000","%a.s.","21.720","deg","20.000","°C","977.000","hPa","0.861","-0.02617","0.00035","0","0","13.56","Humid","26.25","0","44.00","377820.94","SABD0000000001","AAV1.0.0.11","4.0.0.2323","PSt7-10","170328-019","7/29/2022 11:23:46 AM","0000-00","0","no battery","V","","µV","","µV"
"08/11/2022","10:23:16","6","default","383292078","Oxt_06","39.351","min","94.598","%a.s.","Humid","20.972","deg","41136","µV","27.808","°C","1021.000","hPa","36.4","pmil","0","55.390","deg","20.000","°C","100.000","%a.s.","21.720","deg","20.000","°C","977.000","hPa","0.861","-0.02617","0.00035","0","0","13.56","Humid","26.25","0","44.00","377826.19","SABD0000000001","AAV1.0.0.11","4.0.0.2323","PSt7-10","170328-019","7/29/2022 11:23:46 AM","0000-00","0","no battery","V","","µV","","µV"
"08/11/2022","10:23:17","6","default","383292078","Oxt_06","39.367","min","94.688","%a.s.","Humid","20.962","deg","41135","µV","27.802","°C","1021.000","hPa","36.4","pmil","0","55.390","deg","20.000","°C","100.000","%a.s.","21.720","deg","20.000","°C","977.000","hPa","0.861","-0.02617","0.00035","0","0","13.56","Humid","26.25","0","44.00","377814.90","SABD0000000001","AAV1.0.0.11","4.0.0.2323","PSt7-10","170328-019","7/29/2022 11:23:46 AM","0000-00","0","no battery","V","","µV","","µV"
"08/11/2022","10:23:18","6","default","383292078","Oxt_06","39.384","min","94.651","%a.s.","Humid","20.965","deg","41142","µV","27.814","°C","1021.000","hPa","36.4","pmil","0","55.390","deg","20.000","°C","100.000","%a.s.","21.720","deg","20.000","°C","977.000","hPa","0.861","-0.02617","0.00035","0","0","13.56","Humid","26.25","0","44.00","377815.32","SABD0000000001","AAV1.0.0.11","4.0.0.2323","PSt7-10","170328-019","7/29/2022 11:23:46 AM","0000-00","0","no battery","V","","µV","","µV"
"08/11/2022","10:23:19","6","default","383292078","Oxt_06","39.401","min","94.591","%a.s.","Humid","20.973","deg","41140","µV","27.807","°C","1021.000","hPa","36.4","pmil","0","55.390","deg","20.000","°C","100.000","%a.s.","21.720","deg","20.000","°C","977.000","hPa","0.861","-0.02617","0.00035","0","0","13.56","Humid","26.25","0","44.00","377819.47","SABD0000000001","AAV1.0.0.11","4.0.0.2323","PSt7-10","170328-019","7/29/2022 11:23:46 AM","0000-00","0","no battery","V","","µV","","µV"
"08/11/2022","10:23:20","6","default","383292078","Oxt_06","39.417","min","94.686","%a.s.","Humid","20.961","deg","41140","µV","27.814","°C","1021.000","hPa","36.4","pmil","0","55.390","deg","20.000","°C","100.000","%a.s.","21.720","deg","20.000","°C","977.000","hPa","0.861","-0.02617","0.00035","0","0","13.56","Humid","26.25","0","44.00","377819.42","SABD0000000001","AAV1.0.0.11","4.0.0.2323","PSt7-10","170328-019","7/29/2022 11:23:46 AM","0000-00","0","no battery","V","","µV","","µV"
"08/11/2022","10:23:21","6","default","383292078","Oxt_06","39.434","min","94.629","%a.s.","Humid","20.968","deg","41138","µV","27.811","°C","1021.000","hPa","36.4","pmil","0","55.390","deg","20.000","°C","100.000","%a.s.","21.720","deg","20.000","°C","977.000","hPa","0.861","-0.02617","0.00035","0","0","13.56","Humid","26.25","0","44.00","377823.96","SABD0000000001","AAV1.0.0.11","4.0.0.2323","PSt7-10","170328-019","7/29/2022 11:23:46 AM","0000-00","0","no battery","V","","µV","","µV"
"08/11/2022","10:23:22","6","default","383292078","Oxt_06","39.451","min","94.685","%a.s.","Humid","20.962","deg","41144","µV","27.805","°C","1021.000","hPa","36.4","pmil","0","55.390","deg","20.000","°C","100.000","%a.s.","21.720","deg","20.000","°C","977.000","hPa","0.861","-0.02617","0.00035","0","0","13.56","Humid","26.25","0","44.00","377835.59","SABD0000000001","AAV1.0.0.11","4.0.0.2323","PSt7-10","170328-019","7/29/2022 11:23:46 AM","0000-00","0","no battery","V","","µV","","µV"
"08/11/2022","10:23:23","6","default","383292078","Oxt_06","39.467","min","94.564","%a.s.","Humid","20.977","deg","41139","µV","27.799","°C","1021.000","hPa","36.4","pmil","0","55.390","deg","20.000","°C","100.000","%a.s.","21.720","deg","20.000","°C","977.000","hPa","0.861","-0.02617","0.00035","0","0","13.56","Humid","26.25","0","44.00","377829.42","SABD0000000001","AAV1.0.0.11","4.0.0.2323","PSt7-10","170328-019","7/29/2022 11:23:46 AM","0000-00","0","no battery","V","","µV","","µV"
"08/11/2022","10:23:24","6","default","383292078","Oxt_06","39.484","min","94.682","%a.s.","Humid","20.963","deg","41148","µV","27.800","°C","1021.000","hPa","36.4","pmil","0","55.390","deg","20.000","°C","100.000","%a.s.","21.720","deg","20.000","°C","977.000","hPa","0.861","-0.02617","0.00035","0","0","13.56","Humid","26.25","0","44.00","377832.94","SABD0000000001","AAV1.0.0.11","4.0.0.2323","PSt7-10","170328-019","7/29/2022 11:23:46 AM","0000-00","0","no battery","V","","µV","","µV"
"08/11/2022","10:23:25","6","default","383292078","Oxt_06","39.501","min","94.641","%a.s.","Humid","20.967","deg","41141","µV","27.807","°C","1021.000","hPa","36.4","pmil","0","55.390","deg","20.000","°C","100.000","%a.s.","21.720","deg","20.000","°C","977.000","hPa","0.861","-0.02617","0.00035","0","0","13.56","Humid","26.25","0","44.00","377829.96","SABD0000000001","AAV1.0.0.11","4.0.0.2323","PSt7-10","170328-019","7/29/2022 11:23:46 AM","0000-00","0","no battery","V","","µV","","µV"
"08/11/2022","10:23:26","6","default","383292078","Oxt_06","39.517","min","94.633","%a.s.","Humid","20.968","deg","41149","µV","27.807","°C","1021.000","hPa","36.4","pmil","0","55.390","deg","20.000","°C","100.000","%a.s.","21.720","deg","20.000","°C","977.000","hPa","0.861","-0.02617","0.00035","0","0","13.56","Humid","26.25","0","44.00","377840.29","SABD0000000001","AAV1.0.0.11","4.0.0.2323","PSt7-10","170328-019","7/29/2022 11:23:46 AM","0000-00","0","no battery","V","","µV","","µV"
"08/11/2022","10:23:27","6","default","383292078","Oxt_06","39.534","min","94.679","%a.s.","Humid","20.964","deg","41142","µV","27.793","°C","1021.000","hPa","36.4","pmil","0","55.390","deg","20.000","°C","100.000","%a.s.","21.720","deg","20.000","°C","977.000","hPa","0.861","-0.02617","0.00035","0","0","13.56","Humid","26.25","0","44.00","377831.89","SABD0000000001","AAV1.0.0.11","4.0.0.2323","PSt7-10","170328-019","7/29/2022 11:23:46 AM","0000-00","0","no battery","V","","µV","","µV"
"08/11/2022","10:23:28","6","default","383292078","Oxt_06","39.551","min","94.650","%a.s.","Humid","20.967","deg","41144","µV","27.797","°C","1021.000","hPa","36.4","pmil","0","55.390","deg","20.000","°C","100.000","%a.s.","21.720","deg","20.000","°C","977.000","hPa","0.861","-0.02617","0.00035","0","0","13.56","Humid","26.25","0","44.00","377824.53","SABD0000000001","AAV1.0.0.11","4.0.0.2323","PSt7-10","170328-019","7/29/2022 11:23:46 AM","0000-00","0","no battery","V","","µV","","µV"
"08/11/2022","10:23:29","6","default","383292078","Oxt_06","39.567","min","94.630","%a.s.","Humid","20.967","deg","41141","µV","27.820","°C","1021.000","hPa","36.4","pmil","0","55.390","deg","20.000","°C","100.000","%a.s.","21.720","deg","20.000","°C","977.000","hPa","0.861","-0.02617","0.00035","0","0","13.56","Humid","26.25","0","44.00","377832.25","SABD0000000001","AAV1.0.0.11","4.0.0.2323","PSt7-10","170328-019","7/29/2022 11:23:46 AM","0000-00","0","no battery","V","","µV","","µV"
"08/11/2022","10:23:30","6","default","383292078","Oxt_06","39.584","min","94.617","%a.s.","Humid","20.968","deg","41142","µV","27.825","°C","1021.000","hPa","36.4","pmil","0","55.390","deg","20.000","°C","100.000","%a.s.","21.720","deg","20.000","°C","977.000","hPa","0.861","-0.02617","0.00035","0","0","13.56","Humid","26.25","0","44.00","377830.96","SABD0000000001","AAV1.0.0.11","4.0.0.2323","PSt7-10","170328-019","7/29/2022 11:23:46 AM","0000-00","0","no battery","V","","µV","","µV"
"08/11/2022","10:23:31","6","default","383292078","Oxt_06","39.601","min","94.684","%a.s.","Humid","20.961","deg","41145","µV","27.816","°C","1021.000","hPa","36.4","pmil","0","55.390","deg","20.000","°C","100.000","%a.s.","21.720","deg","20.000","°C","977.000","hPa","0.861","-0.02617","0.00035","0","0","13.56","Humid","26.25","0","44.00","377837.25","SABD0000000001","AAV1.0.0.11","4.0.0.2323","PSt7-10","170328-019","7/29/2022 11:23:46 AM","0000-00","0","no battery","V","","µV","","µV"
"08/11/2022","10:23:32","6","default","383292078","Oxt_06","39.618","min","94.658","%a.s.","Humid","20.964","deg","41146","µV","27.816","°C","1021.000","hPa","36.4","pmil","0","55.390","deg","20.000","°C","100.000","%a.s.","21.720","deg","20.000","°C","977.000","hPa","0.861","-0.02617","0.00035","0","0","13.56","Humid","26.25","0","44.00","377849.78","SABD0000000001","AAV1.0.0.11","4.0.0.2323","PSt7-10","170328-019","7/29/2022 11:23:46 AM","0000-00","0","no battery","V","","µV","","µV"
"08/11/2022","10:23:33","6","default","383292078","Oxt_06","39.634","min","94.658","%a.s.","Humid","20.964","deg","41141","µV","27.816","°C","1021.000","hPa","36.4","pmil","0","55.390","deg","20.000","°C","100.000","%a.s.","21.720","deg","20.000","°C","977.000","hPa","0.861","-0.02617","0.00035","0","0","13.56","Humid","26.25","0","44.00","377838.34","SABD0000000001","AAV1.0.0.11","4.0.0.2323","PSt7-10","170328-019","7/29/2022 11:23:46 AM","0000-00","0","no battery","V","","µV","","µV"
"08/11/2022","10:23:34","6","default","383292078","Oxt_06","39.651","min","94.636","%a.s.","Humid","20.968","deg","41148","µV","27.803","°C","1021.000","hPa","36.4","pmil","0","55.390","deg","20.000","°C","100.000","%a.s.","21.720","deg","20.000","°C","977.000","hPa","0.861","-0.02617","0.00035","0","0","13.56","Humid","26.25","0","44.00","377833.35","SABD0000000001","AAV1.0.0.11","4.0.0.2323","PSt7-10","170328-019","7/29/2022 11:23:46 AM","0000-00","0","no battery","V","","µV","","µV"
"08/11/2022","10:23:35","6","default","383292078","Oxt_06","39.668","min","94.592","%a.s.","Humid","20.974","deg","41151","µV","27.796","°C","1021.000","hPa","36.4","pmil","0","55.390","deg","20.000","°C","100.000","%a.s.","21.720","deg","20.000","°C","977.000","hPa","0.861","-0.02617","0.00035","0","0","13.56","Humid","26.25","0","44.00","377833.25","SABD0000000001","AAV1.0.0.11","4.0.0.2323","PSt7-10","170328-019","7/29/2022 11:23:46 AM","0000-00","0","no battery","V","","µV","","µV"
"08/11/2022","10:23:36","6","default","383292078","Oxt_06","39.684","min","94.624","%a.s.","Humid","20.969","deg","41145","µV","27.808","°C","1021.000","hPa","36.4","pmil","0","55.390","deg","20.000","°C","100.000","%a.s.","21.720","deg","20.000","°C","977.000","hPa","0.861","-0.02617","0.00035","0","0","13.56","Humid","26.25","0","44.00","377833.44","SABD0000000001","AAV1.0.0.11","4.0.0.2323","PSt7-10","170328-019","7/29/2022 11:23:46 AM","0000-00","0","no battery","V","","µV","","µV"
"08/11/2022","10:23:37","6","default","383292078","Oxt_06","39.701","min","94.639","%a.s.","Humid","20.968","deg","41143","µV","27.800","°C","1021.000","hPa","36.4","pmil","0","55.390","deg","20.000","°C","100.000","%a.s.","21.720","deg","20.000","°C","977.000","hPa","0.861","-0.02617","0.00035","0","0","13.56","Humid","26.25","0","44.00","377835.98","SABD0000000001","AAV1.0.0.11","4.0.0.2323","PSt7-10","170328-019","7/29/2022 11:23:46 AM","0000-00","0","no battery","V","","µV","","µV"
"08/11/2022","10:23:38","6","default","383292078","Oxt_06","39.718","min","94.600","%a.s.","Humid","20.971","deg","41150","µV","27.816","°C","1021.000","hPa","36.4","pmil","0","55.390","deg","20.000","°C","100.000","%a.s.","21.720","deg","20.000","°C","977.000","hPa","0.861","-0.02617","0.00035","0","0","13.56","Humid","26.25","0","44.00","377851.73","SABD0000000001","AAV1.0.0.11","4.0.0.2323","PSt7-10","170328-019","7/29/2022 11:23:46 AM","0000-00","0","no battery","V","","µV","","µV"
"08/11/2022","10:23:39","6","default","383292078","Oxt_06","39.734","min","94.604","%a.s.","Humid","20.972","deg","41155","µV","27.801","°C","1021.000","hPa","36.4","pmil","0","55.390","deg","20.000","°C","100.000","%a.s.","21.720","deg","20.000","°C","977.000","hPa","0.861","-0.02617","0.00035","0","0","13.56","Humid","26.25","0","44.00","377836.25","SABD0000000001","AAV1.0.0.11","4.0.0.2323","PSt7-10","170328-019","7/29/2022 11:23:46 AM","0000-00","0","no battery","V","","µV","","µV"
"08/11/2022","10:23:40","6","default","383292078","Oxt_06","39.751","min","94.580","%a.s.","Humid","20.974","deg","41153","µV","27.810","°C","1021.000","hPa","36.4","pmil","0","55.390","deg","20.000","°C","100.000","%a.s.","21.720","deg","20.000","°C","977.000","hPa","0.861","-0.02617","0.00035","0","0","13.56","Humid","26.25","0","44.00","377845.98","SABD0000000001","AAV1.0.0.11","4.0.0.2323","PSt7-10","170328-019","7/29/2022 11:23:46 AM","0000-00","0","no battery","V","","µV","","µV"
"08/11/2022","10:23:41","6","default","383292078","Oxt_06","39.768","min","94.676","%a.s.","Humid","20.962","deg","41150","µV","27.816","°C","1021.000","hPa","36.4","pmil","0","55.390","deg","20.000","°C","100.000","%a.s.","21.720","deg","20.000","°C","977.000","hPa","0.861","-0.02617","0.00035","0","0","13.56","Humid","26.25","0","44.00","377857.41","SABD0000000001","AAV1.0.0.11","4.0.0.2323","PSt7-10","170328-019","7/29/2022 11:23:46 AM","0000-00","0","no battery","V","","µV","","µV"
"08/11/2022","10:23:42","6","default","383292078","Oxt_06","39.784","min","94.526","%a.s.","Humid","20.982","deg","41152","µV","27.795","°C","1021.000","hPa","36.4","pmil","0","55.390","deg","20.000","°C","100.000","%a.s.","21.720","deg","20.000","°C","977.000","hPa","0.861","-0.02617","0.00035","0","0","13.56","Humid","26.25","0","44.00","377840.40","SABD0000000001","AAV1.0.0.11","4.0.0.2323","PSt7-10","170328-019","7/29/2022 11:23:46 AM","0000-00","0","no battery","V","","µV","","µV"
"08/11/2022","10:23:43","6","default","383292078","Oxt_06","39.801","min","94.666","%a.s.","Humid","20.965","deg","41150","µV","27.798","°C","1021.000","hPa","36.4","pmil","0","55.390","deg","20.000","°C","100.000","%a.s.","21.720","deg","20.000","°C","977.000","hPa","0.861","-0.02617","0.00035","0","0","13.56","Humid","26.25","0","44.00","377851.45","SABD0000000001","AAV1.0.0.11","4.0.0.2323","PSt7-10","170328-019","7/29/2022 11:23:46 AM","0000-00","0","no battery","V","","µV","","µV"
"08/11/2022","10:23:44","6","default","383292078","Oxt_06","39.818","min","94.601","%a.s.","Humid","20.972","deg","41153","µV","27.805","°C","1021.000","hPa","36.4","pmil","0","55.390","deg","20.000","°C","100.000","%a.s.","21.720","deg","20.000","°C","977.000","hPa","0.861","-0.02617","0.00035","0","0","13.56","Humid","26.25","0","44.00","377868.09","SABD0000000001","AAV1.0.0.11","4.0.0.2323","PSt7-10","170328-019","7/29/2022 11:23:46 AM","0000-00","0","no battery","V","","µV","","µV"
"08/11/2022","10:23:45","6","default","383292078","Oxt_06","39.834","min","94.678","%a.s.","Humid","20.963","deg","41156","µV","27.804","°C","1021.000","hPa","36.4","pmil","0","55.390","deg","20.000","°C","100.000","%a.s.","21.720","deg","20.000","°C","977.000","hPa","0.861","-0.02617","0.00035","0","0","13.56","Humid","26.25","0","44.00","377860.02","SABD0000000001","AAV1.0.0.11","4.0.0.2323","PSt7-10","170328-019","7/29/2022 11:23:46 AM","0000-00","0","no battery","V","","µV","","µV"
"08/11/2022","10:23:46","6","default","383292078","Oxt_06","39.851","min","94.566","%a.s.","Humid","20.977","deg","41157","µV","27.797","°C","1021.000","hPa","36.4","pmil","0","55.390","deg","20.000","°C","100.000","%a.s.","21.720","deg","20.000","°C","977.000","hPa","0.861","-0.02617","0.00035","0","0","13.56","Humid","26.25","0","44.00","377860.51","SABD0000000001","AAV1.0.0.11","4.0.0.2323","PSt7-10","170328-019","7/29/2022 11:23:46 AM","0000-00","0","no battery","V","","µV","","µV"
"08/11/2022","10:23:47","6","default","383292078","Oxt_06","39.868","min","94.616","%a.s.","Humid","20.972","deg","41154","µV","27.788","°C","1021.000","hPa","36.4","pmil","0","55.390","deg","20.000","°C","100.000","%a.s.","21.720","deg","20.000","°C","977.000","hPa","0.861","-0.02617","0.00035","0","0","13.56","Humid","26.25","0","44.00","377848.24","SABD0000000001","AAV1.0.0.11","4.0.0.2323","PSt7-10","170328-019","7/29/2022 11:23:46 AM","0000-00","0","no battery","V","","µV","","µV"
"08/11/2022","10:23:48","6","default","383292078","Oxt_06","39.884","min","94.614","%a.s.","Humid","20.971","deg","41155","µV","27.800","°C","1021.000","hPa","36.4","pmil","0","55.390","deg","20.000","°C","100.000","%a.s.","21.720","deg","20.000","°C","977.000","hPa","0.861","-0.02617","0.00035","0","0","13.56","Humid","26.25","0","44.00","377860.76","SABD0000000001","AAV1.0.0.11","4.0.0.2323","PSt7-10","170328-019","7/29/2022 11:23:46 AM","0000-00","0","no battery","V","","µV","","µV"
"08/11/2022","10:23:49","6","default","383292078","Oxt_06","39.901","min","94.625","%a.s.","Humid","20.968","deg","41151","µV","27.815","°C","1021.000","hPa","36.4","pmil","0","55.390","deg","20.000","°C","100.000","%a.s.","21.720","deg","20.000","°C","977.000","hPa","0.861","-0.02617","0.00035","0","0","13.56","Humid","26.25","0","44.00","377869.41","SABD0000000001","AAV1.0.0.11","4.0.0.2323","PSt7-10","170328-019","7/29/2022 11:23:46 AM","0000-00","0","no battery","V","","µV","","µV"
"08/11/2022","10:23:50","6","default","383292078","Oxt_06","39.918","min","94.592","%a.s.","Humid","20.974","deg","41154","µV","27.797","°C","1021.000","hPa","36.4","pmil","0","55.390","deg","20.000","°C","100.000","%a.s.","21.720","deg","20.000","°C","977.000","hPa","0.861","-0.02617","0.00035","0","0","13.56","Humid","26.25","0","44.00","377872.06","SABD0000000001","AAV1.0.0.11","4.0.0.2323","PSt7-10","170328-019","7/29/2022 11:23:46 AM","0000-00","0","no battery","V","","µV","","µV"
"08/11/2022","10:23:51","6","default","383292078","Oxt_06","39.934","min","94.564","%a.s.","Humid","20.975","deg","41158","µV","27.818","°C","1021.000","hPa","36.4","pmil","0","55.390","deg","20.000","°C","100.000","%a.s.","21.720","deg","20.000","°C","977.000","hPa","0.861","-0.02617","0.00035","0","0","13.56","Humid","26.25","0","44.00","377870.96","SABD0000000001","AAV1.0.0.11","4.0.0.2323","PSt7-10","170328-019","7/29/2022 11:23:46 AM","0000-00","0","no battery","V","","µV","","µV"
"08/11/2022","10:23:52","6","default","383292078","Oxt_06","39.950","min","94.541","%a.s.","Humid","20.978","deg","41157","µV","27.815","°C","1021.000","hPa","36.4","pmil","0","55.390","deg","20.000","°C","100.000","%a.s.","21.720","deg","20.000","°C","977.000","hPa","0.861","-0.02617","0.00035","0","0","13.56","Humid","26.25","0","44.00","377870.98","SABD0000000001","AAV1.0.0.11","4.0.0.2323","PSt7-10","170328-019","7/29/2022 11:23:46 AM","0000-00","0","no battery","V","","µV","","µV"
"08/11/2022","10:23:53","6","default","383292078","Oxt_06","39.967","min","94.586","%a.s.","Humid","20.974","deg","41155","µV","27.803","°C","1021.000","hPa","36.4","pmil","0","55.390","deg","20.000","°C","100.000","%a.s.","21.720","deg","20.000","°C","977.000","hPa","0.861","-0.02617","0.00035","0","0","13.56","Humid","26.25","0","44.00","377880.88","SABD0000000001","AAV1.0.0.11","4.0.0.2323","PSt7-10","170328-019","7/29/2022 11:23:46 AM","0000-00","0","no battery","V","","µV","","µV"
"08/11/2022","10:23:54","6","default","383292078","Oxt_06","39.984","min","94.572","%a.s.","Humid","20.974","deg","41164","µV","27.818","°C","1021.000","hPa","36.4","pmil","0","55.390","deg","20.000","°C","100.000","%a.s.","21.720","deg","20.000","°C","977.000","hPa","0.861","-0.02617","0.00035","0","0","13.56","Humid","26.25","0","44.00","377871.47","SABD0000000001","AAV1.0.0.11","4.0.0.2323","PSt7-10","170328-019","7/29/2022 11:23:46 AM","0000-00","0","no battery","V","","µV","","µV"
"08/11/2022","10:23:55","6","default","383292078","Oxt_06","40.000","min","94.601","%a.s.","Humid","20.971","deg","41160","µV","27.814","°C","1021.000","hPa","36.4","pmil","0","55.390","deg","20.000","°C","100.000","%a.s.","21.720","deg","20.000","°C","977.000","hPa","0.861","-0.02617","0.00035","0","0","13.56","Humid","26.25","0","44.00","377880.64","SABD0000000001","AAV1.0.0.11","4.0.0.2323","PSt7-10","170328-019","7/29/2022 11:23:46 AM","0000-00","0","no battery","V","","µV","","µV"
"08/11/2022","10:23:56","6","default","383292078","Oxt_06","40.017","min","94.621","%a.s.","Humid","20.970","deg","41157","µV","27.801","°C","1021.000","hPa","36.4","pmil","0","55.390","deg","20.000","°C","100.000","%a.s.","21.720","deg","20.000","°C","977.000","hPa","0.861","-0.02617","0.00035","0","0","13.56","Humid","26.25","0","44.00","377881.16","SABD0000000001","AAV1.0.0.11","4.0.0.2323","PSt7-10","170328-019","7/29/2022 11:23:46 AM","0000-00","0","no battery","V","","µV","","µV"
"08/11/2022","10:23:57","6","default","383292078","Oxt_06","40.034","min","94.576","%a.s.","Humid","20.975","deg","41165","µV","27.805","°C","1021.000","hPa","36.4","pmil","0","55.390","deg","20.000","°C","100.000","%a.s.","21.720","deg","20.000","°C","977.000","hPa","0.861","-0.02617","0.00035","0","0","13.56","Humid","26.25","0","44.00","377877.35","SABD0000000001","AAV1.0.0.11","4.0.0.2323","PSt7-10","170328-019","7/29/2022 11:23:46 AM","0000-00","0","no battery","V","","µV","","µV"
"08/11/2022","10:23:58","6","default","383292078","Oxt_06","40.050","min","94.585","%a.s.","Humid","20.974","deg","41161","µV","27.805","°C","1021.000","hPa","36.4","pmil","0","55.390","deg","20.000","°C","100.000","%a.s.","21.720","deg","20.000","°C","977.000","hPa","0.861","-0.02617","0.00035","0","0","13.56","Humid","26.25","0","44.00","377873.07","SABD0000000001","AAV1.0.0.11","4.0.0.2323","PSt7-10","170328-019","7/29/2022 11:23:46 AM","0000-00","0","no battery","V","","µV","","µV"
"08/11/2022","10:23:59","6","default","383292078","Oxt_06","40.067","min","94.562","%a.s.","Humid","20.976","deg","41161","µV","27.810","°C","1021.000","hPa","36.4","pmil","0","55.390","deg","20.000","°C","100.000","%a.s.","21.720","deg","20.000","°C","977.000","hPa","0.861","-0.02617","0.00035","0","0","13.56","Humid","26.25","0","44.00","377869.75","SABD0000000001","AAV1.0.0.11","4.0.0.2323","PSt7-10","170328-019","7/29/2022 11:23:46 AM","0000-00","0","no battery","V","","µV","","µV"
"08/11/2022","10:24:00","6","default","383292078","Oxt_06","40.084","min","94.504","%a.s.","Humid","20.983","deg","41164","µV","27.810","°C","1021.000","hPa","36.4","pmil","0","55.390","deg","20.000","°C","100.000","%a.s.","21.720","deg","20.000","°C","977.000","hPa","0.861","-0.02617","0.00035","0","0","13.56","Humid","26.25","0","44.00","377876.40","SABD0000000001","AAV1.0.0.11","4.0.0.2323","PSt7-10","170328-019","7/29/2022 11:23:46 AM","0000-00","0","no battery","V","","µV","","µV"
"08/11/2022","10:24:01","6","default","383292078","Oxt_06","40.100","min","94.546","%a.s.","Humid","20.978","deg","41163","µV","27.810","°C","1021.000","hPa","36.4","pmil","0","55.390","deg","20.000","°C","100.000","%a.s.","21.720","deg","20.000","°C","977.000","hPa","0.861","-0.02617","0.00035","0","0","13.56","Humid","26.25","0","44.00","377884.53","SABD0000000001","AAV1.0.0.11","4.0.0.2323","PSt7-10","170328-019","7/29/2022 11:23:46 AM","0000-00","0","no battery","V","","µV","","µV"
"08/11/2022","10:24:02","6","default","383292078","Oxt_06","40.117","min","94.571","%a.s.","Humid","20.975","deg","41165","µV","27.811","°C","1021.000","hPa","36.4","pmil","0","55.390","deg","20.000","°C","100.000","%a.s.","21.720","deg","20.000","°C","977.000","hPa","0.861","-0.02617","0.00035","0","0","13.56","Humid","26.25","0","44.00","377890.92","SABD0000000001","AAV1.0.0.11","4.0.0.2323","PSt7-10","170328-019","7/29/2022 11:23:46 AM","0000-00","0","no battery","V","","µV","","µV"
"08/11/2022","10:24:03","6","default","383292078","Oxt_06","40.134","min","94.589","%a.s.","Humid","20.973","deg","41161","µV","27.809","°C","1021.000","hPa","36.4","pmil","0","55.390","deg","20.000","°C","100.000","%a.s.","21.720","deg","20.000","°C","977.000","hPa","0.861","-0.02617","0.00035","0","0","13.56","Humid","26.25","0","44.00","377904.54","SABD0000000001","AAV1.0.0.11","4.0.0.2323","PSt7-10","170328-019","7/29/2022 11:23:46 AM","0000-00","0","no battery","V","","µV","","µV"
"08/11/2022","10:24:04","6","default","383292078","Oxt_06","40.150","min","94.601","%a.s.","Humid","20.972","deg","41170","µV","27.805","°C","1021.000","hPa","36.4","pmil","0","55.390","deg","20.000","°C","100.000","%a.s.","21.720","deg","20.000","°C","977.000","hPa","0.861","-0.02617","0.00035","0","0","13.56","Humid","26.25","0","44.00","377898.65","SABD0000000001","AAV1.0.0.11","4.0.0.2323","PSt7-10","170328-019","7/29/2022 11:23:46 AM","0000-00","0","no battery","V","","µV","","µV"
"08/11/2022","10:24:05","6","default","383292078","Oxt_06","40.167","min","94.595","%a.s.","Humid","20.973","deg","41165","µV","27.803","°C","1021.000","hPa","36.4","pmil","0","55.390","deg","20.000","°C","100.000","%a.s.","21.720","deg","20.000","°C","977.000","hPa","0.861","-0.02617","0.00035","0","0","13.56","Humid","26.25","0","44.00","377891.03","SABD0000000001","AAV1.0.0.11","4.0.0.2323","PSt7-10","170328-019","7/29/2022 11:23:46 AM","0000-00","0","no battery","V","","µV","","µV"
"08/11/2022","10:24:06","6","default","383292078","Oxt_06","40.184","min","94.583","%a.s.","Humid","20.975","deg","41175","µV","27.797","°C","1021.000","hPa","36.4","pmil","0","55.390","deg","20.000","°C","100.000","%a.s.","21.720","deg","20.000","°C","977.000","hPa","0.861","-0.02617","0.00035","0","0","13.56","Humid","26.25","0","44.00","377906.12","SABD0000000001","AAV1.0.0.11","4.0.0.2323","PSt7-10","170328-019","7/29/2022 11:23:46 AM","0000-00","0","no battery","V","","µV","","µV"
"08/11/2022","10:24:07","6","default","383292078","Oxt_06","40.200","min","94.529","%a.s.","Humid","20.980","deg","41169","µV","27.810","°C","1021.000","hPa","36.4","pmil","0","55.390","deg","20.000","°C","100.000","%a.s.","21.720","deg","20.000","°C","977.000","hPa","0.861","-0.02617","0.00035","0","0","13.56","Humid","26.25","0","44.00","377903.27","SABD0000000001","AAV1.0.0.11","4.0.0.2323","PSt7-10","170328-019","7/29/2022 11:23:46 AM","0000-00","0","no battery","V","","µV","","µV"
"08/11/2022","10:24:08","6","default","383292078","Oxt_06","40.217","min","94.590","%a.s.","Humid","20.973","deg","41165","µV","27.808","°C","1021.000","hPa","36.4","pmil","0","55.390","deg","20.000","°C","100.000","%a.s.","21.720","deg","20.000","°C","977.000","hPa","0.861","-0.02617","0.00035","0","0","13.56","Humid","26.25","0","44.00","377887.87","SABD0000000001","AAV1.0.0.11","4.0.0.2323","PSt7-10","170328-019","7/29/2022 11:23:46 AM","0000-00","0","no battery","V","","µV","","µV"
"08/11/2022","10:24:09","6","default","383292078","Oxt_06","40.234","min","94.553","%a.s.","Humid","20.977","deg","41171","µV","27.812","°C","1021.000","hPa","36.4","pmil","0","55.390","deg","20.000","°C","100.000","%a.s.","21.720","deg","20.000","°C","977.000","hPa","0.861","-0.02617","0.00035","0","0","13.56","Humid","26.25","0","44.00","377899.91","SABD0000000001","AAV1.0.0.11","4.0.0.2323","PSt7-10","170328-019","7/29/2022 11:23:46 AM","0000-00","0","no battery","V","","µV","","µV"
"08/11/2022","10:24:10","6","default","383292078","Oxt_06","40.251","min","94.493","%a.s.","Humid","20.984","deg","41171","µV","27.813","°C","1021.000","hPa","36.4","pmil","0","55.390","deg","20.000","°C","100.000","%a.s.","21.720","deg","20.000","°C","977.000","hPa","0.861","-0.02617","0.00035","0","0","13.56","Humid","26.25","0","44.00","377914.20","SABD0000000001","AAV1.0.0.11","4.0.0.2323","PSt7-10","170328-019","7/29/2022 11:23:46 AM","0000-00","0","no battery","V","","µV","","µV"
"08/11/2022","10:24:11","6","default","383292078","Oxt_06","40.267","min","94.588","%a.s.","Humid","20.974","deg","41168","µV","27.801","°C","1021.000","hPa","36.4","pmil","0","55.390","deg","20.000","°C","100.000","%a.s.","21.720","deg","20.000","°C","977.000","hPa","0.861","-0.02617","0.00035","0","0","13.56","Humid","26.25","0","44.00","377907.96","SABD0000000001","AAV1.0.0.11","4.0.0.2323","PSt7-10","170328-019","7/29/2022 11:23:46 AM","0000-00","0","no battery","V","","µV","","µV"
"08/11/2022","10:24:12","6","default","383292078","Oxt_06","40.284","min","94.507","%a.s.","Humid","20.984","deg","41171","µV","27.798","°C","1021.000","hPa","36.4","pmil","0","55.390","deg","20.000","°C","100.000","%a.s.","21.720","deg","20.000","°C","977.000","hPa","0.861","-0.02617","0.00035","0","0","13.56","Humid","26.25","0","44.00","377896.05","SABD0000000001","AAV1.0.0.11","4.0.0.2323","PSt7-10","170328-019","7/29/2022 11:23:46 AM","0000-00","0","no battery","V","","µV","","µV"
"08/11/2022","10:24:13","6","default","383292078","Oxt_06","40.301","min","94.582","%a.s.","Humid","20.973","deg","41178","µV","27.817","°C","1021.000","hPa","36.4","pmil","0","55.390","deg","20.000","°C","100.000","%a.s.","21.720","deg","20.000","°C","977.000","hPa","0.861","-0.02617","0.00035","0","0","13.56","Humid","26.25","0","44.00","377912.76","SABD0000000001","AAV1.0.0.11","4.0.0.2323","PSt7-10","170328-019","7/29/2022 11:23:46 AM","0000-00","0","no battery","V","","µV","","µV"
"08/11/2022","10:24:14","6","default","383292078","Oxt_06","40.317","min","94.489","%a.s.","Humid","20.984","deg","41176","µV","27.817","°C","1021.000","hPa","36.4","pmil","0","55.390","deg","20.000","°C","100.000","%a.s.","21.720","deg","20.000","°C","977.000","hPa","0.861","-0.02617","0.00035","0","0","13.56","Humid","26.25","0","44.00","377908.69","SABD0000000001","AAV1.0.0.11","4.0.0.2323","PSt7-10","170328-019","7/29/2022 11:23:46 AM","0000-00","0","no battery","V","","µV","","µV"
"08/11/2022","10:24:15","6","default","383292078","Oxt_06","40.334","min","94.558","%a.s.","Humid","20.978","deg","41167","µV","27.797","°C","1021.000","hPa","36.4","pmil","0","55.390","deg","20.000","°C","100.000","%a.s.","21.720","deg","20.000","°C","977.000","hPa","0.861","-0.02617","0.00035","0","0","13.56","Humid","26.25","0","44.00","377916.19","SABD0000000001","AAV1.0.0.11","4.0.0.2323","PSt7-10","170328-019","7/29/2022 11:23:46 AM","0000-00","0","no battery","V","","µV","","µV"
"08/11/2022","10:24:16","6","default","383292078","Oxt_06","40.351","min","94.552","%a.s.","Humid","20.978","deg","41177","µV","27.803","°C","1021.000","hPa","36.4","pmil","0","55.390","deg","20.000","°C","100.000","%a.s.","21.720","deg","20.000","°C","977.000","hPa","0.861","-0.02617","0.00035","0","0","13.56","Humid","26.25","0","44.00","377924.27","SABD0000000001","AAV1.0.0.11","4.0.0.2323","PSt7-10","170328-019","7/29/2022 11:23:46 AM","0000-00","0","no battery","V","","µV","","µV"
"08/11/2022","10:24:17","6","default","383292078","Oxt_06","40.367","min","94.594","%a.s.","Humid","20.972","deg","41169","µV","27.813","°C","1021.000","hPa","36.4","pmil","0","55.390","deg","20.000","°C","100.000","%a.s.","21.720","deg","20.000","°C","977.000","hPa","0.861","-0.02617","0.00035","0","0","13.56","Humid","26.25","0","44.00","377915.53","SABD0000000001","AAV1.0.0.11","4.0.0.2323","PSt7-10","170328-019","7/29/2022 11:23:46 AM","0000-00","0","no battery","V","","µV","","µV"
"08/11/2022","10:24:18","6","default","383292078","Oxt_06","40.384","min","94.587","%a.s.","Humid","20.974","deg","41175","µV","27.801","°C","1021.000","hPa","36.4","pmil","0","55.390","deg","20.000","°C","100.000","%a.s.","21.720","deg","20.000","°C","977.000","hPa","0.861","-0.02617","0.00035","0","0","13.56","Humid","26.25","0","44.00","377923.48","SABD0000000001","AAV1.0.0.11","4.0.0.2323","PSt7-10","170328-019","7/29/2022 11:23:46 AM","0000-00","0","no battery","V","","µV","","µV"
"08/11/2022","10:24:19","6","default","383292078","Oxt_06","40.400","min","94.552","%a.s.","Humid","20.979","deg","41174","µV","27.794","°C","1021.000","hPa","36.4","pmil","0","55.390","deg","20.000","°C","100.000","%a.s.","21.720","deg","20.000","°C","977.000","hPa","0.861","-0.02617","0.00035","0","0","13.56","Humid","26.25","0","44.00","377922.00","SABD0000000001","AAV1.0.0.11","4.0.0.2323","PSt7-10","170328-019","7/29/2022 11:23:46 AM","0000-00","0","no battery","V","","µV","","µV"
"08/11/2022","10:24:20","6","default","383292078","Oxt_06","40.418","min","94.538","%a.s.","Humid","20.981","deg","41176","µV","27.791","°C","1021.000","hPa","36.4","pmil","0","55.390","deg","20.000","°C","100.000","%a.s.","21.720","deg","20.000","°C","977.000","hPa","0.861","-0.02617","0.00035","0","0","13.56","Humid","26.25","0","44.00","377922.82","SABD0000000001","AAV1.0.0.11","4.0.0.2323","PSt7-10","170328-019","7/29/2022 11:23:46 AM","0000-00","0","no battery","V","","µV","","µV"
"08/11/2022","10:24:21","6","default","383292078","Oxt_06","40.434","min","94.485","%a.s.","Humid","20.987","deg","41174","µV","27.794","°C","1021.000","hPa","36.4","pmil","0","55.390","deg","20.000","°C","100.000","%a.s.","21.720","deg","20.000","°C","977.000","hPa","0.861","-0.02617","0.00035","0","0","13.56","Humid","26.25","0","44.00","377919.22","SABD0000000001","AAV1.0.0.11","4.0.0.2323","PSt7-10","170328-019","7/29/2022 11:23:46 AM","0000-00","0","no battery","V","","µV","","µV"
"08/11/2022","10:24:22","6","default","383292078","Oxt_06","40.450","min","94.503","%a.s.","Humid","20.983","deg","41172","µV","27.811","°C","1021.000","hPa","36.4","pmil","0","55.390","deg","20.000","°C","100.000","%a.s.","21.720","deg","20.000","°C","977.000","hPa","0.861","-0.02617","0.00035","0","0","13.56","Humid","26.25","0","44.00","377921.48","SABD0000000001","AAV1.0.0.11","4.0.0.2323","PSt7-10","170328-019","7/29/2022 11:23:46 AM","0000-00","0","no battery","V","","µV","","µV"
"08/11/2022","10:24:23","6","default","383292078","Oxt_06","40.468","min","94.552","%a.s.","Humid","20.978","deg","41181","µV","27.803","°C","1021.000","hPa","36.4","pmil","0","55.390","deg","20.000","°C","100.000","%a.s.","21.720","deg","20.000","°C","977.000","hPa","0.861","-0.02617","0.00035","0","0","13.56","Humid","26.25","0","44.00","377935.27","SABD0000000001","AAV1.0.0.11","4.0.0.2323","PSt7-10","170328-019","7/29/2022 11:23:46 AM","0000-00","0","no battery","V","","µV","","µV"
"08/11/2022","10:24:24","6","default","383292078","Oxt_06","40.485","min","94.533","%a.s.","Humid","20.981","deg","41175","µV","27.796","°C","1021.000","hPa","36.4","pmil","0","55.390","deg","20.000","°C","100.000","%a.s.","21.720","deg","20.000","°C","977.000","hPa","0.861","-0.02617","0.00035","0","0","13.56","Humid","26.25","0","44.00","377938.77","SABD0000000001","AAV1.0.0.11","4.0.0.2323","PSt7-10","170328-019","7/29/2022 11:23:46 AM","0000-00","0","no battery","V","","µV","","µV"
"08/11/2022","10:24:25","6","default","383292078","Oxt_06","40.501","min","94.585","%a.s.","Humid","20.975","deg","41181","µV","27.795","°C","1021.000","hPa","36.4","pmil","0","55.390","deg","20.000","°C","100.000","%a.s.","21.720","deg","20.000","°C","977.000","hPa","0.861","-0.02617","0.00035","0","0","13.56","Humid","26.25","0","44.00","377932.85","SABD0000000001","AAV1.0.0.11","4.0.0.2323","PSt7-10","170328-019","7/29/2022 11:23:46 AM","0000-00","0","no battery","V","","µV","","µV"
"08/11/2022","10:24:26","6","default","383292078","Oxt_06","40.518","min","94.552","%a.s.","Humid","20.979","deg","41183","µV","27.794","°C","1021.000","hPa","36.4","pmil","0","55.390","deg","20.000","°C","100.000","%a.s.","21.720","deg","20.000","°C","977.000","hPa","0.861","-0.02617","0.00035","0","0","13.56","Humid","26.25","0","44.00","377941.49","SABD0000000001","AAV1.0.0.11","4.0.0.2323","PSt7-10","170328-019","7/29/2022 11:23:46 AM","0000-00","0","no battery","V","","µV","","µV"
"08/11/2022","10:24:27","6","default","383292078","Oxt_06","40.534","min","94.459","%a.s.","Humid","20.989","deg","41188","µV","27.804","°C","1021.000","hPa","36.4","pmil","0","55.390","deg","20.000","°C","100.000","%a.s.","21.720","deg","20.000","°C","977.000","hPa","0.861","-0.02617","0.00035","0","0","13.56","Humid","26.25","0","44.00","377942.39","SABD0000000001","AAV1.0.0.11","4.0.0.2323","PSt7-10","170328-019","7/29/2022 11:23:46 AM","0000-00","0","no battery","V","","µV","","µV"
"08/11/2022","10:24:28","6","default","383292078","Oxt_06","40.551","min","94.564","%a.s.","Humid","20.975","deg","41179","µV","27.818","°C","1021.000","hPa","36.4","pmil","0","55.390","deg","20.000","°C","100.000","%a.s.","21.720","deg","20.000","°C","977.000","hPa","0.861","-0.02617","0.00035","0","0","13.56","Humid","26.25","0","44.00","377939.85","SABD0000000001","AAV1.0.0.11","4.0.0.2323","PSt7-10","170328-019","7/29/2022 11:23:46 AM","0000-00","0","no battery","V","","µV","","µV"
"08/11/2022","10:24:29","6","default","383292078","Oxt_06","40.568","min","94.563","%a.s.","Humid","20.976","deg","41182","µV","27.810","°C","1021.000","hPa","36.4","pmil","0","55.390","deg","20.000","°C","100.000","%a.s.","21.720","deg","20.000","°C","977.000","hPa","0.861","-0.02617","0.00035","0","0","13.56","Humid","26.25","0","44.00","377930.58","SABD0000000001","AAV1.0.0.11","4.0.0.2323","PSt7-10","170328-019","7/29/2022 11:23:46 AM","0000-00","0","no battery","V","","µV","","µV"
"08/11/2022","10:24:30","6","default","383292078","Oxt_06","40.584","min","94.431","%a.s.","Humid","20.993","deg","41180","µV","27.799","°C","1021.000","hPa","36.4","pmil","0","55.390","deg","20.000","°C","100.000","%a.s.","21.720","deg","20.000","°C","977.000","hPa","0.861","-0.02617","0.00035","0","0","13.56","Humid","26.25","0","44.00","377932.26","SABD0000000001","AAV1.0.0.11","4.0.0.2323","PSt7-10","170328-019","7/29/2022 11:23:46 AM","0000-00","0","no battery","V","","µV","","µV"
"08/11/2022","10:24:31","6","default","383292078","Oxt_06","40.601","min","94.479","%a.s.","Humid","20.986","deg","41183","µV","27.810","°C","1021.000","hPa","36.4","pmil","0","55.390","deg","20.000","°C","100.000","%a.s.","21.720","deg","20.000","°C","977.000","hPa","0.861","-0.02617","0.00035","0","0","13.56","Humid","26.25","0","44.00","377934.24","SABD0000000001","AAV1.0.0.11","4.0.0.2323","PSt7-10","170328-019","7/29/2022 11:23:46 AM","0000-00","0","no battery","V","","µV","","µV"
"08/11/2022","10:24:32","6","default","383292078","Oxt_06","40.618","min","94.520","%a.s.","Humid","20.982","deg","41187","µV","27.802","°C","1021.000","hPa","36.4","pmil","0","55.390","deg","20.000","°C","100.000","%a.s.","21.720","deg","20.000","°C","977.000","hPa","0.861","-0.02617","0.00035","0","0","13.56","Humid","26.25","0","44.00","377938.74","SABD0000000001","AAV1.0.0.11","4.0.0.2323","PSt7-10","170328-019","7/29/2022 11:23:46 AM","0000-00","0","no battery","V","","µV","","µV"
"08/11/2022","10:24:33","6","default","383292078","Oxt_06","40.634","min","94.560","%a.s.","Humid","20.976","deg","41181","µV","27.814","°C","1021.000","hPa","36.4","pmil","0","55.390","deg","20.000","°C","100.000","%a.s.","21.720","deg","20.000","°C","977.000","hPa","0.861","-0.02617","0.00035","0","0","13.56","Humid","26.25","0","44.00","377952.99","SABD0000000001","AAV1.0.0.11","4.0.0.2323","PSt7-10","170328-019","7/29/2022 11:23:46 AM","0000-00","0","no battery","V","","µV","","µV"
"08/11/2022","10:24:34","6","default","383292078","Oxt_06","40.651","min","94.509","%a.s.","Humid","20.983","deg","41184","µV","27.805","°C","1021.000","hPa","36.4","pmil","0","55.390","deg","20.000","°C","100.000","%a.s.","21.720","deg","20.000","°C","977.000","hPa","0.861","-0.02617","0.00035","0","0","13.56","Humid","26.25","0","44.00","377963.57","SABD0000000001","AAV1.0.0.11","4.0.0.2323","PSt7-10","170328-019","7/29/2022 11:23:46 AM","0000-00","0","no battery","V","","µV","","µV"
"08/11/2022","10:24:35","6","default","383292078","Oxt_06","40.667","min","94.565","%a.s.","Humid","20.977","deg","41189","µV","27.799","°C","1021.000","hPa","36.4","pmil","0","55.390","deg","20.000","°C","100.000","%a.s.","21.720","deg","20.000","°C","977.000","hPa","0.861","-0.02617","0.00035","0","0","13.56","Humid","26.25","0","44.00","377959.19","SABD0000000001","AAV1.0.0.11","4.0.0.2323","PSt7-10","170328-019","7/29/2022 11:23:46 AM","0000-00","0","no battery","V","","µV","","µV"
"08/11/2022","10:24:36","6","default","383292078","Oxt_06","40.684","min","94.554","%a.s.","Humid","20.977","deg","41182","µV","27.810","°C","1021.000","hPa","36.4","pmil","0","55.390","deg","20.000","°C","100.000","%a.s.","21.720","deg","20.000","°C","977.000","hPa","0.861","-0.02617","0.00035","0","0","13.56","Humid","26.25","0","44.00","377956.45","SABD0000000001","AAV1.0.0.11","4.0.0.2323","PSt7-10","170328-019","7/29/2022 11:23:46 AM","0000-00","0","no battery","V","","µV","","µV"
"08/11/2022","10:24:37","6","default","383292078","Oxt_06","40.701","min","94.518","%a.s.","Humid","20.981","deg","41186","µV","27.813","°C","1021.000","hPa","36.4","pmil","0","55.390","deg","20.000","°C","100.000","%a.s.","21.720","deg","20.000","°C","977.000","hPa","0.861","-0.02617","0.00035","0","0","13.56","Humid","26.25","0","44.00","377956.30","SABD0000000001","AAV1.0.0.11","4.0.0.2323","PSt7-10","170328-019","7/29/2022 11:23:46 AM","0000-00","0","no battery","V","","µV","","µV"
"08/11/2022","10:24:38","6","default","383292078","Oxt_06","40.717","min","94.471","%a.s.","Humid","20.988","deg","41184","µV","27.800","°C","1021.000","hPa","36.4","pmil","0","55.390","deg","20.000","°C","100.000","%a.s.","21.720","deg","20.000","°C","977.000","hPa","0.861","-0.02617","0.00035","0","0","13.56","Humid","26.25","0","44.00","377947.23","SABD0000000001","AAV1.0.0.11","4.0.0.2323","PSt7-10","170328-019","7/29/2022 11:23:46 AM","0000-00","0","no battery","V","","µV","","µV"
"08/11/2022","10:24:39","6","default","383292078","Oxt_06","40.734","min","94.514","%a.s.","Humid","20.984","deg","41189","µV","27.790","°C","1021.000","hPa","36.4","pmil","0","55.390","deg","20.000","°C","100.000","%a.s.","21.720","deg","20.000","°C","977.000","hPa","0.861","-0.02617","0.00035","0","0","13.56","Humid","26.25","0","44.00","377963.54","SABD0000000001","AAV1.0.0.11","4.0.0.2323","PSt7-10","170328-019","7/29/2022 11:23:46 AM","0000-00","0","no battery","V","","µV","","µV"
"08/11/2022","10:24:40","6","default","383292078","Oxt_06","40.750","min","94.460","%a.s.","Humid","20.990","deg","41194","µV","27.793","°C","1021.000","hPa","36.4","pmil","0","55.390","deg","20.000","°C","100.000","%a.s.","21.720","deg","20.000","°C","977.000","hPa","0.861","-0.02617","0.00035","0","0","13.56","Humid","26.25","0","44.00","377965.53","SABD0000000001","AAV1.0.0.11","4.0.0.2323","PSt7-10","170328-019","7/29/2022 11:23:46 AM","0000-00","0","no battery","V","","µV","","µV"
"08/11/2022","10:24:41","6","default","383292078","Oxt_06","40.768","min","94.513","%a.s.","Humid","20.983","deg","41194","µV","27.801","°C","1021.000","hPa","36.4","pmil","0","55.390","deg","20.000","°C","100.000","%a.s.","21.720","deg","20.000","°C","977.000","hPa","0.861","-0.02617","0.00035","0","0","13.56","Humid","26.25","0","44.00","377969.36","SABD0000000001","AAV1.0.0.11","4.0.0.2323","PSt7-10","170328-019","7/29/2022 11:23:46 AM","0000-00","0","no battery","V","","µV","","µV"
"08/11/2022","10:24:42","6","default","383292078","Oxt_06","40.785","min","94.511","%a.s.","Humid","20.983","deg","41195","µV","27.803","°C","1021.000","hPa","36.4","pmil","0","55.390","deg","20.000","°C","100.000","%a.s.","21.720","deg","20.000","°C","977.000","hPa","0.861","-0.02617","0.00035","0","0","13.56","Humid","26.25","0","44.00","377973.00","SABD0000000001","AAV1.0.0.11","4.0.0.2323","PSt7-10","170328-019","7/29/2022 11:23:46 AM","0000-00","0","no battery","V","","µV","","µV"
"08/11/2022","10:24:43","6","default","383292078","Oxt_06","40.801","min","94.472","%a.s.","Humid","20.986","deg","41199","µV","27.817","°C","1021.000","hPa","36.4","pmil","0","55.390","deg","20.000","°C","100.000","%a.s.","21.720","deg","20.000","°C","977.000","hPa","0.861","-0.02617","0.00035","0","0","13.56","Humid","26.25","0","44.00","377973.31","SABD0000000001","AAV1.0.0.11","4.0.0.2323","PSt7-10","170328-019","7/29/2022 11:23:46 AM","0000-00","0","no battery","V","","µV","","µV"
"08/11/2022","10:24:44","6","default","383292078","Oxt_06","40.818","min","94.494","%a.s.","Humid","20.987","deg","41193","µV","27.784","°C","1021.000","hPa","36.4","pmil","0","55.390","deg","20.000","°C","100.000","%a.s.","21.720","deg","20.000","°C","977.000","hPa","0.861","-0.02617","0.00035","0","0","13.56","Humid","26.25","0","44.00","377977.87","SABD0000000001","AAV1.0.0.11","4.0.0.2323","PSt7-10","170328-019","7/29/2022 11:23:46 AM","0000-00","0","no battery","V","","µV","","µV"
"08/11/2022","10:24:45","6","default","383292078","Oxt_06","40.834","min","94.467","%a.s.","Humid","20.989","deg","41200","µV","27.795","°C","1021.000","hPa","36.4","pmil","0","55.390","deg","20.000","°C","100.000","%a.s.","21.720","deg","20.000","°C","977.000","hPa","0.861","-0.02617","0.00035","0","0","13.56","Humid","26.25","0","44.00","377974.92","SABD0000000001","AAV1.0.0.11","4.0.0.2323","PSt7-10","170328-019","7/29/2022 11:23:46 AM","0000-00","0","no battery","V","","µV","","µV"
"08/11/2022","10:24:46","6","default","383292078","Oxt_06","40.851","min","94.485","%a.s.","Humid","20.985","deg","41198","µV","27.813","°C","1021.000","hPa","36.4","pmil","0","55.390","deg","20.000","°C","100.000","%a.s.","21.720","deg","20.000","°C","977.000","hPa","0.861","-0.02617","0.00035","0","0","13.56","Humid","26.25","0","44.00","377986.81","SABD0000000001","AAV1.0.0.11","4.0.0.2323","PSt7-10","170328-019","7/29/2022 11:23:46 AM","0000-00","0","no battery","V","","µV","","µV"
"08/11/2022","10:24:47","6","default","383292078","Oxt_06","40.868","min","94.534","%a.s.","Humid","20.979","deg","41201","µV","27.814","°C","1021.000","hPa","36.4","pmil","0","55.390","deg","20.000","°C","100.000","%a.s.","21.720","deg","20.000","°C","977.000","hPa","0.861","-0.02617","0.00035","0","0","13.56","Humid","26.25","0","44.00","377988.31","SABD0000000001","AAV1.0.0.11","4.0.0.2323","PSt7-10","170328-019","7/29/2022 11:23:46 AM","0000-00","0","no battery","V","","µV","","µV"
"08/11/2022","10:24:48","6","default","383292078","Oxt_06","40.884","min","94.514","%a.s.","Humid","20.982","deg","41198","µV","27.809","°C","1021.000","hPa","36.4","pmil","0","55.390","deg","20.000","°C","100.000","%a.s.","21.720","deg","20.000","°C","977.000","hPa","0.861","-0.02617","0.00035","0","0","13.56","Humid","26.25","0","44.00","377975.28","SABD0000000001","AAV1.0.0.11","4.0.0.2323","PSt7-10","170328-019","7/29/2022 11:23:46 AM","0000-00","0","no battery","V","","µV","","µV"
"08/11/2022","10:24:49","6","default","383292078","Oxt_06","40.901","min","94.499","%a.s.","Humid","20.984","deg","41197","µV","27.806","°C","1021.000","hPa","36.4","pmil","0","55.390","deg","20.000","°C","100.000","%a.s.","21.720","deg","20.000","°C","977.000","hPa","0.861","-0.02617","0.00035","0","0","13.56","Humid","26.25","0","44.00","377995.17","SABD0000000001","AAV1.0.0.11","4.0.0.2323","PSt7-10","170328-019","7/29/2022 11:23:46 AM","0000-00","0","no battery","V","","µV","","µV"
"08/11/2022","10:24:50","6","default","383292078","Oxt_06","40.918","min","94.472","%a.s.","Humid","20.987","deg","41198","µV","27.808","°C","1021.000","hPa","36.4","pmil","0","55.390","deg","20.000","°C","100.000","%a.s.","21.720","deg","20.000","°C","977.000","hPa","0.861","-0.02617","0.00035","0","0","13.56","Humid","26.25","0","44.00","377978.25","SABD0000000001","AAV1.0.0.11","4.0.0.2323","PSt7-10","170328-019","7/29/2022 11:23:46 AM","0000-00","0","no battery","V","","µV","","µV"
"08/11/2022","10:24:51","6","default","383292078","Oxt_06","40.934","min","94.477","%a.s.","Humid","20.986","deg","41196","µV","27.811","°C","1021.000","hPa","36.4","pmil","0","55.390","deg","20.000","°C","100.000","%a.s.","21.720","deg","20.000","°C","977.000","hPa","0.861","-0.02617","0.00035","0","0","13.56","Humid","26.25","0","44.00","377983.03","SABD0000000001","AAV1.0.0.11","4.0.0.2323","PSt7-10","170328-019","7/29/2022 11:23:46 AM","0000-00","0","no battery","V","","µV","","µV"
"08/11/2022","10:24:52","6","default","383292078","Oxt_06","40.951","min","94.455","%a.s.","Humid","20.989","deg","41202","µV","27.809","°C","1021.000","hPa","36.4","pmil","0","55.390","deg","20.000","°C","100.000","%a.s.","21.720","deg","20.000","°C","977.000","hPa","0.861","-0.02617","0.00035","0","0","13.56","Humid","26.25","0","44.00","377998.67","SABD0000000001","AAV1.0.0.11","4.0.0.2323","PSt7-10","170328-019","7/29/2022 11:23:46 AM","0000-00","0","no battery","V","","µV","","µV"
"08/11/2022","10:24:53","6","default","383292078","Oxt_06","40.968","min","94.502","%a.s.","Humid","20.983","deg","41200","µV","27.812","°C","1021.000","hPa","36.4","pmil","0","55.390","deg","20.000","°C","100.000","%a.s.","21.720","deg","20.000","°C","977.000","hPa","0.861","-0.02617","0.00035","0","0","13.56","Humid","26.25","0","44.00","377984.03","SABD0000000001","AAV1.0.0.11","4.0.0.2323","PSt7-10","170328-019","7/29/2022 11:23:46 AM","0000-00","0","no battery","V","","µV","","µV"
"08/11/2022","10:24:54","6","default","383292078","Oxt_06","40.984","min","94.492","%a.s.","Humid","20.986","deg","41195","µV","27.795","°C","1021.000","hPa","36.4","pmil","0","55.390","deg","20.000","°C","100.000","%a.s.","21.720","deg","20.000","°C","977.000","hPa","0.861","-0.02617","0.00035","0","0","13.56","Humid","26.25","0","44.00","378009.04","SABD0000000001","AAV1.0.0.11","4.0.0.2323","PSt7-10","170328-019","7/29/2022 11:23:46 AM","0000-00","0","no battery","V","","µV","","µV"
"08/11/2022","10:24:55","6","default","383292078","Oxt_06","41.001","min","94.514","%a.s.","Humid","20.983","deg","41197","µV","27.799","°C","1021.000","hPa","36.4","pmil","0","55.390","deg","20.000","°C","100.000","%a.s.","21.720","deg","20.000","°C","977.000","hPa","0.861","-0.02617","0.00035","0","0","13.56","Humid","26.25","0","44.00","378010.16","SABD0000000001","AAV1.0.0.11","4.0.0.2323","PSt7-10","170328-019","7/29/2022 11:23:46 AM","0000-00","0","no battery","V","","µV","","µV"
"08/11/2022","10:24:56","6","default","383292078","Oxt_06","41.017","min","94.392","%a.s.","Humid","20.996","deg","41202","µV","27.813","°C","1021.000","hPa","36.4","pmil","0","55.390","deg","20.000","°C","100.000","%a.s.","21.720","deg","20.000","°C","977.000","hPa","0.861","-0.02617","0.00035","0","0","13.56","Humid","26.25","0","44.00","377996.28","SABD0000000001","AAV1.0.0.11","4.0.0.2323","PSt7-10","170328-019","7/29/2022 11:23:46 AM","0000-00","0","no battery","V","","µV","","µV"
"08/11/2022","10:24:57","6","default","383292078","Oxt_06","41.034","min","94.497","%a.s.","Humid","20.985","deg","41205","µV","27.799","°C","1021.000","hPa","36.4","pmil","0","55.390","deg","20.000","°C","100.000","%a.s.","21.720","deg","20.000","°C","977.000","hPa","0.861","-0.02617","0.00035","0","0","13.56","Humid","26.25","0","44.00","378006.84","SABD0000000001","AAV1.0.0.11","4.0.0.2323","PSt7-10","170328-019","7/29/2022 11:23:46 AM","0000-00","0","no battery","V","","µV","","µV"
"08/11/2022","10:24:58","6","default","383292078","Oxt_06","41.051","min","94.501","%a.s.","Humid","20.985","deg","41205","µV","27.795","°C","1021.000","hPa","36.4","pmil","0","55.390","deg","20.000","°C","100.000","%a.s.","21.720","deg","20.000","°C","977.000","hPa","0.861","-0.02617","0.00035","0","0","13.56","Humid","26.25","0","44.00","378005.84","SABD0000000001","AAV1.0.0.11","4.0.0.2323","PSt7-10","170328-019","7/29/2022 11:23:46 AM","0000-00","0","no battery","V","","µV","","µV"
"08/11/2022","10:24:59","6","default","383292078","Oxt_06","41.067","min","94.482","%a.s.","Humid","20.987","deg","41208","µV","27.798","°C","1021.000","hPa","36.4","pmil","0","55.390","deg","20.000","°C","100.000","%a.s.","21.720","deg","20.000","°C","977.000","hPa","0.861","-0.02617","0.00035","0","0","13.56","Humid","26.25","0","44.00","378020.69","SABD0000000001","AAV1.0.0.11","4.0.0.2323","PSt7-10","170328-019","7/29/2022 11:23:46 AM","0000-00","0","no battery","V","","µV","","µV"
"08/11/2022","10:25:00","6","default","383292078","Oxt_06","41.084","min","94.481","%a.s.","Humid","20.988","deg","41201","µV","27.790","°C","1021.000","hPa","36.4","pmil","0","55.390","deg","20.000","°C","100.000","%a.s.","21.720","deg","20.000","°C","977.000","hPa","0.861","-0.02617","0.00035","0","0","13.56","Humid","26.25","0","44.00","378015.85","SABD0000000001","AAV1.0.0.11","4.0.0.2323","PSt7-10","170328-019","7/29/2022 11:23:46 AM","0000-00","0","no battery","V","","µV","","µV"
"08/11/2022","10:25:01","6","default","383292078","Oxt_06","41.101","min","94.440","%a.s.","Humid","20.991","deg","41208","µV","27.807","°C","1021.000","hPa","36.4","pmil","0","55.390","deg","20.000","°C","100.000","%a.s.","21.720","deg","20.000","°C","977.000","hPa","0.861","-0.02617","0.00035","0","0","13.56","Humid","26.25","0","44.00","378018.21","SABD0000000001","AAV1.0.0.11","4.0.0.2323","PSt7-10","170328-019","7/29/2022 11:23:46 AM","0000-00","0","no battery","V","","µV","","µV"
"08/11/2022","10:25:02","6","default","383292078","Oxt_06","41.117","min","94.530","%a.s.","Humid","20.981","deg","41199","µV","27.799","°C","1021.000","hPa","36.4","pmil","0","55.390","deg","20.000","°C","100.000","%a.s.","21.720","deg","20.000","°C","977.000","hPa","0.861","-0.02617","0.00035","0","0","13.56","Humid","26.25","0","44.00","378014.10","SABD0000000001","AAV1.0.0.11","4.0.0.2323","PSt7-10","170328-019","7/29/2022 11:23:46 AM","0000-00","0","no battery","V","","µV","","µV"
"08/11/2022","10:25:03","6","default","383292078","Oxt_06","41.134","min","94.473","%a.s.","Humid","20.989","deg","41209","µV","27.789","°C","1021.000","hPa","36.4","pmil","0","55.390","deg","20.000","°C","100.000","%a.s.","21.720","deg","20.000","°C","977.000","hPa","0.861","-0.02617","0.00035","0","0","13.56","Humid","26.25","0","44.00","378024.47","SABD0000000001","AAV1.0.0.11","4.0.0.2323","PSt7-10","170328-019","7/29/2022 11:23:46 AM","0000-00","0","no battery","V","","µV","","µV"
"08/11/2022","10:25:04","6","default","383292078","Oxt_06","41.151","min","94.471","%a.s.","Humid","20.989","deg","41213","µV","27.791","°C","1021.000","hPa","36.4","pmil","0","55.390","deg","20.000","°C","100.000","%a.s.","21.720","deg","20.000","°C","977.000","hPa","0.861","-0.02617","0.00035","0","0","13.56","Humid","26.25","0","44.00","378024.51","SABD0000000001","AAV1.0.0.11","4.0.0.2323","PSt7-10","170328-019","7/29/2022 11:23:46 AM","0000-00","0","no battery","V","","µV","","µV"
"08/11/2022","10:25:05","6","default","383292078","Oxt_06","41.167","min","94.477","%a.s.","Humid","20.987","deg","41203","µV","27.802","°C","1021.000","hPa","36.4","pmil","0","55.390","deg","20.000","°C","100.000","%a.s.","21.720","deg","20.000","°C","977.000","hPa","0.861","-0.02617","0.00035","0","0","13.56","Humid","26.25","0","44.00","378030.48","SABD0000000001","AAV1.0.0.11","4.0.0.2323","PSt7-10","170328-019","7/29/2022 11:23:46 AM","0000-00","0","no battery","V","","µV","","µV"
"08/11/2022","10:25:06","6","default","383292078","Oxt_06","41.184","min","94.479","%a.s.","Humid","20.987","deg","41204","µV","27.801","°C","1021.000","hPa","36.4","pmil","0","55.390","deg","20.000","°C","100.000","%a.s.","21.720","deg","20.000","°C","977.000","hPa","0.861","-0.02617","0.00035","0","0","13.56","Humid","26.25","0","44.00","378026.34","SABD0000000001","AAV1.0.0.11","4.0.0.2323","PSt7-10","170328-019","7/29/2022 11:23:46 AM","0000-00","0","no battery","V","","µV","","µV"
"08/11/2022","10:25:07","6","default","383292078","Oxt_06","41.200","min","94.444","%a.s.","Humid","20.991","deg","41207","µV","27.802","°C","1021.000","hPa","36.4","pmil","0","55.390","deg","20.000","°C","100.000","%a.s.","21.720","deg","20.000","°C","977.000","hPa","0.861","-0.02617","0.00035","0","0","13.56","Humid","26.25","0","44.00","378026.99","SABD0000000001","AAV1.0.0.11","4.0.0.2323","PSt7-10","170328-019","7/29/2022 11:23:46 AM","0000-00","0","no battery","V","","µV","","µV"
"08/11/2022","10:25:08","6","default","383292078","Oxt_06","41.218","min","94.498","%a.s.","Humid","20.984","deg","41213","µV","27.808","°C","1021.000","hPa","36.4","pmil","0","55.390","deg","20.000","°C","100.000","%a.s.","21.720","deg","20.000","°C","977.000","hPa","0.861","-0.02617","0.00035","0","0","13.56","Humid","26.25","0","44.00","378034.08","SABD0000000001","AAV1.0.0.11","4.0.0.2323","PSt7-10","170328-019","7/29/2022 11:23:46 AM","0000-00","0","no battery","V","","µV","","µV"
"08/11/2022","10:25:09","6","default","383292078","Oxt_06","41.235","min","94.465","%a.s.","Humid","20.989","deg","41210","µV","27.797","°C","1021.000","hPa","36.4","pmil","0","55.390","deg","20.000","°C","100.000","%a.s.","21.720","deg","20.000","°C","977.000","hPa","0.861","-0.02617","0.00035","0","0","13.56","Humid","26.25","0","44.00","378033.43","SABD0000000001","AAV1.0.0.11","4.0.0.2323","PSt7-10","170328-019","7/29/2022 11:23:46 AM","0000-00","0","no battery","V","","µV","","µV"
"08/11/2022","10:25:10","6","default","383292078","Oxt_06","41.251","min","94.408","%a.s.","Humid","20.995","deg","41214","µV","27.804","°C","1021.000","hPa","36.4","pmil","0","55.390","deg","20.000","°C","100.000","%a.s.","21.720","deg","20.000","°C","977.000","hPa","0.861","-0.02617","0.00035","0","0","13.56","Humid","26.25","0","44.00","378041.67","SABD0000000001","AAV1.0.0.11","4.0.0.2323","PSt7-10","170328-019","7/29/2022 11:23:46 AM","0000-00","0","no battery","V","","µV","","µV"
"08/11/2022","10:25:11","6","default","383292078","Oxt_06","41.268","min","94.520","%a.s.","Humid","20.982","deg","41213","µV","27.802","°C","1021.000","hPa","36.4","pmil","0","55.390","deg","20.000","°C","100.000","%a.s.","21.720","deg","20.000","°C","977.000","hPa","0.861","-0.02617","0.00035","0","0","13.56","Humid","26.25","0","44.00","378042.28","SABD0000000001","AAV1.0.0.11","4.0.0.2323","PSt7-10","170328-019","7/29/2022 11:23:46 AM","0000-00","0","no battery","V","","µV","","µV"
"08/11/2022","10:25:12","6","default","383292078","Oxt_06","41.285","min","94.530","%a.s.","Humid","20.980","deg","41213","µV","27.810","°C","1021.000","hPa","36.4","pmil","0","55.390","deg","20.000","°C","100.000","%a.s.","21.720","deg","20.000","°C","977.000","hPa","0.861","-0.02617","0.00035","0","0","13.56","Humid","26.25","0","44.00","378058.15","SABD0000000001","AAV1.0.0.11","4.0.0.2323","PSt7-10","170328-019","7/29/2022 11:23:46 AM","0000-00","0","no battery","V","","µV","","µV"
"08/11/2022","10:25:13","6","default","383292078","Oxt_06","41.301","min","94.514","%a.s.","Humid","20.984","deg","41215","µV","27.790","°C","1021.000","hPa","36.4","pmil","0","55.390","deg","20.000","°C","100.000","%a.s.","21.720","deg","20.000","°C","977.000","hPa","0.861","-0.02617","0.00035","0","0","13.56","Humid","26.25","0","44.00","378039.75","SABD0000000001","AAV1.0.0.11","4.0.0.2323","PSt7-10","170328-019","7/29/2022 11:23:46 AM","0000-00","0","no battery","V","","µV","","µV"
"08/11/2022","10:25:14","6","default","383292078","Oxt_06","41.318","min","94.460","%a.s.","Humid","20.990","deg","41218","µV","27.794","°C","1021.000","hPa","36.4","pmil","0","55.390","deg","20.000","°C","100.000","%a.s.","21.720","deg","20.000","°C","977.000","hPa","0.861","-0.02617","0.00035","0","0","13.56","Humid","26.25","0","44.00","378060.09","SABD0000000001","AAV1.0.0.11","4.0.0.2323","PSt7-10","170328-019","7/29/2022 11:23:46 AM","0000-00","0","no battery","V","","µV","","µV"
"08/11/2022","10:25:15","6","default","383292078","Oxt_06","41.334","min","94.409","%a.s.","Humid","20.994","deg","41220","µV","27.813","°C","1021.000","hPa","36.4","pmil","0","55.390","deg","20.000","°C","100.000","%a.s.","21.720","deg","20.000","°C","977.000","hPa","0.861","-0.02617","0.00035","0","0","13.56","Humid","26.25","0","44.00","378055.30","SABD0000000001","AAV1.0.0.11","4.0.0.2323","PSt7-10","170328-019","7/29/2022 11:23:46 AM","0000-00","0","no battery","V","","µV","","µV"
"08/11/2022","10:25:16","6","default","383292078","Oxt_06","41.351","min","94.439","%a.s.","Humid","20.991","deg","41219","µV","27.808","°C","1021.000","hPa","36.4","pmil","0","55.390","deg","20.000","°C","100.000","%a.s.","21.720","deg","20.000","°C","977.000","hPa","0.861","-0.02617","0.00035","0","0","13.56","Humid","26.25","0","44.00","378050.86","SABD0000000001","AAV1.0.0.11","4.0.0.2323","PSt7-10","170328-019","7/29/2022 11:23:46 AM","0000-00","0","no battery","V","","µV","","µV"
"08/11/2022","10:25:17","6","default","383292078","Oxt_06","41.368","min","94.414","%a.s.","Humid","20.996","deg","41218","µV","27.789","°C","1021.000","hPa","36.4","pmil","0","55.390","deg","20.000","°C","100.000","%a.s.","21.720","deg","20.000","°C","977.000","hPa","0.861","-0.02617","0.00035","0","0","13.56","Humid","26.25","0","44.00","378056.94","SABD0000000001","AAV1.0.0.11","4.0.0.2323","PSt7-10","170328-019","7/29/2022 11:23:46 AM","0000-00","0","no battery","V","","µV","","µV"
"08/11/2022","10:25:18","6","default","383292078","Oxt_06","41.384","min","94.420","%a.s.","Humid","20.996","deg","41222","µV","27.783","°C","1021.000","hPa","36.4","pmil","0","55.390","deg","20.000","°C","100.000","%a.s.","21.720","deg","20.000","°C","977.000","hPa","0.861","-0.02617","0.00035","0","0","13.56","Humid","26.25","0","44.00","378053.78","SABD0000000001","AAV1.0.0.11","4.0.0.2323","PSt7-10","170328-019","7/29/2022 11:23:46 AM","0000-00","0","no battery","V","","µV","","µV"
"08/11/2022","10:25:19","6","default","383292078","Oxt_06","41.401","min","94.521","%a.s.","Humid","20.984","deg","41220","µV","27.782","°C","1021.000","hPa","36.4","pmil","0","55.390","deg","20.000","°C","100.000","%a.s.","21.720","deg","20.000","°C","977.000","hPa","0.861","-0.02617","0.00035","0","0","13.56","Humid","26.25","0","44.00","378056.84","SABD0000000001","AAV1.0.0.11","4.0.0.2323","PSt7-10","170328-019","7/29/2022 11:23:46 AM","0000-00","0","no battery","V","","µV","","µV"
"08/11/2022","10:25:20","6","default","383292078","Oxt_06","41.418","min","94.428","%a.s.","Humid","20.995","deg","41219","µV","27.783","°C","1021.000","hPa","36.4","pmil","0","55.390","deg","20.000","°C","100.000","%a.s.","21.720","deg","20.000","°C","977.000","hPa","0.861","-0.02617","0.00035","0","0","13.56","Humid","26.25","0","44.00","378051.84","SABD0000000001","AAV1.0.0.11","4.0.0.2323","PSt7-10","170328-019","7/29/2022 11:23:46 AM","0000-00","0","no battery","V","","µV","","µV"
"08/11/2022","10:25:21","6","default","383292078","Oxt_06","41.434","min","94.409","%a.s.","Humid","20.997","deg","41221","µV","27.786","°C","1021.000","hPa","36.4","pmil","0","55.390","deg","20.000","°C","100.000","%a.s.","21.720","deg","20.000","°C","977.000","hPa","0.861","-0.02617","0.00035","0","0","13.56","Humid","26.25","0","44.00","378060.00","SABD0000000001","AAV1.0.0.11","4.0.0.2323","PSt7-10","170328-019","7/29/2022 11:23:46 AM","0000-00","0","no battery","V","","µV","","µV"
"08/11/2022","10:25:22","6","default","383292078","Oxt_06","41.451","min","94.408","%a.s.","Humid","20.997","deg","41220","µV","27.787","°C","1021.000","hPa","36.4","pmil","0","55.390","deg","20.000","°C","100.000","%a.s.","21.720","deg","20.000","°C","977.000","hPa","0.861","-0.02617","0.00035","0","0","13.56","Humid","26.25","0","44.00","378059.94","SABD0000000001","AAV1.0.0.11","4.0.0.2323","PSt7-10","170328-019","7/29/2022 11:23:46 AM","0000-00","0","no battery","V","","µV","","µV"
"08/11/2022","10:25:23","6","default","383292078","Oxt_06","41.467","min","94.477","%a.s.","Humid","20.988","deg","41221","µV","27.794","°C","1021.000","hPa","36.4","pmil","0","55.390","deg","20.000","°C","100.000","%a.s.","21.720","deg","20.000","°C","977.000","hPa","0.861","-0.02617","0.00035","0","0","13.56","Humid","26.25","0","44.00","378065.55","SABD0000000001","AAV1.0.0.11","4.0.0.2323","PSt7-10","170328-019","7/29/2022 11:23:46 AM","0000-00","0","no battery","V","","µV","","µV"
"08/11/2022","10:25:24","6","default","383292078","Oxt_06","41.484","min","94.457","%a.s.","Humid","20.990","deg","41224","µV","27.797","°C","1021.000","hPa","36.4","pmil","0","55.390","deg","20.000","°C","100.000","%a.s.","21.720","deg","20.000","°C","977.000","hPa","0.861","-0.02617","0.00035","0","0","13.56","Humid","26.25","0","44.00","378078.58","SABD0000000001","AAV1.0.0.11","4.0.0.2323","PSt7-10","170328-019","7/29/2022 11:23:46 AM","0000-00","0","no battery","V","","µV","","µV"
"08/11/2022","10:25:25","6","default","383292078","Oxt_06","41.501","min","94.458","%a.s.","Humid","20.990","deg","41224","µV","27.796","°C","1021.000","hPa","36.4","pmil","0","55.390","deg","20.000","°C","100.000","%a.s.","21.720","deg","20.000","°C","977.000","hPa","0.861","-0.02617","0.00035","0","0","13.56","Humid","26.25","0","44.00","378084.79","SABD0000000001","AAV1.0.0.11","4.0.0.2323","PSt7-10","170328-019","7/29/2022 11:23:46 AM","0000-00","0","no battery","V","","µV","","µV"
"08/11/2022","10:25:26","6","default","383292078","Oxt_06","41.517","min","94.476","%a.s.","Humid","20.988","deg","41227","µV","27.795","°C","1021.000","hPa","36.4","pmil","0","55.390","deg","20.000","°C","100.000","%a.s.","21.720","deg","20.000","°C","977.000","hPa","0.861","-0.02617","0.00035","0","0","13.56","Humid","26.25","0","44.00","378076.61","SABD0000000001","AAV1.0.0.11","4.0.0.2323","PSt7-10","170328-019","7/29/2022 11:23:46 AM","0000-00","0","no battery","V","","µV","","µV"
"08/11/2022","10:25:27","6","default","383292078","Oxt_06","41.534","min","94.399","%a.s.","Humid","20.997","deg","41223","µV","27.796","°C","1021.000","hPa","36.4","pmil","0","55.390","deg","20.000","°C","100.000","%a.s.","21.720","deg","20.000","°C","977.000","hPa","0.861","-0.02617","0.00035","0","0","13.56","Humid","26.25","0","44.00","378073.90","SABD0000000001","AAV1.0.0.11","4.0.0.2323","PSt7-10","170328-019","7/29/2022 11:23:46 AM","0000-00","0","no battery","V","","µV","","µV"
"08/11/2022","10:25:28","6","default","383292078","Oxt_06","41.551","min","94.414","%a.s.","Humid","20.994","deg","41225","µV","27.807","°C","1021.000","hPa","36.4","pmil","0","55.390","deg","20.000","°C","100.000","%a.s.","21.720","deg","20.000","°C","977.000","hPa","0.861","-0.02617","0.00035","0","0","13.56","Humid","26.25","0","44.00","378073.69","SABD0000000001","AAV1.0.0.11","4.0.0.2323","PSt7-10","170328-019","7/29/2022 11:23:46 AM","0000-00","0","no battery","V","","µV","","µV"
"08/11/2022","10:25:29","6","default","383292078","Oxt_06","41.567","min","94.386","%a.s.","Humid","20.998","deg","41231","µV","27.802","°C","1021.000","hPa","36.4","pmil","0","55.390","deg","20.000","°C","100.000","%a.s.","21.720","deg","20.000","°C","977.000","hPa","0.861","-0.02617","0.00035","0","0","13.56","Humid","26.25","0","44.00","378079.40","SABD0000000001","AAV1.0.0.11","4.0.0.2323","PSt7-10","170328-019","7/29/2022 11:23:46 AM","0000-00","0","no battery","V","","µV","","µV"
"08/11/2022","10:25:30","6","default","383292078","Oxt_06","41.584","min","94.384","%a.s.","Humid","20.998","deg","41223","µV","27.803","°C","1021.000","hPa","36.4","pmil","0","55.390","deg","20.000","°C","100.000","%a.s.","21.720","deg","20.000","°C","977.000","hPa","0.861","-0.02617","0.00035","0","0","13.56","Humid","26.25","0","44.00","378081.07","SABD0000000001","AAV1.0.0.11","4.0.0.2323","PSt7-10","170328-019","7/29/2022 11:23:46 AM","0000-00","0","no battery","V","","µV","","µV"
"08/11/2022","10:25:31","6","default","383292078","Oxt_06","41.601","min","94.405","%a.s.","Humid","20.996","deg","41225","µV","27.799","°C","1021.000","hPa","36.4","pmil","0","55.390","deg","20.000","°C","100.000","%a.s.","21.720","deg","20.000","°C","977.000","hPa","0.861","-0.02617","0.00035","0","0","13.56","Humid","26.25","0","44.00","378090.40","SABD0000000001","AAV1.0.0.11","4.0.0.2323","PSt7-10","170328-019","7/29/2022 11:23:46 AM","0000-00","0","no battery","V","","µV","","µV"
"08/11/2022","10:25:32","6","default","383292078","Oxt_06","41.617","min","94.358","%a.s.","Humid","21.002","deg","41228","µV","27.795","°C","1021.000","hPa","36.4","pmil","0","55.390","deg","20.000","°C","100.000","%a.s.","21.720","deg","20.000","°C","977.000","hPa","0.861","-0.02617","0.00035","0","0","13.56","Humid","26.25","0","44.00","378100.09","SABD0000000001","AAV1.0.0.11","4.0.0.2323","PSt7-10","170328-019","7/29/2022 11:23:46 AM","0000-00","0","no battery","V","","µV","","µV"
"08/11/2022","10:25:33","6","default","383292078","Oxt_06","41.634","min","94.491","%a.s.","Humid","20.987","deg","41235","µV","27.787","°C","1021.000","hPa","36.4","pmil","0","55.390","deg","20.000","°C","100.000","%a.s.","21.720","deg","20.000","°C","977.000","hPa","0.861","-0.02617","0.00035","0","0","13.56","Humid","26.25","0","44.00","378107.55","SABD0000000001","AAV1.0.0.11","4.0.0.2323","PSt7-10","170328-019","7/29/2022 11:23:46 AM","0000-00","0","no battery","V","","µV","","µV"
"08/11/2022","10:25:34","6","default","383292078","Oxt_06","41.650","min","94.377","%a.s.","Humid","20.999","deg","41233","µV","27.802","°C","1021.000","hPa","36.4","pmil","0","55.390","deg","20.000","°C","100.000","%a.s.","21.720","deg","20.000","°C","977.000","hPa","0.861","-0.02617","0.00035","0","0","13.56","Humid","26.25","0","44.00","378078.62","SABD0000000001","AAV1.0.0.11","4.0.0.2323","PSt7-10","170328-019","7/29/2022 11:23:46 AM","0000-00","0","no battery","V","","µV","","µV"
"08/11/2022","10:25:35","6","default","383292078","Oxt_06","41.667","min","94.447","%a.s.","Humid","20.991","deg","41231","µV","27.799","°C","1021.000","hPa","36.4","pmil","0","55.390","deg","20.000","°C","100.000","%a.s.","21.720","deg","20.000","°C","977.000","hPa","0.861","-0.02617","0.00035","0","0","13.56","Humid","26.25","0","44.00","378089.57","SABD0000000001","AAV1.0.0.11","4.0.0.2323","PSt7-10","170328-019","7/29/2022 11:23:46 AM","0000-00","0","no battery","V","","µV","","µV"
"08/11/2022","10:25:36","6","default","383292078","Oxt_06","41.684","min","94.378","%a.s.","Humid","21.000","deg","41237","µV","27.792","°C","1021.000","hPa","36.4","pmil","0","55.390","deg","20.000","°C","100.000","%a.s.","21.720","deg","20.000","°C","977.000","hPa","0.861","-0.02617","0.00035","0","0","13.56","Humid","26.25","0","44.00","378106.97","SABD0000000001","AAV1.0.0.11","4.0.0.2323","PSt7-10","170328-019","7/29/2022 11:23:46 AM","0000-00","0","no battery","V","","µV","","µV"
"08/11/2022","10:25:37","6","default","383292078","Oxt_06","41.701","min","94.472","%a.s.","Humid","20.988","deg","41235","µV","27.799","°C","1021.000","hPa","36.4","pmil","0","55.390","deg","20.000","°C","100.000","%a.s.","21.720","deg","20.000","°C","977.000","hPa","0.861","-0.02617","0.00035","0","0","13.56","Humid","26.25","0","44.00","378103.19","SABD0000000001","AAV1.0.0.11","4.0.0.2323","PSt7-10","170328-019","7/29/2022 11:23:46 AM","0000-00","0","no battery","V","","µV","","µV"
"08/11/2022","10:25:38","6","default","383292078","Oxt_06","41.718","min","94.379","%a.s.","Humid","21.000","deg","41241","µV","27.791","°C","1021.000","hPa","36.4","pmil","0","55.390","deg","20.000","°C","100.000","%a.s.","21.720","deg","20.000","°C","977.000","hPa","0.861","-0.02617","0.00035","0","0","13.56","Humid","26.25","0","44.00","378102.38","SABD0000000001","AAV1.0.0.11","4.0.0.2323","PSt7-10","170328-019","7/29/2022 11:23:46 AM","0000-00","0","no battery","V","","µV","","µV"
"08/11/2022","10:25:39","6","default","383292078","Oxt_06","41.735","min","94.453","%a.s.","Humid","20.992","deg","41236","µV","27.783","°C","1021.000","hPa","36.4","pmil","0","55.390","deg","20.000","°C","100.000","%a.s.","21.720","deg","20.000","°C","977.000","hPa","0.861","-0.02617","0.00035","0","0","13.56","Humid","26.25","0","44.00","378117.18","SABD0000000001","AAV1.0.0.11","4.0.0.2323","PSt7-10","170328-019","7/29/2022 11:23:46 AM","0000-00","0","no battery","V","","µV","","µV"
"08/11/2022","10:25:40","6","default","383292078","Oxt_06","41.751","min","94.443","%a.s.","Humid","20.992","deg","41235","µV","27.794","°C","1021.000","hPa","36.4","pmil","0","55.390","deg","20.000","°C","100.000","%a.s.","21.720","deg","20.000","°C","977.000","hPa","0.861","-0.02617","0.00035","0","0","13.56","Humid","26.25","0","44.00","378119.86","SABD0000000001","AAV1.0.0.11","4.0.0.2323","PSt7-10","170328-019","7/29/2022 11:23:46 AM","0000-00","0","no battery","V","","µV","","µV"
"08/11/2022","10:25:41","6","default","383292078","Oxt_06","41.768","min","94.387","%a.s.","Humid","21.000","deg","41241","µV","27.781","°C","1021.000","hPa","36.4","pmil","0","55.390","deg","20.000","°C","100.000","%a.s.","21.720","deg","20.000","°C","977.000","hPa","0.861","-0.02617","0.00035","0","0","13.56","Humid","26.25","0","44.00","378113.37","SABD0000000001","AAV1.0.0.11","4.0.0.2323","PSt7-10","170328-019","7/29/2022 11:23:46 AM","0000-00","0","no battery","V","","µV","","µV"
"08/11/2022","10:25:42","6","default","383292078","Oxt_06","41.784","min","94.453","%a.s.","Humid","20.992","deg","41238","µV","27.783","°C","1021.000","hPa","36.4","pmil","0","55.390","deg","20.000","°C","100.000","%a.s.","21.720","deg","20.000","°C","977.000","hPa","0.861","-0.02617","0.00035","0","0","13.56","Humid","26.25","0","44.00","378108.71","SABD0000000001","AAV1.0.0.11","4.0.0.2323","PSt7-10","170328-019","7/29/2022 11:23:46 AM","0000-00","0","no battery","V","","µV","","µV"
"08/11/2022","10:25:43","6","default","383292078","Oxt_06","41.801","min","94.431","%a.s.","Humid","20.993","deg","41241","µV","27.798","°C","1021.000","hPa","36.4","pmil","0","55.390","deg","20.000","°C","100.000","%a.s.","21.720","deg","20.000","°C","977.000","hPa","0.861","-0.02617","0.00035","0","0","13.56","Humid","26.25","0","44.00","378124.09","SABD0000000001","AAV1.0.0.11","4.0.0.2323","PSt7-10","170328-019","7/29/2022 11:23:46 AM","0000-00","0","no battery","V","","µV","","µV"
"08/11/2022","10:25:44","6","default","383292078","Oxt_06","41.818","min","94.409","%a.s.","Humid","20.995","deg","41245","µV","27.804","°C","1021.000","hPa","36.4","pmil","0","55.390","deg","20.000","°C","100.000","%a.s.","21.720","deg","20.000","°C","977.000","hPa","0.861","-0.02617","0.00035","0","0","13.56","Humid","26.25","0","44.00","378132.96","SABD0000000001","AAV1.0.0.11","4.0.0.2323","PSt7-10","170328-019","7/29/2022 11:23:46 AM","0000-00","0","no battery","V","","µV","","µV"
"08/11/2022","10:25:45","6","default","383292078","Oxt_06","41.834","min","94.319","%a.s.","Humid","21.007","deg","41244","µV","27.792","°C","1021.000","hPa","36.4","pmil","0","55.390","deg","20.000","°C","100.000","%a.s.","21.720","deg","20.000","°C","977.000","hPa","0.861","-0.02617","0.00035","0","0","13.56","Humid","26.25","0","44.00","378143.43","SABD0000000001","AAV1.0.0.11","4.0.0.2323","PSt7-10","170328-019","7/29/2022 11:23:46 AM","0000-00","0","no battery","V","","µV","","µV"
"08/11/2022","10:25:46","6","default","383292078","Oxt_06","41.851","min","94.392","%a.s.","Humid","20.998","deg","41245","µV","27.795","°C","1021.000","hPa","36.4","pmil","0","55.390","deg","20.000","°C","100.000","%a.s.","21.720","deg","20.000","°C","977.000","hPa","0.861","-0.02617","0.00035","0","0","13.56","Humid","26.25","0","44.00","378130.90","SABD0000000001","AAV1.0.0.11","4.0.0.2323","PSt7-10","170328-019","7/29/2022 11:23:46 AM","0000-00","0","no battery","V","","µV","","µV"
"08/11/2022","10:25:47","6","default","383292078","Oxt_06","41.868","min","94.358","%a.s.","Humid","21.002","deg","41242","µV","27.795","°C","1021.000","hPa","36.4","pmil","0","55.390","deg","20.000","°C","100.000","%a.s.","21.720","deg","20.000","°C","977.000","hPa","0.861","-0.02617","0.00035","0","0","13.56","Humid","26.25","0","44.00","378137.47","SABD0000000001","AAV1.0.0.11","4.0.0.2323","PSt7-10","170328-019","7/29/2022 11:23:46 AM","0000-00","0","no battery","V","","µV","","µV"
"08/11/2022","10:25:48","6","default","383292078","Oxt_06","41.884","min","94.384","%a.s.","Humid","20.998","deg","41247","µV","27.804","°C","1021.000","hPa","36.4","pmil","0","55.390","deg","20.000","°C","100.000","%a.s.","21.720","deg","20.000","°C","977.000","hPa","0.861","-0.02617","0.00035","0","0","13.56","Humid","26.25","0","44.00","378137.55","SABD0000000001","AAV1.0.0.11","4.0.0.2323","PSt7-10","170328-019","7/29/2022 11:23:46 AM","0000-00","0","no battery","V","","µV","","µV"
"08/11/2022","10:25:49","6","default","383292078","Oxt_06","41.901","min","94.376","%a.s.","Humid","20.999","deg","41248","µV","27.803","°C","1021.000","hPa","36.4","pmil","0","55.390","deg","20.000","°C","100.000","%a.s.","21.720","deg","20.000","°C","977.000","hPa","0.861","-0.02617","0.00035","0","0","13.56","Humid","26.25","0","44.00","378141.39","SABD0000000001","AAV1.0.0.11","4.0.0.2323","PSt7-10","170328-019","7/29/2022 11:23:46 AM","0000-00","0","no battery","V","","µV","","µV"
"08/11/2022","10:25:50","6","default","383292078","Oxt_06","41.918","min","94.387","%a.s.","Humid","20.999","deg","41250","µV","27.791","°C","1021.000","hPa","36.4","pmil","0","55.390","deg","20.000","°C","100.000","%a.s.","21.720","deg","20.000","°C","977.000","hPa","0.861","-0.02617","0.00035","0","0","13.56","Humid","26.25","0","44.00","378148.73","SABD0000000001","AAV1.0.0.11","4.0.0.2323","PSt7-10","170328-019","7/29/2022 11:23:46 AM","0000-00","0","no battery","V","","µV","","µV"
"08/11/2022","10:25:51","6","default","383292078","Oxt_06","41.934","min","94.440","%a.s.","Humid","20.992","deg","41249","µV","27.797","°C","1021.000","hPa","36.4","pmil","0","55.390","deg","20.000","°C","100.000","%a.s.","21.720","deg","20.000","°C","977.000","hPa","0.861","-0.02617","0.00035","0","0","13.56","Humid","26.25","0","44.00","378139.33","SABD0000000001","AAV1.0.0.11","4.0.0.2323","PSt7-10","170328-019","7/29/2022 11:23:46 AM","0000-00","0","no battery","V","","µV","","µV"
"08/11/2022","10:25:52","6","default","383292078","Oxt_06","41.951","min","94.423","%a.s.","Humid","20.994","deg","41250","µV","27.797","°C","1021.000","hPa","36.4","pmil","0","55.390","deg","20.000","°C","100.000","%a.s.","21.720","deg","20.000","°C","977.000","hPa","0.861","-0.02617","0.00035","0","0","13.56","Humid","26.25","0","44.00","378143.47","SABD0000000001","AAV1.0.0.11","4.0.0.2323","PSt7-10","170328-019","7/29/2022 11:23:46 AM","0000-00","0","no battery","V","","µV","","µV"
"08/11/2022","10:25:53","6","default","383292078","Oxt_06","41.967","min","94.376","%a.s.","Humid","21.001","deg","41252","µV","27.784","°C","1021.000","hPa","36.4","pmil","0","55.390","deg","20.000","°C","100.000","%a.s.","21.720","deg","20.000","°C","977.000","hPa","0.861","-0.02617","0.00035","0","0","13.56","Humid","26.25","0","44.00","378143.12","SABD0000000001","AAV1.0.0.11","4.0.0.2323","PSt7-10","170328-019","7/29/2022 11:23:46 AM","0000-00","0","no battery","V","","µV","","µV"
"08/11/2022","10:25:54","6","default","383292078","Oxt_06","41.984","min","94.394","%a.s.","Humid","20.998","deg","41244","µV","27.792","°C","1021.000","hPa","36.4","pmil","0","55.390","deg","20.000","°C","100.000","%a.s.","21.720","deg","20.000","°C","977.000","hPa","0.861","-0.02617","0.00035","0","0","13.56","Humid","26.25","0","44.00","378145.10","SABD0000000001","AAV1.0.0.11","4.0.0.2323","PSt7-10","170328-019","7/29/2022 11:23:46 AM","0000-00","0","no battery","V","","µV","","µV"
"08/11/2022","10:25:55","6","default","383292078","Oxt_06","42.001","min","94.398","%a.s.","Humid","20.998","deg","41253","µV","27.788","°C","1021.000","hPa","36.4","pmil","0","55.390","deg","20.000","°C","100.000","%a.s.","21.720","deg","20.000","°C","977.000","hPa","0.861","-0.02617","0.00035","0","0","13.56","Humid","26.25","0","44.00","378145.97","SABD0000000001","AAV1.0.0.11","4.0.0.2323","PSt7-10","170328-019","7/29/2022 11:23:46 AM","0000-00","0","no battery","V","","µV","","µV"
"08/11/2022","10:25:56","6","default","383292078","Oxt_06","42.017","min","94.369","%a.s.","Humid","21.000","deg","41250","µV","27.802","°C","1021.000","hPa","36.4","pmil","0","55.390","deg","20.000","°C","100.000","%a.s.","21.720","deg","20.000","°C","977.000","hPa","0.861","-0.02617","0.00035","0","0","13.56","Humid","26.25","0","44.00","378161.14","SABD0000000001","AAV1.0.0.11","4.0.0.2323","PSt7-10","170328-019","7/29/2022 11:23:46 AM","0000-00","0","no battery","V","","µV","","µV"
"08/11/2022","10:25:57","6","default","383292078","Oxt_06","42.034","min","94.364","%a.s.","Humid","21.001","deg","41250","µV","27.797","°C","1021.000","hPa","36.4","pmil","0","55.390","deg","20.000","°C","100.000","%a.s.","21.720","deg","20.000","°C","977.000","hPa","0.861","-0.02617","0.00035","0","0","13.56","Humid","26.25","0","44.00","378173.05","SABD0000000001","AAV1.0.0.11","4.0.0.2323","PSt7-10","170328-019","7/29/2022 11:23:46 AM","0000-00","0","no battery","V","","µV","","µV"
"08/11/2022","10:25:58","6","default","383292078","Oxt_06","42.050","min","94.375","%a.s.","Humid","21.000","deg","41250","µV","27.795","°C","1021.000","hPa","36.4","pmil","0","55.390","deg","20.000","°C","100.000","%a.s.","21.720","deg","20.000","°C","977.000","hPa","0.861","-0.02617","0.00035","0","0","13.56","Humid","26.25","0","44.00","378156.82","SABD0000000001","AAV1.0.0.11","4.0.0.2323","PSt7-10","170328-019","7/29/2022 11:23:46 AM","0000-00","0","no battery","V","","µV","","µV"
"08/11/2022","10:25:59","6","default","383292078","Oxt_06","42.067","min","94.353","%a.s.","Humid","21.004","deg","41254","µV","27.782","°C","1021.000","hPa","36.4","pmil","0","55.390","deg","20.000","°C","100.000","%a.s.","21.720","deg","20.000","°C","977.000","hPa","0.861","-0.02617","0.00035","0","0","13.56","Humid","26.25","0","44.00","378168.09","SABD0000000001","AAV1.0.0.11","4.0.0.2323","PSt7-10","170328-019","7/29/2022 11:23:46 AM","0000-00","0","no battery","V","","µV","","µV"
"08/11/2022","10:26:00","6","default","383292078","Oxt_06","42.084","min","94.412","%a.s.","Humid","20.997","deg","41252","µV","27.782","°C","1021.000","hPa","36.4","pmil","0","55.390","deg","20.000","°C","100.000","%a.s.","21.720","deg","20.000","°C","977.000","hPa","0.861","-0.02617","0.00035","0","0","13.56","Humid","26.25","0","44.00","378163.71","SABD0000000001","AAV1.0.0.11","4.0.0.2323","PSt7-10","170328-019","7/29/2022 11:23:46 AM","0000-00","0","no battery","V","","µV","","µV"
"08/11/2022","10:26:01","6","default","383292078","Oxt_06","42.100","min","94.374","%a.s.","Humid","21.002","deg","41259","µV","27.778","°C","1021.000","hPa","36.4","pmil","0","55.390","deg","20.000","°C","100.000","%a.s.","21.720","deg","20.000","°C","977.000","hPa","0.861","-0.02617","0.00035","0","0","13.56","Humid","26.25","0","44.00","378182.24","SABD0000000001","AAV1.0.0.11","4.0.0.2323","PSt7-10","170328-019","7/29/2022 11:23:46 AM","0000-00","0","no battery","V","","µV","","µV"
"08/11/2022","10:26:02","6","default","383292078","Oxt_06","42.117","min","94.350","%a.s.","Humid","21.002","deg","41260","µV","27.804","°C","1021.000","hPa","36.4","pmil","0","55.390","deg","20.000","°C","100.000","%a.s.","21.720","deg","20.000","°C","977.000","hPa","0.861","-0.02617","0.00035","0","0","13.56","Humid","26.25","0","44.00","378169.11","SABD0000000001","AAV1.0.0.11","4.0.0.2323","PSt7-10","170328-019","7/29/2022 11:23:46 AM","0000-00","0","no battery","V","","µV","","µV"
"08/11/2022","10:26:03","6","default","383292078","Oxt_06","42.135","min","94.391","%a.s.","Humid","20.998","deg","41260","µV","27.795","°C","1021.000","hPa","36.4","pmil","0","55.390","deg","20.000","°C","100.000","%a.s.","21.720","deg","20.000","°C","977.000","hPa","0.861","-0.02617","0.00035","0","0","13.56","Humid","26.25","0","44.00","378174.41","SABD0000000001","AAV1.0.0.11","4.0.0.2323","PSt7-10","170328-019","7/29/2022 11:23:46 AM","0000-00","0","no battery","V","","µV","","µV"
"08/11/2022","10:26:04","6","default","383292078","Oxt_06","42.151","min","94.373","%a.s.","Humid","20.999","deg","41256","µV","27.807","°C","1021.000","hPa","36.4","pmil","0","55.390","deg","20.000","°C","100.000","%a.s.","21.720","deg","20.000","°C","977.000","hPa","0.861","-0.02617","0.00035","0","0","13.56","Humid","26.25","0","44.00","378169.28","SABD0000000001","AAV1.0.0.11","4.0.0.2323","PSt7-10","170328-019","7/29/2022 11:23:46 AM","0000-00","0","no battery","V","","µV","","µV"
"08/11/2022","10:26:05","6","default","383292078","Oxt_06","42.168","min","94.349","%a.s.","Humid","21.003","deg","41260","µV","27.796","°C","1021.000","hPa","36.4","pmil","0","55.390","deg","20.000","°C","100.000","%a.s.","21.720","deg","20.000","°C","977.000","hPa","0.861","-0.02617","0.00035","0","0","13.56","Humid","26.25","0","44.00","378182.79","SABD0000000001","AAV1.0.0.11","4.0.0.2323","PSt7-10","170328-019","7/29/2022 11:23:46 AM","0000-00","0","no battery","V","","µV","","µV"
"08/11/2022","10:26:06","6","default","383292078","Oxt_06","42.185","min","94.360","%a.s.","Humid","21.001","deg","41258","µV","27.802","°C","1021.000","hPa","36.4","pmil","0","55.390","deg","20.000","°C","100.000","%a.s.","21.720","deg","20.000","°C","977.000","hPa","0.861","-0.02617","0.00035","0","0","13.56","Humid","26.25","0","44.00","378185.65","SABD0000000001","AAV1.0.0.11","4.0.0.2323","PSt7-10","170328-019","7/29/2022 11:23:46 AM","0000-00","0","no battery","V","","µV","","µV"
"08/11/2022","10:26:07","6","default","383292078","Oxt_06","42.201","min","94.379","%a.s.","Humid","21.000","deg","41264","µV","27.790","°C","1021.000","hPa","36.4","pmil","0","55.390","deg","20.000","°C","100.000","%a.s.","21.720","deg","20.000","°C","977.000","hPa","0.861","-0.02617","0.00035","0","0","13.56","Humid","26.25","0","44.00","378187.54","SABD0000000001","AAV1.0.0.11","4.0.0.2323","PSt7-10","170328-019","7/29/2022 11:23:46 AM","0000-00","0","no battery","V","","µV","","µV"
"08/11/2022","10:26:08","6","default","383292078","Oxt_06","42.218","min","94.361","%a.s.","Humid","21.002","deg","41268","µV","27.792","°C","1021.000","hPa","36.4","pmil","0","55.390","deg","20.000","°C","100.000","%a.s.","21.720","deg","20.000","°C","977.000","hPa","0.861","-0.02617","0.00035","0","0","13.56","Humid","26.25","0","44.00","378186.69","SABD0000000001","AAV1.0.0.11","4.0.0.2323","PSt7-10","170328-019","7/29/2022 11:23:46 AM","0000-00","0","no battery","V","","µV","","µV"
"08/11/2022","10:26:09","6","default","383292078","Oxt_06","42.234","min","94.383","%a.s.","Humid","20.999","deg","41271","µV","27.795","°C","1021.000","hPa","36.4","pmil","0","55.390","deg","20.000","°C","100.000","%a.s.","21.720","deg","20.000","°C","977.000","hPa","0.861","-0.02617","0.00035","0","0","13.56","Humid","26.25","0","44.00","378198.33","SABD0000000001","AAV1.0.0.11","4.0.0.2323","PSt7-10","170328-019","7/29/2022 11:23:46 AM","0000-00","0","no battery","V","","µV","","µV"
"08/11/2022","10:26:10","6","default","383292078","Oxt_06","42.251","min","94.388","%a.s.","Humid","20.999","deg","41272","µV","27.790","°C","1021.000","hPa","36.4","pmil","0","55.390","deg","20.000","°C","100.000","%a.s.","21.720","deg","20.000","°C","977.000","hPa","0.861","-0.02617","0.00035","0","0","13.56","Humid","26.25","0","44.00","378197.49","SABD0000000001","AAV1.0.0.11","4.0.0.2323","PSt7-10","170328-019","7/29/2022 11:23:46 AM","0000-00","0","no battery","V","","µV","","µV"
"08/11/2022","10:26:11","6","default","383292078","Oxt_06","42.268","min","94.407","%a.s.","Humid","20.997","deg","41264","µV","27.787","°C","1021.000","hPa","36.4","pmil","0","55.390","deg","20.000","°C","100.000","%a.s.","21.720","deg","20.000","°C","977.000","hPa","0.861","-0.02617","0.00035","0","0","13.56","Humid","26.25","0","44.00","378205.76","SABD0000000001","AAV1.0.0.11","4.0.0.2323","PSt7-10","170328-019","7/29/2022 11:23:46 AM","0000-00","0","no battery","V","","µV","","µV"
"08/11/2022","10:26:12","6","default","383292078","Oxt_06","42.284","min","94.325","%a.s.","Humid","21.004","deg","41268","µV","27.813","°C","1021.000","hPa","36.4","pmil","0","55.390","deg","20.000","°C","100.000","%a.s.","21.720","deg","20.000","°C","977.000","hPa","0.861","-0.02617","0.00035","0","0","13.56","Humid","26.25","0","44.00","378220.77","SABD0000000001","AAV1.0.0.11","4.0.0.2323","PSt7-10","170328-019","7/29/2022 11:23:46 AM","0000-00","0","no battery","V","","µV","","µV"
"08/11/2022","10:26:13","6","default","383292078","Oxt_06","42.301","min","94.393","%a.s.","Humid","20.997","deg","41273","µV","27.803","°C","1021.000","hPa","36.4","pmil","0","55.390","deg","20.000","°C","100.000","%a.s.","21.720","deg","20.000","°C","977.000","hPa","0.861","-0.02617","0.00035","0","0","13.56","Humid","26.25","0","44.00","378220.17","SABD0000000001","AAV1.0.0.11","4.0.0.2323","PSt7-10","170328-019","7/29/2022 11:23:46 AM","0000-00","0","no battery","V","","µV","","µV"
"08/11/2022","10:26:14","6","default","383292078","Oxt_06","42.317","min","94.348","%a.s.","Humid","21.004","deg","41269","µV","27.788","°C","1021.000","hPa","36.4","pmil","0","55.390","deg","20.000","°C","100.000","%a.s.","21.720","deg","20.000","°C","977.000","hPa","0.861","-0.02617","0.00035","0","0","13.56","Humid","26.25","0","44.00","378211.68","SABD0000000001","AAV1.0.0.11","4.0.0.2323","PSt7-10","170328-019","7/29/2022 11:23:46 AM","0000-00","0","no battery","V","","µV","","µV"
"08/11/2022","10:26:15","6","default","383292078","Oxt_06","42.334","min","94.318","%a.s.","Humid","21.007","deg","41270","µV","27.793","°C","1021.000","hPa","36.4","pmil","0","55.390","deg","20.000","°C","100.000","%a.s.","21.720","deg","20.000","°C","977.000","hPa","0.861","-0.02617","0.00035","0","0","13.56","Humid","26.25","0","44.00","378207.39","SABD0000000001","AAV1.0.0.11","4.0.0.2323","PSt7-10","170328-019","7/29/2022 11:23:46 AM","0000-00","0","no battery","V","","µV","","µV"
"08/11/2022","10:26:16","6","default","383292078","Oxt_06","42.351","min","94.358","%a.s.","Humid","21.002","deg","41269","µV","27.795","°C","1021.000","hPa","36.4","pmil","0","55.390","deg","20.000","°C","100.000","%a.s.","21.720","deg","20.000","°C","977.000","hPa","0.861","-0.02617","0.00035","0","0","13.56","Humid","26.25","0","44.00","378195.46","SABD0000000001","AAV1.0.0.11","4.0.0.2323","PSt7-10","170328-019","7/29/2022 11:23:46 AM","0000-00","0","no battery","V","","µV","","µV"
"08/11/2022","10:26:17","6","default","383292078","Oxt_06","42.367","min","94.299","%a.s.","Humid","21.009","deg","41273","µV","27.796","°C","1021.000","hPa","36.4","pmil","0","55.390","deg","20.000","°C","100.000","%a.s.","21.720","deg","20.000","°C","977.000","hPa","0.861","-0.02617","0.00035","0","0","13.56","Humid","26.25","0","44.00","378228.57","SABD0000000001","AAV1.0.0.11","4.0.0.2323","PSt7-10","170328-019","7/29/2022 11:23:46 AM","0000-00","0","no battery","V","","µV","","µV"
"08/11/2022","10:26:18","6","default","383292078","Oxt_06","42.384","min","94.341","%a.s.","Humid","21.005","deg","41277","µV","27.787","°C","1021.000","hPa","36.4","pmil","0","55.390","deg","20.000","°C","100.000","%a.s.","21.720","deg","20.000","°C","977.000","hPa","0.861","-0.02617","0.00035","0","0","13.56","Humid","26.25","0","44.00","378229.69","SABD0000000001","AAV1.0.0.11","4.0.0.2323","PSt7-10","170328-019","7/29/2022 11:23:46 AM","0000-00","0","no battery","V","","µV","","µV"
"08/11/2022","10:26:19","6","default","383292078","Oxt_06","42.401","min","94.307","%a.s.","Humid","21.010","deg","41277","µV","27.778","°C","1021.000","hPa","36.4","pmil","0","55.390","deg","20.000","°C","100.000","%a.s.","21.720","deg","20.000","°C","977.000","hPa","0.861","-0.02617","0.00035","0","0","13.56","Humid","26.25","0","44.00","378222.49","SABD0000000001","AAV1.0.0.11","4.0.0.2323","PSt7-10","170328-019","7/29/2022 11:23:46 AM","0000-00","0","no battery","V","","µV","","µV"
"08/11/2022","10:26:20","6","default","383292078","Oxt_06","42.417","min","94.406","%a.s.","Humid","20.999","deg","41275","µV","27.770","°C","1021.000","hPa","36.4","pmil","0","55.390","deg","20.000","°C","100.000","%a.s.","21.720","deg","20.000","°C","977.000","hPa","0.861","-0.02617","0.00035","0","0","13.56","Humid","26.25","0","44.00","378214.61","SABD0000000001","AAV1.0.0.11","4.0.0.2323","PSt7-10","170328-019","7/29/2022 11:23:46 AM","0000-00","0","no battery","V","","µV","","µV"
"08/11/2022","10:26:21","6","default","383292078","Oxt_06","42.434","min","94.331","%a.s.","Humid","21.005","deg","41273","µV","27.797","°C","1021.000","hPa","36.4","pmil","0","55.390","deg","20.000","°C","100.000","%a.s.","21.720","deg","20.000","°C","977.000","hPa","0.861","-0.02617","0.00035","0","0","13.56","Humid","26.25","0","44.00","378223.73","SABD0000000001","AAV1.0.0.11","4.0.0.2323","PSt7-10","170328-019","7/29/2022 11:23:46 AM","0000-00","0","no battery","V","","µV","","µV"
"08/11/2022","10:26:22","6","default","383292078","Oxt_06","42.451","min","94.361","%a.s.","Humid","21.001","deg","41276","µV","27.802","°C","1021.000","hPa","36.4","pmil","0","55.390","deg","20.000","°C","100.000","%a.s.","21.720","deg","20.000","°C","977.000","hPa","0.861","-0.02617","0.00035","0","0","13.56","Humid","26.25","0","44.00","378219.66","SABD0000000001","AAV1.0.0.11","4.0.0.2323","PSt7-10","170328-019","7/29/2022 11:23:46 AM","0000-00","0","no battery","V","","µV","","µV"
"08/11/2022","10:26:23","6","default","383292078","Oxt_06","42.467","min","94.342","%a.s.","Humid","21.004","deg","41287","µV","27.794","°C","1021.000","hPa","36.4","pmil","0","55.390","deg","20.000","°C","100.000","%a.s.","21.720","deg","20.000","°C","977.000","hPa","0.861","-0.02617","0.00035","0","0","13.56","Humid","26.25","0","44.00","378220.54","SABD0000000001","AAV1.0.0.11","4.0.0.2323","PSt7-10","170328-019","7/29/2022 11:23:46 AM","0000-00","0","no battery","V","","µV","","µV"
"08/11/2022","10:26:24","6","default","383292078","Oxt_06","42.484","min","94.272","%a.s.","Humid","21.012","deg","41284","µV","27.797","°C","1021.000","hPa","36.4","pmil","0","55.390","deg","20.000","°C","100.000","%a.s.","21.720","deg","20.000","°C","977.000","hPa","0.861","-0.02617","0.00035","0","0","13.56","Humid","26.25","0","44.00","378220.29","SABD0000000001","AAV1.0.0.11","4.0.0.2323","PSt7-10","170328-019","7/29/2022 11:23:46 AM","0000-00","0","no battery","V","","µV","","µV"
"08/11/2022","10:26:25","6","default","383292078","Oxt_06","42.500","min","94.327","%a.s.","Humid","21.006","deg","41280","µV","27.793","°C","1021.000","hPa","36.4","pmil","0","55.390","deg","20.000","°C","100.000","%a.s.","21.720","deg","20.000","°C","977.000","hPa","0.861","-0.02617","0.00035","0","0","13.56","Humid","26.25","0","44.00","378240.05","SABD0000000001","AAV1.0.0.11","4.0.0.2323","PSt7-10","170328-019","7/29/2022 11:23:46 AM","0000-00","0","no battery","V","","µV","","µV"
"08/11/2022","10:26:26","6","default","383292078","Oxt_06","42.517","min","94.300","%a.s.","Humid","21.010","deg","41282","µV","27.786","°C","1021.000","hPa","36.4","pmil","0","55.390","deg","20.000","°C","100.000","%a.s.","21.720","deg","20.000","°C","977.000","hPa","0.861","-0.02617","0.00035","0","0","13.56","Humid","26.25","0","44.00","378244.38","SABD0000000001","AAV1.0.0.11","4.0.0.2323","PSt7-10","170328-019","7/29/2022 11:23:46 AM","0000-00","0","no battery","V","","µV","","µV"
"08/11/2022","10:26:27","6","default","383292078","Oxt_06","42.534","min","94.309","%a.s.","Humid","21.009","deg","41284","µV","27.784","°C","1021.000","hPa","36.4","pmil","0","55.390","deg","20.000","°C","100.000","%a.s.","21.720","deg","20.000","°C","977.000","hPa","0.861","-0.02617","0.00035","0","0","13.56","Humid","26.25","0","44.00","378242.91","SABD0000000001","AAV1.0.0.11","4.0.0.2323","PSt7-10","170328-019","7/29/2022 11:23:46 AM","0000-00","0","no battery","V","","µV","","µV"
"08/11/2022","10:26:28","6","default","383292078","Oxt_06","42.550","min","94.316","%a.s.","Humid","21.009","deg","41287","µV","27.777","°C","1021.000","hPa","36.4","pmil","0","55.390","deg","20.000","°C","100.000","%a.s.","21.720","deg","20.000","°C","977.000","hPa","0.861","-0.02617","0.00035","0","0","13.56","Humid","26.25","0","44.00","378249.22","SABD0000000001","AAV1.0.0.11","4.0.0.2323","PSt7-10","170328-019","7/29/2022 11:23:46 AM","0000-00","0","no battery","V","","µV","","µV"
"08/11/2022","10:26:29","6","default","383292078","Oxt_06","42.567","min","94.275","%a.s.","Humid","21.013","deg","41289","µV","27.785","°C","1021.000","hPa","36.4","pmil","0","55.390","deg","20.000","°C","100.000","%a.s.","21.720","deg","20.000","°C","977.000","hPa","0.861","-0.02617","0.00035","0","0","13.56","Humid","26.25","0","44.00","378246.38","SABD0000000001","AAV1.0.0.11","4.0.0.2323","PSt7-10","170328-019","7/29/2022 11:23:46 AM","0000-00","0","no battery","V","","µV","","µV"
"08/11/2022","10:26:30","6","default","383292078","Oxt_06","42.584","min","94.381","%a.s.","Humid","21.000","deg","41287","µV","27.789","°C","1021.000","hPa","36.4","pmil","0","55.390","deg","20.000","°C","100.000","%a.s.","21.720","deg","20.000","°C","977.000","hPa","0.861","-0.02617","0.00035","0","0","13.56","Humid","26.25","0","44.00","378247.70","SABD0000000001","AAV1.0.0.11","4.0.0.2323","PSt7-10","170328-019","7/29/2022 11:23:46 AM","0000-00","0","no battery","V","","µV","","µV"
"08/11/2022","10:26:31","6","default","383292078","Oxt_06","42.600","min","94.277","%a.s.","Humid","21.011","deg","41290","µV","27.801","°C","1021.000","hPa","36.4","pmil","0","55.390","deg","20.000","°C","100.000","%a.s.","21.720","deg","20.000","°C","977.000","hPa","0.861","-0.02617","0.00035","0","0","13.56","Humid","26.25","0","44.00","378252.65","SABD0000000001","AAV1.0.0.11","4.0.0.2323","PSt7-10","170328-019","7/29/2022 11:23:46 AM","0000-00","0","no battery","V","","µV","","µV"
"08/11/2022","10:26:32","6","default","383292078","Oxt_06","42.618","min","94.320","%a.s.","Humid","21.006","deg","41293","µV","27.800","°C","1021.000","hPa","36.4","pmil","0","55.390","deg","20.000","°C","100.000","%a.s.","21.720","deg","20.000","°C","977.000","hPa","0.861","-0.02617","0.00035","0","0","13.56","Humid","26.25","0","44.00","378261.94","SABD0000000001","AAV1.0.0.11","4.0.0.2323","PSt7-10","170328-019","7/29/2022 11:23:46 AM","0000-00","0","no battery","V","","µV","","µV"
"08/11/2022","10:26:33","6","default","383292078","Oxt_06","42.634","min","94.323","%a.s.","Humid","21.006","deg","41296","µV","27.797","°C","1021.000","hPa","36.4","pmil","0","55.390","deg","20.000","°C","100.000","%a.s.","21.720","deg","20.000","°C","977.000","hPa","0.861","-0.02617","0.00035","0","0","13.56","Humid","26.25","0","44.00","378266.60","SABD0000000001","AAV1.0.0.11","4.0.0.2323","PSt7-10","170328-019","7/29/2022 11:23:46 AM","0000-00","0","no battery","V","","µV","","µV"
"08/11/2022","10:26:34","6","default","383292078","Oxt_06","42.650","min","94.350","%a.s.","Humid","21.003","deg","41295","µV","27.794","°C","1021.000","hPa","36.4","pmil","0","55.390","deg","20.000","°C","100.000","%a.s.","21.720","deg","20.000","°C","977.000","hPa","0.861","-0.02617","0.00035","0","0","13.56","Humid","26.25","0","44.00","378255.55","SABD0000000001","AAV1.0.0.11","4.0.0.2323","PSt7-10","170328-019","7/29/2022 11:23:46 AM","0000-00","0","no battery","V","","µV","","µV"
"08/11/2022","10:26:35","6","default","383292078","Oxt_06","42.668","min","94.337","%a.s.","Humid","21.006","deg","41295","µV","27.781","°C","1021.000","hPa","36.4","pmil","0","55.390","deg","20.000","°C","100.000","%a.s.","21.720","deg","20.000","°C","977.000","hPa","0.861","-0.02617","0.00035","0","0","13.56","Humid","26.25","0","44.00","378259.47","SABD0000000001","AAV1.0.0.11","4.0.0.2323","PSt7-10","170328-019","7/29/2022 11:23:46 AM","0000-00","0","no battery","V","","µV","","µV"
"08/11/2022","10:26:36","6","default","383292078","Oxt_06","42.685","min","94.347","%a.s.","Humid","21.004","deg","41298","µV","27.789","°C","1021.000","hPa","36.4","pmil","0","55.390","deg","20.000","°C","100.000","%a.s.","21.720","deg","20.000","°C","977.000","hPa","0.861","-0.02617","0.00035","0","0","13.56","Humid","26.25","0","44.00","378266.91","SABD0000000001","AAV1.0.0.11","4.0.0.2323","PSt7-10","170328-019","7/29/2022 11:23:46 AM","0000-00","0","no battery","V","","µV","","µV"
"08/11/2022","10:26:37","6","default","383292078","Oxt_06","42.701","min","94.326","%a.s.","Humid","21.008","deg","41296","µV","27.776","°C","1021.000","hPa","36.4","pmil","0","55.390","deg","20.000","°C","100.000","%a.s.","21.720","deg","20.000","°C","977.000","hPa","0.861","-0.02617","0.00035","0","0","13.56","Humid","26.25","0","44.00","378256.92","SABD0000000001","AAV1.0.0.11","4.0.0.2323","PSt7-10","170328-019","7/29/2022 11:23:46 AM","0000-00","0","no battery","V","","µV","","µV"
"08/11/2022","10:26:38","6","default","383292078","Oxt_06","42.718","min","94.310","%a.s.","Humid","21.009","deg","41298","µV","27.783","°C","1021.000","hPa","36.4","pmil","0","55.390","deg","20.000","°C","100.000","%a.s.","21.720","deg","20.000","°C","977.000","hPa","0.861","-0.02617","0.00035","0","0","13.56","Humid","26.25","0","44.00","378260.27","SABD0000000001","AAV1.0.0.11","4.0.0.2323","PSt7-10","170328-019","7/29/2022 11:23:46 AM","0000-00","0","no battery","V","","µV","","µV"
"08/11/2022","10:26:39","6","default","383292078","Oxt_06","42.735","min","94.295","%a.s.","Humid","21.012","deg","41306","µV","27.773","°C","1021.000","hPa","36.4","pmil","0","55.390","deg","20.000","°C","100.000","%a.s.","21.720","deg","20.000","°C","977.000","hPa","0.861","-0.02617","0.00035","0","0","13.56","Humid","26.25","0","44.00","378272.35","SABD0000000001","AAV1.0.0.11","4.0.0.2323","PSt7-10","170328-019","7/29/2022 11:23:46 AM","0000-00","0","no battery","V","","µV","","µV"
"08/11/2022","10:26:40","6","default","383292078","Oxt_06","42.751","min","94.306","%a.s.","Humid","21.011","deg","41298","µV","27.770","°C","1021.000","hPa","36.4","pmil","0","55.390","deg","20.000","°C","100.000","%a.s.","21.720","deg","20.000","°C","977.000","hPa","0.861","-0.02617","0.00035","0","0","13.56","Humid","26.25","0","44.00","378272.88","SABD0000000001","AAV1.0.0.11","4.0.0.2323","PSt7-10","170328-019","7/29/2022 11:23:46 AM","0000-00","0","no battery","V","","µV","","µV"
"08/11/2022","10:26:41","6","default","383292078","Oxt_06","42.768","min","94.298","%a.s.","Humid","21.009","deg","41304","µV","27.797","°C","1021.000","hPa","36.4","pmil","0","55.390","deg","20.000","°C","100.000","%a.s.","21.720","deg","20.000","°C","977.000","hPa","0.861","-0.02617","0.00035","0","0","13.56","Humid","26.25","0","44.00","378270.63","SABD0000000001","AAV1.0.0.11","4.0.0.2323","PSt7-10","170328-019","7/29/2022 11:23:46 AM","0000-00","0","no battery","V","","µV","","µV"
"08/11/2022","10:26:42","6","default","383292078","Oxt_06","42.785","min","94.347","%a.s.","Humid","21.003","deg","41298","µV","27.798","°C","1021.000","hPa","36.4","pmil","0","55.390","deg","20.000","°C","100.000","%a.s.","21.720","deg","20.000","°C","977.000","hPa","0.861","-0.02617","0.00035","0","0","13.56","Humid","26.25","0","44.00","378282.60","SABD0000000001","AAV1.0.0.11","4.0.0.2323","PSt7-10","170328-019","7/29/2022 11:23:46 AM","0000-00","0","no battery","V","","µV","","µV"
"08/11/2022","10:26:43","6","default","383292078","Oxt_06","42.801","min","94.300","%a.s.","Humid","21.010","deg","41304","µV","27.785","°C","1021.000","hPa","36.4","pmil","0","55.390","deg","20.000","°C","100.000","%a.s.","21.720","deg","20.000","°C","977.000","hPa","0.861","-0.02617","0.00035","0","0","13.56","Humid","26.25","0","44.00","378276.26","SABD0000000001","AAV1.0.0.11","4.0.0.2323","PSt7-10","170328-019","7/29/2022 11:23:46 AM","0000-00","0","no battery","V","","µV","","µV"
"08/11/2022","10:26:44","6","default","383292078","Oxt_06","42.818","min","94.383","%a.s.","Humid","21.000","deg","41308","µV","27.786","°C","1021.000","hPa","36.4","pmil","0","55.390","deg","20.000","°C","100.000","%a.s.","21.720","deg","20.000","°C","977.000","hPa","0.861","-0.02617","0.00035","0","0","13.56","Humid","26.25","0","44.00","378276.97","SABD0000000001","AAV1.0.0.11","4.0.0.2323","PSt7-10","170328-019","7/29/2022 11:23:46 AM","0000-00","0","no battery","V","","µV","","µV"
"08/11/2022","10:26:45","6","default","383292078","Oxt_06","42.835","min","94.325","%a.s.","Humid","21.007","deg","41306","µV","27.785","°C","1021.000","hPa","36.4","pmil","0","55.390","deg","20.000","°C","100.000","%a.s.","21.720","deg","20.000","°C","977.000","hPa","0.861","-0.02617","0.00035","0","0","13.56","Humid","26.25","0","44.00","378297.30","SABD0000000001","AAV1.0.0.11","4.0.0.2323","PSt7-10","170328-019","7/29/2022 11:23:46 AM","0000-00","0","no battery","V","","µV","","µV"
"08/11/2022","10:26:46","6","default","383292078","Oxt_06","42.851","min","94.229","%a.s.","Humid","21.017","deg","41306","µV","27.799","°C","1021.000","hPa","36.4","pmil","0","55.390","deg","20.000","°C","100.000","%a.s.","21.720","deg","20.000","°C","977.000","hPa","0.861","-0.02617","0.00035","0","0","13.56","Humid","26.25","0","44.00","378300.34","SABD0000000001","AAV1.0.0.11","4.0.0.2323","PSt7-10","170328-019","7/29/2022 11:23:46 AM","0000-00","0","no battery","V","","µV","","µV"
"08/11/2022","10:26:47","6","default","383292078","Oxt_06","42.868","min","94.241","%a.s.","Humid","21.017","deg","41306","µV","27.786","°C","1021.000","hPa","36.4","pmil","0","55.390","deg","20.000","°C","100.000","%a.s.","21.720","deg","20.000","°C","977.000","hPa","0.861","-0.02617","0.00035","0","0","13.56","Humid","26.25","0","44.00","378293.86","SABD0000000001","AAV1.0.0.11","4.0.0.2323","PSt7-10","170328-019","7/29/2022 11:23:46 AM","0000-00","0","no battery","V","","µV","","µV"
"08/11/2022","10:26:48","6","default","383292078","Oxt_06","42.885","min","94.304","%a.s.","Humid","21.010","deg","41315","µV","27.781","°C","1021.000","hPa","36.4","pmil","0","55.390","deg","20.000","°C","100.000","%a.s.","21.720","deg","20.000","°C","977.000","hPa","0.861","-0.02617","0.00035","0","0","13.56","Humid","26.25","0","44.00","378295.07","SABD0000000001","AAV1.0.0.11","4.0.0.2323","PSt7-10","170328-019","7/29/2022 11:23:46 AM","0000-00","0","no battery","V","","µV","","µV"
"08/11/2022","10:26:49","6","default","383292078","Oxt_06","42.901","min","94.254","%a.s.","Humid","21.015","deg","41311","µV","27.789","°C","1021.000","hPa","36.4","pmil","0","55.390","deg","20.000","°C","100.000","%a.s.","21.720","deg","20.000","°C","977.000","hPa","0.861","-0.02617","0.00035","0","0","13.56","Humid","26.25","0","44.00","378296.48","SABD0000000001","AAV1.0.0.11","4.0.0.2323","PSt7-10","170328-019","7/29/2022 11:23:46 AM","0000-00","0","no battery","V","","µV","","µV"
"08/11/2022","10:26:50","6","default","383292078","Oxt_06","42.918","min","94.279","%a.s.","Humid","21.012","deg","41316","µV","27.790","°C","1021.000","hPa","36.4","pmil","0","55.390","deg","20.000","°C","100.000","%a.s.","21.720","deg","20.000","°C","977.000","hPa","0.861","-0.02617","0.00035","0","0","13.56","Humid","26.25","0","44.00","378304.19","SABD0000000001","AAV1.0.0.11","4.0.0.2323","PSt7-10","170328-019","7/29/2022 11:23:46 AM","0000-00","0","no battery","V","","µV","","µV"
"08/11/2022","10:26:51","6","default","383292078","Oxt_06","42.934","min","94.253","%a.s.","Humid","21.014","deg","41316","µV","27.800","°C","1021.000","hPa","36.4","pmil","0","55.390","deg","20.000","°C","100.000","%a.s.","21.720","deg","20.000","°C","977.000","hPa","0.861","-0.02617","0.00035","0","0","13.56","Humid","26.25","0","44.00","378313.63","SABD0000000001","AAV1.0.0.11","4.0.0.2323","PSt7-10","170328-019","7/29/2022 11:23:46 AM","0000-00","0","no battery","V","","µV","","µV"
"08/11/2022","10:26:52","6","default","383292078","Oxt_06","42.951","min","94.254","%a.s.","Humid","21.015","deg","41317","µV","27.790","°C","1021.000","hPa","36.4","pmil","0","55.390","deg","20.000","°C","100.000","%a.s.","21.720","deg","20.000","°C","977.000","hPa","0.861","-0.02617","0.00035","0","0","13.56","Humid","26.25","0","44.00","378319.98","SABD0000000001","AAV1.0.0.11","4.0.0.2323","PSt7-10","170328-019","7/29/2022 11:23:46 AM","0000-00","0","no battery","V","","µV","","µV"
"08/11/2022","10:26:53","6","default","383292078","Oxt_06","42.968","min","94.235","%a.s.","Humid","21.018","deg","41315","µV","27.784","°C","1021.000","hPa","36.4","pmil","0","55.390","deg","20.000","°C","100.000","%a.s.","21.720","deg","20.000","°C","977.000","hPa","0.861","-0.02617","0.00035","0","0","13.56","Humid","26.25","0","44.00","378322.21","SABD0000000001","AAV1.0.0.11","4.0.0.2323","PSt7-10","170328-019","7/29/2022 11:23:46 AM","0000-00","0","no battery","V","","µV","","µV"
"08/11/2022","10:26:54","6","default","383292078","Oxt_06","42.984","min","94.248","%a.s.","Humid","21.015","deg","41322","µV","27.796","°C","1021.000","hPa","36.4","pmil","0","55.390","deg","20.000","°C","100.000","%a.s.","21.720","deg","20.000","°C","977.000","hPa","0.861","-0.02617","0.00035","0","0","13.56","Humid","26.25","0","44.00","378314.53","SABD0000000001","AAV1.0.0.11","4.0.0.2323","PSt7-10","170328-019","7/29/2022 11:23:46 AM","0000-00","0","no battery","V","","µV","","µV"
"08/11/2022","10:26:55","6","default","383292078","Oxt_06","43.001","min","94.293","%a.s.","Humid","21.010","deg","41317","µV","27.793","°C","1021.000","hPa","36.4","pmil","0","55.390","deg","20.000","°C","100.000","%a.s.","21.720","deg","20.000","°C","977.000","hPa","0.861","-0.02617","0.00035","0","0","13.56","Humid","26.25","0","44.00","378324.52","SABD0000000001","AAV1.0.0.11","4.0.0.2323","PSt7-10","170328-019","7/29/2022 11:23:46 AM","0000-00","0","no battery","V","","µV","","µV"
"08/11/2022","10:26:56","6","default","383292078","Oxt_06","43.018","min","94.293","%a.s.","Humid","21.010","deg","41319","µV","27.793","°C","1021.000","hPa","36.4","pmil","0","55.390","deg","20.000","°C","100.000","%a.s.","21.720","deg","20.000","°C","977.000","hPa","0.861","-0.02617","0.00035","0","0","13.56","Humid","26.25","0","44.00","378317.75","SABD0000000001","AAV1.0.0.11","4.0.0.2323","PSt7-10","170328-019","7/29/2022 11:23:46 AM","0000-00","0","no battery","V","","µV","","µV"
"08/11/2022","10:26:57","6","default","383292078","Oxt_06","43.034","min","94.306","%a.s.","Humid","21.011","deg","41324","µV","27.769","°C","1021.000","hPa","36.4","pmil","0","55.390","deg","20.000","°C","100.000","%a.s.","21.720","deg","20.000","°C","977.000","hPa","0.861","-0.02617","0.00035","0","0","13.56","Humid","26.25","0","44.00","378307.01","SABD0000000001","AAV1.0.0.11","4.0.0.2323","PSt7-10","170328-019","7/29/2022 11:23:46 AM","0000-00","0","no battery","V","","µV","","µV"
"08/11/2022","10:26:58","6","default","383292078","Oxt_06","43.051","min","94.264","%a.s.","Humid","21.016","deg","41326","µV","27.770","°C","1021.000","hPa","36.4","pmil","0","55.390","deg","20.000","°C","100.000","%a.s.","21.720","deg","20.000","°C","977.000","hPa","0.861","-0.02617","0.00035","0","0","13.56","Humid","26.25","0","44.00","378334.54","SABD0000000001","AAV1.0.0.11","4.0.0.2323","PSt7-10","170328-019","7/29/2022 11:23:46 AM","0000-00","0","no battery","V","","µV","","µV"
"08/11/2022","10:26:59","6","default","383292078","Oxt_06","43.068","min","94.226","%a.s.","Humid","21.018","deg","41327","µV","27.793","°C","1021.000","hPa","36.4","pmil","0","55.390","deg","20.000","°C","100.000","%a.s.","21.720","deg","20.000","°C","977.000","hPa","0.861","-0.02617","0.00035","0","0","13.56","Humid","26.25","0","44.00","378329.84","SABD0000000001","AAV1.0.0.11","4.0.0.2323","PSt7-10","170328-019","7/29/2022 11:23:46 AM","0000-00","0","no battery","V","","µV","","µV"
"08/11/2022","10:27:00","6","default","383292078","Oxt_06","43.084","min","94.227","%a.s.","Humid","21.018","deg","41331","µV","27.792","°C","1021.000","hPa","36.4","pmil","0","55.390","deg","20.000","°C","100.000","%a.s.","21.720","deg","20.000","°C","977.000","hPa","0.861","-0.02617","0.00035","0","0","13.56","Humid","26.25","0","44.00","378336.29","SABD0000000001","AAV1.0.0.11","4.0.0.2323","PSt7-10","170328-019","7/29/2022 11:23:46 AM","0000-00","0","no battery","V","","µV","","µV"
"08/11/2022","10:27:01","6","default","383292078","Oxt_06","43.101","min","94.265","%a.s.","Humid","21.014","deg","41323","µV","27.787","°C","1021.000","hPa","36.4","pmil","0","55.390","deg","20.000","°C","100.000","%a.s.","21.720","deg","20.000","°C","977.000","hPa","0.861","-0.02617","0.00035","0","0","13.56","Humid","26.25","0","44.00","378334.43","SABD0000000001","AAV1.0.0.11","4.0.0.2323","PSt7-10","170328-019","7/29/2022 11:23:46 AM","0000-00","0","no battery","V","","µV","","µV"
"08/11/2022","10:27:02","6","default","383292078","Oxt_06","43.117","min","94.261","%a.s.","Humid","21.015","deg","41330","µV","27.782","°C","1021.000","hPa","36.4","pmil","0","55.390","deg","20.000","°C","100.000","%a.s.","21.720","deg","20.000","°C","977.000","hPa","0.861","-0.02617","0.00035","0","0","13.56","Humid","26.25","0","44.00","378337.92","SABD0000000001","AAV1.0.0.11","4.0.0.2323","PSt7-10","170328-019","7/29/2022 11:23:46 AM","0000-00","0","no battery","V","","µV","","µV"
"08/11/2022","10:27:03","6","default","383292078","Oxt_06","43.134","min","94.292","%a.s.","Humid","21.011","deg","41326","µV","27.785","°C","1021.000","hPa","36.4","pmil","0","55.390","deg","20.000","°C","100.000","%a.s.","21.720","deg","20.000","°C","977.000","hPa","0.861","-0.02617","0.00035","0","0","13.56","Humid","26.25","0","44.00","378348.87","SABD0000000001","AAV1.0.0.11","4.0.0.2323","PSt7-10","170328-019","7/29/2022 11:23:46 AM","0000-00","0","no battery","V","","µV","","µV"
"08/11/2022","10:27:04","6","default","383292078","Oxt_06","43.151","min","94.227","%a.s.","Humid","21.019","deg","41328","µV","27.783","°C","1021.000","hPa","36.4","pmil","0","55.390","deg","20.000","°C","100.000","%a.s.","21.720","deg","20.000","°C","977.000","hPa","0.861","-0.02617","0.00035","0","0","13.56","Humid","26.25","0","44.00","378344.45","SABD0000000001","AAV1.0.0.11","4.0.0.2323","PSt7-10","170328-019","7/29/2022 11:23:46 AM","0000-00","0","no battery","V","","µV","","µV"
"08/11/2022","10:27:05","6","default","383292078","Oxt_06","43.167","min","94.244","%a.s.","Humid","21.016","deg","41334","µV","27.791","°C","1021.000","hPa","36.4","pmil","0","55.390","deg","20.000","°C","100.000","%a.s.","21.720","deg","20.000","°C","977.000","hPa","0.861","-0.02617","0.00035","0","0","13.56","Humid","26.25","0","44.00","378345.22","SABD0000000001","AAV1.0.0.11","4.0.0.2323","PSt7-10","170328-019","7/29/2022 11:23:46 AM","0000-00","0","no battery","V","","µV","","µV"
"08/11/2022","10:27:06","6","default","383292078","Oxt_06","43.184","min","94.294","%a.s.","Humid","21.010","deg","41337","µV","27.792","°C","1021.000","hPa","36.4","pmil","0","55.390","deg","20.000","°C","100.000","%a.s.","21.720","deg","20.000","°C","977.000","hPa","0.861","-0.02617","0.00035","0","0","13.56","Humid","26.25","0","44.00","378349.74","SABD0000000001","AAV1.0.0.11","4.0.0.2323","PSt7-10","170328-019","7/29/2022 11:23:46 AM","0000-00","0","no battery","V","","µV","","µV"
"08/11/2022","10:27:07","6","default","383292078","Oxt_06","43.201","min","94.288","%a.s.","Humid","21.011","deg","41334","µV","27.789","°C","1021.000","hPa","36.4","pmil","0","55.390","deg","20.000","°C","100.000","%a.s.","21.720","deg","20.000","°C","977.000","hPa","0.861","-0.02617","0.00035","0","0","13.56","Humid","26.25","0","44.00","378344.57","SABD0000000001","AAV1.0.0.11","4.0.0.2323","PSt7-10","170328-019","7/29/2022 11:23:46 AM","0000-00","0","no battery","V","","µV","","µV"
"08/11/2022","10:27:08","6","default","383292078","Oxt_06","43.217","min","94.250","%a.s.","Humid","21.017","deg","41332","µV","27.775","°C","1021.000","hPa","36.4","pmil","0","55.390","deg","20.000","°C","100.000","%a.s.","21.720","deg","20.000","°C","977.000","hPa","0.861","-0.02617","0.00035","0","0","13.56","Humid","26.25","0","44.00","378365.38","SABD0000000001","AAV1.0.0.11","4.0.0.2323","PSt7-10","170328-019","7/29/2022 11:23:46 AM","0000-00","0","no battery","V","","µV","","µV"
"08/11/2022","10:27:09","6","default","383292078","Oxt_06","43.234","min","94.271","%a.s.","Humid","21.014","deg","41329","µV","27.780","°C","1021.000","hPa","36.4","pmil","0","55.390","deg","20.000","°C","100.000","%a.s.","21.720","deg","20.000","°C","977.000","hPa","0.861","-0.02617","0.00035","0","0","13.56","Humid","26.25","0","44.00","378353.69","SABD0000000001","AAV1.0.0.11","4.0.0.2323","PSt7-10","170328-019","7/29/2022 11:23:46 AM","0000-00","0","no battery","V","","µV","","µV"
"08/11/2022","10:27:10","6","default","383292078","Oxt_06","43.250","min","94.222","%a.s.","Humid","21.018","deg","41343","µV","27.797","°C","1021.000","hPa","36.4","pmil","0","55.390","deg","20.000","°C","100.000","%a.s.","21.720","deg","20.000","°C","977.000","hPa","0.861","-0.02617","0.00035","0","0","13.56","Humid","26.25","0","44.00","378358.27","SABD0000000001","AAV1.0.0.11","4.0.0.2323","PSt7-10","170328-019","7/29/2022 11:23:46 AM","0000-00","0","no battery","V","","µV","","µV"
"08/11/2022","10:27:11","6","default","383292078","Oxt_06","43.267","min","94.274","%a.s.","Humid","21.014","deg","41337","µV","27.777","°C","1021.000","hPa","36.4","pmil","0","55.390","deg","20.000","°C","100.000","%a.s.","21.720","deg","20.000","°C","977.000","hPa","0.861","-0.02617","0.00035","0","0","13.56","Humid","26.25","0","44.00","378367.35","SABD0000000001","AAV1.0.0.11","4.0.0.2323","PSt7-10","170328-019","7/29/2022 11:23:46 AM","0000-00","0","no battery","V","","µV","","µV"
"08/11/2022","10:27:12","6","default","383292078","Oxt_06","43.284","min","94.341","%a.s.","Humid","21.006","deg","41339","µV","27.777","°C","1021.000","hPa","36.4","pmil","0","55.390","deg","20.000","°C","100.000","%a.s.","21.720","deg","20.000","°C","977.000","hPa","0.861","-0.02617","0.00035","0","0","13.56","Humid","26.25","0","44.00","378364.29","SABD0000000001","AAV1.0.0.11","4.0.0.2323","PSt7-10","170328-019","7/29/2022 11:23:46 AM","0000-00","0","no battery","V","","µV","","µV"
"08/11/2022","10:27:13","6","default","383292078","Oxt_06","43.301","min","94.233","%a.s.","Humid","21.019","deg","41339","µV","27.777","°C","1021.000","hPa","36.4","pmil","0","55.390","deg","20.000","°C","100.000","%a.s.","21.720","deg","20.000","°C","977.000","hPa","0.861","-0.02617","0.00035","0","0","13.56","Humid","26.25","0","44.00","378349.70","SABD0000000001","AAV1.0.0.11","4.0.0.2323","PSt7-10","170328-019","7/29/2022 11:23:46 AM","0000-00","0","no battery","V","","µV","","µV"
"08/11/2022","10:27:14","6","default","383292078","Oxt_06","43.318","min","94.252","%a.s.","Humid","21.017","deg","41341","µV","27.774","°C","1021.000","hPa","36.4","pmil","0","55.390","deg","20.000","°C","100.000","%a.s.","21.720","deg","20.000","°C","977.000","hPa","0.861","-0.02617","0.00035","0","0","13.56","Humid","26.25","0","44.00","378367.28","SABD0000000001","AAV1.0.0.11","4.0.0.2323","PSt7-10","170328-019","7/29/2022 11:23:46 AM","0000-00","0","no battery","V","","µV","","µV"
"08/11/2022","10:27:15","6","default","383292078","Oxt_06","43.335","min","94.222","%a.s.","Humid","21.020","deg","41340","µV","27.779","°C","1021.000","hPa","36.4","pmil","0","55.390","deg","20.000","°C","100.000","%a.s.","21.720","deg","20.000","°C","977.000","hPa","0.861","-0.02617","0.00035","0","0","13.56","Humid","26.25","0","44.00","378372.84","SABD0000000001","AAV1.0.0.11","4.0.0.2323","PSt7-10","170328-019","7/29/2022 11:23:46 AM","0000-00","0","no battery","V","","µV","","µV"
"08/11/2022","10:27:16","6","default","383292078","Oxt_06","43.351","min","94.233","%a.s.","Humid","21.019","deg","41346","µV","27.777","°C","1021.000","hPa","36.4","pmil","0","55.390","deg","20.000","°C","100.000","%a.s.","21.720","deg","20.000","°C","977.000","hPa","0.861","-0.02617","0.00035","0","0","13.56","Humid","26.25","0","44.00","378358.12","SABD0000000001","AAV1.0.0.11","4.0.0.2323","PSt7-10","170328-019","7/29/2022 11:23:46 AM","0000-00","0","no battery","V","","µV","","µV"
"08/11/2022","10:27:17","6","default","383292078","Oxt_06","43.368","min","94.237","%a.s.","Humid","21.019","deg","41346","µV","27.772","°C","1021.000","hPa","36.4","pmil","0","55.390","deg","20.000","°C","100.000","%a.s.","21.720","deg","20.000","°C","977.000","hPa","0.861","-0.02617","0.00035","0","0","13.56","Humid","26.25","0","44.00","378364.90","SABD0000000001","AAV1.0.0.11","4.0.0.2323","PSt7-10","170328-019","7/29/2022 11:23:46 AM","0000-00","0","no battery","V","","µV","","µV"
"08/11/2022","10:27:18","6","default","383292078","Oxt_06","43.385","min","94.226","%a.s.","Humid","21.020","deg","41347","µV","27.775","°C","1021.000","hPa","36.4","pmil","0","55.390","deg","20.000","°C","100.000","%a.s.","21.720","deg","20.000","°C","977.000","hPa","0.861","-0.02617","0.00035","0","0","13.56","Humid","26.25","0","44.00","378369.25","SABD0000000001","AAV1.0.0.11","4.0.0.2323","PSt7-10","170328-019","7/29/2022 11:23:46 AM","0000-00","0","no battery","V","","µV","","µV"
"08/11/2022","10:27:19","6","default","383292078","Oxt_06","43.401","min","94.249","%a.s.","Humid","21.016","deg","41344","µV","27.786","°C","1021.000","hPa","36.4","pmil","0","55.390","deg","20.000","°C","100.000","%a.s.","21.720","deg","20.000","°C","977.000","hPa","0.861","-0.02617","0.00035","0","0","13.56","Humid","26.25","0","44.00","378367.23","SABD0000000001","AAV1.0.0.11","4.0.0.2323","PSt7-10","170328-019","7/29/2022 11:23:46 AM","0000-00","0","no battery","V","","µV","","µV"
"08/11/2022","10:27:20","6","default","383292078","Oxt_06","43.418","min","94.221","%a.s.","Humid","21.019","deg","41345","µV","27.789","°C","1021.000","hPa","36.4","pmil","0","55.390","deg","20.000","°C","100.000","%a.s.","21.720","deg","20.000","°C","977.000","hPa","0.861","-0.02617","0.00035","0","0","13.56","Humid","26.25","0","44.00","378370.11","SABD0000000001","AAV1.0.0.11","4.0.0.2323","PSt7-10","170328-019","7/29/2022 11:23:46 AM","0000-00","0","no battery","V","","µV","","µV"
"08/11/2022","10:27:21","6","default","383292078","Oxt_06","43.434","min","94.238","%a.s.","Humid","21.018","deg","41351","µV","27.780","°C","1021.000","hPa","36.4","pmil","0","55.390","deg","20.000","°C","100.000","%a.s.","21.720","deg","20.000","°C","977.000","hPa","0.861","-0.02617","0.00035","0","0","13.56","Humid","26.25","0","44.00","378370.48","SABD0000000001","AAV1.0.0.11","4.0.0.2323","PSt7-10","170328-019","7/29/2022 11:23:46 AM","0000-00","0","no battery","V","","µV","","µV"
"08/11/2022","10:27:22","6","default","383292078","Oxt_06","43.451","min","94.240","%a.s.","Humid","21.018","deg","41354","µV","27.778","°C","1021.000","hPa","36.4","pmil","0","55.390","deg","20.000","°C","100.000","%a.s.","21.720","deg","20.000","°C","977.000","hPa","0.861","-0.02617","0.00035","0","0","13.56","Humid","26.25","0","44.00","378380.25","SABD0000000001","AAV1.0.0.11","4.0.0.2323","PSt7-10","170328-019","7/29/2022 11:23:46 AM","0000-00","0","no battery","V","","µV","","µV"
"08/11/2022","10:27:23","6","default","383292078","Oxt_06","43.468","min","94.182","%a.s.","Humid","21.023","deg","41348","µV","27.795","°C","1021.000","hPa","36.4","pmil","0","55.390","deg","20.000","°C","100.000","%a.s.","21.720","deg","20.000","°C","977.000","hPa","0.861","-0.02617","0.00035","0","0","13.56","Humid","26.25","0","44.00","378364.29","SABD0000000001","AAV1.0.0.11","4.0.0.2323","PSt7-10","170328-019","7/29/2022 11:23:46 AM","0000-00","0","no battery","V","","µV","","µV"
"08/11/2022","10:27:24","6","default","383292078","Oxt_06","43.484","min","94.288","%a.s.","Humid","21.011","deg","41353","µV","27.790","°C","1021.000","hPa","36.4","pmil","0","55.390","deg","20.000","°C","100.000","%a.s.","21.720","deg","20.000","°C","977.000","hPa","0.861","-0.02617","0.00035","0","0","13.56","Humid","26.25","0","44.00","378367.90","SABD0000000001","AAV1.0.0.11","4.0.0.2323","PSt7-10","170328-019","7/29/2022 11:23:46 AM","0000-00","0","no battery","V","","µV","","µV"
"08/11/2022","10:27:25","6","default","383292078","Oxt_06","43.501","min","94.236","%a.s.","Humid","21.018","deg","41354","µV","27.782","°C","1021.000","hPa","36.4","pmil","0","55.390","deg","20.000","°C","100.000","%a.s.","21.720","deg","20.000","°C","977.000","hPa","0.861","-0.02617","0.00035","0","0","13.56","Humid","26.25","0","44.00","378393.75","SABD0000000001","AAV1.0.0.11","4.0.0.2323","PSt7-10","170328-019","7/29/2022 11:23:46 AM","0000-00","0","no battery","V","","µV","","µV"
"08/11/2022","10:27:26","6","default","383292078","Oxt_06","43.518","min","94.220","%a.s.","Humid","21.020","deg","41360","µV","27.781","°C","1021.000","hPa","36.4","pmil","0","55.390","deg","20.000","°C","100.000","%a.s.","21.720","deg","20.000","°C","977.000","hPa","0.861","-0.02617","0.00035","0","0","13.56","Humid","26.25","0","44.00","378378.73","SABD0000000001","AAV1.0.0.11","4.0.0.2323","PSt7-10","170328-019","7/29/2022 11:23:46 AM","0000-00","0","no battery","V","","µV","","µV"
"08/11/2022","10:27:27","6","default","383292078","Oxt_06","43.534","min","94.206","%a.s.","Humid","21.021","deg","41353","µV","27.787","°C","1021.000","hPa","36.4","pmil","0","55.390","deg","20.000","°C","100.000","%a.s.","21.720","deg","20.000","°C","977.000","hPa","0.861","-0.02617","0.00035","0","0","13.56","Humid","26.25","0","44.00","378377.19","SABD0000000001","AAV1.0.0.11","4.0.0.2323","PSt7-10","170328-019","7/29/2022 11:23:46 AM","0000-00","0","no battery","V","","µV","","µV"
"08/11/2022","10:27:28","6","default","383292078","Oxt_06","43.551","min","94.237","%a.s.","Humid","21.017","deg","41359","µV","27.790","°C","1021.000","hPa","36.4","pmil","0","55.390","deg","20.000","°C","100.000","%a.s.","21.720","deg","20.000","°C","977.000","hPa","0.861","-0.02617","0.00035","0","0","13.56","Humid","26.25","0","44.00","378384.51","SABD0000000001","AAV1.0.0.11","4.0.0.2323","PSt7-10","170328-019","7/29/2022 11:23:46 AM","0000-00","0","no battery","V","","µV","","µV"
"08/11/2022","10:27:29","6","default","383292078","Oxt_06","43.567","min","94.215","%a.s.","Humid","21.020","deg","41361","µV","27.786","°C","1021.000","hPa","36.4","pmil","0","55.390","deg","20.000","°C","100.000","%a.s.","21.720","deg","20.000","°C","977.000","hPa","0.861","-0.02617","0.00035","0","0","13.56","Humid","26.25","0","44.00","378393.82","SABD0000000001","AAV1.0.0.11","4.0.0.2323","PSt7-10","170328-019","7/29/2022 11:23:46 AM","0000-00","0","no battery","V","","µV","","µV"
"08/11/2022","10:27:30","6","default","383292078","Oxt_06","43.584","min","94.278","%a.s.","Humid","21.014","deg","41358","µV","27.773","°C","1021.000","hPa","36.4","pmil","0","55.390","deg","20.000","°C","100.000","%a.s.","21.720","deg","20.000","°C","977.000","hPa","0.861","-0.02617","0.00035","0","0","13.56","Humid","26.25","0","44.00","378381.26","SABD0000000001","AAV1.0.0.11","4.0.0.2323","PSt7-10","170328-019","7/29/2022 11:23:46 AM","0000-00","0","no battery","V","","µV","","µV"
"08/11/2022","10:27:31","6","default","383292078","Oxt_06","43.601","min","94.241","%a.s.","Humid","21.016","deg","41358","µV","27.795","°C","1021.000","hPa","36.4","pmil","0","55.390","deg","20.000","°C","100.000","%a.s.","21.720","deg","20.000","°C","977.000","hPa","0.861","-0.02617","0.00035","0","0","13.56","Humid","26.25","0","44.00","378392.82","SABD0000000001","AAV1.0.0.11","4.0.0.2323","PSt7-10","170328-019","7/29/2022 11:23:46 AM","0000-00","0","no battery","V","","µV","","µV"
"08/11/2022","10:27:32","6","default","383292078","Oxt_06","43.617","min","94.235","%a.s.","Humid","21.018","deg","41357","µV","27.783","°C","1021.000","hPa","36.4","pmil","0","55.390","deg","20.000","°C","100.000","%a.s.","21.720","deg","20.000","°C","977.000","hPa","0.861","-0.02617","0.00035","0","0","13.56","Humid","26.25","0","44.00","378397.63","SABD0000000001","AAV1.0.0.11","4.0.0.2323","PSt7-10","170328-019","7/29/2022 11:23:46 AM","0000-00","0","no battery","V","","µV","","µV"
"08/11/2022","10:27:33","6","default","383292078","Oxt_06","43.634","min","94.205","%a.s.","Humid","21.021","deg","41358","µV","27.789","°C","1021.000","hPa","36.4","pmil","0","55.390","deg","20.000","°C","100.000","%a.s.","21.720","deg","20.000","°C","977.000","hPa","0.861","-0.02617","0.00035","0","0","13.56","Humid","26.25","0","44.00","378389.96","SABD0000000001","AAV1.0.0.11","4.0.0.2323","PSt7-10","170328-019","7/29/2022 11:23:46 AM","0000-00","0","no battery","V","","µV","","µV"
"08/11/2022","10:27:34","6","default","383292078","Oxt_06","43.651","min","94.200","%a.s.","Humid","21.022","deg","41362","µV","27.784","°C","1021.000","hPa","36.4","pmil","0","55.390","deg","20.000","°C","100.000","%a.s.","21.720","deg","20.000","°C","977.000","hPa","0.861","-0.02617","0.00035","0","0","13.56","Humid","26.25","0","44.00","378389.27","SABD0000000001","AAV1.0.0.11","4.0.0.2323","PSt7-10","170328-019","7/29/2022 11:23:46 AM","0000-00","0","no battery","V","","µV","","µV"
"08/11/2022","10:27:35","6","default","383292078","Oxt_06","43.667","min","94.185","%a.s.","Humid","21.024","deg","41360","µV","27.783","°C","1021.000","hPa","36.4","pmil","0","55.390","deg","20.000","°C","100.000","%a.s.","21.720","deg","20.000","°C","977.000","hPa","0.861","-0.02617","0.00035","0","0","13.56","Humid","26.25","0","44.00","378395.49","SABD0000000001","AAV1.0.0.11","4.0.0.2323","PSt7-10","170328-019","7/29/2022 11:23:46 AM","0000-00","0","no battery","V","","µV","","µV"
"08/11/2022","10:27:36","6","default","383292078","Oxt_06","43.684","min","94.124","%a.s.","Humid","21.032","deg","41365","µV","27.776","°C","1021.000","hPa","36.4","pmil","0","55.390","deg","20.000","°C","100.000","%a.s.","21.720","deg","20.000","°C","977.000","hPa","0.861","-0.02617","0.00035","0","0","13.56","Humid","26.25","0","44.00","378406.74","SABD0000000001","AAV1.0.0.11","4.0.0.2323","PSt7-10","170328-019","7/29/2022 11:23:46 AM","0000-00","0","no battery","V","","µV","","µV"
"08/11/2022","10:27:37","6","default","383292078","Oxt_06","43.701","min","94.187","%a.s.","Humid","21.024","deg","41370","µV","27.781","°C","1021.000","hPa","36.4","pmil","0","55.390","deg","20.000","°C","100.000","%a.s.","21.720","deg","20.000","°C","977.000","hPa","0.861","-0.02617","0.00035","0","0","13.56","Humid","26.25","0","44.00","378398.92","SABD0000000001","AAV1.0.0.11","4.0.0.2323","PSt7-10","170328-019","7/29/2022 11:23:46 AM","0000-00","0","no battery","V","","µV","","µV"
"08/11/2022","10:27:38","6","default","383292078","Oxt_06","43.717","min","94.195","%a.s.","Humid","21.023","deg","41364","µV","27.781","°C","1021.000","hPa","36.4","pmil","0","55.390","deg","20.000","°C","100.000","%a.s.","21.720","deg","20.000","°C","977.000","hPa","0.861","-0.02617","0.00035","0","0","13.56","Humid","26.25","0","44.00","378393.81","SABD0000000001","AAV1.0.0.11","4.0.0.2323","PSt7-10","170328-019","7/29/2022 11:23:46 AM","0000-00","0","no battery","V","","µV","","µV"
"08/11/2022","10:27:39","6","default","383292078","Oxt_06","43.734","min","94.179","%a.s.","Humid","21.025","deg","41371","µV","27.781","°C","1021.000","hPa","36.4","pmil","0","55.390","deg","20.000","°C","100.000","%a.s.","21.720","deg","20.000","°C","977.000","hPa","0.861","-0.02617","0.00035","0","0","13.56","Humid","26.25","0","44.00","378399.26","SABD0000000001","AAV1.0.0.11","4.0.0.2323","PSt7-10","170328-019","7/29/2022 11:23:46 AM","0000-00","0","no battery","V","","µV","","µV"
"08/11/2022","10:27:40","6","default","383292078","Oxt_06","43.750","min","94.214","%a.s.","Humid","21.021","deg","41370","µV","27.779","°C","1021.000","hPa","36.4","pmil","0","55.390","deg","20.000","°C","100.000","%a.s.","21.720","deg","20.000","°C","977.000","hPa","0.861","-0.02617","0.00035","0","0","13.56","Humid","26.25","0","44.00","378405.08","SABD0000000001","AAV1.0.0.11","4.0.0.2323","PSt7-10","170328-019","7/29/2022 11:23:46 AM","0000-00","0","no battery","V","","µV","","µV"
"08/11/2022","10:27:41","6","default","383292078","Oxt_06","43.767","min","94.203","%a.s.","Humid","21.022","deg","41367","µV","27.781","°C","1021.000","hPa","36.4","pmil","0","55.390","deg","20.000","°C","100.000","%a.s.","21.720","deg","20.000","°C","977.000","hPa","0.861","-0.02617","0.00035","0","0","13.56","Humid","26.25","0","44.00","378385.87","SABD0000000001","AAV1.0.0.11","4.0.0.2323","PSt7-10","170328-019","7/29/2022 11:23:46 AM","0000-00","0","no battery","V","","µV","","µV"
"08/11/2022","10:27:42","6","default","383292078","Oxt_06","43.784","min","94.176","%a.s.","Humid","21.025","deg","41374","µV","27.784","°C","1021.000","hPa","36.4","pmil","0","55.390","deg","20.000","°C","100.000","%a.s.","21.720","deg","20.000","°C","977.000","hPa","0.861","-0.02617","0.00035","0","0","13.56","Humid","26.25","0","44.00","378416.73","SABD0000000001","AAV1.0.0.11","4.0.0.2323","PSt7-10","170328-019","7/29/2022 11:23:46 AM","0000-00","0","no battery","V","","µV","","µV"
"08/11/2022","10:27:43","6","default","383292078","Oxt_06","43.800","min","94.194","%a.s.","Humid","21.023","deg","41370","µV","27.782","°C","1021.000","hPa","36.4","pmil","0","55.390","deg","20.000","°C","100.000","%a.s.","21.720","deg","20.000","°C","977.000","hPa","0.861","-0.02617","0.00035","0","0","13.56","Humid","26.25","0","44.00","378409.62","SABD0000000001","AAV1.0.0.11","4.0.0.2323","PSt7-10","170328-019","7/29/2022 11:23:46 AM","0000-00","0","no battery","V","","µV","","µV"
"08/11/2022","10:27:44","6","default","383292078","Oxt_06","43.817","min","94.237","%a.s.","Humid","21.019","deg","41373","µV","27.772","°C","1021.000","hPa","36.4","pmil","0","55.390","deg","20.000","°C","100.000","%a.s.","21.720","deg","20.000","°C","977.000","hPa","0.861","-0.02617","0.00035","0","0","13.56","Humid","26.25","0","44.00","378416.43","SABD0000000001","AAV1.0.0.11","4.0.0.2323","PSt7-10","170328-019","7/29/2022 11:23:46 AM","0000-00","0","no battery","V","","µV","","µV"
"08/11/2022","10:27:45","6","default","383292078","Oxt_06","43.834","min","94.169","%a.s.","Humid","21.027","deg","41372","µV","27.772","°C","1021.000","hPa","36.4","pmil","0","55.390","deg","20.000","°C","100.000","%a.s.","21.720","deg","20.000","°C","977.000","hPa","0.861","-0.02617","0.00035","0","0","13.56","Humid","26.25","0","44.00","378418.49","SABD0000000001","AAV1.0.0.11","4.0.0.2323","PSt7-10","170328-019","7/29/2022 11:23:46 AM","0000-00","0","no battery","V","","µV","","µV"
"08/11/2022","10:27:46","6","default","383292078","Oxt_06","43.850","min","94.205","%a.s.","Humid","21.023","deg","41369","µV","27.770","°C","1021.000","hPa","36.4","pmil","0","55.390","deg","20.000","°C","100.000","%a.s.","21.720","deg","20.000","°C","977.000","hPa","0.861","-0.02617","0.00035","0","0","13.56","Humid","26.25","0","44.00","378420.05","SABD0000000001","AAV1.0.0.11","4.0.0.2323","PSt7-10","170328-019","7/29/2022 11:23:46 AM","0000-00","0","no battery","V","","µV","","µV"
"08/11/2022","10:27:47","6","default","383292078","Oxt_06","43.867","min","94.040","%a.s.","Humid","21.041","deg","41367","µV","27.786","°C","1021.000","hPa","36.4","pmil","0","55.390","deg","20.000","°C","100.000","%a.s.","21.720","deg","20.000","°C","977.000","hPa","0.861","-0.02617","0.00035","0","0","13.56","Humid","26.25","0","44.00","378426.54","SABD0000000001","AAV1.0.0.11","4.0.0.2323","PSt7-10","170328-019","7/29/2022 11:23:46 AM","0000-00","0","no battery","V","","µV","","µV"
"08/11/2022","10:27:48","6","default","383292078","Oxt_06","43.884","min","94.234","%a.s.","Humid","21.018","deg","41373","µV","27.785","°C","1021.000","hPa","36.4","pmil","0","55.390","deg","20.000","°C","100.000","%a.s.","21.720","deg","20.000","°C","977.000","hPa","0.861","-0.02617","0.00035","0","0","13.56","Humid","26.25","0","44.00","378415.40","SABD0000000001","AAV1.0.0.11","4.0.0.2323","PSt7-10","170328-019","7/29/2022 11:23:46 AM","0000-00","0","no battery","V","","µV","","µV"
"08/11/2022","10:27:49","6","default","383292078","Oxt_06","43.900","min","94.217","%a.s.","Humid","21.021","deg","41377","µV","27.775","°C","1021.000","hPa","36.4","pmil","0","55.390","deg","20.000","°C","100.000","%a.s.","21.720","deg","20.000","°C","977.000","hPa","0.861","-0.02617","0.00035","0","0","13.56","Humid","26.25","0","44.00","378431.36","SABD0000000001","AAV1.0.0.11","4.0.0.2323","PSt7-10","170328-019","7/29/2022 11:23:46 AM","0000-00","0","no battery","V","","µV","","µV"
"08/11/2022","10:27:50","6","default","383292078","Oxt_06","43.917","min","94.175","%a.s.","Humid","21.025","deg","41376","µV","27.785","°C","1021.000","hPa","36.4","pmil","0","55.390","deg","20.000","°C","100.000","%a.s.","21.720","deg","20.000","°C","977.000","hPa","0.861","-0.02617","0.00035","0","0","13.56","Humid","26.25","0","44.00","378424.52","SABD0000000001","AAV1.0.0.11","4.0.0.2323","PSt7-10","170328-019","7/29/2022 11:23:46 AM","0000-00","0","no battery","V","","µV","","µV"
"08/11/2022","10:27:51","6","default","383292078","Oxt_06","43.934","min","94.174","%a.s.","Humid","21.025","deg","41375","µV","27.786","°C","1021.000","hPa","36.4","pmil","0","55.390","deg","20.000","°C","100.000","%a.s.","21.720","deg","20.000","°C","977.000","hPa","0.861","-0.02617","0.00035","0","0","13.56","Humid","26.25","0","44.00","378434.25","SABD0000000001","AAV1.0.0.11","4.0.0.2323","PSt7-10","170328-019","7/29/2022 11:23:46 AM","0000-00","0","no battery","V","","µV","","µV"
"08/11/2022","10:27:52","6","default","383292078","Oxt_06","43.951","min","94.174","%a.s.","Humid","21.026","deg","41380","µV","27.776","°C","1021.000","hPa","36.4","pmil","0","55.390","deg","20.000","°C","100.000","%a.s.","21.720","deg","20.000","°C","977.000","hPa","0.861","-0.02617","0.00035","0","0","13.56","Humid","26.25","0","44.00","378441.49","SABD0000000001","AAV1.0.0.11","4.0.0.2323","PSt7-10","170328-019","7/29/2022 11:23:46 AM","0000-00","0","no battery","V","","µV","","µV"
"08/11/2022","10:27:53","6","default","383292078","Oxt_06","43.968","min","94.178","%a.s.","Humid","21.025","deg","41384","µV","27.781","°C","1021.000","hPa","36.4","pmil","0","55.390","deg","20.000","°C","100.000","%a.s.","21.720","deg","20.000","°C","977.000","hPa","0.861","-0.02617","0.00035","0","0","13.56","Humid","26.25","0","44.00","378434.66","SABD0000000001","AAV1.0.0.11","4.0.0.2323","PSt7-10","170328-019","7/29/2022 11:23:46 AM","0000-00","0","no battery","V","","µV","","µV"
"08/11/2022","10:27:54","6","default","383292078","Oxt_06","43.984","min","94.127","%a.s.","Humid","21.031","deg","41379","µV","27.782","°C","1021.000","hPa","36.4","pmil","0","55.390","deg","20.000","°C","100.000","%a.s.","21.720","deg","20.000","°C","977.000","hPa","0.861","-0.02617","0.00035","0","0","13.56","Humid","26.25","0","44.00","378435.11","SABD0000000001","AAV1.0.0.11","4.0.0.2323","PSt7-10","170328-019","7/29/2022 11:23:46 AM","0000-00","0","no battery","V","","µV","","µV"
"08/11/2022","10:27:55","6","default","383292078","Oxt_06","44.001","min","94.120","%a.s.","Humid","21.033","deg","41383","µV","27.772","°C","1021.000","hPa","36.4","pmil","0","55.390","deg","20.000","°C","100.000","%a.s.","21.720","deg","20.000","°C","977.000","hPa","0.861","-0.02617","0.00035","0","0","13.56","Humid","26.25","0","44.00","378427.80","SABD0000000001","AAV1.0.0.11","4.0.0.2323","PSt7-10","170328-019","7/29/2022 11:23:46 AM","0000-00","0","no battery","V","","µV","","µV"
"08/11/2022","10:27:56","6","default","383292078","Oxt_06","44.018","min","94.125","%a.s.","Humid","21.030","deg","41386","µV","27.794","°C","1021.000","hPa","36.4","pmil","0","55.390","deg","20.000","°C","100.000","%a.s.","21.720","deg","20.000","°C","977.000","hPa","0.861","-0.02617","0.00035","0","0","13.56","Humid","26.25","0","44.00","378436.00","SABD0000000001","AAV1.0.0.11","4.0.0.2323","PSt7-10","170328-019","7/29/2022 11:23:46 AM","0000-00","0","no battery","V","","µV","","µV"
"08/11/2022","10:27:57","6","default","383292078","Oxt_06","44.035","min","94.196","%a.s.","Humid","21.022","deg","41384","µV","27.789","°C","1021.000","hPa","36.4","pmil","0","55.390","deg","20.000","°C","100.000","%a.s.","21.720","deg","20.000","°C","977.000","hPa","0.861","-0.02617","0.00035","0","0","13.56","Humid","26.25","0","44.00","378432.50","SABD0000000001","AAV1.0.0.11","4.0.0.2323","PSt7-10","170328-019","7/29/2022 11:23:46 AM","0000-00","0","no battery","V","","µV","","µV"
"08/11/2022","10:27:58","6","default","383292078","Oxt_06","44.051","min","94.177","%a.s.","Humid","21.026","deg","41385","µV","27.774","°C","1021.000","hPa","36.4","pmil","0","55.390","deg","20.000","°C","100.000","%a.s.","21.720","deg","20.000","°C","977.000","hPa","0.861","-0.02617","0.00035","0","0","13.56","Humid","26.25","0","44.00","378445.01","SABD0000000001","AAV1.0.0.11","4.0.0.2323","PSt7-10","170328-019","7/29/2022 11:23:46 AM","0000-00","0","no battery","V","","µV","","µV"
"08/11/2022","10:27:59","6","default","383292078","Oxt_06","44.068","min","94.160","%a.s.","Humid","21.026","deg","41389","µV","27.792","°C","1021.000","hPa","36.4","pmil","0","55.390","deg","20.000","°C","100.000","%a.s.","21.720","deg","20.000","°C","977.000","hPa","0.861","-0.02617","0.00035","0","0","13.56","Humid","26.25","0","44.00","378442.47","SABD0000000001","AAV1.0.0.11","4.0.0.2323","PSt7-10","170328-019","7/29/2022 11:23:46 AM","0000-00","0","no battery","V","","µV","","µV"
"08/11/2022","10:28:00","6","default","383292078","Oxt_06","44.084","min","94.141","%a.s.","Humid","21.029","deg","41389","µV","27.786","°C","1021.000","hPa","36.4","pmil","0","55.390","deg","20.000","°C","100.000","%a.s.","21.720","deg","20.000","°C","977.000","hPa","0.861","-0.02617","0.00035","0","0","13.56","Humid","26.25","0","44.00","378445.84","SABD0000000001","AAV1.0.0.11","4.0.0.2323","PSt7-10","170328-019","7/29/2022 11:23:46 AM","0000-00","0","no battery","V","","µV","","µV"
"08/11/2022","10:28:01","6","default","383292078","Oxt_06","44.101","min","94.229","%a.s.","Humid","21.020","deg","41392","µV","27.771","°C","1021.000","hPa","36.4","pmil","0","55.390","deg","20.000","°C","100.000","%a.s.","21.720","deg","20.000","°C","977.000","hPa","0.861","-0.02617","0.00035","0","0","13.56","Humid","26.25","0","44.00","378445.96","SABD0000000001","AAV1.0.0.11","4.0.0.2323","PSt7-10","170328-019","7/29/2022 11:23:46 AM","0000-00","0","no battery","V","","µV","","µV"
"08/11/2022","10:28:02","6","default","383292078","Oxt_06","44.118","min","94.092","%a.s.","Humid","21.034","deg","41387","µV","27.794","°C","1021.000","hPa","36.4","pmil","0","55.390","deg","20.000","°C","100.000","%a.s.","21.720","deg","20.000","°C","977.000","hPa","0.861","-0.02617","0.00035","0","0","13.56","Humid","26.25","0","44.00","378459.12","SABD0000000001","AAV1.0.0.11","4.0.0.2323","PSt7-10","170328-019","7/29/2022 11:23:46 AM","0000-00","0","no battery","V","","µV","","µV"
"08/11/2022","10:28:03","6","default","383292078","Oxt_06","44.134","min","94.128","%a.s.","Humid","21.031","deg","41392","µV","27.781","°C","1021.000","hPa","36.4","pmil","0","55.390","deg","20.000","°C","100.000","%a.s.","21.720","deg","20.000","°C","977.000","hPa","0.861","-0.02617","0.00035","0","0","13.56","Humid","26.25","0","44.00","378451.94","SABD0000000001","AAV1.0.0.11","4.0.0.2323","PSt7-10","170328-019","7/29/2022 11:23:46 AM","0000-00","0","no battery","V","","µV","","µV"
"08/11/2022","10:28:04","6","default","383292078","Oxt_06","44.151","min","94.099","%a.s.","Humid","21.035","deg","41393","µV","27.776","°C","1021.000","hPa","36.4","pmil","0","55.390","deg","20.000","°C","100.000","%a.s.","21.720","deg","20.000","°C","977.000","hPa","0.861","-0.02617","0.00035","0","0","13.56","Humid","26.25","0","44.00","378446.10","SABD0000000001","AAV1.0.0.11","4.0.0.2323","PSt7-10","170328-019","7/29/2022 11:23:46 AM","0000-00","0","no battery","V","","µV","","µV"
"08/11/2022","10:28:05","6","default","383292078","Oxt_06","44.168","min","94.153","%a.s.","Humid","21.028","deg","41391","µV","27.781","°C","1021.000","hPa","36.4","pmil","0","55.390","deg","20.000","°C","100.000","%a.s.","21.720","deg","20.000","°C","977.000","hPa","0.861","-0.02617","0.00035","0","0","13.56","Humid","26.25","0","44.00","378468.82","SABD0000000001","AAV1.0.0.11","4.0.0.2323","PSt7-10","170328-019","7/29/2022 11:23:46 AM","0000-00","0","no battery","V","","µV","","µV"
"08/11/2022","10:28:06","6","default","383292078","Oxt_06","44.184","min","94.140","%a.s.","Humid","21.029","deg","41401","µV","27.787","°C","1021.000","hPa","36.4","pmil","0","55.390","deg","20.000","°C","100.000","%a.s.","21.720","deg","20.000","°C","977.000","hPa","0.861","-0.02617","0.00035","0","0","13.56","Humid","26.25","0","44.00","378449.64","SABD0000000001","AAV1.0.0.11","4.0.0.2323","PSt7-10","170328-019","7/29/2022 11:23:46 AM","0000-00","0","no battery","V","","µV","","µV"
"08/11/2022","10:28:07","6","default","383292078","Oxt_06","44.201","min","94.074","%a.s.","Humid","21.036","deg","41394","µV","27.795","°C","1021.000","hPa","36.4","pmil","0","55.390","deg","20.000","°C","100.000","%a.s.","21.720","deg","20.000","°C","977.000","hPa","0.861","-0.02617","0.00035","0","0","13.56","Humid","26.25","0","44.00","378466.26","SABD0000000001","AAV1.0.0.11","4.0.0.2323","PSt7-10","170328-019","7/29/2022 11:23:46 AM","0000-00","0","no battery","V","","µV","","µV"
"08/11/2022","10:28:08","6","default","383292078","Oxt_06","44.217","min","94.108","%a.s.","Humid","21.032","deg","41397","µV","27.794","°C","1021.000","hPa","36.4","pmil","0","55.390","deg","20.000","°C","100.000","%a.s.","21.720","deg","20.000","°C","977.000","hPa","0.861","-0.02617","0.00035","0","0","13.56","Humid","26.25","0","44.00","378459.09","SABD0000000001","AAV1.0.0.11","4.0.0.2323","PSt7-10","170328-019","7/29/2022 11:23:46 AM","0000-00","0","no battery","V","","µV","","µV"
"08/11/2022","10:28:09","6","default","383292078","Oxt_06","44.234","min","94.132","%a.s.","Humid","21.032","deg","41399","µV","27.768","°C","1021.000","hPa","36.4","pmil","0","55.390","deg","20.000","°C","100.000","%a.s.","21.720","deg","20.000","°C","977.000","hPa","0.861","-0.02617","0.00035","0","0","13.56","Humid","26.25","0","44.00","378467.08","SABD0000000001","AAV1.0.0.11","4.0.0.2323","PSt7-10","170328-019","7/29/2022 11:23:46 AM","0000-00","0","no battery","V","","µV","","µV"
"08/11/2022","10:28:10","6","default","383292078","Oxt_06","44.251","min","94.159","%a.s.","Humid","21.027","deg","41395","µV","27.784","°C","1021.000","hPa","36.4","pmil","0","55.390","deg","20.000","°C","100.000","%a.s.","21.720","deg","20.000","°C","977.000","hPa","0.861","-0.02617","0.00035","0","0","13.56","Humid","26.25","0","44.00","378471.12","SABD0000000001","AAV1.0.0.11","4.0.0.2323","PSt7-10","170328-019","7/29/2022 11:23:46 AM","0000-00","0","no battery","V","","µV","","µV"
"08/11/2022","10:28:11","6","default","383292078","Oxt_06","44.267","min","94.147","%a.s.","Humid","21.028","deg","41395","µV","27.788","°C","1021.000","hPa","36.4","pmil","0","55.390","deg","20.000","°C","100.000","%a.s.","21.720","deg","20.000","°C","977.000","hPa","0.861","-0.02617","0.00035","0","0","13.56","Humid","26.25","0","44.00","378460.75","SABD0000000001","AAV1.0.0.11","4.0.0.2323","PSt7-10","170328-019","7/29/2022 11:23:46 AM","0000-00","0","no battery","V","","µV","","µV"
"08/11/2022","10:28:12","6","default","383292078","Oxt_06","44.284","min","94.131","%a.s.","Humid","21.032","deg","41397","µV","27.769","°C","1021.000","hPa","36.4","pmil","0","55.390","deg","20.000","°C","100.000","%a.s.","21.720","deg","20.000","°C","977.000","hPa","0.861","-0.02617","0.00035","0","0","13.56","Humid","26.25","0","44.00","378452.34","SABD0000000001","AAV1.0.0.11","4.0.0.2323","PSt7-10","170328-019","7/29/2022 11:23:46 AM","0000-00","0","no battery","V","","µV","","µV"
"08/11/2022","10:28:13","6","default","383292078","Oxt_06","44.301","min","94.161","%a.s.","Humid","21.028","deg","41399","µV","27.773","°C","1021.000","hPa","36.4","pmil","0","55.390","deg","20.000","°C","100.000","%a.s.","21.720","deg","20.000","°C","977.000","hPa","0.861","-0.02617","0.00035","0","0","13.56","Humid","26.25","0","44.00","378467.13","SABD0000000001","AAV1.0.0.11","4.0.0.2323","PSt7-10","170328-019","7/29/2022 11:23:46 AM","0000-00","0","no battery","V","","µV","","µV"
"08/11/2022","10:28:14","6","default","383292078","Oxt_06","44.317","min","94.126","%a.s.","Humid","21.033","deg","41406","µV","27.765","°C","1021.000","hPa","36.4","pmil","0","55.390","deg","20.000","°C","100.000","%a.s.","21.720","deg","20.000","°C","977.000","hPa","0.861","-0.02617","0.00035","0","0","13.56","Humid","26.25","0","44.00","378468.60","SABD0000000001","AAV1.0.0.11","4.0.0.2323","PSt7-10","170328-019","7/29/2022 11:23:46 AM","0000-00","0","no battery","V","","µV","","µV"
"08/11/2022","10:28:15","6","default","383292078","Oxt_06","44.334","min","94.072","%a.s.","Humid","21.039","deg","41403","µV","27.769","°C","1021.000","hPa","36.4","pmil","0","55.390","deg","20.000","°C","100.000","%a.s.","21.720","deg","20.000","°C","977.000","hPa","0.861","-0.02617","0.00035","0","0","13.56","Humid","26.25","0","44.00","378478.27","SABD0000000001","AAV1.0.0.11","4.0.0.2323","PSt7-10","170328-019","7/29/2022 11:23:46 AM","0000-00","0","no battery","V","","µV","","µV"
"08/11/2022","10:28:16","6","default","383292078","Oxt_06","44.351","min","94.102","%a.s.","Humid","21.033","deg","41405","µV","27.792","°C","1021.000","hPa","36.4","pmil","0","55.390","deg","20.000","°C","100.000","%a.s.","21.720","deg","20.000","°C","977.000","hPa","0.861","-0.02617","0.00035","0","0","13.56","Humid","26.25","0","44.00","378476.04","SABD0000000001","AAV1.0.0.11","4.0.0.2323","PSt7-10","170328-019","7/29/2022 11:23:46 AM","0000-00","0","no battery","V","","µV","","µV"
"08/11/2022","10:28:17","6","default","383292078","Oxt_06","44.367","min","94.137","%a.s.","Humid","21.029","deg","41407","µV","27.789","°C","1021.000","hPa","36.4","pmil","0","55.390","deg","20.000","°C","100.000","%a.s.","21.720","deg","20.000","°C","977.000","hPa","0.861","-0.02617","0.00035","0","0","13.56","Humid","26.25","0","44.00","378474.69","SABD0000000001","AAV1.0.0.11","4.0.0.2323","PSt7-10","170328-019","7/29/2022 11:23:46 AM","0000-00","0","no battery","V","","µV","","µV"
"08/11/2022","10:28:18","6","default","383292078","Oxt_06","44.384","min","94.185","%a.s.","Humid","21.025","deg","41411","µV","27.773","°C","1021.000","hPa","36.4","pmil","0","55.390","deg","20.000","°C","100.000","%a.s.","21.720","deg","20.000","°C","977.000","hPa","0.861","-0.02617","0.00035","0","0","13.56","Humid","26.25","0","44.00","378476.31","SABD0000000001","AAV1.0.0.11","4.0.0.2323","PSt7-10","170328-019","7/29/2022 11:23:46 AM","0000-00","0","no battery","V","","µV","","µV"
"08/11/2022","10:28:19","6","default","383292078","Oxt_06","44.400","min","94.162","%a.s.","Humid","21.027","deg","41409","µV","27.781","°C","1021.000","hPa","36.4","pmil","0","55.390","deg","20.000","°C","100.000","%a.s.","21.720","deg","20.000","°C","977.000","hPa","0.861","-0.02617","0.00035","0","0","13.56","Humid","26.25","0","44.00","378471.96","SABD0000000001","AAV1.0.0.11","4.0.0.2323","PSt7-10","170328-019","7/29/2022 11:23:46 AM","0000-00","0","no battery","V","","µV","","µV"
"08/11/2022","10:28:20","6","default","383292078","Oxt_06","44.417","min","94.125","%a.s.","Humid","21.032","deg","41405","µV","27.776","°C","1021.000","hPa","36.4","pmil","0","55.390","deg","20.000","°C","100.000","%a.s.","21.720","deg","20.000","°C","977.000","hPa","0.861","-0.02617","0.00035","0","0","13.56","Humid","26.25","0","44.00","378475.26","SABD0000000001","AAV1.0.0.11","4.0.0.2323","PSt7-10","170328-019","7/29/2022 11:23:46 AM","0000-00","0","no battery","V","","µV","","µV"
"08/11/2022","10:28:21","6","default","383292078","Oxt_06","44.434","min","94.103","%a.s.","Humid","21.035","deg","41405","µV","27.772","°C","1021.000","hPa","36.4","pmil","0","55.390","deg","20.000","°C","100.000","%a.s.","21.720","deg","20.000","°C","977.000","hPa","0.861","-0.02617","0.00035","0","0","13.56","Humid","26.25","0","44.00","378475.75","SABD0000000001","AAV1.0.0.11","4.0.0.2323","PSt7-10","170328-019","7/29/2022 11:23:46 AM","0000-00","0","no battery","V","","µV","","µV"
"08/11/2022","10:28:22","6","default","383292078","Oxt_06","44.450","min","94.156","%a.s.","Humid","21.028","deg","41410","µV","27.778","°C","1021.000","hPa","36.4","pmil","0","55.390","deg","20.000","°C","100.000","%a.s.","21.720","deg","20.000","°C","977.000","hPa","0.861","-0.02617","0.00035","0","0","13.56","Humid","26.25","0","44.00","378484.11","SABD0000000001","AAV1.0.0.11","4.0.0.2323","PSt7-10","170328-019","7/29/2022 11:23:46 AM","0000-00","0","no battery","V","","µV","","µV"
"08/11/2022","10:28:23","6","default","383292078","Oxt_06","44.467","min","94.128","%a.s.","Humid","21.032","deg","41406","µV","27.772","°C","1021.000","hPa","36.4","pmil","0","55.390","deg","20.000","°C","100.000","%a.s.","21.720","deg","20.000","°C","977.000","hPa","0.861","-0.02617","0.00035","0","0","13.56","Humid","26.25","0","44.00","378474.57","SABD0000000001","AAV1.0.0.11","4.0.0.2323","PSt7-10","170328-019","7/29/2022 11:23:46 AM","0000-00","0","no battery","V","","µV","","µV"
"08/11/2022","10:28:24","6","default","383292078","Oxt_06","44.484","min","94.123","%a.s.","Humid","21.033","deg","41412","µV","27.769","°C","1021.000","hPa","36.4","pmil","0","55.390","deg","20.000","°C","100.000","%a.s.","21.720","deg","20.000","°C","977.000","hPa","0.861","-0.02617","0.00035","0","0","13.56","Humid","26.25","0","44.00","378478.97","SABD0000000001","AAV1.0.0.11","4.0.0.2323","PSt7-10","170328-019","7/29/2022 11:23:46 AM","0000-00","0","no battery","V","","µV","","µV"
"08/11/2022","10:28:25","6","default","383292078","Oxt_06","44.501","min","94.098","%a.s.","Humid","21.035","deg","41406","µV","27.777","°C","1021.000","hPa","36.4","pmil","0","55.390","deg","20.000","°C","100.000","%a.s.","21.720","deg","20.000","°C","977.000","hPa","0.861","-0.02617","0.00035","0","0","13.56","Humid","26.25","0","44.00","378483.15","SABD0000000001","AAV1.0.0.11","4.0.0.2323","PSt7-10","170328-019","7/29/2022 11:23:46 AM","0000-00","0","no battery","V","","µV","","µV"
"08/11/2022","10:28:26","6","default","383292078","Oxt_06","44.517","min","94.111","%a.s.","Humid","21.034","deg","41404","µV","27.772","°C","1021.000","hPa","36.4","pmil","0","55.390","deg","20.000","°C","100.000","%a.s.","21.720","deg","20.000","°C","977.000","hPa","0.861","-0.02617","0.00035","0","0","13.56","Humid","26.25","0","44.00","378480.66","SABD0000000001","AAV1.0.0.11","4.0.0.2323","PSt7-10","170328-019","7/29/2022 11:23:46 AM","0000-00","0","no battery","V","","µV","","µV"
"08/11/2022","10:28:27","6","default","383292078","Oxt_06","44.534","min","94.114","%a.s.","Humid","21.033","deg","41414","µV","27.778","°C","1021.000","hPa","36.4","pmil","0","55.390","deg","20.000","°C","100.000","%a.s.","21.720","deg","20.000","°C","977.000","hPa","0.861","-0.02617","0.00035","0","0","13.56","Humid","26.25","0","44.00","378484.44","SABD0000000001","AAV1.0.0.11","4.0.0.2323","PSt7-10","170328-019","7/29/2022 11:23:46 AM","0000-00","0","no battery","V","","µV","","µV"
"08/11/2022","10:28:28","6","default","383292078","Oxt_06","44.550","min","94.067","%a.s.","Humid","21.039","deg","41414","µV","27.775","°C","1021.000","hPa","36.4","pmil","0","55.390","deg","20.000","°C","100.000","%a.s.","21.720","deg","20.000","°C","977.000","hPa","0.861","-0.02617","0.00035","0","0","13.56","Humid","26.25","0","44.00","378483.91","SABD0000000001","AAV1.0.0.11","4.0.0.2323","PSt7-10","170328-019","7/29/2022 11:23:46 AM","0000-00","0","no battery","V","","µV","","µV"
"08/11/2022","10:28:29","6","default","383292078","Oxt_06","44.567","min","94.115","%a.s.","Humid","21.033","deg","41411","µV","27.777","°C","1021.000","hPa","36.4","pmil","0","55.390","deg","20.000","°C","100.000","%a.s.","21.720","deg","20.000","°C","977.000","hPa","0.861","-0.02617","0.00035","0","0","13.56","Humid","26.25","0","44.00","378490.05","SABD0000000001","AAV1.0.0.11","4.0.0.2323","PSt7-10","170328-019","7/29/2022 11:23:46 AM","0000-00","0","no battery","V","","µV","","µV"
"08/11/2022","10:28:30","6","default","383292078","Oxt_06","44.584","min","94.105","%a.s.","Humid","21.034","deg","41413","µV","27.779","°C","1021.000","hPa","36.4","pmil","0","55.390","deg","20.000","°C","100.000","%a.s.","21.720","deg","20.000","°C","977.000","hPa","0.861","-0.02617","0.00035","0","0","13.56","Humid","26.25","0","44.00","378487.47","SABD0000000001","AAV1.0.0.11","4.0.0.2323","PSt7-10","170328-019","7/29/2022 11:23:46 AM","0000-00","0","no battery","V","","µV","","µV"
"08/11/2022","10:28:31","6","default","383292078","Oxt_06","44.601","min","94.130","%a.s.","Humid","21.032","deg","41419","µV","27.770","°C","1021.000","hPa","36.4","pmil","0","55.390","deg","20.000","°C","100.000","%a.s.","21.720","deg","20.000","°C","977.000","hPa","0.861","-0.02617","0.00035","0","0","13.56","Humid","26.25","0","44.00","378491.89","SABD0000000001","AAV1.0.0.11","4.0.0.2323","PSt7-10","170328-019","7/29/2022 11:23:46 AM","0000-00","0","no battery","V","","µV","","µV"
"08/11/2022","10:28:32","6","default","383292078","Oxt_06","44.618","min","94.137","%a.s.","Humid","21.031","deg","41421","µV","27.771","°C","1021.000","hPa","36.4","pmil","0","55.390","deg","20.000","°C","100.000","%a.s.","21.720","deg","20.000","°C","977.000","hPa","0.861","-0.02617","0.00035","0","0","13.56","Humid","26.25","0","44.00","378490.82","SABD0000000001","AAV1.0.0.11","4.0.0.2323","PSt7-10","170328-019","7/29/2022 11:23:46 AM","0000-00","0","no battery","V","","µV","","µV"
"08/11/2022","10:28:33","6","default","383292078","Oxt_06","44.635","min","94.055","%a.s.","Humid","21.041","deg","41418","µV","27.769","°C","1021.000","hPa","36.4","pmil","0","55.390","deg","20.000","°C","100.000","%a.s.","21.720","deg","20.000","°C","977.000","hPa","0.861","-0.02617","0.00035","0","0","13.56","Humid","26.25","0","44.00","378489.61","SABD0000000001","AAV1.0.0.11","4.0.0.2323","PSt7-10","170328-019","7/29/2022 11:23:46 AM","0000-00","0","no battery","V","","µV","","µV"
"08/11/2022","10:28:34","6","default","383292078","Oxt_06","44.651","min","94.134","%a.s.","Humid","21.032","deg","41417","µV","27.766","°C","1021.000","hPa","36.4","pmil","0","55.390","deg","20.000","°C","100.000","%a.s.","21.720","deg","20.000","°C","977.000","hPa","0.861","-0.02617","0.00035","0","0","13.56","Humid","26.25","0","44.00","378485.27","SABD0000000001","AAV1.0.0.11","4.0.0.2323","PSt7-10","170328-019","7/29/2022 11:23:46 AM","0000-00","0","no battery","V","","µV","","µV"
"08/11/2022","10:28:35","6","default","383292078","Oxt_06","44.667","min","94.073","%a.s.","Humid","21.037","deg","41420","µV","27.787","°C","1021.000","hPa","36.4","pmil","0","55.390","deg","20.000","°C","100.000","%a.s.","21.720","deg","20.000","°C","977.000","hPa","0.861","-0.02617","0.00035","0","0","13.56","Humid","26.25","0","44.00","378502.70","SABD0000000001","AAV1.0.0.11","4.0.0.2323","PSt7-10","170328-019","7/29/2022 11:23:46 AM","0000-00","0","no battery","V","","µV","","µV"
"08/11/2022","10:28:36","6","default","383292078","Oxt_06","44.684","min","94.093","%a.s.","Humid","21.035","deg","41421","µV","27.783","°C","1021.000","hPa","36.4","pmil","0","55.390","deg","20.000","°C","100.000","%a.s.","21.720","deg","20.000","°C","977.000","hPa","0.861","-0.02617","0.00035","0","0","13.56","Humid","26.25","0","44.00","378494.62","SABD0000000001","AAV1.0.0.11","4.0.0.2323","PSt7-10","170328-019","7/29/2022 11:23:46 AM","0000-00","0","no battery","V","","µV","","µV"
"08/11/2022","10:28:37","6","default","383292078","Oxt_06","44.700","min","94.076","%a.s.","Humid","21.037","deg","41419","µV","27.784","°C","1021.000","hPa","36.4","pmil","0","55.390","deg","20.000","°C","100.000","%a.s.","21.720","deg","20.000","°C","977.000","hPa","0.861","-0.02617","0.00035","0","0","13.56","Humid","26.25","0","44.00","378483.32","SABD0000000001","AAV1.0.0.11","4.0.0.2323","PSt7-10","170328-019","7/29/2022 11:23:46 AM","0000-00","0","no battery","V","","µV","","µV"
"08/11/2022","10:28:38","6","default","383292078","Oxt_06","44.718","min","94.140","%a.s.","Humid","21.032","deg","41420","µV","27.759","°C","1021.000","hPa","36.4","pmil","0","55.390","deg","20.000","°C","100.000","%a.s.","21.720","deg","20.000","°C","977.000","hPa","0.861","-0.02617","0.00035","0","0","13.56","Humid","26.25","0","44.00","378500.49","SABD0000000001","AAV1.0.0.11","4.0.0.2323","PSt7-10","170328-019","7/29/2022 11:23:46 AM","0000-00","0","no battery","V","","µV","","µV"
"08/11/2022","10:28:39","6","default","383292078","Oxt_06","44.735","min","94.113","%a.s.","Humid","21.035","deg","41426","µV","27.761","°C","1021.000","hPa","36.4","pmil","0","55.390","deg","20.000","°C","100.000","%a.s.","21.720","deg","20.000","°C","977.000","hPa","0.861","-0.02617","0.00035","0","0","13.56","Humid","26.25","0","44.00","378510.66","SABD0000000001","AAV1.0.0.11","4.0.0.2323","PSt7-10","170328-019","7/29/2022 11:23:46 AM","0000-00","0","no battery","V","","µV","","µV"
"08/11/2022","10:28:40","6","default","383292078","Oxt_06","44.751","min","94.103","%a.s.","Humid","21.035","deg","41419","µV","27.772","°C","1021.000","hPa","36.4","pmil","0","55.390","deg","20.000","°C","100.000","%a.s.","21.720","deg","20.000","°C","977.000","hPa","0.861","-0.02617","0.00035","0","0","13.56","Humid","26.25","0","44.00","378494.12","SABD0000000001","AAV1.0.0.11","4.0.0.2323","PSt7-10","170328-019","7/29/2022 11:23:46 AM","0000-00","0","no battery","V","","µV","","µV"
"08/11/2022","10:28:41","6","default","383292078","Oxt_06","44.768","min","94.088","%a.s.","Humid","21.035","deg","41425","µV","27.788","°C","1021.000","hPa","36.4","pmil","0","55.390","deg","20.000","°C","100.000","%a.s.","21.720","deg","20.000","°C","977.000","hPa","0.861","-0.02617","0.00035","0","0","13.56","Humid","26.25","0","44.00","378493.48","SABD0000000001","AAV1.0.0.11","4.0.0.2323","PSt7-10","170328-019","7/29/2022 11:23:46 AM","0000-00","0","no battery","V","","µV","","µV"
"08/11/2022","10:28:42","6","default","383292078","Oxt_06","44.785","min","94.068","%a.s.","Humid","21.038","deg","41426","µV","27.783","°C","1021.000","hPa","36.4","pmil","0","55.390","deg","20.000","°C","100.000","%a.s.","21.720","deg","20.000","°C","977.000","hPa","0.861","-0.02617","0.00035","0","0","13.56","Humid","26.25","0","44.00","378495.71","SABD0000000001","AAV1.0.0.11","4.0.0.2323","PSt7-10","170328-019","7/29/2022 11:23:46 AM","0000-00","0","no battery","V","","µV","","µV"
"08/11/2022","10:28:43","6","default","383292078","Oxt_06","44.801","min","93.990","%a.s.","Humid","21.049","deg","41426","µV","27.768","°C","1021.000","hPa","36.4","pmil","0","55.390","deg","20.000","°C","100.000","%a.s.","21.720","deg","20.000","°C","977.000","hPa","0.861","-0.02617","0.00035","0","0","13.56","Humid","26.25","0","44.00","378495.79","SABD0000000001","AAV1.0.0.11","4.0.0.2323","PSt7-10","170328-019","7/29/2022 11:23:46 AM","0000-00","0","no battery","V","","µV","","µV"
"08/11/2022","10:28:44","6","default","383292078","Oxt_06","44.818","min","94.083","%a.s.","Humid","21.038","deg","41434","µV","27.766","°C","1021.000","hPa","36.4","pmil","0","55.390","deg","20.000","°C","100.000","%a.s.","21.720","deg","20.000","°C","977.000","hPa","0.861","-0.02617","0.00035","0","0","13.56","Humid","26.25","0","44.00","378507.75","SABD0000000001","AAV1.0.0.11","4.0.0.2323","PSt7-10","170328-019","7/29/2022 11:23:46 AM","0000-00","0","no battery","V","","µV","","µV"
"08/11/2022","10:28:45","6","default","383292078","Oxt_06","44.835","min","94.049","%a.s.","Humid","21.040","deg","41428","µV","27.785","°C","1021.000","hPa","36.4","pmil","0","55.390","deg","20.000","°C","100.000","%a.s.","21.720","deg","20.000","°C","977.000","hPa","0.861","-0.02617","0.00035","0","0","13.56","Humid","26.25","0","44.00","378492.76","SABD0000000001","AAV1.0.0.11","4.0.0.2323","PSt7-10","170328-019","7/29/2022 11:23:46 AM","0000-00","0","no battery","V","","µV","","µV"
"08/11/2022","10:28:46","6","default","383292078","Oxt_06","44.851","min","94.031","%a.s.","Humid","21.044","deg","41433","µV","27.769","°C","1021.000","hPa","36.4","pmil","0","55.390","deg","20.000","°C","100.000","%a.s.","21.720","deg","20.000","°C","977.000","hPa","0.861","-0.02617","0.00035","0","0","13.56","Humid","26.25","0","44.00","378499.49","SABD0000000001","AAV1.0.0.11","4.0.0.2323","PSt7-10","170328-019","7/29/2022 11:23:46 AM","0000-00","0","no battery","V","","µV","","µV"
"08/11/2022","10:28:47","6","default","383292078","Oxt_06","44.868","min","94.123","%a.s.","Humid","21.033","deg","41430","µV","27.769","°C","1021.000","hPa","36.4","pmil","0","55.390","deg","20.000","°C","100.000","%a.s.","21.720","deg","20.000","°C","977.000","hPa","0.861","-0.02617","0.00035","0","0","13.56","Humid","26.25","0","44.00","378495.14","SABD0000000001","AAV1.0.0.11","4.0.0.2323","PSt7-10","170328-019","7/29/2022 11:23:46 AM","0000-00","0","no battery","V","","µV","","µV"
"08/11/2022","10:28:48","6","default","383292078","Oxt_06","44.885","min","93.974","%a.s.","Humid","21.050","deg","41430","µV","27.776","°C","1021.000","hPa","36.4","pmil","0","55.390","deg","20.000","°C","100.000","%a.s.","21.720","deg","20.000","°C","977.000","hPa","0.861","-0.02617","0.00035","0","0","13.56","Humid","26.25","0","44.00","378496.03","SABD0000000001","AAV1.0.0.11","4.0.0.2323","PSt7-10","170328-019","7/29/2022 11:23:46 AM","0000-00","0","no battery","V","","µV","","µV"
"08/11/2022","10:28:49","6","default","383292078","Oxt_06","44.901","min","94.029","%a.s.","Humid","21.045","deg","41432","µV","27.761","°C","1021.000","hPa","36.4","pmil","0","55.390","deg","20.000","°C","100.000","%a.s.","21.720","deg","20.000","°C","977.000","hPa","0.861","-0.02617","0.00035","0","0","13.56","Humid","26.25","0","44.00","378503.92","SABD0000000001","AAV1.0.0.11","4.0.0.2323","PSt7-10","170328-019","7/29/2022 11:23:46 AM","0000-00","0","no battery","V","","µV","","µV"
"08/11/2022","10:28:50","6","default","383292078","Oxt_06","44.918","min","94.036","%a.s.","Humid","21.043","deg","41430","µV","27.772","°C","1021.000","hPa","36.4","pmil","0","55.390","deg","20.000","°C","100.000","%a.s.","21.720","deg","20.000","°C","977.000","hPa","0.861","-0.02617","0.00035","0","0","13.56","Humid","26.25","0","44.00","378501.91","SABD0000000001","AAV1.0.0.11","4.0.0.2323","PSt7-10","170328-019","7/29/2022 11:23:46 AM","0000-00","0","no battery","V","","µV","","µV"
"08/11/2022","10:28:51","6","default","383292078","Oxt_06","44.935","min","94.073","%a.s.","Humid","21.040","deg","41430","µV","27.759","°C","1021.000","hPa","36.4","pmil","0","55.390","deg","20.000","°C","100.000","%a.s.","21.720","deg","20.000","°C","977.000","hPa","0.861","-0.02617","0.00035","0","0","13.56","Humid","26.25","0","44.00","378508.05","SABD0000000001","AAV1.0.0.11","4.0.0.2323","PSt7-10","170328-019","7/29/2022 11:23:46 AM","0000-00","0","no battery","V","","µV","","µV"
"08/11/2022","10:28:52","6","default","383292078","Oxt_06","44.951","min","94.110","%a.s.","Humid","21.034","deg","41434","µV","27.774","°C","1021.000","hPa","36.4","pmil","0","55.390","deg","20.000","°C","100.000","%a.s.","21.720","deg","20.000","°C","977.000","hPa","0.861","-0.02617","0.00035","0","0","13.56","Humid","26.25","0","44.00","378499.64","SABD0000000001","AAV1.0.0.11","4.0.0.2323","PSt7-10","170328-019","7/29/2022 11:23:46 AM","0000-00","0","no battery","V","","µV","","µV"
"08/11/2022","10:28:53","6","default","383292078","Oxt_06","44.968","min","94.098","%a.s.","Humid","21.036","deg","41432","µV","27.769","°C","1021.000","hPa","36.4","pmil","0","55.390","deg","20.000","°C","100.000","%a.s.","21.720","deg","20.000","°C","977.000","hPa","0.861","-0.02617","0.00035","0","0","13.56","Humid","26.25","0","44.00","378517.66","SABD0000000001","AAV1.0.0.11","4.0.0.2323","PSt7-10","170328-019","7/29/2022 11:23:46 AM","0000-00","0","no battery","V","","µV","","µV"
"08/11/2022","10:28:54","6","default","383292078","Oxt_06","44.984","min","94.069","%a.s.","Humid","21.038","deg","41434","µV","27.782","°C","1021.000","hPa","36.4","pmil","0","55.390","deg","20.000","°C","100.000","%a.s.","21.720","deg","20.000","°C","977.000","hPa","0.861","-0.02617","0.00035","0","0","13.56","Humid","26.25","0","44.00","378520.04","SABD0000000001","AAV1.0.0.11","4.0.0.2323","PSt7-10","170328-019","7/29/2022 11:23:46 AM","0000-00","0","no battery","V","","µV","","µV"
"08/11/2022","10:28:55","6","default","383292078","Oxt_06","45.001","min","94.054","%a.s.","Humid","21.041","deg","41436","µV","27.771","°C","1021.000","hPa","36.4","pmil","0","55.390","deg","20.000","°C","100.000","%a.s.","21.720","deg","20.000","°C","977.000","hPa","0.861","-0.02617","0.00035","0","0","13.56","Humid","26.25","0","44.00","378503.13","SABD0000000001","AAV1.0.0.11","4.0.0.2323","PSt7-10","170328-019","7/29/2022 11:23:46 AM","0000-00","0","no battery","V","","µV","","µV"
"08/11/2022","10:28:56","6","default","383292078","Oxt_06","45.018","min","94.089","%a.s.","Humid","21.036","deg","41437","µV","27.778","°C","1021.000","hPa","36.4","pmil","0","55.390","deg","20.000","°C","100.000","%a.s.","21.720","deg","20.000","°C","977.000","hPa","0.861","-0.02617","0.00035","0","0","13.56","Humid","26.25","0","44.00","378523.33","SABD0000000001","AAV1.0.0.11","4.0.0.2323","PSt7-10","170328-019","7/29/2022 11:23:46 AM","0000-00","0","no battery","V","","µV","","µV"
"08/11/2022","10:28:57","6","default","383292078","Oxt_06","45.034","min","94.071","%a.s.","Humid","21.038","deg","41439","µV","27.780","°C","1021.000","hPa","36.4","pmil","0","55.390","deg","20.000","°C","100.000","%a.s.","21.720","deg","20.000","°C","977.000","hPa","0.861","-0.02617","0.00035","0","0","13.56","Humid","26.25","0","44.00","378519.18","SABD0000000001","AAV1.0.0.11","4.0.0.2323","PSt7-10","170328-019","7/29/2022 11:23:46 AM","0000-00","0","no battery","V","","µV","","µV"
"08/11/2022","10:28:58","6","default","383292078","Oxt_06","45.051","min","94.003","%a.s.","Humid","21.046","deg","41435","µV","27.781","°C","1021.000","hPa","36.4","pmil","0","55.390","deg","20.000","°C","100.000","%a.s.","21.720","deg","20.000","°C","977.000","hPa","0.861","-0.02617","0.00035","0","0","13.56","Humid","26.25","0","44.00","378512.10","SABD0000000001","AAV1.0.0.11","4.0.0.2323","PSt7-10","170328-019","7/29/2022 11:23:46 AM","0000-00","0","no battery","V","","µV","","µV"
"08/11/2022","10:28:59","6","default","383292078","Oxt_06","45.068","min","94.135","%a.s.","Humid","21.031","deg","41436","µV","27.773","°C","1021.000","hPa","36.4","pmil","0","55.390","deg","20.000","°C","100.000","%a.s.","21.720","deg","20.000","°C","977.000","hPa","0.861","-0.02617","0.00035","0","0","13.56","Humid","26.25","0","44.00","378516.37","SABD0000000001","AAV1.0.0.11","4.0.0.2323","PSt7-10","170328-019","7/29/2022 11:23:46 AM","0000-00","0","no battery","V","","µV","","µV"
"08/11/2022","10:29:00","6","default","383292078","Oxt_06","45.084","min","94.060","%a.s.","Humid","21.039","deg","41438","µV","27.782","°C","1021.000","hPa","36.4","pmil","0","55.390","deg","20.000","°C","100.000","%a.s.","21.720","deg","20.000","°C","977.000","hPa","0.861","-0.02617","0.00035","0","0","13.56","Humid","26.25","0","44.00","378510.12","SABD0000000001","AAV1.0.0.11","4.0.0.2323","PSt7-10","170328-019","7/29/2022 11:23:46 AM","0000-00","0","no battery","V","","µV","","µV"
"08/11/2022","10:29:01","6","default","383292078","Oxt_06","45.101","min","94.122","%a.s.","Humid","21.033","deg","41441","µV","27.770","°C","1021.000","hPa","36.4","pmil","0","55.390","deg","20.000","°C","100.000","%a.s.","21.720","deg","20.000","°C","977.000","hPa","0.861","-0.02617","0.00035","0","0","13.56","Humid","26.25","0","44.00","378520.07","SABD0000000001","AAV1.0.0.11","4.0.0.2323","PSt7-10","170328-019","7/29/2022 11:23:46 AM","0000-00","0","no battery","V","","µV","","µV"
"08/11/2022","10:29:02","6","default","383292078","Oxt_06","45.117","min","94.086","%a.s.","Humid","21.039","deg","41440","µV","27.754","°C","1021.000","hPa","36.4","pmil","0","55.390","deg","20.000","°C","100.000","%a.s.","21.720","deg","20.000","°C","977.000","hPa","0.861","-0.02617","0.00035","0","0","13.56","Humid","26.25","0","44.00","378519.64","SABD0000000001","AAV1.0.0.11","4.0.0.2323","PSt7-10","170328-019","7/29/2022 11:23:46 AM","0000-00","0","no battery","V","","µV","","µV"
"08/11/2022","10:29:03","6","default","383292078","Oxt_06","45.134","min","94.119","%a.s.","Humid","21.033","deg","41441","µV","27.773","°C","1021.000","hPa","36.4","pmil","0","55.390","deg","20.000","°C","100.000","%a.s.","21.720","deg","20.000","°C","977.000","hPa","0.861","-0.02617","0.00035","0","0","13.56","Humid","26.25","0","44.00","378523.21","SABD0000000001","AAV1.0.0.11","4.0.0.2323","PSt7-10","170328-019","7/29/2022 11:23:46 AM","0000-00","0","no battery","V","","µV","","µV"
"08/11/2022","10:29:04","6","default","383292078","Oxt_06","45.151","min","94.018","%a.s.","Humid","21.046","deg","41446","µV","27.765","°C","1021.000","hPa","36.4","pmil","0","55.390","deg","20.000","°C","100.000","%a.s.","21.720","deg","20.000","°C","977.000","hPa","0.861","-0.02617","0.00035","0","0","13.56","Humid","26.25","0","44.00","378517.29","SABD0000000001","AAV1.0.0.11","4.0.0.2323","PSt7-10","170328-019","7/29/2022 11:23:46 AM","0000-00","0","no battery","V","","µV","","µV"
"08/11/2022","10:29:05","6","default","383292078","Oxt_06","45.167","min","93.966","%a.s.","Humid","21.049","deg","41442","µV","27.794","°C","1021.000","hPa","36.4","pmil","0","55.390","deg","20.000","°C","100.000","%a.s.","21.720","deg","20.000","°C","977.000","hPa","0.861","-0.02617","0.00035","0","0","13.56","Humid","26.25","0","44.00","378510.33","SABD0000000001","AAV1.0.0.11","4.0.0.2323","PSt7-10","170328-019","7/29/2022 11:23:46 AM","0000-00","0","no battery","V","","µV","","µV"
"08/11/2022","10:29:06","6","default","383292078","Oxt_06","45.184","min","94.060","%a.s.","Humid","21.040","deg","41444","µV","27.773","°C","1021.000","hPa","36.4","pmil","0","55.390","deg","20.000","°C","100.000","%a.s.","21.720","deg","20.000","°C","977.000","hPa","0.861","-0.02617","0.00035","0","0","13.56","Humid","26.25","0","44.00","378518.58","SABD0000000001","AAV1.0.0.11","4.0.0.2323","PSt7-10","170328-019","7/29/2022 11:23:46 AM","0000-00","0","no battery","V","","µV","","µV"
"08/11/2022","10:29:07","6","default","383292078","Oxt_06","45.201","min","94.027","%a.s.","Humid","21.044","deg","41448","µV","27.773","°C","1021.000","hPa","36.4","pmil","0","55.390","deg","20.000","°C","100.000","%a.s.","21.720","deg","20.000","°C","977.000","hPa","0.861","-0.02617","0.00035","0","0","13.56","Humid","26.25","0","44.00","378529.21","SABD0000000001","AAV1.0.0.11","4.0.0.2323","PSt7-10","170328-019","7/29/2022 11:23:46 AM","0000-00","0","no battery","V","","µV","","µV"
"08/11/2022","10:29:08","6","default","383292078","Oxt_06","45.217","min","94.074","%a.s.","Humid","21.038","deg","41445","µV","27.776","°C","1021.000","hPa","36.4","pmil","0","55.390","deg","20.000","°C","100.000","%a.s.","21.720","deg","20.000","°C","977.000","hPa","0.861","-0.02617","0.00035","0","0","13.56","Humid","26.25","0","44.00","378526.96","SABD0000000001","AAV1.0.0.11","4.0.0.2323","PSt7-10","170328-019","7/29/2022 11:23:46 AM","0000-00","0","no battery","V","","µV","","µV"
"08/11/2022","10:29:09","6","default","383292078","Oxt_06","45.234","min","93.993","%a.s.","Humid","21.048","deg","41451","µV","27.774","°C","1021.000","hPa","36.4","pmil","0","55.390","deg","20.000","°C","100.000","%a.s.","21.720","deg","20.000","°C","977.000","hPa","0.861","-0.02617","0.00035","0","0","13.56","Humid","26.25","0","44.00","378529.14","SABD0000000001","AAV1.0.0.11","4.0.0.2323","PSt7-10","170328-019","7/29/2022 11:23:46 AM","0000-00","0","no battery","V","","µV","","µV"
"08/11/2022","10:29:10","6","default","383292078","Oxt_06","45.250","min","93.995","%a.s.","Humid","21.048","deg","41447","µV","27.771","°C","1021.000","hPa","36.4","pmil","0","55.390","deg","20.000","°C","100.000","%a.s.","21.720","deg","20.000","°C","977.000","hPa","0.861","-0.02617","0.00035","0","0","13.56","Humid","26.25","0","44.00","378523.68","SABD0000000001","AAV1.0.0.11","4.0.0.2323","PSt7-10","170328-019","7/29/2022 11:23:46 AM","0000-00","0","no battery","V","","µV","","µV"
"08/11/2022","10:29:11","6","default","383292078","Oxt_06","45.267","min","94.057","%a.s.","Humid","21.042","deg","41448","µV","27.759","°C","1021.000","hPa","36.4","pmil","0","55.390","deg","20.000","°C","100.000","%a.s.","21.720","deg","20.000","°C","977.000","hPa","0.861","-0.02617","0.00035","0","0","13.56","Humid","26.25","0","44.00","378527.37","SABD0000000001","AAV1.0.0.11","4.0.0.2323","PSt7-10","170328-019","7/29/2022 11:23:46 AM","0000-00","0","no battery","V","","µV","","µV"
"08/11/2022","10:29:12","6","default","383292078","Oxt_06","45.284","min","93.988","%a.s.","Humid","21.049","deg","41451","µV","27.770","°C","1021.000","hPa","36.4","pmil","0","55.390","deg","20.000","°C","100.000","%a.s.","21.720","deg","20.000","°C","977.000","hPa","0.861","-0.02617","0.00035","0","0","13.56","Humid","26.25","0","44.00","378536.66","SABD0000000001","AAV1.0.0.11","4.0.0.2323","PSt7-10","170328-019","7/29/2022 11:23:46 AM","0000-00","0","no battery","V","","µV","","µV"
"08/11/2022","10:29:13","6","default","383292078","Oxt_06","45.300","min","93.986","%a.s.","Humid","21.048","deg","41453","µV","27.782","°C","1021.000","hPa","36.4","pmil","0","55.390","deg","20.000","°C","100.000","%a.s.","21.720","deg","20.000","°C","977.000","hPa","0.861","-0.02617","0.00035","0","0","13.56","Humid","26.25","0","44.00","378532.97","SABD0000000001","AAV1.0.0.11","4.0.0.2323","PSt7-10","170328-019","7/29/2022 11:23:46 AM","0000-00","0","no battery","V","","µV","","µV"
"08/11/2022","10:29:14","6","default","383292078","Oxt_06","45.317","min","94.033","%a.s.","Humid","21.042","deg","41450","µV","27.785","°C","1021.000","hPa","36.4","pmil","0","55.390","deg","20.000","°C","100.000","%a.s.","21.720","deg","20.000","°C","977.000","hPa","0.861","-0.02617","0.00035","0","0","13.56","Humid","26.25","0","44.00","378525.57","SABD0000000001","AAV1.0.0.11","4.0.0.2323","PSt7-10","170328-019","7/29/2022 11:23:46 AM","0000-00","0","no battery","V","","µV","","µV"
"08/11/2022","10:29:15","6","default","383292078","Oxt_06","45.334","min","94.094","%a.s.","Humid","21.034","deg","41451","µV","27.791","°C","1021.000","hPa","36.4","pmil","0","55.390","deg","20.000","°C","100.000","%a.s.","21.720","deg","20.000","°C","977.000","hPa","0.861","-0.02617","0.00035","0","0","13.56","Humid","26.25","0","44.00","378530.66","SABD0000000001","AAV1.0.0.11","4.0.0.2323","PSt7-10","170328-019","7/29/2022 11:23:46 AM","0000-00","0","no battery","V","","µV","","µV"
"08/11/2022","10:29:16","6","default","383292078","Oxt_06","45.350","min","94.068","%a.s.","Humid","21.039","deg","41450","µV","27.774","°C","1021.000","hPa","36.4","pmil","0","55.390","deg","20.000","°C","100.000","%a.s.","21.720","deg","20.000","°C","977.000","hPa","0.861","-0.02617","0.00035","0","0","13.56","Humid","26.25","0","44.00","378530.08","SABD0000000001","AAV1.0.0.11","4.0.0.2323","PSt7-10","170328-019","7/29/2022 11:23:46 AM","0000-00","0","no battery","V","","µV","","µV"
"08/11/2022","10:29:17","6","default","383292078","Oxt_06","45.367","min","94.040","%a.s.","Humid","21.042","deg","41450","µV","27.777","°C","1021.000","hPa","36.4","pmil","0","55.390","deg","20.000","°C","100.000","%a.s.","21.720","deg","20.000","°C","977.000","hPa","0.861","-0.02617","0.00035","0","0","13.56","Humid","26.25","0","44.00","378524.14","SABD0000000001","AAV1.0.0.11","4.0.0.2323","PSt7-10","170328-019","7/29/2022 11:23:46 AM","0000-00","0","no battery","V","","µV","","µV"
"08/11/2022","10:29:18","6","default","383292078","Oxt_06","45.384","min","94.029","%a.s.","Humid","21.043","deg","41456","µV","27.780","°C","1021.000","hPa","36.4","pmil","0","55.390","deg","20.000","°C","100.000","%a.s.","21.720","deg","20.000","°C","977.000","hPa","0.861","-0.02617","0.00035","0","0","13.56","Humid","26.25","0","44.00","378521.42","SABD0000000001","AAV1.0.0.11","4.0.0.2323","PSt7-10","170328-019","7/29/2022 11:23:46 AM","0000-00","0","no battery","V","","µV","","µV"
"08/11/2022","10:29:19","6","default","383292078","Oxt_06","45.401","min","94.018","%a.s.","Humid","21.044","deg","41450","µV","27.782","°C","1021.000","hPa","36.4","pmil","0","55.390","deg","20.000","°C","100.000","%a.s.","21.720","deg","20.000","°C","977.000","hPa","0.861","-0.02617","0.00035","0","0","13.56","Humid","26.25","0","44.00","378511.50","SABD0000000001","AAV1.0.0.11","4.0.0.2323","PSt7-10","170328-019","7/29/2022 11:23:46 AM","0000-00","0","no battery","V","","µV","","µV"
"08/11/2022","10:29:20","6","default","383292078","Oxt_06","45.418","min","94.043","%a.s.","Humid","21.043","deg","41450","µV","27.764","°C","1021.000","hPa","36.4","pmil","0","55.390","deg","20.000","°C","100.000","%a.s.","21.720","deg","20.000","°C","977.000","hPa","0.861","-0.02617","0.00035","0","0","13.56","Humid","26.25","0","44.00","378528.03","SABD0000000001","AAV1.0.0.11","4.0.0.2323","PSt7-10","170328-019","7/29/2022 11:23:46 AM","0000-00","0","no battery","V","","µV","","µV"
"08/11/2022","10:29:21","6","default","383292078","Oxt_06","45.435","min","94.088","%a.s.","Humid","21.038","deg","41458","µV","27.761","°C","1021.000","hPa","36.4","pmil","0","55.390","deg","20.000","°C","100.000","%a.s.","21.720","deg","20.000","°C","977.000","hPa","0.861","-0.02617","0.00035","0","0","13.56","Humid","26.25","0","44.00","378541.87","SABD0000000001","AAV1.0.0.11","4.0.0.2323","PSt7-10","170328-019","7/29/2022 11:23:46 AM","0000-00","0","no battery","V","","µV","","µV"
"08/11/2022","10:29:22","6","default","383292078","Oxt_06","45.451","min","94.054","%a.s.","Humid","21.042","deg","41459","µV","27.761","°C","1021.000","hPa","36.4","pmil","0","55.390","deg","20.000","°C","100.000","%a.s.","21.720","deg","20.000","°C","977.000","hPa","0.861","-0.02617","0.00035","0","0","13.56","Humid","26.25","0","44.00","378541.32","SABD0000000001","AAV1.0.0.11","4.0.0.2323","PSt7-10","170328-019","7/29/2022 11:23:46 AM","0000-00","0","no battery","V","","µV","","µV"
"08/11/2022","10:29:23","6","default","383292078","Oxt_06","45.468","min","93.970","%a.s.","Humid","21.051","deg","41450","µV","27.771","°C","1021.000","hPa","36.4","pmil","0","55.390","deg","20.000","°C","100.000","%a.s.","21.720","deg","20.000","°C","977.000","hPa","0.861","-0.02617","0.00035","0","0","13.56","Humid","26.25","0","44.00","378530.07","SABD0000000001","AAV1.0.0.11","4.0.0.2323","PSt7-10","170328-019","7/29/2022 11:23:46 AM","0000-00","0","no battery","V","","µV","","µV"
"08/11/2022","10:29:24","6","default","383292078","Oxt_06","45.485","min","94.003","%a.s.","Humid","21.046","deg","41453","µV","27.781","°C","1021.000","hPa","36.4","pmil","0","55.390","deg","20.000","°C","100.000","%a.s.","21.720","deg","20.000","°C","977.000","hPa","0.861","-0.02617","0.00035","0","0","13.56","Humid","26.25","0","44.00","378543.12","SABD0000000001","AAV1.0.0.11","4.0.0.2323","PSt7-10","170328-019","7/29/2022 11:23:46 AM","0000-00","0","no battery","V","","µV","","µV"
"08/11/2022","10:29:25","6","default","383292078","Oxt_06","45.501","min","94.006","%a.s.","Humid","21.048","deg","41455","µV","27.760","°C","1021.000","hPa","36.4","pmil","0","55.390","deg","20.000","°C","100.000","%a.s.","21.720","deg","20.000","°C","977.000","hPa","0.861","-0.02617","0.00035","0","0","13.56","Humid","26.25","0","44.00","378526.53","SABD0000000001","AAV1.0.0.11","4.0.0.2323","PSt7-10","170328-019","7/29/2022 11:23:46 AM","0000-00","0","no battery","V","","µV","","µV"
"08/11/2022","10:29:26","6","default","383292078","Oxt_06","45.518","min","94.022","%a.s.","Humid","21.047","deg","41457","µV","27.751","°C","1021.000","hPa","36.4","pmil","0","55.390","deg","20.000","°C","100.000","%a.s.","21.720","deg","20.000","°C","977.000","hPa","0.861","-0.02617","0.00035","0","0","13.56","Humid","26.25","0","44.00","378532.91","SABD0000000001","AAV1.0.0.11","4.0.0.2323","PSt7-10","170328-019","7/29/2022 11:23:46 AM","0000-00","0","no battery","V","","µV","","µV"
"08/11/2022","10:29:27","6","default","383292078","Oxt_06","45.534","min","94.058","%a.s.","Humid","21.040","deg","41461","µV","27.775","°C","1021.000","hPa","36.4","pmil","0","55.390","deg","20.000","°C","100.000","%a.s.","21.720","deg","20.000","°C","977.000","hPa","0.861","-0.02617","0.00035","0","0","13.56","Humid","26.25","0","44.00","378526.26","SABD0000000001","AAV1.0.0.11","4.0.0.2323","PSt7-10","170328-019","7/29/2022 11:23:46 AM","0000-00","0","no battery","V","","µV","","µV"
"08/11/2022","10:29:28","6","default","383292078","Oxt_06","45.551","min","94.050","%a.s.","Humid","21.044","deg","41466","µV","27.748","°C","1021.000","hPa","36.4","pmil","0","55.390","deg","20.000","°C","100.000","%a.s.","21.720","deg","20.000","°C","977.000","hPa","0.861","-0.02617","0.00035","0","0","13.56","Humid","26.25","0","44.00","378529.51","SABD0000000001","AAV1.0.0.11","4.0.0.2323","PSt7-10","170328-019","7/29/2022 11:23:46 AM","0000-00","0","no battery","V","","µV","","µV"
"08/11/2022","10:29:29","6","default","383292078","Oxt_06","45.568","min","93.988","%a.s.","Humid","21.050","deg","41457","µV","27.761","°C","1021.000","hPa","36.4","pmil","0","55.390","deg","20.000","°C","100.000","%a.s.","21.720","deg","20.000","°C","977.000","hPa","0.861","-0.02617","0.00035","0","0","13.56","Humid","26.25","0","44.00","378530.86","SABD0000000001","AAV1.0.0.11","4.0.0.2323","PSt7-10","170328-019","7/29/2022 11:23:46 AM","0000-00","0","no battery","V","","µV","","µV"
"08/11/2022","10:29:30","6","default","383292078","Oxt_06","45.584","min","93.979","%a.s.","Humid","21.050","deg","41456","µV","27.771","°C","1021.000","hPa","36.4","pmil","0","55.390","deg","20.000","°C","100.000","%a.s.","21.720","deg","20.000","°C","977.000","hPa","0.861","-0.02617","0.00035","0","0","13.56","Humid","26.25","0","44.00","378532.71","SABD0000000001","AAV1.0.0.11","4.0.0.2323","PSt7-10","170328-019","7/29/2022 11:23:46 AM","0000-00","0","no battery","V","","µV","","µV"
"08/11/2022","10:29:31","6","default","383292078","Oxt_06","45.601","min","94.039","%a.s.","Humid","21.043","deg","41463","µV","27.769","°C","1021.000","hPa","36.4","pmil","0","55.390","deg","20.000","°C","100.000","%a.s.","21.720","deg","20.000","°C","977.000","hPa","0.861","-0.02617","0.00035","0","0","13.56","Humid","26.25","0","44.00","378537.65","SABD0000000001","AAV1.0.0.11","4.0.0.2323","PSt7-10","170328-019","7/29/2022 11:23:46 AM","0000-00","0","no battery","V","","µV","","µV"
"08/11/2022","10:29:32","6","default","383292078","Oxt_06","45.618","min","94.086","%a.s.","Humid","21.038","deg","41464","µV","27.764","°C","1021.000","hPa","36.4","pmil","0","55.390","deg","20.000","°C","100.000","%a.s.","21.720","deg","20.000","°C","977.000","hPa","0.861","-0.02617","0.00035","0","0","13.56","Humid","26.25","0","44.00","378530.37","SABD0000000001","AAV1.0.0.11","4.0.0.2323","PSt7-10","170328-019","7/29/2022 11:23:46 AM","0000-00","0","no battery","V","","µV","","µV"
"08/11/2022","10:29:33","6","default","383292078","Oxt_06","45.634","min","94.076","%a.s.","Humid","21.037","deg","41465","µV","27.784","°C","1021.000","hPa","36.4","pmil","0","55.390","deg","20.000","°C","100.000","%a.s.","21.720","deg","20.000","°C","977.000","hPa","0.861","-0.02617","0.00035","0","0","13.56","Humid","26.25","0","44.00","378552.08","SABD0000000001","AAV1.0.0.11","4.0.0.2323","PSt7-10","170328-019","7/29/2022 11:23:46 AM","0000-00","0","no battery","V","","µV","","µV"
"08/11/2022","10:29:34","6","default","383292078","Oxt_06","45.651","min","94.024","%a.s.","Humid","21.045","deg","41460","µV","27.767","°C","1021.000","hPa","36.4","pmil","0","55.390","deg","20.000","°C","100.000","%a.s.","21.720","deg","20.000","°C","977.000","hPa","0.861","-0.02617","0.00035","0","0","13.56","Humid","26.25","0","44.00","378535.47","SABD0000000001","AAV1.0.0.11","4.0.0.2323","PSt7-10","170328-019","7/29/2022 11:23:46 AM","0000-00","0","no battery","V","","µV","","µV"
"08/11/2022","10:29:35","6","default","383292078","Oxt_06","45.668","min","94.019","%a.s.","Humid","21.046","deg","41475","µV","27.764","°C","1021.000","hPa","36.4","pmil","0","55.390","deg","20.000","°C","100.000","%a.s.","21.720","deg","20.000","°C","977.000","hPa","0.861","-0.02617","0.00035","0","0","13.56","Humid","26.25","0","44.00","378534.70","SABD0000000001","AAV1.0.0.11","4.0.0.2323","PSt7-10","170328-019","7/29/2022 11:23:46 AM","0000-00","0","no battery","V","","µV","","µV"
"08/11/2022","10:29:36","6","default","383292078","Oxt_06","45.684","min","94.038","%a.s.","Humid","21.043","deg","41462","µV","27.770","°C","1021.000","hPa","36.4","pmil","0","55.390","deg","20.000","°C","100.000","%a.s.","21.720","deg","20.000","°C","977.000","hPa","0.861","-0.02617","0.00035","0","0","13.56","Humid","26.25","0","44.00","378533.94","SABD0000000001","AAV1.0.0.11","4.0.0.2323","PSt7-10","170328-019","7/29/2022 11:23:46 AM","0000-00","0","no battery","V","","µV","","µV"
"08/11/2022","10:29:37","6","default","383292078","Oxt_06","45.701","min","94.002","%a.s.","Humid","21.048","deg","41466","µV","27.764","°C","1021.000","hPa","36.4","pmil","0","55.390","deg","20.000","°C","100.000","%a.s.","21.720","deg","20.000","°C","977.000","hPa","0.861","-0.02617","0.00035","0","0","13.56","Humid","26.25","0","44.00","378552.38","SABD0000000001","AAV1.0.0.11","4.0.0.2323","PSt7-10","170328-019","7/29/2022 11:23:46 AM","0000-00","0","no battery","V","","µV","","µV"
"08/11/2022","10:29:38","6","default","383292078","Oxt_06","45.718","min","93.975","%a.s.","Humid","21.050","deg","41460","µV","27.775","°C","1021.000","hPa","36.4","pmil","0","55.390","deg","20.000","°C","100.000","%a.s.","21.720","deg","20.000","°C","977.000","hPa","0.861","-0.02617","0.00035","0","0","13.56","Humid","26.25","0","44.00","378541.31","SABD0000000001","AAV1.0.0.11","4.0.0.2323","PSt7-10","170328-019","7/29/2022 11:23:46 AM","0000-00","0","no battery","V","","µV","","µV"
"08/11/2022","10:29:39","6","default","383292078","Oxt_06","45.734","min","94.004","%a.s.","Humid","21.049","deg","41471","µV","27.753","°C","1021.000","hPa","36.4","pmil","0","55.390","deg","20.000","°C","100.000","%a.s.","21.720","deg","20.000","°C","977.000","hPa","0.861","-0.02617","0.00035","0","0","13.56","Humid","26.25","0","44.00","378541.13","SABD0000000001","AAV1.0.0.11","4.0.0.2323","PSt7-10","170328-019","7/29/2022 11:23:46 AM","0000-00","0","no battery","V","","µV","","µV"
"08/11/2022","10:29:40","6","default","383292078","Oxt_06","45.751","min","93.982","%a.s.","Humid","21.049","deg","41466","µV","27.777","°C","1021.000","hPa","36.4","pmil","0","55.390","deg","20.000","°C","100.000","%a.s.","21.720","deg","20.000","°C","977.000","hPa","0.861","-0.02617","0.00035","0","0","13.56","Humid","26.25","0","44.00","378538.06","SABD0000000001","AAV1.0.0.11","4.0.0.2323","PSt7-10","170328-019","7/29/2022 11:23:46 AM","0000-00","0","no battery","V","","µV","","µV"
"08/11/2022","10:29:41","6","default","383292078","Oxt_06","45.767","min","93.973","%a.s.","Humid","21.050","deg","41466","µV","27.777","°C","1021.000","hPa","36.4","pmil","0","55.390","deg","20.000","°C","100.000","%a.s.","21.720","deg","20.000","°C","977.000","hPa","0.861","-0.02617","0.00035","0","0","13.56","Humid","26.25","0","44.00","378548.01","SABD0000000001","AAV1.0.0.11","4.0.0.2323","PSt7-10","170328-019","7/29/2022 11:23:46 AM","0000-00","0","no battery","V","","µV","","µV"
"08/11/2022","10:29:42","6","default","383292078","Oxt_06","45.784","min","93.978","%a.s.","Humid","21.051","deg","41468","µV","27.763","°C","1021.000","hPa","36.4","pmil","0","55.390","deg","20.000","°C","100.000","%a.s.","21.720","deg","20.000","°C","977.000","hPa","0.861","-0.02617","0.00035","0","0","13.56","Humid","26.25","0","44.00","378543.12","SABD0000000001","AAV1.0.0.11","4.0.0.2323","PSt7-10","170328-019","7/29/2022 11:23:46 AM","0000-00","0","no battery","V","","µV","","µV"
"08/11/2022","10:29:43","6","default","383292078","Oxt_06","45.801","min","94.023","%a.s.","Humid","21.046","deg","41472","µV","27.759","°C","1021.000","hPa","36.4","pmil","0","55.390","deg","20.000","°C","100.000","%a.s.","21.720","deg","20.000","°C","977.000","hPa","0.861","-0.02617","0.00035","0","0","13.56","Humid","26.25","0","44.00","378546.64","SABD0000000001","AAV1.0.0.11","4.0.0.2323","PSt7-10","170328-019","7/29/2022 11:23:46 AM","0000-00","0","no battery","V","","µV","","µV"
"08/11/2022","10:29:44","6","default","383292078","Oxt_06","45.817","min","93.987","%a.s.","Humid","21.050","deg","41475","µV","27.762","°C","1021.000","hPa","36.4","pmil","0","55.390","deg","20.000","°C","100.000","%a.s.","21.720","deg","20.000","°C","977.000","hPa","0.861","-0.02617","0.00035","0","0","13.56","Humid","26.25","0","44.00","378555.12","SABD0000000001","AAV1.0.0.11","4.0.0.2323","PSt7-10","170328-019","7/29/2022 11:23:46 AM","0000-00","0","no battery","V","","µV","","µV"
"08/11/2022","10:29:45","6","default","383292078","Oxt_06","45.834","min","93.977","%a.s.","Humid","21.051","deg","41471","µV","27.763","°C","1021.000","hPa","36.4","pmil","0","55.390","deg","20.000","°C","100.000","%a.s.","21.720","deg","20.000","°C","977.000","hPa","0.861","-0.02617","0.00035","0","0","13.56","Humid","26.25","0","44.00","378540.85","SABD0000000001","AAV1.0.0.11","4.0.0.2323","PSt7-10","170328-019","7/29/2022 11:23:46 AM","0000-00","0","no battery","V","","µV","","µV"
"08/11/2022","10:29:46","6","default","383292078","Oxt_06","45.851","min","93.966","%a.s.","Humid","21.053","deg","41474","µV","27.757","°C","1021.000","hPa","36.4","pmil","0","55.390","deg","20.000","°C","100.000","%a.s.","21.720","deg","20.000","°C","977.000","hPa","0.861","-0.02617","0.00035","0","0","13.56","Humid","26.25","0","44.00","378550.23","SABD0000000001","AAV1.0.0.11","4.0.0.2323","PSt7-10","170328-019","7/29/2022 11:23:46 AM","0000-00","0","no battery","V","","µV","","µV"
"08/11/2022","10:29:47","6","default","383292078","Oxt_06","45.867","min","94.049","%a.s.","Humid","21.042","deg","41474","µV","27.767","°C","1021.000","hPa","36.4","pmil","0","55.390","deg","20.000","°C","100.000","%a.s.","21.720","deg","20.000","°C","977.000","hPa","0.861","-0.02617","0.00035","0","0","13.56","Humid","26.25","0","44.00","378545.90","SABD0000000001","AAV1.0.0.11","4.0.0.2323","PSt7-10","170328-019","7/29/2022 11:23:46 AM","0000-00","0","no battery","V","","µV","","µV"
"08/11/2022","10:29:48","6","default","383292078","Oxt_06","45.884","min","93.999","%a.s.","Humid","21.048","deg","41475","µV","27.767","°C","1021.000","hPa","36.4","pmil","0","55.390","deg","20.000","°C","100.000","%a.s.","21.720","deg","20.000","°C","977.000","hPa","0.861","-0.02617","0.00035","0","0","13.56","Humid","26.25","0","44.00","378541.94","SABD0000000001","AAV1.0.0.11","4.0.0.2323","PSt7-10","170328-019","7/29/2022 11:23:46 AM","0000-00","0","no battery","V","","µV","","µV"
"08/11/2022","10:29:49","6","default","383292078","Oxt_06","45.900","min","94.001","%a.s.","Humid","21.049","deg","41477","µV","27.755","°C","1021.000","hPa","36.4","pmil","0","55.390","deg","20.000","°C","100.000","%a.s.","21.720","deg","20.000","°C","977.000","hPa","0.861","-0.02617","0.00035","0","0","13.56","Humid","26.25","0","44.00","378550.30","SABD0000000001","AAV1.0.0.11","4.0.0.2323","PSt7-10","170328-019","7/29/2022 11:23:46 AM","0000-00","0","no battery","V","","µV","","µV"
"08/11/2022","10:29:50","6","default","383292078","Oxt_06","45.917","min","94.045","%a.s.","Humid","21.044","deg","41482","µV","27.753","°C","1021.000","hPa","36.4","pmil","0","55.390","deg","20.000","°C","100.000","%a.s.","21.720","deg","20.000","°C","977.000","hPa","0.861","-0.02617","0.00035","0","0","13.56","Humid","26.25","0","44.00","378544.86","SABD0000000001","AAV1.0.0.11","4.0.0.2323","PSt7-10","170328-019","7/29/2022 11:23:46 AM","0000-00","0","no battery","V","","µV","","µV"
"08/11/2022","10:29:51","6","default","383292078","Oxt_06","45.934","min","93.948","%a.s.","Humid","21.054","deg","41478","µV","27.768","°C","1021.000","hPa","36.4","pmil","0","55.390","deg","20.000","°C","100.000","%a.s.","21.720","deg","20.000","°C","977.000","hPa","0.861","-0.02617","0.00035","0","0","13.56","Humid","26.25","0","44.00","378551.19","SABD0000000001","AAV1.0.0.11","4.0.0.2323","PSt7-10","170328-019","7/29/2022 11:23:46 AM","0000-00","0","no battery","V","","µV","","µV"
"08/11/2022","10:29:52","6","default","383292078","Oxt_06","45.950","min","93.972","%a.s.","Humid","21.049","deg","41478","µV","27.787","°C","1021.000","hPa","36.4","pmil","0","55.390","deg","20.000","°C","100.000","%a.s.","21.720","deg","20.000","°C","977.000","hPa","0.861","-0.02617","0.00035","0","0","13.56","Humid","26.25","0","44.00","378538.93","SABD0000000001","AAV1.0.0.11","4.0.0.2323","PSt7-10","170328-019","7/29/2022 11:23:46 AM","0000-00","0","no battery","V","","µV","","µV"
"08/11/2022","10:29:53","6","default","383292078","Oxt_06","45.967","min","93.997","%a.s.","Humid","21.048","deg","41475","µV","27.769","°C","1021.000","hPa","36.4","pmil","0","55.390","deg","20.000","°C","100.000","%a.s.","21.720","deg","20.000","°C","977.000","hPa","0.861","-0.02617","0.00035","0","0","13.56","Humid","26.25","0","44.00","378536.35","SABD0000000001","AAV1.0.0.11","4.0.0.2323","PSt7-10","170328-019","7/29/2022 11:23:46 AM","0000-00","0","no battery","V","","µV","","µV"
"08/11/2022","10:29:54","6","default","383292078","Oxt_06","45.985","min","93.990","%a.s.","Humid","21.049","deg","41474","µV","27.768","°C","1021.000","hPa","36.4","pmil","0","55.390","deg","20.000","°C","100.000","%a.s.","21.720","deg","20.000","°C","977.000","hPa","0.861","-0.02617","0.00035","0","0","13.56","Humid","26.25","0","44.00","378558.80","SABD0000000001","AAV1.0.0.11","4.0.0.2323","PSt7-10","170328-019","7/29/2022 11:23:46 AM","0000-00","0","no battery","V","","µV","","µV"
"08/11/2022","10:29:55","6","default","383292078","Oxt_06","46.001","min","94.006","%a.s.","Humid","21.047","deg","41477","µV","27.769","°C","1021.000","hPa","36.4","pmil","0","55.390","deg","20.000","°C","100.000","%a.s.","21.720","deg","20.000","°C","977.000","hPa","0.861","-0.02617","0.00035","0","0","13.56","Humid","26.25","0","44.00","378560.68","SABD0000000001","AAV1.0.0.11","4.0.0.2323","PSt7-10","170328-019","7/29/2022 11:23:46 AM","0000-00","0","no battery","V","","µV","","µV"
"08/11/2022","10:29:56","6","default","383292078","Oxt_06","46.018","min","93.955","%a.s.","Humid","21.053","deg","41476","µV","27.770","°C","1021.000","hPa","36.4","pmil","0","55.390","deg","20.000","°C","100.000","%a.s.","21.720","deg","20.000","°C","977.000","hPa","0.861","-0.02617","0.00035","0","0","13.56","Humid","26.25","0","44.00","378561.32","SABD0000000001","AAV1.0.0.11","4.0.0.2323","PSt7-10","170328-019","7/29/2022 11:23:46 AM","0000-00","0","no battery","V","","µV","","µV"
"08/11/2022","10:29:57","6","default","383292078","Oxt_06","46.035","min","94.036","%a.s.","Humid","21.043","deg","41477","µV","27.773","°C","1021.000","hPa","36.4","pmil","0","55.390","deg","20.000","°C","100.000","%a.s.","21.720","deg","20.000","°C","977.000","hPa","0.861","-0.02617","0.00035","0","0","13.56","Humid","26.25","0","44.00","378552.76","SABD0000000001","AAV1.0.0.11","4.0.0.2323","PSt7-10","170328-019","7/29/2022 11:23:46 AM","0000-00","0","no battery","V","","µV","","µV"
"08/11/2022","10:29:58","6","default","383292078","Oxt_06","46.051","min","93.989","%a.s.","Humid","21.049","deg","41479","µV","27.768","°C","1021.000","hPa","36.4","pmil","0","55.390","deg","20.000","°C","100.000","%a.s.","21.720","deg","20.000","°C","977.000","hPa","0.861","-0.02617","0.00035","0","0","13.56","Humid","26.25","0","44.00","378548.90","SABD0000000001","AAV1.0.0.11","4.0.0.2323","PSt7-10","170328-019","7/29/2022 11:23:46 AM","0000-00","0","no battery","V","","µV","","µV"
"08/11/2022","10:29:59","6","default","383292078","Oxt_06","46.068","min","93.972","%a.s.","Humid","21.052","deg","41481","µV","27.760","°C","1021.000","hPa","36.4","pmil","0","55.390","deg","20.000","°C","100.000","%a.s.","21.720","deg","20.000","°C","977.000","hPa","0.861","-0.02617","0.00035","0","0","13.56","Humid","26.25","0","44.00","378554.34","SABD0000000001","AAV1.0.0.11","4.0.0.2323","PSt7-10","170328-019","7/29/2022 11:23:46 AM","0000-00","0","no battery","V","","µV","","µV"
"08/11/2022","10:30:00","6","default","383292078","Oxt_06","46.084","min","93.957","%a.s.","Humid","21.053","deg","41481","µV","27.767","°C","1021.000","hPa","36.4","pmil","0","55.390","deg","20.000","°C","100.000","%a.s.","21.720","deg","20.000","°C","977.000","hPa","0.861","-0.02617","0.00035","0","0","13.56","Humid","26.25","0","44.00","378556.78","SABD0000000001","AAV1.0.0.11","4.0.0.2323","PSt7-10","170328-019","7/29/2022 11:23:46 AM","0000-00","0","no battery","V","","µV","","µV"
"08/11/2022","10:30:01","6","default","383292078","Oxt_06","46.101","min","93.992","%a.s.","Humid","21.049","deg","41485","µV","27.766","°C","1021.000","hPa","36.4","pmil","0","55.390","deg","20.000","°C","100.000","%a.s.","21.720","deg","20.000","°C","977.000","hPa","0.861","-0.02617","0.00035","0","0","13.56","Humid","26.25","0","44.00","378570.66","SABD0000000001","AAV1.0.0.11","4.0.0.2323","PSt7-10","170328-019","7/29/2022 11:23:46 AM","0000-00","0","no battery","V","","µV","","µV"
"08/11/2022","10:30:02","6","default","383292078","Oxt_06","46.118","min","93.911","%a.s.","Humid","21.058","deg","41483","µV","27.772","°C","1021.000","hPa","36.4","pmil","0","55.390","deg","20.000","°C","100.000","%a.s.","21.720","deg","20.000","°C","977.000","hPa","0.861","-0.02617","0.00035","0","0","13.56","Humid","26.25","0","44.00","378560.45","SABD0000000001","AAV1.0.0.11","4.0.0.2323","PSt7-10","170328-019","7/29/2022 11:23:46 AM","0000-00","0","no battery","V","","µV","","µV"
"08/11/2022","10:30:03","6","default","383292078","Oxt_06","46.134","min","93.983","%a.s.","Humid","21.051","deg","41479","µV","27.757","°C","1021.000","hPa","36.4","pmil","0","55.390","deg","20.000","°C","100.000","%a.s.","21.720","deg","20.000","°C","977.000","hPa","0.861","-0.02617","0.00035","0","0","13.56","Humid","26.25","0","44.00","378566.14","SABD0000000001","AAV1.0.0.11","4.0.0.2323","PSt7-10","170328-019","7/29/2022 11:23:46 AM","0000-00","0","no battery","V","","µV","","µV"
"08/11/2022","10:30:04","6","default","383292078","Oxt_06","46.151","min","93.965","%a.s.","Humid","21.052","deg","41485","µV","27.768","°C","1021.000","hPa","36.4","pmil","0","55.390","deg","20.000","°C","100.000","%a.s.","21.720","deg","20.000","°C","977.000","hPa","0.861","-0.02617","0.00035","0","0","13.56","Humid","26.25","0","44.00","378550.45","SABD0000000001","AAV1.0.0.11","4.0.0.2323","PSt7-10","170328-019","7/29/2022 11:23:46 AM","0000-00","0","no battery","V","","µV","","µV"
"08/11/2022","10:30:05","6","default","383292078","Oxt_06","46.168","min","93.948","%a.s.","Humid","21.055","deg","41485","µV","27.759","°C","1021.000","hPa","36.4","pmil","0","55.390","deg","20.000","°C","100.000","%a.s.","21.720","deg","20.000","°C","977.000","hPa","0.861","-0.02617","0.00035","0","0","13.56","Humid","26.25","0","44.00","378570.15","SABD0000000001","AAV1.0.0.11","4.0.0.2323","PSt7-10","170328-019","7/29/2022 11:23:46 AM","0000-00","0","no battery","V","","µV","","µV"
"08/11/2022","10:30:06","6","default","383292078","Oxt_06","46.184","min","93.926","%a.s.","Humid","21.057","deg","41486","µV","27.765","°C","1021.000","hPa","36.4","pmil","0","55.390","deg","20.000","°C","100.000","%a.s.","21.720","deg","20.000","°C","977.000","hPa","0.861","-0.02617","0.00035","0","0","13.56","Humid","26.25","0","44.00","378544.26","SABD0000000001","AAV1.0.0.11","4.0.0.2323","PSt7-10","170328-019","7/29/2022 11:23:46 AM","0000-00","0","no battery","V","","µV","","µV"
"08/11/2022","10:30:07","6","default","383292078","Oxt_06","46.201","min","93.944","%a.s.","Humid","21.055","deg","41487","µV","27.763","°C","1021.000","hPa","36.4","pmil","0","55.390","deg","20.000","°C","100.000","%a.s.","21.720","deg","20.000","°C","977.000","hPa","0.861","-0.02617","0.00035","0","0","13.56","Humid","26.25","0","44.00","378553.95","SABD0000000001","AAV1.0.0.11","4.0.0.2323","PSt7-10","170328-019","7/29/2022 11:23:46 AM","0000-00","0","no battery","V","","µV","","µV"
"08/11/2022","10:30:08","6","default","383292078","Oxt_06","46.218","min","93.918","%a.s.","Humid","21.058","deg","41482","µV","27.764","°C","1021.000","hPa","36.4","pmil","0","55.390","deg","20.000","°C","100.000","%a.s.","21.720","deg","20.000","°C","977.000","hPa","0.861","-0.02617","0.00035","0","0","13.56","Humid","26.25","0","44.00","378541.66","SABD0000000001","AAV1.0.0.11","4.0.0.2323","PSt7-10","170328-019","7/29/2022 11:23:46 AM","0000-00","0","no battery","V","","µV","","µV"
"08/11/2022","10:30:09","6","default","383292078","Oxt_06","46.234","min","94.011","%a.s.","Humid","21.047","deg","41490","µV","27.763","°C","1021.000","hPa","36.4","pmil","0","55.390","deg","20.000","°C","100.000","%a.s.","21.720","deg","20.000","°C","977.000","hPa","0.861","-0.02617","0.00035","0","0","13.56","Humid","26.25","0","44.00","378561.54","SABD0000000001","AAV1.0.0.11","4.0.0.2323","PSt7-10","170328-019","7/29/2022 11:23:46 AM","0000-00","0","no battery","V","","µV","","µV"
"08/11/2022","10:30:10","6","default","383292078","Oxt_06","46.251","min","93.949","%a.s.","Humid","21.053","deg","41487","µV","27.776","°C","1021.000","hPa","36.4","pmil","0","55.390","deg","20.000","°C","100.000","%a.s.","21.720","deg","20.000","°C","977.000","hPa","0.861","-0.02617","0.00035","0","0","13.56","Humid","26.25","0","44.00","378561.69","SABD0000000001","AAV1.0.0.11","4.0.0.2323","PSt7-10","170328-019","7/29/2022 11:23:46 AM","0000-00","0","no battery","V","","µV","","µV"
"08/11/2022","10:30:11","6","default","383292078","Oxt_06","46.268","min","93.957","%a.s.","Humid","21.052","deg","41494","µV","27.776","°C","1021.000","hPa","36.4","pmil","0","55.390","deg","20.000","°C","100.000","%a.s.","21.720","deg","20.000","°C","977.000","hPa","0.861","-0.02617","0.00035","0","0","13.56","Humid","26.25","0","44.00","378576.25","SABD0000000001","AAV1.0.0.11","4.0.0.2323","PSt7-10","170328-019","7/29/2022 11:23:46 AM","0000-00","0","no battery","V","","µV","","µV"
"08/11/2022","10:30:12","6","default","383292078","Oxt_06","46.284","min","93.923","%a.s.","Humid","21.055","deg","41489","µV","27.786","°C","1021.000","hPa","36.4","pmil","0","55.390","deg","20.000","°C","100.000","%a.s.","21.720","deg","20.000","°C","977.000","hPa","0.861","-0.02617","0.00035","0","0","13.56","Humid","26.25","0","44.00","378558.96","SABD0000000001","AAV1.0.0.11","4.0.0.2323","PSt7-10","170328-019","7/29/2022 11:23:46 AM","0000-00","0","no battery","V","","µV","","µV"
"08/11/2022","10:30:13","6","default","383292078","Oxt_06","46.301","min","93.968","%a.s.","Humid","21.051","deg","41492","µV","27.774","°C","1021.000","hPa","36.4","pmil","0","55.390","deg","20.000","°C","100.000","%a.s.","21.720","deg","20.000","°C","977.000","hPa","0.861","-0.02617","0.00035","0","0","13.56","Humid","26.25","0","44.00","378563.80","SABD0000000001","AAV1.0.0.11","4.0.0.2323","PSt7-10","170328-019","7/29/2022 11:23:46 AM","0000-00","0","no battery","V","","µV","","µV"
"08/11/2022","10:30:14","6","default","383292078","Oxt_06","46.317","min","93.943","%a.s.","Humid","21.054","deg","41490","µV","27.774","°C","1021.000","hPa","36.4","pmil","0","55.390","deg","20.000","°C","100.000","%a.s.","21.720","deg","20.000","°C","977.000","hPa","0.861","-0.02617","0.00035","0","0","13.56","Humid","26.25","0","44.00","378560.13","SABD0000000001","AAV1.0.0.11","4.0.0.2323","PSt7-10","170328-019","7/29/2022 11:23:46 AM","0000-00","0","no battery","V","","µV","","µV"
"08/11/2022","10:30:15","6","default","383292078","Oxt_06","46.334","min","93.948","%a.s.","Humid","21.054","deg","41486","µV","27.768","°C","1021.000","hPa","36.4","pmil","0","55.390","deg","20.000","°C","100.000","%a.s.","21.720","deg","20.000","°C","977.000","hPa","0.861","-0.02617","0.00035","0","0","13.56","Humid","26.25","0","44.00","378552.92","SABD0000000001","AAV1.0.0.11","4.0.0.2323","PSt7-10","170328-019","7/29/2022 11:23:46 AM","0000-00","0","no battery","V","","µV","","µV"
"08/11/2022","10:30:16","6","default","383292078","Oxt_06","46.351","min","93.940","%a.s.","Humid","21.054","deg","41496","µV","27.777","°C","1021.000","hPa","36.4","pmil","0","55.390","deg","20.000","°C","100.000","%a.s.","21.720","deg","20.000","°C","977.000","hPa","0.861","-0.02617","0.00035","0","0","13.56","Humid","26.25","0","44.00","378558.09","SABD0000000001","AAV1.0.0.11","4.0.0.2323","PSt7-10","170328-019","7/29/2022 11:23:46 AM","0000-00","0","no battery","V","","µV","","µV"
"08/11/2022","10:30:17","6","default","383292078","Oxt_06","46.367","min","93.926","%a.s.","Humid","21.057","deg","41491","µV","27.764","°C","1021.000","hPa","36.4","pmil","0","55.390","deg","20.000","°C","100.000","%a.s.","21.720","deg","20.000","°C","977.000","hPa","0.861","-0.02617","0.00035","0","0","13.56","Humid","26.25","0","44.00","378573.81","SABD0000000001","AAV1.0.0.11","4.0.0.2323","PSt7-10","170328-019","7/29/2022 11:23:46 AM","0000-00","0","no battery","V","","µV","","µV"
"08/11/2022","10:30:18","6","default","383292078","Oxt_06","46.384","min","93.943","%a.s.","Humid","21.056","deg","41491","µV","27.755","°C","1021.000","hPa","36.4","pmil","0","55.390","deg","20.000","°C","100.000","%a.s.","21.720","deg","20.000","°C","977.000","hPa","0.861","-0.02617","0.00035","0","0","13.56","Humid","26.25","0","44.00","378574.32","SABD0000000001","AAV1.0.0.11","4.0.0.2323","PSt7-10","170328-019","7/29/2022 11:23:46 AM","0000-00","0","no battery","V","","µV","","µV"
"08/11/2022","10:30:19","6","default","383292078","Oxt_06","46.401","min","93.899","%a.s.","Humid","21.060","deg","41493","µV","27.767","°C","1021.000","hPa","36.4","pmil","0","55.390","deg","20.000","°C","100.000","%a.s.","21.720","deg","20.000","°C","977.000","hPa","0.861","-0.02617","0.00035","0","0","13.56","Humid","26.25","0","44.00","378555.99","SABD0000000001","AAV1.0.0.11","4.0.0.2323","PSt7-10","170328-019","7/29/2022 11:23:46 AM","0000-00","0","no battery","V","","µV","","µV"
"08/11/2022","10:30:20","6","default","383292078","Oxt_06","46.417","min","93.938","%a.s.","Humid","21.055","deg","41494","µV","27.770","°C","1021.000","hPa","36.4","pmil","0","55.390","deg","20.000","°C","100.000","%a.s.","21.720","deg","20.000","°C","977.000","hPa","0.861","-0.02617","0.00035","0","0","13.56","Humid","26.25","0","44.00","378563.77","SABD0000000001","AAV1.0.0.11","4.0.0.2323","PSt7-10","170328-019","7/29/2022 11:23:46 AM","0000-00","0","no battery","V","","µV","","µV"
"08/11/2022","10:30:21","6","default","383292078","Oxt_06","46.434","min","93.880","%a.s.","Humid","21.062","deg","41493","µV","27.770","°C","1021.000","hPa","36.4","pmil","0","55.390","deg","20.000","°C","100.000","%a.s.","21.720","deg","20.000","°C","977.000","hPa","0.861","-0.02617","0.00035","0","0","13.56","Humid","26.25","0","44.00","378566.15","SABD0000000001","AAV1.0.0.11","4.0.0.2323","PSt7-10","170328-019","7/29/2022 11:23:46 AM","0000-00","0","no battery","V","","µV","","µV"
"08/11/2022","10:30:22","6","default","383292078","Oxt_06","46.450","min","93.951","%a.s.","Humid","21.053","deg","41493","µV","27.773","°C","1021.000","hPa","36.4","pmil","0","55.390","deg","20.000","°C","100.000","%a.s.","21.720","deg","20.000","°C","977.000","hPa","0.861","-0.02617","0.00035","0","0","13.56","Humid","26.25","0","44.00","378571.06","SABD0000000001","AAV1.0.0.11","4.0.0.2323","PSt7-10","170328-019","7/29/2022 11:23:46 AM","0000-00","0","no battery","V","","µV","","µV"
"08/11/2022","10:30:23","6","default","383292078","Oxt_06","46.467","min","93.952","%a.s.","Humid","21.054","deg","41501","µV","27.763","°C","1021.000","hPa","36.4","pmil","0","55.390","deg","20.000","°C","100.000","%a.s.","21.720","deg","20.000","°C","977.000","hPa","0.861","-0.02617","0.00035","0","0","13.56","Humid","26.25","0","44.00","378570.16","SABD0000000001","AAV1.0.0.11","4.0.0.2323","PSt7-10","170328-019","7/29/2022 11:23:46 AM","0000-00","0","no battery","V","","µV","","µV"
"08/11/2022","10:30:24","6","default","383292078","Oxt_06","46.484","min","93.906","%a.s.","Humid","21.059","deg","41500","µV","27.768","°C","1021.000","hPa","36.4","pmil","0","55.390","deg","20.000","°C","100.000","%a.s.","21.720","deg","20.000","°C","977.000","hPa","0.861","-0.02617","0.00035","0","0","13.56","Humid","26.25","0","44.00","378557.29","SABD0000000001","AAV1.0.0.11","4.0.0.2323","PSt7-10","170328-019","7/29/2022 11:23:46 AM","0000-00","0","no battery","V","","µV","","µV"
"08/11/2022","10:30:25","6","default","383292078","Oxt_06","46.500","min","93.990","%a.s.","Humid","21.049","deg","41499","µV","27.767","°C","1021.000","hPa","36.4","pmil","0","55.390","deg","20.000","°C","100.000","%a.s.","21.720","deg","20.000","°C","977.000","hPa","0.861","-0.02617","0.00035","0","0","13.56","Humid","26.25","0","44.00","378567.93","SABD0000000001","AAV1.0.0.11","4.0.0.2323","PSt7-10","170328-019","7/29/2022 11:23:46 AM","0000-00","0","no battery","V","","µV","","µV"
"08/11/2022","10:30:26","6","default","383292078","Oxt_06","46.517","min","93.948","%a.s.","Humid","21.056","deg","41496","µV","27.749","°C","1021.000","hPa","36.4","pmil","0","55.390","deg","20.000","°C","100.000","%a.s.","21.720","deg","20.000","°C","977.000","hPa","0.861","-0.02617","0.00035","0","0","13.56","Humid","26.25","0","44.00","378547.81","SABD0000000001","AAV1.0.0.11","4.0.0.2323","PSt7-10","170328-019","7/29/2022 11:23:46 AM","0000-00","0","no battery","V","","µV","","µV"
"08/11/2022","10:30:27","6","default","383292078","Oxt_06","46.534","min","93.933","%a.s.","Humid","21.058","deg","41498","µV","27.748","°C","1021.000","hPa","36.4","pmil","0","55.390","deg","20.000","°C","100.000","%a.s.","21.720","deg","20.000","°C","977.000","hPa","0.861","-0.02617","0.00035","0","0","13.56","Humid","26.25","0","44.00","378552.23","SABD0000000001","AAV1.0.0.11","4.0.0.2323","PSt7-10","170328-019","7/29/2022 11:23:46 AM","0000-00","0","no battery","V","","µV","","µV"
"08/11/2022","10:30:28","6","default","383292078","Oxt_06","46.551","min","93.927","%a.s.","Humid","21.059","deg","41503","µV","27.746","°C","1021.000","hPa","36.4","pmil","0","55.390","deg","20.000","°C","100.000","%a.s.","21.720","deg","20.000","°C","977.000","hPa","0.861","-0.02617","0.00035","0","0","13.56","Humid","26.25","0","44.00","378566.34","SABD0000000001","AAV1.0.0.11","4.0.0.2323","PSt7-10","170328-019","7/29/2022 11:23:46 AM","0000-00","0","no battery","V","","µV","","µV"
"08/11/2022","10:30:29","6","default","383292078","Oxt_06","46.568","min","93.872","%a.s.","Humid","21.062","deg","41500","µV","27.778","°C","1021.000","hPa","36.4","pmil","0","55.390","deg","20.000","°C","100.000","%a.s.","21.720","deg","20.000","°C","977.000","hPa","0.861","-0.02617","0.00035","0","0","13.56","Humid","26.25","0","44.00","378568.25","SABD0000000001","AAV1.0.0.11","4.0.0.2323","PSt7-10","170328-019","7/29/2022 11:23:46 AM","0000-00","0","no battery","V","","µV","","µV"
"08/11/2022","10:30:30","6","default","383292078","Oxt_06","46.585","min","93.926","%a.s.","Humid","21.056","deg","41499","µV","27.774","°C","1021.000","hPa","36.4","pmil","0","55.390","deg","20.000","°C","100.000","%a.s.","21.720","deg","20.000","°C","977.000","hPa","0.861","-0.02617","0.00035","0","0","13.56","Humid","26.25","0","44.00","378565.45","SABD0000000001","AAV1.0.0.11","4.0.0.2323","PSt7-10","170328-019","7/29/2022 11:23:46 AM","0000-00","0","no battery","V","","µV","","µV"
"08/11/2022","10:30:31","6","default","383292078","Oxt_06","46.601","min","93.915","%a.s.","Humid","21.058","deg","41502","µV","27.768","°C","1021.000","hPa","36.4","pmil","0","55.390","deg","20.000","°C","100.000","%a.s.","21.720","deg","20.000","°C","977.000","hPa","0.861","-0.02617","0.00035","0","0","13.56","Humid","26.25","0","44.00","378573.81","SABD0000000001","AAV1.0.0.11","4.0.0.2323","PSt7-10","170328-019","7/29/2022 11:23:46 AM","0000-00","0","no battery","V","","µV","","µV"
"08/11/2022","10:30:32","6","default","383292078","Oxt_06","46.618","min","93.945","%a.s.","Humid","21.055","deg","41500","µV","27.763","°C","1021.000","hPa","36.4","pmil","0","55.390","deg","20.000","°C","100.000","%a.s.","21.720","deg","20.000","°C","977.000","hPa","0.861","-0.02617","0.00035","0","0","13.56","Humid","26.25","0","44.00","378566.76","SABD0000000001","AAV1.0.0.11","4.0.0.2323","PSt7-10","170328-019","7/29/2022 11:23:46 AM","0000-00","0","no battery","V","","µV","","µV"
"08/11/2022","10:30:33","6","default","383292078","Oxt_06","46.634","min","93.915","%a.s.","Humid","21.058","deg","41500","µV","27.768","°C","1021.000","hPa","36.4","pmil","0","55.390","deg","20.000","°C","100.000","%a.s.","21.720","deg","20.000","°C","977.000","hPa","0.861","-0.02617","0.00035","0","0","13.56","Humid","26.25","0","44.00","378568.60","SABD0000000001","AAV1.0.0.11","4.0.0.2323","PSt7-10","170328-019","7/29/2022 11:23:46 AM","0000-00","0","no battery","V","","µV","","µV"
"08/11/2022","10:30:34","6","default","383292078","Oxt_06","46.651","min","93.918","%a.s.","Humid","21.057","deg","41505","µV","27.774","°C","1021.000","hPa","36.4","pmil","0","55.390","deg","20.000","°C","100.000","%a.s.","21.720","deg","20.000","°C","977.000","hPa","0.861","-0.02617","0.00035","0","0","13.56","Humid","26.25","0","44.00","378565.10","SABD0000000001","AAV1.0.0.11","4.0.0.2323","PSt7-10","170328-019","7/29/2022 11:23:46 AM","0000-00","0","no battery","V","","µV","","µV"
"08/11/2022","10:30:35","6","default","383292078","Oxt_06","46.668","min","93.934","%a.s.","Humid","21.056","deg","41501","µV","27.766","°C","1021.000","hPa","36.4","pmil","0","55.390","deg","20.000","°C","100.000","%a.s.","21.720","deg","20.000","°C","977.000","hPa","0.861","-0.02617","0.00035","0","0","13.56","Humid","26.25","0","44.00","378559.83","SABD0000000001","AAV1.0.0.11","4.0.0.2323","PSt7-10","170328-019","7/29/2022 11:23:46 AM","0000-00","0","no battery","V","","µV","","µV"
"08/11/2022","10:30:36","6","default","383292078","Oxt_06","46.684","min","93.880","%a.s.","Humid","21.062","deg","41503","µV","27.769","°C","1021.000","hPa","36.4","pmil","0","55.390","deg","20.000","°C","100.000","%a.s.","21.720","deg","20.000","°C","977.000","hPa","0.861","-0.02617","0.00035","0","0","13.56","Humid","26.25","0","44.00","378575.36","SABD0000000001","AAV1.0.0.11","4.0.0.2323","PSt7-10","170328-019","7/29/2022 11:23:46 AM","0000-00","0","no battery","V","","µV","","µV"
"08/11/2022","10:30:37","6","default","383292078","Oxt_06","46.701","min","93.874","%a.s.","Humid","21.063","deg","41504","µV","27.767","°C","1021.000","hPa","36.4","pmil","0","55.390","deg","20.000","°C","100.000","%a.s.","21.720","deg","20.000","°C","977.000","hPa","0.861","-0.02617","0.00035","0","0","13.56","Humid","26.25","0","44.00","378564.19","SABD0000000001","AAV1.0.0.11","4.0.0.2323","PSt7-10","170328-019","7/29/2022 11:23:46 AM","0000-00","0","no battery","V","","µV","","µV"
"08/11/2022","10:30:38","6","default","383292078","Oxt_06","46.718","min","93.848","%a.s.","Humid","21.066","deg","41506","µV","27.769","°C","1021.000","hPa","36.4","pmil","0","55.390","deg","20.000","°C","100.000","%a.s.","21.720","deg","20.000","°C","977.000","hPa","0.861","-0.02617","0.00035","0","0","13.56","Humid","26.25","0","44.00","378569.05","SABD0000000001","AAV1.0.0.11","4.0.0.2323","PSt7-10","170328-019","7/29/2022 11:23:46 AM","0000-00","0","no battery","V","","µV","","µV"
"08/11/2022","10:30:39","6","default","383292078","Oxt_06","46.734","min","93.848","%a.s.","Humid","21.066","deg","41504","µV","27.768","°C","1021.000","hPa","36.4","pmil","0","55.390","deg","20.000","°C","100.000","%a.s.","21.720","deg","20.000","°C","977.000","hPa","0.861","-0.02617","0.00035","0","0","13.56","Humid","26.25","0","44.00","378563.81","SABD0000000001","AAV1.0.0.11","4.0.0.2323","PSt7-10","170328-019","7/29/2022 11:23:46 AM","0000-00","0","no battery","V","","µV","","µV"
"08/11/2022","10:30:40","6","default","383292078","Oxt_06","46.751","min","93.923","%a.s.","Humid","21.058","deg","41507","µV","27.759","°C","1021.000","hPa","36.4","pmil","0","55.390","deg","20.000","°C","100.000","%a.s.","21.720","deg","20.000","°C","977.000","hPa","0.861","-0.02617","0.00035","0","0","13.56","Humid","26.25","0","44.00","378569.67","SABD0000000001","AAV1.0.0.11","4.0.0.2323","PSt7-10","170328-019","7/29/2022 11:23:46 AM","0000-00","0","no battery","V","","µV","","µV"
"08/11/2022","10:30:41","6","default","383292078","Oxt_06","46.767","min","93.882","%a.s.","Humid","21.063","deg","41508","µV","27.758","°C","1021.000","hPa","36.4","pmil","0","55.390","deg","20.000","°C","100.000","%a.s.","21.720","deg","20.000","°C","977.000","hPa","0.861","-0.02617","0.00035","0","0","13.56","Humid","26.25","0","44.00","378577.55","SABD0000000001","AAV1.0.0.11","4.0.0.2323","PSt7-10","170328-019","7/29/2022 11:23:46 AM","0000-00","0","no battery","V","","µV","","µV"
"08/11/2022","10:30:42","6","default","383292078","Oxt_06","46.784","min","93.923","%a.s.","Humid","21.058","deg","41505","µV","27.759","°C","1021.000","hPa","36.4","pmil","0","55.390","deg","20.000","°C","100.000","%a.s.","21.720","deg","20.000","°C","977.000","hPa","0.861","-0.02617","0.00035","0","0","13.56","Humid","26.25","0","44.00","378567.17","SABD0000000001","AAV1.0.0.11","4.0.0.2323","PSt7-10","170328-019","7/29/2022 11:23:46 AM","0000-00","0","no battery","V","","µV","","µV"
"08/11/2022","10:30:43","6","default","383292078","Oxt_06","46.801","min","93.915","%a.s.","Humid","21.059","deg","41505","µV","27.758","°C","1021.000","hPa","36.4","pmil","0","55.390","deg","20.000","°C","100.000","%a.s.","21.720","deg","20.000","°C","977.000","hPa","0.861","-0.02617","0.00035","0","0","13.56","Humid","26.25","0","44.00","378575.03","SABD0000000001","AAV1.0.0.11","4.0.0.2323","PSt7-10","170328-019","7/29/2022 11:23:46 AM","0000-00","0","no battery","V","","µV","","µV"
"08/11/2022","10:30:44","6","default","383292078","Oxt_06","46.817","min","93.853","%a.s.","Humid","21.066","deg","41507","µV","27.763","°C","1021.000","hPa","36.4","pmil","0","55.390","deg","20.000","°C","100.000","%a.s.","21.720","deg","20.000","°C","977.000","hPa","0.861","-0.02617","0.00035","0","0","13.56","Humid","26.25","0","44.00","378559.98","SABD0000000001","AAV1.0.0.11","4.0.0.2323","PSt7-10","170328-019","7/29/2022 11:23:46 AM","0000-00","0","no battery","V","","µV","","µV"
"08/11/2022","10:30:45","6","default","383292078","Oxt_06","46.834","min","93.900","%a.s.","Humid","21.061","deg","41506","µV","27.757","°C","1021.000","hPa","36.4","pmil","0","55.390","deg","20.000","°C","100.000","%a.s.","21.720","deg","20.000","°C","977.000","hPa","0.861","-0.02617","0.00035","0","0","13.56","Humid","26.25","0","44.00","378573.68","SABD0000000001","AAV1.0.0.11","4.0.0.2323","PSt7-10","170328-019","7/29/2022 11:23:46 AM","0000-00","0","no battery","V","","µV","","µV"
"08/11/2022","10:30:46","6","default","383292078","Oxt_06","46.851","min","93.884","%a.s.","Humid","21.062","deg","41506","µV","27.765","°C","1021.000","hPa","36.4","pmil","0","55.390","deg","20.000","°C","100.000","%a.s.","21.720","deg","20.000","°C","977.000","hPa","0.861","-0.02617","0.00035","0","0","13.56","Humid","26.25","0","44.00","378571.83","SABD0000000001","AAV1.0.0.11","4.0.0.2323","PSt7-10","170328-019","7/29/2022 11:23:46 AM","0000-00","0","no battery","V","","µV","","µV"
"08/11/2022","10:30:47","6","default","383292078","Oxt_06","46.867","min","93.916","%a.s.","Humid","21.059","deg","41506","µV","27.758","°C","1021.000","hPa","36.4","pmil","0","55.390","deg","20.000","°C","100.000","%a.s.","21.720","deg","20.000","°C","977.000","hPa","0.861","-0.02617","0.00035","0","0","13.56","Humid","26.25","0","44.00","378575.18","SABD0000000001","AAV1.0.0.11","4.0.0.2323","PSt7-10","170328-019","7/29/2022 11:23:46 AM","0000-00","0","no battery","V","","µV","","µV"
"08/11/2022","10:30:48","6","default","383292078","Oxt_06","46.884","min","93.815","%a.s.","Humid","21.069","deg","41507","µV","27.777","°C","1021.000","hPa","36.4","pmil","0","55.390","deg","20.000","°C","100.000","%a.s.","21.720","deg","20.000","°C","977.000","hPa","0.861","-0.02617","0.00035","0","0","13.56","Humid","26.25","0","44.00","378576.12","SABD0000000001","AAV1.0.0.11","4.0.0.2323","PSt7-10","170328-019","7/29/2022 11:23:46 AM","0000-00","0","no battery","V","","µV","","µV"
"08/11/2022","10:30:49","6","default","383292078","Oxt_06","46.900","min","93.900","%a.s.","Humid","21.059","deg","41513","µV","27.775","°C","1021.000","hPa","36.4","pmil","0","55.390","deg","20.000","°C","100.000","%a.s.","21.720","deg","20.000","°C","977.000","hPa","0.861","-0.02617","0.00035","0","0","13.56","Humid","26.25","0","44.00","378573.93","SABD0000000001","AAV1.0.0.11","4.0.0.2323","PSt7-10","170328-019","7/29/2022 11:23:46 AM","0000-00","0","no battery","V","","µV","","µV"
"08/11/2022","10:30:50","6","default","383292078","Oxt_06","46.917","min","93.886","%a.s.","Humid","21.061","deg","41513","µV","27.772","°C","1021.000","hPa","36.4","pmil","0","55.390","deg","20.000","°C","100.000","%a.s.","21.720","deg","20.000","°C","977.000","hPa","0.861","-0.02617","0.00035","0","0","13.56","Humid","26.25","0","44.00","378573.23","SABD0000000001","AAV1.0.0.11","4.0.0.2323","PSt7-10","170328-019","7/29/2022 11:23:46 AM","0000-00","0","no battery","V","","µV","","µV"
"08/11/2022","10:30:51","6","default","383292078","Oxt_06","46.934","min","93.924","%a.s.","Humid","21.058","deg","41507","µV","27.758","°C","1021.000","hPa","36.4","pmil","0","55.390","deg","20.000","°C","100.000","%a.s.","21.720","deg","20.000","°C","977.000","hPa","0.861","-0.02617","0.00035","0","0","13.56","Humid","26.25","0","44.00","378572.20","SABD0000000001","AAV1.0.0.11","4.0.0.2323","PSt7-10","170328-019","7/29/2022 11:23:46 AM","0000-00","0","no battery","V","","µV","","µV"
"08/11/2022","10:30:52","6","default","383292078","Oxt_06","46.950","min","93.903","%a.s.","Humid","21.058","deg","41508","µV","27.781","°C","1021.000","hPa","36.4","pmil","0","55.390","deg","20.000","°C","100.000","%a.s.","21.720","deg","20.000","°C","977.000","hPa","0.861","-0.02617","0.00035","0","0","13.56","Humid","26.25","0","44.00","378561.41","SABD0000000001","AAV1.0.0.11","4.0.0.2323","PSt7-10","170328-019","7/29/2022 11:23:46 AM","0000-00","0","no battery","V","","µV","","µV"
"08/11/2022","10:30:53","6","default","383292078","Oxt_06","46.967","min","93.891","%a.s.","Humid","21.061","deg","41512","µV","27.767","°C","1021.000","hPa","36.4","pmil","0","55.390","deg","20.000","°C","100.000","%a.s.","21.720","deg","20.000","°C","977.000","hPa","0.861","-0.02617","0.00035","0","0","13.56","Humid","26.25","0","44.00","378575.14","SABD0000000001","AAV1.0.0.11","4.0.0.2323","PSt7-10","170328-019","7/29/2022 11:23:46 AM","0000-00","0","no battery","V","","µV","","µV"
"08/11/2022","10:30:54","6","default","383292078","Oxt_06","46.984","min","93.836","%a.s.","Humid","21.067","deg","41512","µV","27.772","°C","1021.000","hPa","36.4","pmil","0","55.390","deg","20.000","°C","100.000","%a.s.","21.720","deg","20.000","°C","977.000","hPa","0.861","-0.02617","0.00035","0","0","13.56","Humid","26.25","0","44.00","378579.36","SABD0000000001","AAV1.0.0.11","4.0.0.2323","PSt7-10","170328-019","7/29/2022 11:23:46 AM","0000-00","0","no battery","V","","µV","","µV"
"08/11/2022","10:30:55","6","default","383292078","Oxt_06","47.001","min","93.885","%a.s.","Humid","21.061","deg","41513","µV","27.773","°C","1021.000","hPa","36.4","pmil","0","55.390","deg","20.000","°C","100.000","%a.s.","21.720","deg","20.000","°C","977.000","hPa","0.861","-0.02617","0.00035","0","0","13.56","Humid","26.25","0","44.00","378577.37","SABD0000000001","AAV1.0.0.11","4.0.0.2323","PSt7-10","170328-019","7/29/2022 11:23:46 AM","0000-00","0","no battery","V","","µV","","µV"
"08/11/2022","10:30:56","6","default","383292078","Oxt_06","47.018","min","93.840","%a.s.","Humid","21.067","deg","41521","µV","27.768","°C","1021.000","hPa","36.4","pmil","0","55.390","deg","20.000","°C","100.000","%a.s.","21.720","deg","20.000","°C","977.000","hPa","0.861","-0.02617","0.00035","0","0","13.56","Humid","26.25","0","44.00","378565.42","SABD0000000001","AAV1.0.0.11","4.0.0.2323","PSt7-10","170328-019","7/29/2022 11:23:46 AM","0000-00","0","no battery","V","","µV","","µV"
"08/11/2022","10:30:57","6","default","383292078","Oxt_06","47.035","min","93.857","%a.s.","Humid","21.066","deg","41511","µV","27.758","°C","1021.000","hPa","36.4","pmil","0","55.390","deg","20.000","°C","100.000","%a.s.","21.720","deg","20.000","°C","977.000","hPa","0.861","-0.02617","0.00035","0","0","13.56","Humid","26.25","0","44.00","378574.98","SABD0000000001","AAV1.0.0.11","4.0.0.2323","PSt7-10","170328-019","7/29/2022 11:23:46 AM","0000-00","0","no battery","V","","µV","","µV"
"08/11/2022","10:30:58","6","default","383292078","Oxt_06","47.051","min","93.806","%a.s.","Humid","21.071","deg","41518","µV","27.769","°C","1021.000","hPa","36.4","pmil","0","55.390","deg","20.000","°C","100.000","%a.s.","21.720","deg","20.000","°C","977.000","hPa","0.861","-0.02617","0.00035","0","0","13.56","Humid","26.25","0","44.00","378581.52","SABD0000000001","AAV1.0.0.11","4.0.0.2323","PSt7-10","170328-019","7/29/2022 11:23:46 AM","0000-00","0","no battery","V","","µV","","µV"
"08/11/2022","10:30:59","6","default","383292078","Oxt_06","47.068","min","93.858","%a.s.","Humid","21.065","deg","41511","µV","27.766","°C","1021.000","hPa","36.4","pmil","0","55.390","deg","20.000","°C","100.000","%a.s.","21.720","deg","20.000","°C","977.000","hPa","0.861","-0.02617","0.00035","0","0","13.56","Humid","26.25","0","44.00","378571.93","SABD0000000001","AAV1.0.0.11","4.0.0.2323","PSt7-10","170328-019","7/29/2022 11:23:46 AM","0000-00","0","no battery","V","","µV","","µV"
"08/11/2022","10:31:00","6","default","383292078","Oxt_06","47.084","min","93.790","%a.s.","Humid","21.073","deg","41515","µV","27.768","°C","1021.000","hPa","36.4","pmil","0","55.390","deg","20.000","°C","100.000","%a.s.","21.720","deg","20.000","°C","977.000","hPa","0.861","-0.02617","0.00035","0","0","13.56","Humid","26.25","0","44.00","378569.63","SABD0000000001","AAV1.0.0.11","4.0.0.2323","PSt7-10","170328-019","7/29/2022 11:23:46 AM","0000-00","0","no battery","V","","µV","","µV"
"08/11/2022","10:31:01","6","default","383292078","Oxt_06","47.101","min","93.890","%a.s.","Humid","21.061","deg","41511","µV","27.768","°C","1021.000","hPa","36.4","pmil","0","55.390","deg","20.000","°C","100.000","%a.s.","21.720","deg","20.000","°C","977.000","hPa","0.861","-0.02617","0.00035","0","0","13.56","Humid","26.25","0","44.00","378574.59","SABD0000000001","AAV1.0.0.11","4.0.0.2323","PSt7-10","170328-019","7/29/2022 11:23:46 AM","0000-00","0","no battery","V","","µV","","µV"
"08/11/2022","10:31:02","6","default","383292078","Oxt_06","47.118","min","93.919","%a.s.","Humid","21.059","deg","41511","µV","27.754","°C","1021.000","hPa","36.4","pmil","0","55.390","deg","20.000","°C","100.000","%a.s.","21.720","deg","20.000","°C","977.000","hPa","0.861","-0.02617","0.00035","0","0","13.56","Humid","26.25","0","44.00","378565.99","SABD0000000001","AAV1.0.0.11","4.0.0.2323","PSt7-10","170328-019","7/29/2022 11:23:46 AM","0000-00","0","no battery","V","","µV","","µV"
"08/11/2022","10:31:03","6","default","383292078","Oxt_06","47.134","min","93.874","%a.s.","Humid","21.063","deg","41512","µV","27.767","°C","1021.000","hPa","36.4","pmil","0","55.390","deg","20.000","°C","100.000","%a.s.","21.720","deg","20.000","°C","977.000","hPa","0.861","-0.02617","0.00035","0","0","13.56","Humid","26.25","0","44.00","378567.31","SABD0000000001","AAV1.0.0.11","4.0.0.2323","PSt7-10","170328-019","7/29/2022 11:23:46 AM","0000-00","0","no battery","V","","µV","","µV"
"08/11/2022","10:31:04","6","default","383292078","Oxt_06","47.151","min","93.844","%a.s.","Humid","21.068","deg","41517","µV","27.754","°C","1021.000","hPa","36.4","pmil","0","55.390","deg","20.000","°C","100.000","%a.s.","21.720","deg","20.000","°C","977.000","hPa","0.861","-0.02617","0.00035","0","0","13.56","Humid","26.25","0","44.00","378575.10","SABD0000000001","AAV1.0.0.11","4.0.0.2323","PSt7-10","170328-019","7/29/2022 11:23:46 AM","0000-00","0","no battery","V","","µV","","µV"
"08/11/2022","10:31:05","6","default","383292078","Oxt_06","47.167","min","93.820","%a.s.","Humid","21.071","deg","41513","µV","27.753","°C","1021.000","hPa","36.4","pmil","0","55.390","deg","20.000","°C","100.000","%a.s.","21.720","deg","20.000","°C","977.000","hPa","0.861","-0.02617","0.00035","0","0","13.56","Humid","26.25","0","44.00","378574.71","SABD0000000001","AAV1.0.0.11","4.0.0.2323","PSt7-10","170328-019","7/29/2022 11:23:46 AM","0000-00","0","no battery","V","","µV","","µV"
"08/11/2022","10:31:06","6","default","383292078","Oxt_06","47.184","min","93.872","%a.s.","Humid","21.065","deg","41516","µV","27.751","°C","1021.000","hPa","36.4","pmil","0","55.390","deg","20.000","°C","100.000","%a.s.","21.720","deg","20.000","°C","977.000","hPa","0.861","-0.02617","0.00035","0","0","13.56","Humid","26.25","0","44.00","378574.59","SABD0000000001","AAV1.0.0.11","4.0.0.2323","PSt7-10","170328-019","7/29/2022 11:23:46 AM","0000-00","0","no battery","V","","µV","","µV"
"08/11/2022","10:31:07","6","default","383292078","Oxt_06","47.201","min","93.863","%a.s.","Humid","21.065","deg","41514","µV","27.761","°C","1021.000","hPa","36.4","pmil","0","55.390","deg","20.000","°C","100.000","%a.s.","21.720","deg","20.000","°C","977.000","hPa","0.861","-0.02617","0.00035","0","0","13.56","Humid","26.25","0","44.00","378577.76","SABD0000000001","AAV1.0.0.11","4.0.0.2323","PSt7-10","170328-019","7/29/2022 11:23:46 AM","0000-00","0","no battery","V","","µV","","µV"
"08/11/2022","10:31:08","6","default","383292078","Oxt_06","47.217","min","93.867","%a.s.","Humid","21.063","deg","41517","µV","27.775","°C","1021.000","hPa","36.4","pmil","0","55.390","deg","20.000","°C","100.000","%a.s.","21.720","deg","20.000","°C","977.000","hPa","0.861","-0.02617","0.00035","0","0","13.56","Humid","26.25","0","44.00","378578.49","SABD0000000001","AAV1.0.0.11","4.0.0.2323","PSt7-10","170328-019","7/29/2022 11:23:46 AM","0000-00","0","no battery","V","","µV","","µV"
"08/11/2022","10:31:09","6","default","383292078","Oxt_06","47.234","min","93.881","%a.s.","Humid","21.062","deg","41521","µV","27.769","°C","1021.000","hPa","36.4","pmil","0","55.390","deg","20.000","°C","100.000","%a.s.","21.720","deg","20.000","°C","977.000","hPa","0.861","-0.02617","0.00035","0","0","13.56","Humid","26.25","0","44.00","378578.80","SABD0000000001","AAV1.0.0.11","4.0.0.2323","PSt7-10","170328-019","7/29/2022 11:23:46 AM","0000-00","0","no battery","V","","µV","","µV"
"08/11/2022","10:31:10","6","default","383292078","Oxt_06","47.251","min","93.895","%a.s.","Humid","21.059","deg","41521","µV","27.781","°C","1021.000","hPa","36.4","pmil","0","55.390","deg","20.000","°C","100.000","%a.s.","21.720","deg","20.000","°C","977.000","hPa","0.861","-0.02617","0.00035","0","0","13.56","Humid","26.25","0","44.00","378570.38","SABD0000000001","AAV1.0.0.11","4.0.0.2323","PSt7-10","170328-019","7/29/2022 11:23:46 AM","0000-00","0","no battery","V","","µV","","µV"
"08/11/2022","10:31:11","6","default","383292078","Oxt_06","47.267","min","93.830","%a.s.","Humid","21.068","deg","41520","µV","27.770","°C","1021.000","hPa","36.4","pmil","0","55.390","deg","20.000","°C","100.000","%a.s.","21.720","deg","20.000","°C","977.000","hPa","0.861","-0.02617","0.00035","0","0","13.56","Humid","26.25","0","44.00","378583.40","SABD0000000001","AAV1.0.0.11","4.0.0.2323","PSt7-10","170328-019","7/29/2022 11:23:46 AM","0000-00","0","no battery","V","","µV","","µV"
"08/11/2022","10:31:12","6","default","383292078","Oxt_06","47.284","min","93.799","%a.s.","Humid","21.072","deg","41524","µV","27.767","°C","1021.000","hPa","36.4","pmil","0","55.390","deg","20.000","°C","100.000","%a.s.","21.720","deg","20.000","°C","977.000","hPa","0.861","-0.02617","0.00035","0","0","13.56","Humid","26.25","0","44.00","378599.11","SABD0000000001","AAV1.0.0.11","4.0.0.2323","PSt7-10","170328-019","7/29/2022 11:23:46 AM","0000-00","0","no battery","V","","µV","","µV"
"08/11/2022","10:31:13","6","default","383292078","Oxt_06","47.300","min","93.854","%a.s.","Humid","21.065","deg","41521","µV","27.771","°C","1021.000","hPa","36.4","pmil","0","55.390","deg","20.000","°C","100.000","%a.s.","21.720","deg","20.000","°C","977.000","hPa","0.861","-0.02617","0.00035","0","0","13.56","Humid","26.25","0","44.00","378583.89","SABD0000000001","AAV1.0.0.11","4.0.0.2323","PSt7-10","170328-019","7/29/2022 11:23:46 AM","0000-00","0","no battery","V","","µV","","µV"
"08/11/2022","10:31:14","6","default","383292078","Oxt_06","47.317","min","93.823","%a.s.","Humid","21.069","deg","41518","µV","27.768","°C","1021.000","hPa","36.4","pmil","0","55.390","deg","20.000","°C","100.000","%a.s.","21.720","deg","20.000","°C","977.000","hPa","0.861","-0.02617","0.00035","0","0","13.56","Humid","26.25","0","44.00","378584.61","SABD0000000001","AAV1.0.0.11","4.0.0.2323","PSt7-10","170328-019","7/29/2022 11:23:46 AM","0000-00","0","no battery","V","","µV","","µV"
"08/11/2022","10:31:15","6","default","383292078","Oxt_06","47.334","min","93.827","%a.s.","Humid","21.069","deg","41519","µV","27.764","°C","1021.000","hPa","36.4","pmil","0","55.390","deg","20.000","°C","100.000","%a.s.","21.720","deg","20.000","°C","977.000","hPa","0.861","-0.02617","0.00035","0","0","13.56","Humid","26.25","0","44.00","378573.88","SABD0000000001","AAV1.0.0.11","4.0.0.2323","PSt7-10","170328-019","7/29/2022 11:23:46 AM","0000-00","0","no battery","V","","µV","","µV"
"08/11/2022","10:31:16","6","default","383292078","Oxt_06","47.350","min","93.860","%a.s.","Humid","21.065","deg","41524","µV","27.764","°C","1021.000","hPa","36.4","pmil","0","55.390","deg","20.000","°C","100.000","%a.s.","21.720","deg","20.000","°C","977.000","hPa","0.861","-0.02617","0.00035","0","0","13.56","Humid","26.25","0","44.00","378593.19","SABD0000000001","AAV1.0.0.11","4.0.0.2323","PSt7-10","170328-019","7/29/2022 11:23:46 AM","0000-00","0","no battery","V","","µV","","µV"
"08/11/2022","10:31:17","6","default","383292078","Oxt_06","47.367","min","93.846","%a.s.","Humid","21.066","deg","41520","µV","27.770","°C","1021.000","hPa","36.4","pmil","0","55.390","deg","20.000","°C","100.000","%a.s.","21.720","deg","20.000","°C","977.000","hPa","0.861","-0.02617","0.00035","0","0","13.56","Humid","26.25","0","44.00","378576.53","SABD0000000001","AAV1.0.0.11","4.0.0.2323","PSt7-10","170328-019","7/29/2022 11:23:46 AM","0000-00","0","no battery","V","","µV","","µV"
"08/11/2022","10:31:18","6","default","383292078","Oxt_06","47.384","min","93.876","%a.s.","Humid","21.062","deg","41523","µV","27.774","°C","1021.000","hPa","36.4","pmil","0","55.390","deg","20.000","°C","100.000","%a.s.","21.720","deg","20.000","°C","977.000","hPa","0.861","-0.02617","0.00035","0","0","13.56","Humid","26.25","0","44.00","378569.71","SABD0000000001","AAV1.0.0.11","4.0.0.2323","PSt7-10","170328-019","7/29/2022 11:23:46 AM","0000-00","0","no battery","V","","µV","","µV"
"08/11/2022","10:31:19","6","default","383292078","Oxt_06","47.400","min","93.872","%a.s.","Humid","21.063","deg","41528","µV","27.769","°C","1021.000","hPa","36.4","pmil","0","55.390","deg","20.000","°C","100.000","%a.s.","21.720","deg","20.000","°C","977.000","hPa","0.861","-0.02617","0.00035","0","0","13.56","Humid","26.25","0","44.00","378575.40","SABD0000000001","AAV1.0.0.11","4.0.0.2323","PSt7-10","170328-019","7/29/2022 11:23:46 AM","0000-00","0","no battery","V","","µV","","µV"
"08/11/2022","10:31:20","6","default","383292078","Oxt_06","47.417","min","93.845","%a.s.","Humid","21.067","deg","41524","µV","27.762","°C","1021.000","hPa","36.4","pmil","0","55.390","deg","20.000","°C","100.000","%a.s.","21.720","deg","20.000","°C","977.000","hPa","0.861","-0.02617","0.00035","0","0","13.56","Humid","26.25","0","44.00","378578.76","SABD0000000001","AAV1.0.0.11","4.0.0.2323","PSt7-10","170328-019","7/29/2022 11:23:46 AM","0000-00","0","no battery","V","","µV","","µV"
"08/11/2022","10:31:21","6","default","383292078","Oxt_06","47.434","min","93.788","%a.s.","Humid","21.072","deg","41522","µV","27.779","°C","1021.000","hPa","36.4","pmil","0","55.390","deg","20.000","°C","100.000","%a.s.","21.720","deg","20.000","°C","977.000","hPa","0.861","-0.02617","0.00035","0","0","13.56","Humid","26.25","0","44.00","378573.39","SABD0000000001","AAV1.0.0.11","4.0.0.2323","PSt7-10","170328-019","7/29/2022 11:23:46 AM","0000-00","0","no battery","V","","µV","","µV"
"08/11/2022","10:31:22","6","default","383292078","Oxt_06","47.451","min","93.803","%a.s.","Humid","21.072","deg","41525","µV","27.763","°C","1021.000","hPa","36.4","pmil","0","55.390","deg","20.000","°C","100.000","%a.s.","21.720","deg","20.000","°C","977.000","hPa","0.861","-0.02617","0.00035","0","0","13.56","Humid","26.25","0","44.00","378588.29","SABD0000000001","AAV1.0.0.11","4.0.0.2323","PSt7-10","170328-019","7/29/2022 11:23:46 AM","0000-00","0","no battery","V","","µV","","µV"
"08/11/2022","10:31:23","6","default","383292078","Oxt_06","47.468","min","93.834","%a.s.","Humid","21.068","deg","41526","µV","27.765","°C","1021.000","hPa","36.4","pmil","0","55.390","deg","20.000","°C","100.000","%a.s.","21.720","deg","20.000","°C","977.000","hPa","0.861","-0.02617","0.00035","0","0","13.56","Humid","26.25","0","44.00","378583.63","SABD0000000001","AAV1.0.0.11","4.0.0.2323","PSt7-10","170328-019","7/29/2022 11:23:46 AM","0000-00","0","no battery","V","","µV","","µV"
"08/11/2022","10:31:24","6","default","383292078","Oxt_06","47.484","min","93.841","%a.s.","Humid","21.069","deg","41529","µV","27.748","°C","1021.000","hPa","36.4","pmil","0","55.390","deg","20.000","°C","100.000","%a.s.","21.720","deg","20.000","°C","977.000","hPa","0.861","-0.02617","0.00035","0","0","13.56","Humid","26.25","0","44.00","378588.83","SABD0000000001","AAV1.0.0.11","4.0.0.2323","PSt7-10","170328-019","7/29/2022 11:23:46 AM","0000-00","0","no battery","V","","µV","","µV"
"08/11/2022","10:31:25","6","default","383292078","Oxt_06","47.501","min","93.886","%a.s.","Humid","21.063","deg","41525","µV","27.754","°C","1021.000","hPa","36.4","pmil","0","55.390","deg","20.000","°C","100.000","%a.s.","21.720","deg","20.000","°C","977.000","hPa","0.861","-0.02617","0.00035","0","0","13.56","Humid","26.25","0","44.00","378579.65","SABD0000000001","AAV1.0.0.11","4.0.0.2323","PSt7-10","170328-019","7/29/2022 11:23:46 AM","0000-00","0","no battery","V","","µV","","µV"
"08/11/2022","10:31:26","6","default","383292078","Oxt_06","47.517","min","93.836","%a.s.","Humid","21.067","deg","41528","µV","27.772","°C","1021.000","hPa","36.4","pmil","0","55.390","deg","20.000","°C","100.000","%a.s.","21.720","deg","20.000","°C","977.000","hPa","0.861","-0.02617","0.00035","0","0","13.56","Humid","26.25","0","44.00","378582.12","SABD0000000001","AAV1.0.0.11","4.0.0.2323","PSt7-10","170328-019","7/29/2022 11:23:46 AM","0000-00","0","no battery","V","","µV","","µV"
"08/11/2022","10:31:27","6","default","383292078","Oxt_06","47.534","min","93.795","%a.s.","Humid","21.072","deg","41525","µV","27.771","°C","1021.000","hPa","36.4","pmil","0","55.390","deg","20.000","°C","100.000","%a.s.","21.720","deg","20.000","°C","977.000","hPa","0.861","-0.02617","0.00035","0","0","13.56","Humid","26.25","0","44.00","378578.87","SABD0000000001","AAV1.0.0.11","4.0.0.2323","PSt7-10","170328-019","7/29/2022 11:23:46 AM","0000-00","0","no battery","V","","µV","","µV"
"08/11/2022","10:31:28","6","default","383292078","Oxt_06","47.550","min","93.785","%a.s.","Humid","21.074","deg","41531","µV","27.765","°C","1021.000","hPa","36.4","pmil","0","55.390","deg","20.000","°C","100.000","%a.s.","21.720","deg","20.000","°C","977.000","hPa","0.861","-0.02617","0.00035","0","0","13.56","Humid","26.25","0","44.00","378572.69","SABD0000000001","AAV1.0.0.11","4.0.0.2323","PSt7-10","170328-019","7/29/2022 11:23:46 AM","0000-00","0","no battery","V","","µV","","µV"
"08/11/2022","10:31:29","6","default","383292078","Oxt_06","47.567","min","93.739","%a.s.","Humid","21.079","deg","41534","µV","27.770","°C","1021.000","hPa","36.4","pmil","0","55.390","deg","20.000","°C","100.000","%a.s.","21.720","deg","20.000","°C","977.000","hPa","0.861","-0.02617","0.00035","0","0","13.56","Humid","26.25","0","44.00","378587.33","SABD0000000001","AAV1.0.0.11","4.0.0.2323","PSt7-10","170328-019","7/29/2022 11:23:46 AM","0000-00","0","no battery","V","","µV","","µV"
"08/11/2022","10:31:30","6","default","383292078","Oxt_06","47.584","min","93.867","%a.s.","Humid","21.065","deg","41530","µV","27.756","°C","1021.000","hPa","36.4","pmil","0","55.390","deg","20.000","°C","100.000","%a.s.","21.720","deg","20.000","°C","977.000","hPa","0.861","-0.02617","0.00035","0","0","13.56","Humid","26.25","0","44.00","378586.79","SABD0000000001","AAV1.0.0.11","4.0.0.2323","PSt7-10","170328-019","7/29/2022 11:23:46 AM","0000-00","0","no battery","V","","µV","","µV"
"08/11/2022","10:31:31","6","default","383292078","Oxt_06","47.600","min","93.806","%a.s.","Humid","21.071","deg","41533","µV","27.768","°C","1021.000","hPa","36.4","pmil","0","55.390","deg","20.000","°C","100.000","%a.s.","21.720","deg","20.000","°C","977.000","hPa","0.861","-0.02617","0.00035","0","0","13.56","Humid","26.25","0","44.00","378582.33","SABD0000000001","AAV1.0.0.11","4.0.0.2323","PSt7-10","170328-019","7/29/2022 11:23:46 AM","0000-00","0","no battery","V","","µV","","µV"
"08/11/2022","10:31:32","6","default","383292078","Oxt_06","47.617","min","93.837","%a.s.","Humid","21.067","deg","41532","µV","27.771","°C","1021.000","hPa","36.4","pmil","0","55.390","deg","20.000","°C","100.000","%a.s.","21.720","deg","20.000","°C","977.000","hPa","0.861","-0.02617","0.00035","0","0","13.56","Humid","26.25","0","44.00","378578.59","SABD0000000001","AAV1.0.0.11","4.0.0.2323","PSt7-10","170328-019","7/29/2022 11:23:46 AM","0000-00","0","no battery","V","","µV","","µV"
"08/11/2022","10:31:33","6","default","383292078","Oxt_06","47.635","min","93.902","%a.s.","Humid","21.060","deg","41534","µV","27.764","°C","1021.000","hPa","36.4","pmil","0","55.390","deg","20.000","°C","100.000","%a.s.","21.720","deg","20.000","°C","977.000","hPa","0.861","-0.02617","0.00035","0","0","13.56","Humid","26.25","0","44.00","378583.11","SABD0000000001","AAV1.0.0.11","4.0.0.2323","PSt7-10","170328-019","7/29/2022 11:23:46 AM","0000-00","0","no battery","V","","µV","","µV"
"08/11/2022","10:31:34","6","default","383292078","Oxt_06","47.651","min","93.810","%a.s.","Humid","21.072","deg","41535","µV","27.755","°C","1021.000","hPa","36.4","pmil","0","55.390","deg","20.000","°C","100.000","%a.s.","21.720","deg","20.000","°C","977.000","hPa","0.861","-0.02617","0.00035","0","0","13.56","Humid","26.25","0","44.00","378584.41","SABD0000000001","AAV1.0.0.11","4.0.0.2323","PSt7-10","170328-019","7/29/2022 11:23:46 AM","0000-00","0","no battery","V","","µV","","µV"
"08/11/2022","10:31:35","6","default","383292078","Oxt_06","47.668","min","93.828","%a.s.","Humid","21.069","deg","41539","µV","27.763","°C","1021.000","hPa","36.4","pmil","0","55.390","deg","20.000","°C","100.000","%a.s.","21.720","deg","20.000","°C","977.000","hPa","0.861","-0.02617","0.00035","0","0","13.56","Humid","26.25","0","44.00","378585.98","SABD0000000001","AAV1.0.0.11","4.0.0.2323","PSt7-10","170328-019","7/29/2022 11:23:46 AM","0000-00","0","no battery","V","","µV","","µV"
"08/11/2022","10:31:36","6","default","383292078","Oxt_06","47.684","min","93.814","%a.s.","Humid","21.070","deg","41539","µV","27.769","°C","1021.000","hPa","36.4","pmil","0","55.390","deg","20.000","°C","100.000","%a.s.","21.720","deg","20.000","°C","977.000","hPa","0.861","-0.02617","0.00035","0","0","13.56","Humid","26.25","0","44.00","378588.64","SABD0000000001","AAV1.0.0.11","4.0.0.2323","PSt7-10","170328-019","7/29/2022 11:23:46 AM","0000-00","0","no battery","V","","µV","","µV"
"08/11/2022","10:31:37","6","default","383292078","Oxt_06","47.701","min","93.842","%a.s.","Humid","21.066","deg","41532","µV","27.774","°C","1021.000","hPa","36.4","pmil","0","55.390","deg","20.000","°C","100.000","%a.s.","21.720","deg","20.000","°C","977.000","hPa","0.861","-0.02617","0.00035","0","0","13.56","Humid","26.25","0","44.00","378593.20","SABD0000000001","AAV1.0.0.11","4.0.0.2323","PSt7-10","170328-019","7/29/2022 11:23:46 AM","0000-00","0","no battery","V","","µV","","µV"
"08/11/2022","10:31:38","6","default","383292078","Oxt_06","47.718","min","93.822","%a.s.","Humid","21.070","deg","41531","µV","27.761","°C","1021.000","hPa","36.4","pmil","0","55.390","deg","20.000","°C","100.000","%a.s.","21.720","deg","20.000","°C","977.000","hPa","0.861","-0.02617","0.00035","0","0","13.56","Humid","26.25","0","44.00","378585.50","SABD0000000001","AAV1.0.0.11","4.0.0.2323","PSt7-10","170328-019","7/29/2022 11:23:46 AM","0000-00","0","no battery","V","","µV","","µV"
"08/11/2022","10:31:39","6","default","383292078","Oxt_06","47.734","min","93.833","%a.s.","Humid","21.068","deg","41537","µV","27.767","°C","1021.000","hPa","36.4","pmil","0","55.390","deg","20.000","°C","100.000","%a.s.","21.720","deg","20.000","°C","977.000","hPa","0.861","-0.02617","0.00035","0","0","13.56","Humid","26.25","0","44.00","378590.85","SABD0000000001","AAV1.0.0.11","4.0.0.2323","PSt7-10","170328-019","7/29/2022 11:23:46 AM","0000-00","0","no battery","V","","µV","","µV"
"08/11/2022","10:31:40","6","default","383292078","Oxt_06","47.751","min","93.731","%a.s.","Humid","21.081","deg","41536","µV","27.760","°C","1021.000","hPa","36.4","pmil","0","55.390","deg","20.000","°C","100.000","%a.s.","21.720","deg","20.000","°C","977.000","hPa","0.861","-0.02617","0.00035","0","0","13.56","Humid","26.25","0","44.00","378601.56","SABD0000000001","AAV1.0.0.11","4.0.0.2323","PSt7-10","170328-019","7/29/2022 11:23:46 AM","0000-00","0","no battery","V","","µV","","µV"
"08/11/2022","10:31:41","6","default","383292078","Oxt_06","47.768","min","93.743","%a.s.","Humid","21.079","deg","41531","µV","27.764","°C","1021.000","hPa","36.4","pmil","0","55.390","deg","20.000","°C","100.000","%a.s.","21.720","deg","20.000","°C","977.000","hPa","0.861","-0.02617","0.00035","0","0","13.56","Humid","26.25","0","44.00","378590.86","SABD0000000001","AAV1.0.0.11","4.0.0.2323","PSt7-10","170328-019","7/29/2022 11:23:46 AM","0000-00","0","no battery","V","","µV","","µV"
"08/11/2022","10:31:42","6","default","383292078","Oxt_06","47.784","min","93.765","%a.s.","Humid","21.077","deg","41537","µV","27.758","°C","1021.000","hPa","36.4","pmil","0","55.390","deg","20.000","°C","100.000","%a.s.","21.720","deg","20.000","°C","977.000","hPa","0.861","-0.02617","0.00035","0","0","13.56","Humid","26.25","0","44.00","378592.23","SABD0000000001","AAV1.0.0.11","4.0.0.2323","PSt7-10","170328-019","7/29/2022 11:23:46 AM","0000-00","0","no battery","V","","µV","","µV"
"08/11/2022","10:31:43","6","default","383292078","Oxt_06","47.801","min","93.772","%a.s.","Humid","21.077","deg","41537","µV","27.752","°C","1021.000","hPa","36.4","pmil","0","55.390","deg","20.000","°C","100.000","%a.s.","21.720","deg","20.000","°C","977.000","hPa","0.861","-0.02617","0.00035","0","0","13.56","Humid","26.25","0","44.00","378595.20","SABD0000000001","AAV1.0.0.11","4.0.0.2323","PSt7-10","170328-019","7/29/2022 11:23:46 AM","0000-00","0","no battery","V","","µV","","µV"
"08/11/2022","10:31:44","6","default","383292078","Oxt_06","47.818","min","93.770","%a.s.","Humid","21.077","deg","41539","µV","27.753","°C","1021.000","hPa","36.4","pmil","0","55.390","deg","20.000","°C","100.000","%a.s.","21.720","deg","20.000","°C","977.000","hPa","0.861","-0.02617","0.00035","0","0","13.56","Humid","26.25","0","44.00","378589.73","SABD0000000001","AAV1.0.0.11","4.0.0.2323","PSt7-10","170328-019","7/29/2022 11:23:46 AM","0000-00","0","no battery","V","","µV","","µV"
"08/11/2022","10:31:45","6","default","383292078","Oxt_06","47.834","min","93.805","%a.s.","Humid","21.073","deg","41537","µV","27.752","°C","1021.000","hPa","36.4","pmil","0","55.390","deg","20.000","°C","100.000","%a.s.","21.720","deg","20.000","°C","977.000","hPa","0.861","-0.02617","0.00035","0","0","13.56","Humid","26.25","0","44.00","378602.42","SABD0000000001","AAV1.0.0.11","4.0.0.2323","PSt7-10","170328-019","7/29/2022 11:23:46 AM","0000-00","0","no battery","V","","µV","","µV"
"08/11/2022","10:31:46","6","default","383292078","Oxt_06","47.851","min","93.778","%a.s.","Humid","21.074","deg","41538","µV","27.772","°C","1021.000","hPa","36.4","pmil","0","55.390","deg","20.000","°C","100.000","%a.s.","21.720","deg","20.000","°C","977.000","hPa","0.861","-0.02617","0.00035","0","0","13.56","Humid","26.25","0","44.00","378578.50","SABD0000000001","AAV1.0.0.11","4.0.0.2323","PSt7-10","170328-019","7/29/2022 11:23:46 AM","0000-00","0","no battery","V","","µV","","µV"
"08/11/2022","10:31:47","6","default","383292078","Oxt_06","47.867","min","93.776","%a.s.","Humid","21.075","deg","41544","µV","27.765","°C","1021.000","hPa","36.4","pmil","0","55.390","deg","20.000","°C","100.000","%a.s.","21.720","deg","20.000","°C","977.000","hPa","0.861","-0.02617","0.00035","0","0","13.56","Humid","26.25","0","44.00","378594.29","SABD0000000001","AAV1.0.0.11","4.0.0.2323","PSt7-10","170328-019","7/29/2022 11:23:46 AM","0000-00","0","no battery","V","","µV","","µV"
"08/11/2022","10:31:48","6","default","383292078","Oxt_06","47.884","min","93.772","%a.s.","Humid","21.075","deg","41540","µV","27.769","°C","1021.000","hPa","36.4","pmil","0","55.390","deg","20.000","°C","100.000","%a.s.","21.720","deg","20.000","°C","977.000","hPa","0.861","-0.02617","0.00035","0","0","13.56","Humid","26.25","0","44.00","378592.42","SABD0000000001","AAV1.0.0.11","4.0.0.2323","PSt7-10","170328-019","7/29/2022 11:23:46 AM","0000-00","0","no battery","V","","µV","","µV"
"08/11/2022","10:31:49","6","default","383292078","Oxt_06","47.901","min","93.809","%a.s.","Humid","21.071","deg","41540","µV","27.765","°C","1021.000","hPa","36.4","pmil","0","55.390","deg","20.000","°C","100.000","%a.s.","21.720","deg","20.000","°C","977.000","hPa","0.861","-0.02617","0.00035","0","0","13.56","Humid","26.25","0","44.00","378585.82","SABD0000000001","AAV1.0.0.11","4.0.0.2323","PSt7-10","170328-019","7/29/2022 11:23:46 AM","0000-00","0","no battery","V","","µV","","µV"
"08/11/2022","10:31:50","6","default","383292078","Oxt_06","47.917","min","93.695","%a.s.","Humid","21.084","deg","41538","µV","27.772","°C","1021.000","hPa","36.4","pmil","0","55.390","deg","20.000","°C","100.000","%a.s.","21.720","deg","20.000","°C","977.000","hPa","0.861","-0.02617","0.00035","0","0","13.56","Humid","26.25","0","44.00","378595.92","SABD0000000001","AAV1.0.0.11","4.0.0.2323","PSt7-10","170328-019","7/29/2022 11:23:46 AM","0000-00","0","no battery","V","","µV","","µV"
"08/11/2022","10:31:51","6","default","383292078","Oxt_06","47.934","min","93.806","%a.s.","Humid","21.071","deg","41539","µV","27.768","°C","1021.000","hPa","36.4","pmil","0","55.390","deg","20.000","°C","100.000","%a.s.","21.720","deg","20.000","°C","977.000","hPa","0.861","-0.02617","0.00035","0","0","13.56","Humid","26.25","0","44.00","378587.68","SABD0000000001","AAV1.0.0.11","4.0.0.2323","PSt7-10","170328-019","7/29/2022 11:23:46 AM","0000-00","0","no battery","V","","µV","","µV"
"08/11/2022","10:31:52","6","default","383292078","Oxt_06","47.951","min","93.774","%a.s.","Humid","21.074","deg","41542","µV","27.776","°C","1021.000","hPa","36.4","pmil","0","55.390","deg","20.000","°C","100.000","%a.s.","21.720","deg","20.000","°C","977.000","hPa","0.861","-0.02617","0.00035","0","0","13.56","Humid","26.25","0","44.00","378592.22","SABD0000000001","AAV1.0.0.11","4.0.0.2323","PSt7-10","170328-019","7/29/2022 11:23:46 AM","0000-00","0","no battery","V","","µV","","µV"
"08/11/2022","10:31:53","6","default","383292078","Oxt_06","47.967","min","93.816","%a.s.","Humid","21.071","deg","41539","µV","27.757","°C","1021.000","hPa","36.4","pmil","0","55.390","deg","20.000","°C","100.000","%a.s.","21.720","deg","20.000","°C","977.000","hPa","0.861","-0.02617","0.00035","0","0","13.56","Humid","26.25","0","44.00","378597.08","SABD0000000001","AAV1.0.0.11","4.0.0.2323","PSt7-10","170328-019","7/29/2022 11:23:46 AM","0000-00","0","no battery","V","","µV","","µV"
"08/11/2022","10:31:54","6","default","383292078","Oxt_06","47.984","min","93.773","%a.s.","Humid","21.075","deg","41545","µV","27.768","°C","1021.000","hPa","36.4","pmil","0","55.390","deg","20.000","°C","100.000","%a.s.","21.720","deg","20.000","°C","977.000","hPa","0.861","-0.02617","0.00035","0","0","13.56","Humid","26.25","0","44.00","378602.34","SABD0000000001","AAV1.0.0.11","4.0.0.2323","PSt7-10","170328-019","7/29/2022 11:23:46 AM","0000-00","0","no battery","V","","µV","","µV"
"08/11/2022","10:31:55","6","default","383292078","Oxt_06","48.000","min","93.778","%a.s.","Humid","21.075","deg","41545","µV","27.763","°C","1021.000","hPa","36.4","pmil","0","55.390","deg","20.000","°C","100.000","%a.s.","21.720","deg","20.000","°C","977.000","hPa","0.861","-0.02617","0.00035","0","0","13.56","Humid","26.25","0","44.00","378604.86","SABD0000000001","AAV1.0.0.11","4.0.0.2323","PSt7-10","170328-019","7/29/2022 11:23:46 AM","0000-00","0","no battery","V","","µV","","µV"
"08/11/2022","10:31:56","6","default","383292078","Oxt_06","48.017","min","93.741","%a.s.","Humid","21.080","deg","41543","µV","27.758","°C","1021.000","hPa","36.4","pmil","0","55.390","deg","20.000","°C","100.000","%a.s.","21.720","deg","20.000","°C","977.000","hPa","0.861","-0.02617","0.00035","0","0","13.56","Humid","26.25","0","44.00","378593.35","SABD0000000001","AAV1.0.0.11","4.0.0.2323","PSt7-10","170328-019","7/29/2022 11:23:46 AM","0000-00","0","no battery","V","","µV","","µV"
"08/11/2022","10:31:57","6","default","383292078","Oxt_06","48.034","min","93.837","%a.s.","Humid","21.067","deg","41546","µV","27.771","°C","1021.000","hPa","36.4","pmil","0","55.390","deg","20.000","°C","100.000","%a.s.","21.720","deg","20.000","°C","977.000","hPa","0.861","-0.02617","0.00035","0","0","13.56","Humid","26.25","0","44.00","378599.46","SABD0000000001","AAV1.0.0.11","4.0.0.2323","PSt7-10","170328-019","7/29/2022 11:23:46 AM","0000-00","0","no battery","V","","µV","","µV"
"08/11/2022","10:31:58","6","default","383292078","Oxt_06","48.050","min","93.757","%a.s.","Humid","21.078","deg","41549","µV","27.759","°C","1021.000","hPa","36.4","pmil","0","55.390","deg","20.000","°C","100.000","%a.s.","21.720","deg","20.000","°C","977.000","hPa","0.861","-0.02617","0.00035","0","0","13.56","Humid","26.25","0","44.00","378589.70","SABD0000000001","AAV1.0.0.11","4.0.0.2323","PSt7-10","170328-019","7/29/2022 11:23:46 AM","0000-00","0","no battery","V","","µV","","µV"
"08/11/2022","10:31:59","6","default","383292078","Oxt_06","48.067","min","93.747","%a.s.","Humid","21.079","deg","41548","µV","27.761","°C","1021.000","hPa","36.4","pmil","0","55.390","deg","20.000","°C","100.000","%a.s.","21.720","deg","20.000","°C","977.000","hPa","0.861","-0.02617","0.00035","0","0","13.56","Humid","26.25","0","44.00","378587.22","SABD0000000001","AAV1.0.0.11","4.0.0.2323","PSt7-10","170328-019","7/29/2022 11:23:46 AM","0000-00","0","no battery","V","","µV","","µV"
"08/11/2022","10:32:00","6","default","383292078","Oxt_06","48.084","min","93.781","%a.s.","Humid","21.075","deg","41549","µV","27.759","°C","1021.000","hPa","36.4","pmil","0","55.390","deg","20.000","°C","100.000","%a.s.","21.720","deg","20.000","°C","977.000","hPa","0.861","-0.02617","0.00035","0","0","13.56","Humid","26.25","0","44.00","378587.14","SABD0000000001","AAV1.0.0.11","4.0.0.2323","PSt7-10","170328-019","7/29/2022 11:23:46 AM","0000-00","0","no battery","V","","µV","","µV"
"08/11/2022","10:32:01","6","default","383292078","Oxt_06","48.100","min","93.801","%a.s.","Humid","21.072","deg","41546","µV","27.765","°C","1021.000","hPa","36.4","pmil","0","55.390","deg","20.000","°C","100.000","%a.s.","21.720","deg","20.000","°C","977.000","hPa","0.861","-0.02617","0.00035","0","0","13.56","Humid","26.25","0","44.00","378590.72","SABD0000000001","AAV1.0.0.11","4.0.0.2323","PSt7-10","170328-019","7/29/2022 11:23:46 AM","0000-00","0","no battery","V","","µV","","µV"
"08/11/2022","10:32:02","6","default","383292078","Oxt_06","48.117","min","93.835","%a.s.","Humid","21.069","deg","41546","µV","27.755","°C","1021.000","hPa","36.4","pmil","0","55.390","deg","20.000","°C","100.000","%a.s.","21.720","deg","20.000","°C","977.000","hPa","0.861","-0.02617","0.00035","0","0","13.56","Humid","26.25","0","44.00","378588.25","SABD0000000001","AAV1.0.0.11","4.0.0.2323","PSt7-10","170328-019","7/29/2022 11:23:46 AM","0000-00","0","no battery","V","","µV","","µV"
"08/11/2022","10:32:03","6","default","383292078","Oxt_06","48.134","min","93.742","%a.s.","Humid","21.080","deg","41542","µV","27.757","°C","1021.000","hPa","36.4","pmil","0","55.390","deg","20.000","°C","100.000","%a.s.","21.720","deg","20.000","°C","977.000","hPa","0.861","-0.02617","0.00035","0","0","13.56","Humid","26.25","0","44.00","378582.23","SABD0000000001","AAV1.0.0.11","4.0.0.2323","PSt7-10","170328-019","7/29/2022 11:23:46 AM","0000-00","0","no battery","V","","µV","","µV"
"08/11/2022","10:32:04","6","default","383292078","Oxt_06","48.151","min","93.765","%a.s.","Humid","21.078","deg","41548","µV","27.750","°C","1021.000","hPa","36.4","pmil","0","55.390","deg","20.000","°C","100.000","%a.s.","21.720","deg","20.000","°C","977.000","hPa","0.861","-0.02617","0.00035","0","0","13.56","Humid","26.25","0","44.00","378584.71","SABD0000000001","AAV1.0.0.11","4.0.0.2323","PSt7-10","170328-019","7/29/2022 11:23:46 AM","0000-00","0","no battery","V","","µV","","µV"
"08/11/2022","10:32:05","6","default","383292078","Oxt_06","48.168","min","93.808","%a.s.","Humid","21.070","deg","41545","µV","27.776","°C","1021.000","hPa","36.4","pmil","0","55.390","deg","20.000","°C","100.000","%a.s.","21.720","deg","20.000","°C","977.000","hPa","0.861","-0.02617","0.00035","0","0","13.56","Humid","26.25","0","44.00","378592.06","SABD0000000001","AAV1.0.0.11","4.0.0.2323","PSt7-10","170328-019","7/29/2022 11:23:46 AM","0000-00","0","no battery","V","","µV","","µV"
"08/11/2022","10:32:06","6","default","383292078","Oxt_06","48.185","min","93.746","%a.s.","Humid","21.078","deg","41554","µV","27.771","°C","1021.000","hPa","36.4","pmil","0","55.390","deg","20.000","°C","100.000","%a.s.","21.720","deg","20.000","°C","977.000","hPa","0.861","-0.02617","0.00035","0","0","13.56","Humid","26.25","0","44.00","378593.16","SABD0000000001","AAV1.0.0.11","4.0.0.2323","PSt7-10","170328-019","7/29/2022 11:23:46 AM","0000-00","0","no battery","V","","µV","","µV"
"08/11/2022","10:32:07","6","default","383292078","Oxt_06","48.201","min","93.751","%a.s.","Humid","21.077","deg","41549","µV","27.774","°C","1021.000","hPa","36.4","pmil","0","55.390","deg","20.000","°C","100.000","%a.s.","21.720","deg","20.000","°C","977.000","hPa","0.861","-0.02617","0.00035","0","0","13.56","Humid","26.25","0","44.00","378584.85","SABD0000000001","AAV1.0.0.11","4.0.0.2323","PSt7-10","170328-019","7/29/2022 11:23:46 AM","0000-00","0","no battery","V","","µV","","µV"
"08/11/2022","10:32:08","6","default","383292078","Oxt_06","48.218","min","93.789","%a.s.","Humid","21.074","deg","41546","µV","27.759","°C","1021.000","hPa","36.4","pmil","0","55.390","deg","20.000","°C","100.000","%a.s.","21.720","deg","20.000","°C","977.000","hPa","0.861","-0.02617","0.00035","0","0","13.56","Humid","26.25","0","44.00","378575.85","SABD0000000001","AAV1.0.0.11","4.0.0.2323","PSt7-10","170328-019","7/29/2022 11:23:46 AM","0000-00","0","no battery","V","","µV","","µV"
"08/11/2022","10:32:09","6","default","383292078","Oxt_06","48.234","min","93.819","%a.s.","Humid","21.070","deg","41549","µV","27.763","°C","1021.000","hPa","36.4","pmil","0","55.390","deg","20.000","°C","100.000","%a.s.","21.720","deg","20.000","°C","977.000","hPa","0.861","-0.02617","0.00035","0","0","13.56","Humid","26.25","0","44.00","378590.62","SABD0000000001","AAV1.0.0.11","4.0.0.2323","PSt7-10","170328-019","7/29/2022 11:23:46 AM","0000-00","0","no battery","V","","µV","","µV"
"08/11/2022","10:32:10","6","default","383292078","Oxt_06","48.251","min","93.776","%a.s.","Humid","21.075","deg","41553","µV","27.765","°C","1021.000","hPa","36.4","pmil","0","55.390","deg","20.000","°C","100.000","%a.s.","21.720","deg","20.000","°C","977.000","hPa","0.861","-0.02617","0.00035","0","0","13.56","Humid","26.25","0","44.00","378591.61","SABD0000000001","AAV1.0.0.11","4.0.0.2323","PSt7-10","170328-019","7/29/2022 11:23:46 AM","0000-00","0","no battery","V","","µV","","µV"
"08/11/2022","10:32:11","6","default","383292078","Oxt_06","48.268","min","93.699","%a.s.","Humid","21.084","deg","41560","µV","27.767","°C","1021.000","hPa","36.4","pmil","0","55.390","deg","20.000","°C","100.000","%a.s.","21.720","deg","20.000","°C","977.000","hPa","0.861","-0.02617","0.00035","0","0","13.56","Humid","26.25","0","44.00","378592.28","SABD0000000001","AAV1.0.0.11","4.0.0.2323","PSt7-10","170328-019","7/29/2022 11:23:46 AM","0000-00","0","no battery","V","","µV","","µV"
"08/11/2022","10:32:12","6","default","383292078","Oxt_06","48.284","min","93.842","%a.s.","Humid","21.069","deg","41555","µV","27.747","°C","1021.000","hPa","36.4","pmil","0","55.390","deg","20.000","°C","100.000","%a.s.","21.720","deg","20.000","°C","977.000","hPa","0.861","-0.02617","0.00035","0","0","13.56","Humid","26.25","0","44.00","378598.41","SABD0000000001","AAV1.0.0.11","4.0.0.2323","PSt7-10","170328-019","7/29/2022 11:23:46 AM","0000-00","0","no battery","V","","µV","","µV"
"08/11/2022","10:32:13","6","default","383292078","Oxt_06","48.301","min","93.812","%a.s.","Humid","21.073","deg","41551","µV","27.743","°C","1021.000","hPa","36.4","pmil","0","55.390","deg","20.000","°C","100.000","%a.s.","21.720","deg","20.000","°C","977.000","hPa","0.861","-0.02617","0.00035","0","0","13.56","Humid","26.25","0","44.00","378578.95","SABD0000000001","AAV1.0.0.11","4.0.0.2323","PSt7-10","170328-019","7/29/2022 11:23:46 AM","0000-00","0","no battery","V","","µV","","µV"
"08/11/2022","10:32:14","6","default","383292078","Oxt_06","48.318","min","93.724","%a.s.","Humid","21.081","deg","41554","µV","27.767","°C","1021.000","hPa","36.4","pmil","0","55.390","deg","20.000","°C","100.000","%a.s.","21.720","deg","20.000","°C","977.000","hPa","0.861","-0.02617","0.00035","0","0","13.56","Humid","26.25","0","44.00","378585.03","SABD0000000001","AAV1.0.0.11","4.0.0.2323","PSt7-10","170328-019","7/29/2022 11:23:46 AM","0000-00","0","no battery","V","","µV","","µV"
"08/11/2022","10:32:15","6","default","383292078","Oxt_06","48.334","min","93.786","%a.s.","Humid","21.073","deg","41552","µV","27.772","°C","1021.000","hPa","36.4","pmil","0","55.390","deg","20.000","°C","100.000","%a.s.","21.720","deg","20.000","°C","977.000","hPa","0.861","-0.02617","0.00035","0","0","13.56","Humid","26.25","0","44.00","378577.77","SABD0000000001","AAV1.0.0.11","4.0.0.2323","PSt7-10","170328-019","7/29/2022 11:23:46 AM","0000-00","0","no battery","V","","µV","","µV"
"08/11/2022","10:32:16","6","default","383292078","Oxt_06","48.351","min","93.774","%a.s.","Humid","21.075","deg","41551","µV","27.767","°C","1021.000","hPa","36.4","pmil","0","55.390","deg","20.000","°C","100.000","%a.s.","21.720","deg","20.000","°C","977.000","hPa","0.861","-0.02617","0.00035","0","0","13.56","Humid","26.25","0","44.00","378592.45","SABD0000000001","AAV1.0.0.11","4.0.0.2323","PSt7-10","170328-019","7/29/2022 11:23:46 AM","0000-00","0","no battery","V","","µV","","µV"
"08/11/2022","10:32:17","6","default","383292078","Oxt_06","48.367","min","93.782","%a.s.","Humid","21.075","deg","41556","µV","27.758","°C","1021.000","hPa","36.4","pmil","0","55.390","deg","20.000","°C","100.000","%a.s.","21.720","deg","20.000","°C","977.000","hPa","0.861","-0.02617","0.00035","0","0","13.56","Humid","26.25","0","44.00","378576.72","SABD0000000001","AAV1.0.0.11","4.0.0.2323","PSt7-10","170328-019","7/29/2022 11:23:46 AM","0000-00","0","no battery","V","","µV","","µV"
"08/11/2022","10:32:18","6","default","383292078","Oxt_06","48.384","min","93.700","%a.s.","Humid","21.084","deg","41552","µV","27.767","°C","1021.000","hPa","36.4","pmil","0","55.390","deg","20.000","°C","100.000","%a.s.","21.720","deg","20.000","°C","977.000","hPa","0.861","-0.02617","0.00035","0","0","13.56","Humid","26.25","0","44.00","378570.96","SABD0000000001","AAV1.0.0.11","4.0.0.2323","PSt7-10","170328-019","7/29/2022 11:23:46 AM","0000-00","0","no battery","V","","µV","","µV"
"08/11/2022","10:32:19","6","default","383292078","Oxt_06","48.401","min","93.772","%a.s.","Humid","21.076","deg","41553","µV","27.760","°C","1021.000","hPa","36.4","pmil","0","55.390","deg","20.000","°C","100.000","%a.s.","21.720","deg","20.000","°C","977.000","hPa","0.861","-0.02617","0.00035","0","0","13.56","Humid","26.25","0","44.00","378585.61","SABD0000000001","AAV1.0.0.11","4.0.0.2323","PSt7-10","170328-019","7/29/2022 11:23:46 AM","0000-00","0","no battery","V","","µV","","µV"
"08/11/2022","10:32:20","6","default","383292078","Oxt_06","48.418","min","93.792","%a.s.","Humid","21.073","deg","41551","µV","27.765","°C","1021.000","hPa","36.4","pmil","0","55.390","deg","20.000","°C","100.000","%a.s.","21.720","deg","20.000","°C","977.000","hPa","0.861","-0.02617","0.00035","0","0","13.56","Humid","26.25","0","44.00","378571.34","SABD0000000001","AAV1.0.0.11","4.0.0.2323","PSt7-10","170328-019","7/29/2022 11:23:46 AM","0000-00","0","no battery","V","","µV","","µV"
"08/11/2022","10:32:21","6","default","383292078","Oxt_06","48.434","min","93.766","%a.s.","Humid","21.076","deg","41554","µV","27.767","°C","1021.000","hPa","36.4","pmil","0","55.390","deg","20.000","°C","100.000","%a.s.","21.720","deg","20.000","°C","977.000","hPa","0.861","-0.02617","0.00035","0","0","13.56","Humid","26.25","0","44.00","378582.25","SABD0000000001","AAV1.0.0.11","4.0.0.2323","PSt7-10","170328-019","7/29/2022 11:23:46 AM","0000-00","0","no battery","V","","µV","","µV"
"08/11/2022","10:32:22","6","default","383292078","Oxt_06","48.451","min","93.783","%a.s.","Humid","21.075","deg","41559","µV","27.757","°C","1021.000","hPa","36.4","pmil","0","55.390","deg","20.000","°C","100.000","%a.s.","21.720","deg","20.000","°C","977.000","hPa","0.861","-0.02617","0.00035","0","0","13.56","Humid","26.25","0","44.00","378572.53","SABD0000000001","AAV1.0.0.11","4.0.0.2323","PSt7-10","170328-019","7/29/2022 11:23:46 AM","0000-00","0","no battery","V","","µV","","µV"
"08/11/2022","10:32:23","6","default","383292078","Oxt_06","48.467","min","93.713","%a.s.","Humid","21.083","deg","41562","µV","27.761","°C","1021.000","hPa","36.4","pmil","0","55.390","deg","20.000","°C","100.000","%a.s.","21.720","deg","20.000","°C","977.000","hPa","0.861","-0.02617","0.00035","0","0","13.56","Humid","26.25","0","44.00","378579.04","SABD0000000001","AAV1.0.0.11","4.0.0.2323","PSt7-10","170328-019","7/29/2022 11:23:46 AM","0000-00","0","no battery","V","","µV","","µV"
"08/11/2022","10:32:24","6","default","383292078","Oxt_06","48.484","min","93.729","%a.s.","Humid","21.081","deg","41553","µV","27.762","°C","1021.000","hPa","36.4","pmil","0","55.390","deg","20.000","°C","100.000","%a.s.","21.720","deg","20.000","°C","977.000","hPa","0.861","-0.02617","0.00035","0","0","13.56","Humid","26.25","0","44.00","378572.44","SABD0000000001","AAV1.0.0.11","4.0.0.2323","PSt7-10","170328-019","7/29/2022 11:23:46 AM","0000-00","0","no battery","V","","µV","","µV"
"08/11/2022","10:32:25","6","default","383292078","Oxt_06","48.501","min","93.643","%a.s.","Humid","21.090","deg","41556","µV","27.774","°C","1021.000","hPa","36.4","pmil","0","55.390","deg","20.000","°C","100.000","%a.s.","21.720","deg","20.000","°C","977.000","hPa","0.861","-0.02617","0.00035","0","0","13.56","Humid","26.25","0","44.00","378579.45","SABD0000000001","AAV1.0.0.11","4.0.0.2323","PSt7-10","170328-019","7/29/2022 11:23:46 AM","0000-00","0","no battery","V","","µV","","µV"
"08/11/2022","10:32:26","6","default","383292078","Oxt_06","48.517","min","93.777","%a.s.","Humid","21.074","deg","41557","µV","27.773","°C","1021.000","hPa","36.4","pmil","0","55.390","deg","20.000","°C","100.000","%a.s.","21.720","deg","20.000","°C","977.000","hPa","0.861","-0.02617","0.00035","0","0","13.56","Humid","26.25","0","44.00","378580.31","SABD0000000001","AAV1.0.0.11","4.0.0.2323","PSt7-10","170328-019","7/29/2022 11:23:46 AM","0000-00","0","no battery","V","","µV","","µV"
"08/11/2022","10:32:27","6","default","383292078","Oxt_06","48.534","min","93.672","%a.s.","Humid","21.087","deg","41561","µV","27.769","°C","1021.000","hPa","36.4","pmil","0","55.390","deg","20.000","°C","100.000","%a.s.","21.720","deg","20.000","°C","977.000","hPa","0.861","-0.02617","0.00035","0","0","13.56","Humid","26.25","0","44.00","378599.81","SABD0000000001","AAV1.0.0.11","4.0.0.2323","PSt7-10","170328-019","7/29/2022 11:23:46 AM","0000-00","0","no battery","V","","µV","","µV"
"08/11/2022","10:32:28","6","default","383292078","Oxt_06","48.551","min","93.679","%a.s.","Humid","21.086","deg","41563","µV","27.771","°C","1021.000","hPa","36.4","pmil","0","55.390","deg","20.000","°C","100.000","%a.s.","21.720","deg","20.000","°C","977.000","hPa","0.861","-0.02617","0.00035","0","0","13.56","Humid","26.25","0","44.00","378571.80","SABD0000000001","AAV1.0.0.11","4.0.0.2323","PSt7-10","170328-019","7/29/2022 11:23:46 AM","0000-00","0","no battery","V","","µV","","µV"
"08/11/2022","10:32:29","6","default","383292078","Oxt_06","48.567","min","93.748","%a.s.","Humid","21.077","deg","41561","µV","27.778","°C","1021.000","hPa","36.4","pmil","0","55.390","deg","20.000","°C","100.000","%a.s.","21.720","deg","20.000","°C","977.000","hPa","0.861","-0.02617","0.00035","0","0","13.56","Humid","26.25","0","44.00","378580.96","SABD0000000001","AAV1.0.0.11","4.0.0.2323","PSt7-10","170328-019","7/29/2022 11:23:46 AM","0000-00","0","no battery","V","","µV","","µV"
"08/11/2022","10:32:30","6","default","383292078","Oxt_06","48.584","min","93.722","%a.s.","Humid","21.080","deg","41558","µV","27.779","°C","1021.000","hPa","36.4","pmil","0","55.390","deg","20.000","°C","100.000","%a.s.","21.720","deg","20.000","°C","977.000","hPa","0.861","-0.02617","0.00035","0","0","13.56","Humid","26.25","0","44.00","378591.30","SABD0000000001","AAV1.0.0.11","4.0.0.2323","PSt7-10","170328-019","7/29/2022 11:23:46 AM","0000-00","0","no battery","V","","µV","","µV"
"08/11/2022","10:32:31","6","default","383292078","Oxt_06","48.601","min","93.719","%a.s.","Humid","21.082","deg","41565","µV","27.764","°C","1021.000","hPa","36.4","pmil","0","55.390","deg","20.000","°C","100.000","%a.s.","21.720","deg","20.000","°C","977.000","hPa","0.861","-0.02617","0.00035","0","0","13.56","Humid","26.25","0","44.00","378585.15","SABD0000000001","AAV1.0.0.11","4.0.0.2323","PSt7-10","170328-019","7/29/2022 11:23:46 AM","0000-00","0","no battery","V","","µV","","µV"
"08/11/2022","10:32:32","6","default","383292078","Oxt_06","48.617","min","93.738","%a.s.","Humid","21.080","deg","41563","µV","27.761","°C","1021.000","hPa","36.4","pmil","0","55.390","deg","20.000","°C","100.000","%a.s.","21.720","deg","20.000","°C","977.000","hPa","0.861","-0.02617","0.00035","0","0","13.56","Humid","26.25","0","44.00","378587.86","SABD0000000001","AAV1.0.0.11","4.0.0.2323","PSt7-10","170328-019","7/29/2022 11:23:46 AM","0000-00","0","no battery","V","","µV","","µV"
"08/11/2022","10:32:33","6","default","383292078","Oxt_06","48.634","min","93.682","%a.s.","Humid","21.087","deg","41563","µV","27.759","°C","1021.000","hPa","36.4","pmil","0","55.390","deg","20.000","°C","100.000","%a.s.","21.720","deg","20.000","°C","977.000","hPa","0.861","-0.02617","0.00035","0","0","13.56","Humid","26.25","0","44.00","378569.04","SABD0000000001","AAV1.0.0.11","4.0.0.2323","PSt7-10","170328-019","7/29/2022 11:23:46 AM","0000-00","0","no battery","V","","µV","","µV"
"08/11/2022","10:32:34","6","default","383292078","Oxt_06","48.650","min","93.677","%a.s.","Humid","21.086","deg","41561","µV","27.773","°C","1021.000","hPa","36.4","pmil","0","55.390","deg","20.000","°C","100.000","%a.s.","21.720","deg","20.000","°C","977.000","hPa","0.861","-0.02617","0.00035","0","0","13.56","Humid","26.25","0","44.00","378592.21","SABD0000000001","AAV1.0.0.11","4.0.0.2323","PSt7-10","170328-019","7/29/2022 11:23:46 AM","0000-00","0","no battery","V","","µV","","µV"
"08/11/2022","10:32:35","6","default","383292078","Oxt_06","48.667","min","93.702","%a.s.","Humid","21.083","deg","41559","µV","27.774","°C","1021.000","hPa","36.4","pmil","0","55.390","deg","20.000","°C","100.000","%a.s.","21.720","deg","20.000","°C","977.000","hPa","0.861","-0.02617","0.00035","0","0","13.56","Humid","26.25","0","44.00","378591.86","SABD0000000001","AAV1.0.0.11","4.0.0.2323","PSt7-10","170328-019","7/29/2022 11:23:46 AM","0000-00","0","no battery","V","","µV","","µV"
"08/11/2022","10:32:36","6","default","383292078","Oxt_06","48.684","min","93.810","%a.s.","Humid","21.072","deg","41565","µV","27.756","°C","1021.000","hPa","36.4","pmil","0","55.390","deg","20.000","°C","100.000","%a.s.","21.720","deg","20.000","°C","977.000","hPa","0.861","-0.02617","0.00035","0","0","13.56","Humid","26.25","0","44.00","378590.45","SABD0000000001","AAV1.0.0.11","4.0.0.2323","PSt7-10","170328-019","7/29/2022 11:23:46 AM","0000-00","0","no battery","V","","µV","","µV"
"08/11/2022","10:32:37","6","default","383292078","Oxt_06","48.700","min","93.756","%a.s.","Humid","21.078","deg","41561","µV","27.759","°C","1021.000","hPa","36.4","pmil","0","55.390","deg","20.000","°C","100.000","%a.s.","21.720","deg","20.000","°C","977.000","hPa","0.861","-0.02617","0.00035","0","0","13.56","Humid","26.25","0","44.00","378586.74","SABD0000000001","AAV1.0.0.11","4.0.0.2323","PSt7-10","170328-019","7/29/2022 11:23:46 AM","0000-00","0","no battery","V","","µV","","µV"
"08/11/2022","10:32:38","6","default","383292078","Oxt_06","48.717","min","93.752","%a.s.","Humid","21.078","deg","41568","µV","27.764","°C","1021.000","hPa","36.4","pmil","0","55.390","deg","20.000","°C","100.000","%a.s.","21.720","deg","20.000","°C","977.000","hPa","0.861","-0.02617","0.00035","0","0","13.56","Humid","26.25","0","44.00","378589.85","SABD0000000001","AAV1.0.0.11","4.0.0.2323","PSt7-10","170328-019","7/29/2022 11:23:46 AM","0000-00","0","no battery","V","","µV","","µV"
"08/11/2022","10:32:39","6","default","383292078","Oxt_06","48.735","min","93.785","%a.s.","Humid","21.074","deg","41562","µV","27.764","°C","1021.000","hPa","36.4","pmil","0","55.390","deg","20.000","°C","100.000","%a.s.","21.720","deg","20.000","°C","977.000","hPa","0.861","-0.02617","0.00035","0","0","13.56","Humid","26.25","0","44.00","378584.29","SABD0000000001","AAV1.0.0.11","4.0.0.2323","PSt7-10","170328-019","7/29/2022 11:23:46 AM","0000-00","0","no battery","V","","µV","","µV"
"08/11/2022","10:32:40","6","default","383292078","Oxt_06","48.751","min","93.719","%a.s.","Humid","21.083","deg","41569","µV","27.755","°C","1021.000","hPa","36.4","pmil","0","55.390","deg","20.000","°C","100.000","%a.s.","21.720","deg","20.000","°C","977.000","hPa","0.861","-0.02617","0.00035","0","0","13.56","Humid","26.25","0","44.00","378573.13","SABD0000000001","AAV1.0.0.11","4.0.0.2323","PSt7-10","170328-019","7/29/2022 11:23:46 AM","0000-00","0","no battery","V","","µV","","µV"
"08/11/2022","10:32:41","6","default","383292078","Oxt_06","48.768","min","93.769","%a.s.","Humid","21.077","deg","41572","µV","27.755","°C","1021.000","hPa","36.4","pmil","0","55.390","deg","20.000","°C","100.000","%a.s.","21.720","deg","20.000","°C","977.000","hPa","0.861","-0.02617","0.00035","0","0","13.56","Humid","26.25","0","44.00","378587.53","SABD0000000001","AAV1.0.0.11","4.0.0.2323","PSt7-10","170328-019","7/29/2022 11:23:46 AM","0000-00","0","no battery","V","","µV","","µV"
"08/11/2022","10:32:42","6","default","383292078","Oxt_06","48.784","min","93.742","%a.s.","Humid","21.081","deg","41563","µV","27.747","°C","1021.000","hPa","36.4","pmil","0","55.390","deg","20.000","°C","100.000","%a.s.","21.720","deg","20.000","°C","977.000","hPa","0.861","-0.02617","0.00035","0","0","13.56","Humid","26.25","0","44.00","378598.38","SABD0000000001","AAV1.0.0.11","4.0.0.2323","PSt7-10","170328-019","7/29/2022 11:23:46 AM","0000-00","0","no battery","V","","µV","","µV"
"08/11/2022","10:32:43","6","default","383292078","Oxt_06","48.801","min","93.750","%a.s.","Humid","21.077","deg","41569","µV","27.776","°C","1021.000","hPa","36.4","pmil","0","55.390","deg","20.000","°C","100.000","%a.s.","21.720","deg","20.000","°C","977.000","hPa","0.861","-0.02617","0.00035","0","0","13.56","Humid","26.25","0","44.00","378593.44","SABD0000000001","AAV1.0.0.11","4.0.0.2323","PSt7-10","170328-019","7/29/2022 11:23:46 AM","0000-00","0","no battery","V","","µV","","µV"
"08/11/2022","10:32:44","6","default","383292078","Oxt_06","48.818","min","93.653","%a.s.","Humid","21.089","deg","41567","µV","27.773","°C","1021.000","hPa","36.4","pmil","0","55.390","deg","20.000","°C","100.000","%a.s.","21.720","deg","20.000","°C","977.000","hPa","0.861","-0.02617","0.00035","0","0","13.56","Humid","26.25","0","44.00","378604.07","SABD0000000001","AAV1.0.0.11","4.0.0.2323","PSt7-10","170328-019","7/29/2022 11:23:46 AM","0000-00","0","no battery","V","","µV","","µV"
"08/11/2022","10:32:45","6","default","383292078","Oxt_06","48.834","min","93.731","%a.s.","Humid","21.080","deg","41568","µV","27.768","°C","1021.000","hPa","36.4","pmil","0","55.390","deg","20.000","°C","100.000","%a.s.","21.720","deg","20.000","°C","977.000","hPa","0.861","-0.02617","0.00035","0","0","13.56","Humid","26.25","0","44.00","378593.31","SABD0000000001","AAV1.0.0.11","4.0.0.2323","PSt7-10","170328-019","7/29/2022 11:23:46 AM","0000-00","0","no battery","V","","µV","","µV"
"08/11/2022","10:32:46","6","default","383292078","Oxt_06","48.851","min","93.718","%a.s.","Humid","21.082","deg","41568","µV","27.765","°C","1021.000","hPa","36.4","pmil","0","55.390","deg","20.000","°C","100.000","%a.s.","21.720","deg","20.000","°C","977.000","hPa","0.861","-0.02617","0.00035","0","0","13.56","Humid","26.25","0","44.00","378583.55","SABD0000000001","AAV1.0.0.11","4.0.0.2323","PSt7-10","170328-019","7/29/2022 11:23:46 AM","0000-00","0","no battery","V","","µV","","µV"
"08/11/2022","10:32:47","6","default","383292078","Oxt_06","48.868","min","93.666","%a.s.","Humid","21.088","deg","41575","µV","27.767","°C","1021.000","hPa","36.4","pmil","0","55.390","deg","20.000","°C","100.000","%a.s.","21.720","deg","20.000","°C","977.000","hPa","0.861","-0.02617","0.00035","0","0","13.56","Humid","26.25","0","44.00","378589.39","SABD0000000001","AAV1.0.0.11","4.0.0.2323","PSt7-10","170328-019","7/29/2022 11:23:46 AM","0000-00","0","no battery","V","","µV","","µV"
"08/11/2022","10:32:48","6","default","383292078","Oxt_06","48.884","min","93.636","%a.s.","Humid","21.091","deg","41567","µV","27.773","°C","1021.000","hPa","36.4","pmil","0","55.390","deg","20.000","°C","100.000","%a.s.","21.720","deg","20.000","°C","977.000","hPa","0.861","-0.02617","0.00035","0","0","13.56","Humid","26.25","0","44.00","378582.72","SABD0000000001","AAV1.0.0.11","4.0.0.2323","PSt7-10","170328-019","7/29/2022 11:23:46 AM","0000-00","0","no battery","V","","µV","","µV"
"08/11/2022","10:32:49","6","default","383292078","Oxt_06","48.901","min","93.720","%a.s.","Humid","21.081","deg","41569","µV","27.772","°C","1021.000","hPa","36.4","pmil","0","55.390","deg","20.000","°C","100.000","%a.s.","21.720","deg","20.000","°C","977.000","hPa","0.861","-0.02617","0.00035","0","0","13.56","Humid","26.25","0","44.00","378587.51","SABD0000000001","AAV1.0.0.11","4.0.0.2323","PSt7-10","170328-019","7/29/2022 11:23:46 AM","0000-00","0","no battery","V","","µV","","µV"
"08/11/2022","10:32:50","6","default","383292078","Oxt_06","48.918","min","93.654","%a.s.","Humid","21.090","deg","41571","µV","27.762","°C","1021.000","hPa","36.4","pmil","0","55.390","deg","20.000","°C","100.000","%a.s.","21.720","deg","20.000","°C","977.000","hPa","0.861","-0.02617","0.00035","0","0","13.56","Humid","26.25","0","44.00","378585.04","SABD0000000001","AAV1.0.0.11","4.0.0.2323","PSt7-10","170328-019","7/29/2022 11:23:46 AM","0000-00","0","no battery","V","","µV","","µV"
"08/11/2022","10:32:51","6","default","383292078","Oxt_06","48.934","min","93.783","%a.s.","Humid","21.075","deg","41571","µV","27.757","°C","1021.000","hPa","36.4","pmil","0","55.390","deg","20.000","°C","100.000","%a.s.","21.720","deg","20.000","°C","977.000","hPa","0.861","-0.02617","0.00035","0","0","13.56","Humid","26.25","0","44.00","378582.15","SABD0000000001","AAV1.0.0.11","4.0.0.2323","PSt7-10","170328-019","7/29/2022 11:23:46 AM","0000-00","0","no battery","V","","µV","","µV"
"08/11/2022","10:32:52","6","default","383292078","Oxt_06","48.951","min","93.714","%a.s.","Humid","21.084","deg","41577","µV","27.751","°C","1021.000","hPa","36.4","pmil","0","55.390","deg","20.000","°C","100.000","%a.s.","21.720","deg","20.000","°C","977.000","hPa","0.861","-0.02617","0.00035","0","0","13.56","Humid","26.25","0","44.00","378593.85","SABD0000000001","AAV1.0.0.11","4.0.0.2323","PSt7-10","170328-019","7/29/2022 11:23:46 AM","0000-00","0","no battery","V","","µV","","µV"
"08/11/2022","10:32:53","6","default","383292078","Oxt_06","48.968","min","93.687","%a.s.","Humid","21.084","deg","41571","µV","27.780","°C","1021.000","hPa","36.4","pmil","0","55.390","deg","20.000","°C","100.000","%a.s.","21.720","deg","20.000","°C","977.000","hPa","0.861","-0.02617","0.00035","0","0","13.56","Humid","26.25","0","44.00","378582.11","SABD0000000001","AAV1.0.0.11","4.0.0.2323","PSt7-10","170328-019","7/29/2022 11:23:46 AM","0000-00","0","no battery","V","","µV","","µV"
"08/11/2022","10:32:54","6","default","383292078","Oxt_06","48.984","min","93.743","%a.s.","Humid","21.079","deg","41579","µV","27.765","°C","1021.000","hPa","36.4","pmil","0","55.390","deg","20.000","°C","100.000","%a.s.","21.720","deg","20.000","°C","977.000","hPa","0.861","-0.02617","0.00035","0","0","13.56","Humid","26.25","0","44.00","378590.58","SABD0000000001","AAV1.0.0.11","4.0.0.2323","PSt7-10","170328-019","7/29/2022 11:23:46 AM","0000-00","0","no battery","V","","µV","","µV"
"08/11/2022","10:32:55","6","default","383292078","Oxt_06","49.001","min","93.676","%a.s.","Humid","21.088","deg","41571","µV","27.756","°C","1021.000","hPa","36.4","pmil","0","55.390","deg","20.000","°C","100.000","%a.s.","21.720","deg","20.000","°C","977.000","hPa","0.861","-0.02617","0.00035","0","0","13.56","Humid","26.25","0","44.00","378576.56","SABD0000000001","AAV1.0.0.11","4.0.0.2323","PSt7-10","170328-019","7/29/2022 11:23:46 AM","0000-00","0","no battery","V","","µV","","µV"
"08/11/2022","10:32:56","6","default","383292078","Oxt_06","49.017","min","93.682","%a.s.","Humid","21.088","deg","41574","µV","27.750","°C","1021.000","hPa","36.4","pmil","0","55.390","deg","20.000","°C","100.000","%a.s.","21.720","deg","20.000","°C","977.000","hPa","0.861","-0.02617","0.00035","0","0","13.56","Humid","26.25","0","44.00","378595.25","SABD0000000001","AAV1.0.0.11","4.0.0.2323","PSt7-10","170328-019","7/29/2022 11:23:46 AM","0000-00","0","no battery","V","","µV","","µV"
"08/11/2022","10:32:57","6","default","383292078","Oxt_06","49.034","min","93.682","%a.s.","Humid","21.086","deg","41572","µV","27.768","°C","1021.000","hPa","36.4","pmil","0","55.390","deg","20.000","°C","100.000","%a.s.","21.720","deg","20.000","°C","977.000","hPa","0.861","-0.02617","0.00035","0","0","13.56","Humid","26.25","0","44.00","378596.50","SABD0000000001","AAV1.0.0.11","4.0.0.2323","PSt7-10","170328-019","7/29/2022 11:23:46 AM","0000-00","0","no battery","V","","µV","","µV"
"08/11/2022","10:32:58","6","default","383292078","Oxt_06","49.051","min","93.648","%a.s.","Humid","21.090","deg","41573","µV","27.768","°C","1021.000","hPa","36.4","pmil","0","55.390","deg","20.000","°C","100.000","%a.s.","21.720","deg","20.000","°C","977.000","hPa","0.861","-0.02617","0.00035","0","0","13.56","Humid","26.25","0","44.00","378584.49","SABD0000000001","AAV1.0.0.11","4.0.0.2323","PSt7-10","170328-019","7/29/2022 11:23:46 AM","0000-00","0","no battery","V","","µV","","µV"
"08/11/2022","10:32:59","6","default","383292078","Oxt_06","49.067","min","93.685","%a.s.","Humid","21.086","deg","41573","µV","27.765","°C","1021.000","hPa","36.4","pmil","0","55.390","deg","20.000","°C","100.000","%a.s.","21.720","deg","20.000","°C","977.000","hPa","0.861","-0.02617","0.00035","0","0","13.56","Humid","26.25","0","44.00","378580.88","SABD0000000001","AAV1.0.0.11","4.0.0.2323","PSt7-10","170328-019","7/29/2022 11:23:46 AM","0000-00","0","no battery","V","","µV","","µV"
"08/11/2022","10:33:00","6","default","383292078","Oxt_06","49.084","min","93.695","%a.s.","Humid","21.086","deg","41576","µV","27.754","°C","1021.000","hPa","36.4","pmil","0","55.390","deg","20.000","°C","100.000","%a.s.","21.720","deg","20.000","°C","977.000","hPa","0.861","-0.02617","0.00035","0","0","13.56","Humid","26.25","0","44.00","378596.40","SABD0000000001","AAV1.0.0.11","4.0.0.2323","PSt7-10","170328-019","7/29/2022 11:23:46 AM","0000-00","0","no battery","V","","µV","","µV"
"08/11/2022","10:33:01","6","default","383292078","Oxt_06","49.100","min","93.699","%a.s.","Humid","21.086","deg","41571","µV","27.749","°C","1021.000","hPa","36.4","pmil","0","55.390","deg","20.000","°C","100.000","%a.s.","21.720","deg","20.000","°C","977.000","hPa","0.861","-0.02617","0.00035","0","0","13.56","Humid","26.25","0","44.00","378575.08","SABD0000000001","AAV1.0.0.11","4.0.0.2323","PSt7-10","170328-019","7/29/2022 11:23:46 AM","0000-00","0","no battery","V","","µV","","µV"
"08/11/2022","10:33:02","6","default","383292078","Oxt_06","49.117","min","93.680","%a.s.","Humid","21.087","deg","41578","µV","27.761","°C","1021.000","hPa","36.4","pmil","0","55.390","deg","20.000","°C","100.000","%a.s.","21.720","deg","20.000","°C","977.000","hPa","0.861","-0.02617","0.00035","0","0","13.56","Humid","26.25","0","44.00","378589.92","SABD0000000001","AAV1.0.0.11","4.0.0.2323","PSt7-10","170328-019","7/29/2022 11:23:46 AM","0000-00","0","no battery","V","","µV","","µV"
"08/11/2022","10:33:03","6","default","383292078","Oxt_06","49.134","min","93.723","%a.s.","Humid","21.082","deg","41579","µV","27.759","°C","1021.000","hPa","36.4","pmil","0","55.390","deg","20.000","°C","100.000","%a.s.","21.720","deg","20.000","°C","977.000","hPa","0.861","-0.02617","0.00035","0","0","13.56","Humid","26.25","0","44.00","378599.35","SABD0000000001","AAV1.0.0.11","4.0.0.2323","PSt7-10","170328-019","7/29/2022 11:23:46 AM","0000-00","0","no battery","V","","µV","","µV"
"08/11/2022","10:33:04","6","default","383292078","Oxt_06","49.150","min","93.719","%a.s.","Humid","21.082","deg","41583","µV","27.763","°C","1021.000","hPa","36.4","pmil","0","55.390","deg","20.000","°C","100.000","%a.s.","21.720","deg","20.000","°C","977.000","hPa","0.861","-0.02617","0.00035","0","0","13.56","Humid","26.25","0","44.00","378596.62","SABD0000000001","AAV1.0.0.11","4.0.0.2323","PSt7-10","170328-019","7/29/2022 11:23:46 AM","0000-00","0","no battery","V","","µV","","µV"
"08/11/2022","10:33:05","6","default","383292078","Oxt_06","49.167","min","93.732","%a.s.","Humid","21.081","deg","41578","µV","27.758","°C","1021.000","hPa","36.4","pmil","0","55.390","deg","20.000","°C","100.000","%a.s.","21.720","deg","20.000","°C","977.000","hPa","0.861","-0.02617","0.00035","0","0","13.56","Humid","26.25","0","44.00","378599.48","SABD0000000001","AAV1.0.0.11","4.0.0.2323","PSt7-10","170328-019","7/29/2022 11:23:46 AM","0000-00","0","no battery","V","","µV","","µV"
"08/11/2022","10:33:06","6","default","383292078","Oxt_06","49.184","min","93.624","%a.s.","Humid","21.094","deg","41583","µV","27.759","°C","1021.000","hPa","36.4","pmil","0","55.390","deg","20.000","°C","100.000","%a.s.","21.720","deg","20.000","°C","977.000","hPa","0.861","-0.02617","0.00035","0","0","13.56","Humid","26.25","0","44.00","378599.96","SABD0000000001","AAV1.0.0.11","4.0.0.2323","PSt7-10","170328-019","7/29/2022 11:23:46 AM","0000-00","0","no battery","V","","µV","","µV"
"08/11/2022","10:33:07","6","default","383292078","Oxt_06","49.200","min","93.642","%a.s.","Humid","21.091","deg","41575","µV","27.766","°C","1021.000","hPa","36.4","pmil","0","55.390","deg","20.000","°C","100.000","%a.s.","21.720","deg","20.000","°C","977.000","hPa","0.861","-0.02617","0.00035","0","0","13.56","Humid","26.25","0","44.00","378600.50","SABD0000000001","AAV1.0.0.11","4.0.0.2323","PSt7-10","170328-019","7/29/2022 11:23:46 AM","0000-00","0","no battery","V","","µV","","µV"
"08/11/2022","10:33:08","6","default","383292078","Oxt_06","49.217","min","93.675","%a.s.","Humid","21.088","deg","41578","µV","27.758","°C","1021.000","hPa","36.4","pmil","0","55.390","deg","20.000","°C","100.000","%a.s.","21.720","deg","20.000","°C","977.000","hPa","0.861","-0.02617","0.00035","0","0","13.56","Humid","26.25","0","44.00","378599.64","SABD0000000001","AAV1.0.0.11","4.0.0.2323","PSt7-10","170328-019","7/29/2022 11:23:46 AM","0000-00","0","no battery","V","","µV","","µV"
"08/11/2022","10:33:09","6","default","383292078","Oxt_06","49.234","min","93.688","%a.s.","Humid","21.086","deg","41580","µV","27.761","°C","1021.000","hPa","36.4","pmil","0","55.390","deg","20.000","°C","100.000","%a.s.","21.720","deg","20.000","°C","977.000","hPa","0.861","-0.02617","0.00035","0","0","13.56","Humid","26.25","0","44.00","378597.84","SABD0000000001","AAV1.0.0.11","4.0.0.2323","PSt7-10","170328-019","7/29/2022 11:23:46 AM","0000-00","0","no battery","V","","µV","","µV"
"08/11/2022","10:33:10","6","default","383292078","Oxt_06","49.250","min","93.588","%a.s.","Humid","21.097","deg","41579","µV","27.771","°C","1021.000","hPa","36.4","pmil","0","55.390","deg","20.000","°C","100.000","%a.s.","21.720","deg","20.000","°C","977.000","hPa","0.861","-0.02617","0.00035","0","0","13.56","Humid","26.25","0","44.00","378585.02","SABD0000000001","AAV1.0.0.11","4.0.0.2323","PSt7-10","170328-019","7/29/2022 11:23:46 AM","0000-00","0","no battery","V","","µV","","µV"
"08/11/2022","10:33:11","6","default","383292078","Oxt_06","49.267","min","93.647","%a.s.","Humid","21.090","deg","41579","µV","27.770","°C","1021.000","hPa","36.4","pmil","0","55.390","deg","20.000","°C","100.000","%a.s.","21.720","deg","20.000","°C","977.000","hPa","0.861","-0.02617","0.00035","0","0","13.56","Humid","26.25","0","44.00","378586.08","SABD0000000001","AAV1.0.0.11","4.0.0.2323","PSt7-10","170328-019","7/29/2022 11:23:46 AM","0000-00","0","no battery","V","","µV","","µV"
"08/11/2022","10:33:12","6","default","383292078","Oxt_06","49.285","min","93.690","%a.s.","Humid","21.085","deg","41583","µV","27.768","°C","1021.000","hPa","36.4","pmil","0","55.390","deg","20.000","°C","100.000","%a.s.","21.720","deg","20.000","°C","977.000","hPa","0.861","-0.02617","0.00035","0","0","13.56","Humid","26.25","0","44.00","378593.36","SABD0000000001","AAV1.0.0.11","4.0.0.2323","PSt7-10","170328-019","7/29/2022 11:23:46 AM","0000-00","0","no battery","V","","µV","","µV"
"08/11/2022","10:33:13","6","default","383292078","Oxt_06","49.301","min","93.702","%a.s.","Humid","21.084","deg","41587","µV","27.765","°C","1021.000","hPa","36.4","pmil","0","55.390","deg","20.000","°C","100.000","%a.s.","21.720","deg","20.000","°C","977.000","hPa","0.861","-0.02617","0.00035","0","0","13.56","Humid","26.25","0","44.00","378594.75","SABD0000000001","AAV1.0.0.11","4.0.0.2323","PSt7-10","170328-019","7/29/2022 11:23:46 AM","0000-00","0","no battery","V","","µV","","µV"
"08/11/2022","10:33:14","6","default","383292078","Oxt_06","49.318","min","93.703","%a.s.","Humid","21.085","deg","41581","µV","27.754","°C","1021.000","hPa","36.4","pmil","0","55.390","deg","20.000","°C","100.000","%a.s.","21.720","deg","20.000","°C","977.000","hPa","0.861","-0.02617","0.00035","0","0","13.56","Humid","26.25","0","44.00","378593.29","SABD0000000001","AAV1.0.0.11","4.0.0.2323","PSt7-10","170328-019","7/29/2022 11:23:46 AM","0000-00","0","no battery","V","","µV","","µV"
"08/11/2022","10:33:15","6","default","383292078","Oxt_06","49.334","min","93.635","%a.s.","Humid","21.093","deg","41583","µV","27.755","°C","1021.000","hPa","36.4","pmil","0","55.390","deg","20.000","°C","100.000","%a.s.","21.720","deg","20.000","°C","977.000","hPa","0.861","-0.02617","0.00035","0","0","13.56","Humid","26.25","0","44.00","378588.89","SABD0000000001","AAV1.0.0.11","4.0.0.2323","PSt7-10","170328-019","7/29/2022 11:23:46 AM","0000-00","0","no battery","V","","µV","","µV"
"08/11/2022","10:33:16","6","default","383292078","Oxt_06","49.351","min","93.713","%a.s.","Humid","21.083","deg","41579","µV","27.761","°C","1021.000","hPa","36.4","pmil","0","55.390","deg","20.000","°C","100.000","%a.s.","21.720","deg","20.000","°C","977.000","hPa","0.861","-0.02617","0.00035","0","0","13.56","Humid","26.25","0","44.00","378585.22","SABD0000000001","AAV1.0.0.11","4.0.0.2323","PSt7-10","170328-019","7/29/2022 11:23:46 AM","0000-00","0","no battery","V","","µV","","µV"
"08/11/2022","10:33:17","6","default","383292078","Oxt_06","49.368","min","93.654","%a.s.","Humid","21.091","deg","41587","µV","27.753","°C","1021.000","hPa","36.4","pmil","0","55.390","deg","20.000","°C","100.000","%a.s.","21.720","deg","20.000","°C","977.000","hPa","0.861","-0.02617","0.00035","0","0","13.56","Humid","26.25","0","44.00","378592.56","SABD0000000001","AAV1.0.0.11","4.0.0.2323","PSt7-10","170328-019","7/29/2022 11:23:46 AM","0000-00","0","no battery","V","","µV","","µV"
"08/11/2022","10:33:18","6","default","383292078","Oxt_06","49.384","min","93.707","%a.s.","Humid","21.085","deg","41589","µV","27.749","°C","1021.000","hPa","36.4","pmil","0","55.390","deg","20.000","°C","100.000","%a.s.","21.720","deg","20.000","°C","977.000","hPa","0.861","-0.02617","0.00035","0","0","13.56","Humid","26.25","0","44.00","378587.77","SABD0000000001","AAV1.0.0.11","4.0.0.2323","PSt7-10","170328-019","7/29/2022 11:23:46 AM","0000-00","0","no battery","V","","µV","","µV"
"08/11/2022","10:33:19","6","default","383292078","Oxt_06","49.401","min","93.634","%a.s.","Humid","21.093","deg","41582","µV","27.757","°C","1021.000","hPa","36.4","pmil","0","55.390","deg","20.000","°C","100.000","%a.s.","21.720","deg","20.000","°C","977.000","hPa","0.861","-0.02617","0.00035","0","0","13.56","Humid","26.25","0","44.00","378588.11","SABD0000000001","AAV1.0.0.11","4.0.0.2323","PSt7-10","170328-019","7/29/2022 11:23:46 AM","0000-00","0","no battery","V","","µV","","µV"
"08/11/2022","10:33:20","6","default","383292078","Oxt_06","49.418","min","93.624","%a.s.","Humid","21.094","deg","41588","µV","27.758","°C","1021.000","hPa","36.4","pmil","0","55.390","deg","20.000","°C","100.000","%a.s.","21.720","deg","20.000","°C","977.000","hPa","0.861","-0.02617","0.00035","0","0","13.56","Humid","26.25","0","44.00","378592.03","SABD0000000001","AAV1.0.0.11","4.0.0.2323","PSt7-10","170328-019","7/29/2022 11:23:46 AM","0000-00","0","no battery","V","","µV","","µV"
"08/11/2022","10:33:21","6","default","383292078","Oxt_06","49.434","min","93.672","%a.s.","Humid","21.087","deg","41580","µV","27.770","°C","1021.000","hPa","36.4","pmil","0","55.390","deg","20.000","°C","100.000","%a.s.","21.720","deg","20.000","°C","977.000","hPa","0.861","-0.02617","0.00035","0","0","13.56","Humid","26.25","0","44.00","378591.71","SABD0000000001","AAV1.0.0.11","4.0.0.2323","PSt7-10","170328-019","7/29/2022 11:23:46 AM","0000-00","0","no battery","V","","µV","","µV"
"08/11/2022","10:33:22","6","default","383292078","Oxt_06","49.451","min","93.608","%a.s.","Humid","21.094","deg","41588","µV","27.776","°C","1021.000","hPa","36.4","pmil","0","55.390","deg","20.000","°C","100.000","%a.s.","21.720","deg","20.000","°C","977.000","hPa","0.861","-0.02617","0.00035","0","0","13.56","Humid","26.25","0","44.00","378589.83","SABD0000000001","AAV1.0.0.11","4.0.0.2323","PSt7-10","170328-019","7/29/2022 11:23:46 AM","0000-00","0","no battery","V","","µV","","µV"
"08/11/2022","10:33:23","6","default","383292078","Oxt_06","49.467","min","93.630","%a.s.","Humid","21.092","deg","41584","µV","27.771","°C","1021.000","hPa","36.4","pmil","0","55.390","deg","20.000","°C","100.000","%a.s.","21.720","deg","20.000","°C","977.000","hPa","0.861","-0.02617","0.00035","0","0","13.56","Humid","26.25","0","44.00","378589.52","SABD0000000001","AAV1.0.0.11","4.0.0.2323","PSt7-10","170328-019","7/29/2022 11:23:46 AM","0000-00","0","no battery","V","","µV","","µV"
"08/11/2022","10:33:24","6","default","383292078","Oxt_06","49.484","min","93.732","%a.s.","Humid","21.081","deg","41589","µV","27.758","°C","1021.000","hPa","36.4","pmil","0","55.390","deg","20.000","°C","100.000","%a.s.","21.720","deg","20.000","°C","977.000","hPa","0.861","-0.02617","0.00035","0","0","13.56","Humid","26.25","0","44.00","378595.17","SABD0000000001","AAV1.0.0.11","4.0.0.2323","PSt7-10","170328-019","7/29/2022 11:23:46 AM","0000-00","0","no battery","V","","µV","","µV"
"08/11/2022","10:33:25","6","default","383292078","Oxt_06","49.501","min","93.628","%a.s.","Humid","21.092","deg","41587","µV","27.773","°C","1021.000","hPa","36.4","pmil","0","55.390","deg","20.000","°C","100.000","%a.s.","21.720","deg","20.000","°C","977.000","hPa","0.861","-0.02617","0.00035","0","0","13.56","Humid","26.25","0","44.00","378587.30","SABD0000000001","AAV1.0.0.11","4.0.0.2323","PSt7-10","170328-019","7/29/2022 11:23:46 AM","0000-00","0","no battery","V","","µV","","µV"
"08/11/2022","10:33:26","6","default","383292078","Oxt_06","49.517","min","93.640","%a.s.","Humid","21.090","deg","41586","µV","27.778","°C","1021.000","hPa","36.4","pmil","0","55.390","deg","20.000","°C","100.000","%a.s.","21.720","deg","20.000","°C","977.000","hPa","0.861","-0.02617","0.00035","0","0","13.56","Humid","26.25","0","44.00","378588.85","SABD0000000001","AAV1.0.0.11","4.0.0.2323","PSt7-10","170328-019","7/29/2022 11:23:46 AM","0000-00","0","no battery","V","","µV","","µV"
"08/11/2022","10:33:27","6","default","383292078","Oxt_06","49.534","min","93.648","%a.s.","Humid","21.091","deg","41588","µV","27.760","°C","1021.000","hPa","36.4","pmil","0","55.390","deg","20.000","°C","100.000","%a.s.","21.720","deg","20.000","°C","977.000","hPa","0.861","-0.02617","0.00035","0","0","13.56","Humid","26.25","0","44.00","378586.74","SABD0000000001","AAV1.0.0.11","4.0.0.2323","PSt7-10","170328-019","7/29/2022 11:23:46 AM","0000-00","0","no battery","V","","µV","","µV"
"08/11/2022","10:33:28","6","default","383292078","Oxt_06","49.551","min","93.646","%a.s.","Humid","21.090","deg","41590","µV","27.771","°C","1021.000","hPa","36.4","pmil","0","55.390","deg","20.000","°C","100.000","%a.s.","21.720","deg","20.000","°C","977.000","hPa","0.861","-0.02617","0.00035","0","0","13.56","Humid","26.25","0","44.00","378575.75","SABD0000000001","AAV1.0.0.11","4.0.0.2323","PSt7-10","170328-019","7/29/2022 11:23:46 AM","0000-00","0","no battery","V","","µV","","µV"
"08/11/2022","10:33:29","6","default","383292078","Oxt_06","49.567","min","93.629","%a.s.","Humid","21.093","deg","41593","µV","27.762","°C","1021.000","hPa","36.4","pmil","0","55.390","deg","20.000","°C","100.000","%a.s.","21.720","deg","20.000","°C","977.000","hPa","0.861","-0.02617","0.00035","0","0","13.56","Humid","26.25","0","44.00","378570.31","SABD0000000001","AAV1.0.0.11","4.0.0.2323","PSt7-10","170328-019","7/29/2022 11:23:46 AM","0000-00","0","no battery","V","","µV","","µV"
"08/11/2022","10:33:30","6","default","383292078","Oxt_06","49.584","min","93.634","%a.s.","Humid","21.092","deg","41585","µV","27.766","°C","1021.000","hPa","36.4","pmil","0","55.390","deg","20.000","°C","100.000","%a.s.","21.720","deg","20.000","°C","977.000","hPa","0.861","-0.02617","0.00035","0","0","13.56","Humid","26.25","0","44.00","378560.29","SABD0000000001","AAV1.0.0.11","4.0.0.2323","PSt7-10","170328-019","7/29/2022 11:23:46 AM","0000-00","0","no battery","V","","µV","","µV"
"08/11/2022","10:33:31","6","default","383292078","Oxt_06","49.601","min","93.660","%a.s.","Humid","21.088","deg","41591","µV","27.774","°C","1021.000","hPa","36.4","pmil","0","55.390","deg","20.000","°C","100.000","%a.s.","21.720","deg","20.000","°C","977.000","hPa","0.861","-0.02617","0.00035","0","0","13.56","Humid","26.25","0","44.00","378584.23","SABD0000000001","AAV1.0.0.11","4.0.0.2323","PSt7-10","170328-019","7/29/2022 11:23:46 AM","0000-00","0","no battery","V","","µV","","µV"
"08/11/2022","10:33:32","6","default","383292078","Oxt_06","49.617","min","93.646","%a.s.","Humid","21.091","deg","41592","µV","27.762","°C","1021.000","hPa","36.4","pmil","0","55.390","deg","20.000","°C","100.000","%a.s.","21.720","deg","20.000","°C","977.000","hPa","0.861","-0.02617","0.00035","0","0","13.56","Humid","26.25","0","44.00","378587.70","SABD0000000001","AAV1.0.0.11","4.0.0.2323","PSt7-10","170328-019","7/29/2022 11:23:46 AM","0000-00","0","no battery","V","","µV","","µV"
"08/11/2022","10:33:33","6","default","383292078","Oxt_06","49.634","min","93.656","%a.s.","Humid","21.089","deg","41591","µV","27.770","°C","1021.000","hPa","36.4","pmil","0","55.390","deg","20.000","°C","100.000","%a.s.","21.720","deg","20.000","°C","977.000","hPa","0.861","-0.02617","0.00035","0","0","13.56","Humid","26.25","0","44.00","378582.09","SABD0000000001","AAV1.0.0.11","4.0.0.2323","PSt7-10","170328-019","7/29/2022 11:23:46 AM","0000-00","0","no battery","V","","µV","","µV"
"08/11/2022","10:33:34","6","default","383292078","Oxt_06","49.651","min","93.612","%a.s.","Humid","21.094","deg","41596","µV","27.772","°C","1021.000","hPa","36.4","pmil","0","55.390","deg","20.000","°C","100.000","%a.s.","21.720","deg","20.000","°C","977.000","hPa","0.861","-0.02617","0.00035","0","0","13.56","Humid","26.25","0","44.00","378579.70","SABD0000000001","AAV1.0.0.11","4.0.0.2323","PSt7-10","170328-019","7/29/2022 11:23:46 AM","0000-00","0","no battery","V","","µV","","µV"
"08/11/2022","10:33:35","6","default","383292078","Oxt_06","49.667","min","93.564","%a.s.","Humid","21.100","deg","41594","µV","27.770","°C","1021.000","hPa","36.4","pmil","0","55.390","deg","20.000","°C","100.000","%a.s.","21.720","deg","20.000","°C","977.000","hPa","0.861","-0.02617","0.00035","0","0","13.56","Humid","26.25","0","44.00","378578.90","SABD0000000001","AAV1.0.0.11","4.0.0.2323","PSt7-10","170328-019","7/29/2022 11:23:46 AM","0000-00","0","no battery","V","","µV","","µV"
"08/11/2022","10:33:36","6","default","383292078","Oxt_06","49.684","min","93.626","%a.s.","Humid","21.094","deg","41590","µV","27.756","°C","1021.000","hPa","36.4","pmil","0","55.390","deg","20.000","°C","100.000","%a.s.","21.720","deg","20.000","°C","977.000","hPa","0.861","-0.02617","0.00035","0","0","13.56","Humid","26.25","0","44.00","378576.56","SABD0000000001","AAV1.0.0.11","4.0.0.2323","PSt7-10","170328-019","7/29/2022 11:23:46 AM","0000-00","0","no battery","V","","µV","","µV"
"08/11/2022","10:33:37","6","default","383292078","Oxt_06","49.701","min","93.584","%a.s.","Humid","21.099","deg","41592","µV","27.757","°C","1021.000","hPa","36.4","pmil","0","55.390","deg","20.000","°C","100.000","%a.s.","21.720","deg","20.000","°C","977.000","hPa","0.861","-0.02617","0.00035","0","0","13.56","Humid","26.25","0","44.00","378576.49","SABD0000000001","AAV1.0.0.11","4.0.0.2323","PSt7-10","170328-019","7/29/2022 11:23:46 AM","0000-00","0","no battery","V","","µV","","µV"
"08/11/2022","10:33:38","6","default","383292078","Oxt_06","49.717","min","93.632","%a.s.","Humid","21.093","deg","41586","µV","27.759","°C","1021.000","hPa","36.4","pmil","0","55.390","deg","20.000","°C","100.000","%a.s.","21.720","deg","20.000","°C","977.000","hPa","0.861","-0.02617","0.00035","0","0","13.56","Humid","26.25","0","44.00","378577.16","SABD0000000001","AAV1.0.0.11","4.0.0.2323","PSt7-10","170328-019","7/29/2022 11:23:46 AM","0000-00","0","no battery","V","","µV","","µV"
"08/11/2022","10:33:39","6","default","383292078","Oxt_06","49.734","min","93.608","%a.s.","Humid","21.097","deg","41592","µV","27.748","°C","1021.000","hPa","36.4","pmil","0","55.390","deg","20.000","°C","100.000","%a.s.","21.720","deg","20.000","°C","977.000","hPa","0.861","-0.02617","0.00035","0","0","13.56","Humid","26.25","0","44.00","378568.34","SABD0000000001","AAV1.0.0.11","4.0.0.2323","PSt7-10","170328-019","7/29/2022 11:23:46 AM","0000-00","0","no battery","V","","µV","","µV"
"08/11/2022","10:33:40","6","default","383292078","Oxt_06","49.750","min","93.616","%a.s.","Humid","21.094","deg","41596","µV","27.767","°C","1021.000","hPa","36.4","pmil","0","55.390","deg","20.000","°C","100.000","%a.s.","21.720","deg","20.000","°C","977.000","hPa","0.861","-0.02617","0.00035","0","0","13.56","Humid","26.25","0","44.00","378569.65","SABD0000000001","AAV1.0.0.11","4.0.0.2323","PSt7-10","170328-019","7/29/2022 11:23:46 AM","0000-00","0","no battery","V","","µV","","µV"
"08/11/2022","10:33:41","6","default","383292078","Oxt_06","49.767","min","93.619","%a.s.","Humid","21.093","deg","41596","µV","27.773","°C","1021.000","hPa","36.4","pmil","0","55.390","deg","20.000","°C","100.000","%a.s.","21.720","deg","20.000","°C","977.000","hPa","0.861","-0.02617","0.00035","0","0","13.56","Humid","26.25","0","44.00","378574.63","SABD0000000001","AAV1.0.0.11","4.0.0.2323","PSt7-10","170328-019","7/29/2022 11:23:46 AM","0000-00","0","no battery","V","","µV","","µV"
"08/11/2022","10:33:42","6","default","383292078","Oxt_06","49.785","min","93.574","%a.s.","Humid","21.098","deg","41594","µV","27.777","°C","1021.000","hPa","36.4","pmil","0","55.390","deg","20.000","°C","100.000","%a.s.","21.720","deg","20.000","°C","977.000","hPa","0.861","-0.02617","0.00035","0","0","13.56","Humid","26.25","0","44.00","378569.80","SABD0000000001","AAV1.0.0.11","4.0.0.2323","PSt7-10","170328-019","7/29/2022 11:23:46 AM","0000-00","0","no battery","V","","µV","","µV"
"08/11/2022","10:33:43","6","default","383292078","Oxt_06","49.801","min","93.610","%a.s.","Humid","21.095","deg","41593","µV","27.765","°C","1021.000","hPa","36.4","pmil","0","55.390","deg","20.000","°C","100.000","%a.s.","21.720","deg","20.000","°C","977.000","hPa","0.861","-0.02617","0.00035","0","0","13.56","Humid","26.25","0","44.00","378572.26","SABD0000000001","AAV1.0.0.11","4.0.0.2323","PSt7-10","170328-019","7/29/2022 11:23:46 AM","0000-00","0","no battery","V","","µV","","µV"
"08/11/2022","10:33:44","6","default","383292078","Oxt_06","49.818","min","93.573","%a.s.","Humid","21.100","deg","41594","µV","27.760","°C","1021.000","hPa","36.4","pmil","0","55.390","deg","20.000","°C","100.000","%a.s.","21.720","deg","20.000","°C","977.000","hPa","0.861","-0.02617","0.00035","0","0","13.56","Humid","26.25","0","44.00","378578.75","SABD0000000001","AAV1.0.0.11","4.0.0.2323","PSt7-10","170328-019","7/29/2022 11:23:46 AM","0000-00","0","no battery","V","","µV","","µV"
"08/11/2022","10:33:45","6","default","383292078","Oxt_06","49.834","min","93.634","%a.s.","Humid","21.092","deg","41587","µV","27.766","°C","1021.000","hPa","36.4","pmil","0","55.390","deg","20.000","°C","100.000","%a.s.","21.720","deg","20.000","°C","977.000","hPa","0.861","-0.02617","0.00035","0","0","13.56","Humid","26.25","0","44.00","378575.30","SABD0000000001","AAV1.0.0.11","4.0.0.2323","PSt7-10","170328-019","7/29/2022 11:23:46 AM","0000-00","0","no battery","V","","µV","","µV"
"08/11/2022","10:33:46","6","default","383292078","Oxt_06","49.851","min","93.591","%a.s.","Humid","21.097","deg","41595","µV","27.767","°C","1021.000","hPa","36.4","pmil","0","55.390","deg","20.000","°C","100.000","%a.s.","21.720","deg","20.000","°C","977.000","hPa","0.861","-0.02617","0.00035","0","0","13.56","Humid","26.25","0","44.00","378576.63","SABD0000000001","AAV1.0.0.11","4.0.0.2323","PSt7-10","170328-019","7/29/2022 11:23:46 AM","0000-00","0","no battery","V","","µV","","µV"
"08/11/2022","10:33:47","6","default","383292078","Oxt_06","49.868","min","93.614","%a.s.","Humid","21.095","deg","41593","µV","27.760","°C","1021.000","hPa","36.4","pmil","0","55.390","deg","20.000","°C","100.000","%a.s.","21.720","deg","20.000","°C","977.000","hPa","0.861","-0.02617","0.00035","0","0","13.56","Humid","26.25","0","44.00","378582.98","SABD0000000001","AAV1.0.0.11","4.0.0.2323","PSt7-10","170328-019","7/29/2022 11:23:46 AM","0000-00","0","no battery","V","","µV","","µV"
"08/11/2022","10:33:48","6","default","383292078","Oxt_06","49.884","min","93.622","%a.s.","Humid","21.094","deg","41598","µV","27.760","°C","1021.000","hPa","36.4","pmil","0","55.390","deg","20.000","°C","100.000","%a.s.","21.720","deg","20.000","°C","977.000","hPa","0.861","-0.02617","0.00035","0","0","13.56","Humid","26.25","0","44.00","378581.63","SABD0000000001","AAV1.0.0.11","4.0.0.2323","PSt7-10","170328-019","7/29/2022 11:23:46 AM","0000-00","0","no battery","V","","µV","","µV"
"08/11/2022","10:33:49","6","default","383292078","Oxt_06","49.901","min","93.615","%a.s.","Humid","21.094","deg","41594","µV","27.768","°C","1021.000","hPa","36.4","pmil","0","55.390","deg","20.000","°C","100.000","%a.s.","21.720","deg","20.000","°C","977.000","hPa","0.861","-0.02617","0.00035","0","0","13.56","Humid","26.25","0","44.00","378583.48","SABD0000000001","AAV1.0.0.11","4.0.0.2323","PSt7-10","170328-019","7/29/2022 11:23:46 AM","0000-00","0","no battery","V","","µV","","µV"
"08/11/2022","10:33:50","6","default","383292078","Oxt_06","49.918","min","93.555","%a.s.","Humid","21.102","deg","41593","µV","27.761","°C","1021.000","hPa","36.4","pmil","0","55.390","deg","20.000","°C","100.000","%a.s.","21.720","deg","20.000","°C","977.000","hPa","0.861","-0.02617","0.00035","0","0","13.56","Humid","26.25","0","44.00","378579.75","SABD0000000001","AAV1.0.0.11","4.0.0.2323","PSt7-10","170328-019","7/29/2022 11:23:46 AM","0000-00","0","no battery","V","","µV","","µV"
"08/11/2022","10:33:51","6","default","383292078","Oxt_06","49.934","min","93.577","%a.s.","Humid","21.099","deg","41596","µV","27.765","°C","1021.000","hPa","36.4","pmil","0","55.390","deg","20.000","°C","100.000","%a.s.","21.720","deg","20.000","°C","977.000","hPa","0.861","-0.02617","0.00035","0","0","13.56","Humid","26.25","0","44.00","378583.11","SABD0000000001","AAV1.0.0.11","4.0.0.2323","PSt7-10","170328-019","7/29/2022 11:23:46 AM","0000-00","0","no battery","V","","µV","","µV"
"08/11/2022","10:33:52","6","default","383292078","Oxt_06","49.951","min","93.609","%a.s.","Humid","21.095","deg","41597","µV","27.766","°C","1021.000","hPa","36.4","pmil","0","55.390","deg","20.000","°C","100.000","%a.s.","21.720","deg","20.000","°C","977.000","hPa","0.861","-0.02617","0.00035","0","0","13.56","Humid","26.25","0","44.00","378584.23","SABD0000000001","AAV1.0.0.11","4.0.0.2323","PSt7-10","170328-019","7/29/2022 11:23:46 AM","0000-00","0","no battery","V","","µV","","µV"
"08/11/2022","10:33:53","6","default","383292078","Oxt_06","49.968","min","93.612","%a.s.","Humid","21.095","deg","41599","µV","27.763","°C","1021.000","hPa","36.4","pmil","0","55.390","deg","20.000","°C","100.000","%a.s.","21.720","deg","20.000","°C","977.000","hPa","0.861","-0.02617","0.00035","0","0","13.56","Humid","26.25","0","44.00","378578.18","SABD0000000001","AAV1.0.0.11","4.0.0.2323","PSt7-10","170328-019","7/29/2022 11:23:46 AM","0000-00","0","no battery","V","","µV","","µV"
"08/11/2022","10:33:54","6","default","383292078","Oxt_06","49.984","min","93.604","%a.s.","Humid","21.096","deg","41598","µV","27.762","°C","1021.000","hPa","36.4","pmil","0","55.390","deg","20.000","°C","100.000","%a.s.","21.720","deg","20.000","°C","977.000","hPa","0.861","-0.02617","0.00035","0","0","13.56","Humid","26.25","0","44.00","378577.00","SABD0000000001","AAV1.0.0.11","4.0.0.2323","PSt7-10","170328-019","7/29/2022 11:23:46 AM","0000-00","0","no battery","V","","µV","","µV"
"08/11/2022","10:33:55","6","default","383292078","Oxt_06","50.001","min","93.597","%a.s.","Humid","21.096","deg","41601","µV","27.770","°C","1021.000","hPa","36.4","pmil","0","55.390","deg","20.000","°C","100.000","%a.s.","21.720","deg","20.000","°C","977.000","hPa","0.861","-0.02617","0.00035","0","0","13.56","Humid","26.25","0","44.00","378565.62","SABD0000000001","AAV1.0.0.11","4.0.0.2323","PSt7-10","170328-019","7/29/2022 11:23:46 AM","0000-00","0","no battery","V","","µV","","µV"
"08/11/2022","10:33:56","6","default","383292078","Oxt_06","50.018","min","93.658","%a.s.","Humid","21.090","deg","41601","µV","27.758","°C","1021.000","hPa","36.4","pmil","0","55.390","deg","20.000","°C","100.000","%a.s.","21.720","deg","20.000","°C","977.000","hPa","0.861","-0.02617","0.00035","0","0","13.56","Humid","26.25","0","44.00","378579.24","SABD0000000001","AAV1.0.0.11","4.0.0.2323","PSt7-10","170328-019","7/29/2022 11:23:46 AM","0000-00","0","no battery","V","","µV","","µV"
"08/11/2022","10:33:57","6","default","383292078","Oxt_06","50.034","min","93.695","%a.s.","Humid","21.086","deg","41596","µV","27.754","°C","1021.000","hPa","36.4","pmil","0","55.390","deg","20.000","°C","100.000","%a.s.","21.720","deg","20.000","°C","977.000","hPa","0.861","-0.02617","0.00035","0","0","13.56","Humid","26.25","0","44.00","378555.20","SABD0000000001","AAV1.0.0.11","4.0.0.2323","PSt7-10","170328-019","7/29/2022 11:23:46 AM","0000-00","0","no battery","V","","µV","","µV"
"08/11/2022","10:33:58","6","default","383292078","Oxt_06","50.051","min","93.567","%a.s.","Humid","21.101","deg","41600","µV","27.757","°C","1021.000","hPa","36.4","pmil","0","55.390","deg","20.000","°C","100.000","%a.s.","21.720","deg","20.000","°C","977.000","hPa","0.861","-0.02617","0.00035","0","0","13.56","Humid","26.25","0","44.00","378557.86","SABD0000000001","AAV1.0.0.11","4.0.0.2323","PSt7-10","170328-019","7/29/2022 11:23:46 AM","0000-00","0","no battery","V","","µV","","µV"
"08/11/2022","10:33:59","6","default","383292078","Oxt_06","50.068","min","93.641","%a.s.","Humid","21.092","deg","41593","µV","27.758","°C","1021.000","hPa","36.4","pmil","0","55.390","deg","20.000","°C","100.000","%a.s.","21.720","deg","20.000","°C","977.000","hPa","0.861","-0.02617","0.00035","0","0","13.56","Humid","26.25","0","44.00","378565.56","SABD0000000001","AAV1.0.0.11","4.0.0.2323","PSt7-10","170328-019","7/29/2022 11:23:46 AM","0000-00","0","no battery","V","","µV","","µV"
"08/11/2022","10:34:00","6","default","383292078","Oxt_06","50.084","min","93.562","%a.s.","Humid","21.099","deg","41599","µV","27.781","°C","1021.000","hPa","36.4","pmil","0","55.390","deg","20.000","°C","100.000","%a.s.","21.720","deg","20.000","°C","977.000","hPa","0.861","-0.02617","0.00035","0","0","13.56","Humid","26.25","0","44.00","378556.32","SABD0000000001","AAV1.0.0.11","4.0.0.2323","PSt7-10","170328-019","7/29/2022 11:23:46 AM","0000-00","0","no battery","V","","µV","","µV"
"08/11/2022","10:34:01","6","default","383292078","Oxt_06","50.101","min","93.592","%a.s.","Humid","21.097","deg","41593","µV","27.766","°C","1021.000","hPa","36.4","pmil","0","55.390","deg","20.000","°C","100.000","%a.s.","21.720","deg","20.000","°C","977.000","hPa","0.861","-0.02617","0.00035","0","0","13.56","Humid","26.25","0","44.00","378558.88","SABD0000000001","AAV1.0.0.11","4.0.0.2323","PSt7-10","170328-019","7/29/2022 11:23:46 AM","0000-00","0","no battery","V","","µV","","µV"
"08/11/2022","10:34:02","6","default","383292078","Oxt_06","50.118","min","93.644","%a.s.","Humid","21.090","deg","41601","µV","27.773","°C","1021.000","hPa","36.4","pmil","0","55.390","deg","20.000","°C","100.000","%a.s.","21.720","deg","20.000","°C","977.000","hPa","0.861","-0.02617","0.00035","0","0","13.56","Humid","26.25","0","44.00","378556.95","SABD0000000001","AAV1.0.0.11","4.0.0.2323","PSt7-10","170328-019","7/29/2022 11:23:46 AM","0000-00","0","no battery","V","","µV","","µV"
"08/11/2022","10:34:03","6","default","383292078","Oxt_06","50.134","min","93.616","%a.s.","Humid","21.093","deg","41604","µV","27.777","°C","1021.000","hPa","36.4","pmil","0","55.390","deg","20.000","°C","100.000","%a.s.","21.720","deg","20.000","°C","977.000","hPa","0.861","-0.02617","0.00035","0","0","13.56","Humid","26.25","0","44.00","378558.25","SABD0000000001","AAV1.0.0.11","4.0.0.2323","PSt7-10","170328-019","7/29/2022 11:23:46 AM","0000-00","0","no battery","V","","µV","","µV"
"08/11/2022","10:34:04","6","default","383292078","Oxt_06","50.151","min","93.541","%a.s.","Humid","21.102","deg","41601","µV","27.777","°C","1021.000","hPa","36.4","pmil","0","55.390","deg","20.000","°C","100.000","%a.s.","21.720","deg","20.000","°C","977.000","hPa","0.861","-0.02617","0.00035","0","0","13.56","Humid","26.25","0","44.00","378573.92","SABD0000000001","AAV1.0.0.11","4.0.0.2323","PSt7-10","170328-019","7/29/2022 11:23:46 AM","0000-00","0","no battery","V","","µV","","µV"
"08/11/2022","10:34:05","6","default","383292078","Oxt_06","50.168","min","93.602","%a.s.","Humid","21.096","deg","41602","µV","27.765","°C","1021.000","hPa","36.4","pmil","0","55.390","deg","20.000","°C","100.000","%a.s.","21.720","deg","20.000","°C","977.000","hPa","0.861","-0.02617","0.00035","0","0","13.56","Humid","26.25","0","44.00","378560.44","SABD0000000001","AAV1.0.0.11","4.0.0.2323","PSt7-10","170328-019","7/29/2022 11:23:46 AM","0000-00","0","no battery","V","","µV","","µV"
"08/11/2022","10:34:06","6","default","383292078","Oxt_06","50.184","min","93.588","%a.s.","Humid","21.098","deg","41601","µV","27.762","°C","1021.000","hPa","36.4","pmil","0","55.390","deg","20.000","°C","100.000","%a.s.","21.720","deg","20.000","°C","977.000","hPa","0.861","-0.02617","0.00035","0","0","13.56","Humid","26.25","0","44.00","378564.08","SABD0000000001","AAV1.0.0.11","4.0.0.2323","PSt7-10","170328-019","7/29/2022 11:23:46 AM","0000-00","0","no battery","V","","µV","","µV"
"08/11/2022","10:34:07","6","default","383292078","Oxt_06","50.201","min","93.582","%a.s.","Humid","21.099","deg","41600","µV","27.760","°C","1021.000","hPa","36.4","pmil","0","55.390","deg","20.000","°C","100.000","%a.s.","21.720","deg","20.000","°C","977.000","hPa","0.861","-0.02617","0.00035","0","0","13.56","Humid","26.25","0","44.00","378570.23","SABD0000000001","AAV1.0.0.11","4.0.0.2323","PSt7-10","170328-019","7/29/2022 11:23:46 AM","0000-00","0","no battery","V","","µV","","µV"
"08/11/2022","10:34:08","6","default","383292078","Oxt_06","50.217","min","93.602","%a.s.","Humid","21.096","deg","41610","µV","27.765","°C","1021.000","hPa","36.4","pmil","0","55.390","deg","20.000","°C","100.000","%a.s.","21.720","deg","20.000","°C","977.000","hPa","0.861","-0.02617","0.00035","0","0","13.56","Humid","26.25","0","44.00","378562.95","SABD0000000001","AAV1.0.0.11","4.0.0.2323","PSt7-10","170328-019","7/29/2022 11:23:46 AM","0000-00","0","no battery","V","","µV","","µV"
"08/11/2022","10:34:09","6","default","383292078","Oxt_06","50.234","min","93.611","%a.s.","Humid","21.094","deg","41597","µV","27.773","°C","1021.000","hPa","36.4","pmil","0","55.390","deg","20.000","°C","100.000","%a.s.","21.720","deg","20.000","°C","977.000","hPa","0.861","-0.02617","0.00035","0","0","13.56","Humid","26.25","0","44.00","378562.15","SABD0000000001","AAV1.0.0.11","4.0.0.2323","PSt7-10","170328-019","7/29/2022 11:23:46 AM","0000-00","0","no battery","V","","µV","","µV"
"08/11/2022","10:34:10","6","default","383292078","Oxt_06","50.250","min","93.645","%a.s.","Humid","21.089","deg","41605","µV","27.781","°C","1021.000","hPa","36.4","pmil","0","55.390","deg","20.000","°C","100.000","%a.s.","21.720","deg","20.000","°C","977.000","hPa","0.861","-0.02617","0.00035","0","0","13.56","Humid","26.25","0","44.00","378560.41","SABD0000000001","AAV1.0.0.11","4.0.0.2323","PSt7-10","170328-019","7/29/2022 11:23:46 AM","0000-00","0","no battery","V","","µV","","µV"
"08/11/2022","10:34:11","6","default","383292078","Oxt_06","50.267","min","93.589","%a.s.","Humid","21.098","deg","41605","µV","27.761","°C","1021.000","hPa","36.4","pmil","0","55.390","deg","20.000","°C","100.000","%a.s.","21.720","deg","20.000","°C","977.000","hPa","0.861","-0.02617","0.00035","0","0","13.56","Humid","26.25","0","44.00","378554.96","SABD0000000001","AAV1.0.0.11","4.0.0.2323","PSt7-10","170328-019","7/29/2022 11:23:46 AM","0000-00","0","no battery","V","","µV","","µV"
"08/11/2022","10:34:12","6","default","383292078","Oxt_06","50.284","min","93.557","%a.s.","Humid","21.104","deg","41601","µV","27.741","°C","1021.000","hPa","36.4","pmil","0","55.390","deg","20.000","°C","100.000","%a.s.","21.720","deg","20.000","°C","977.000","hPa","0.861","-0.02617","0.00035","0","0","13.56","Humid","26.25","0","44.00","378576.98","SABD0000000001","AAV1.0.0.11","4.0.0.2323","PSt7-10","170328-019","7/29/2022 11:23:46 AM","0000-00","0","no battery","V","","µV","","µV"
"08/11/2022","10:34:13","6","default","383292078","Oxt_06","50.300","min","93.570","%a.s.","Humid","21.100","deg","41604","µV","27.764","°C","1021.000","hPa","36.4","pmil","0","55.390","deg","20.000","°C","100.000","%a.s.","21.720","deg","20.000","°C","977.000","hPa","0.861","-0.02617","0.00035","0","0","13.56","Humid","26.25","0","44.00","378559.41","SABD0000000001","AAV1.0.0.11","4.0.0.2323","PSt7-10","170328-019","7/29/2022 11:23:46 AM","0000-00","0","no battery","V","","µV","","µV"
"08/11/2022","10:34:14","6","default","383292078","Oxt_06","50.317","min","93.535","%a.s.","Humid","21.105","deg","41606","µV","27.756","°C","1021.000","hPa","36.4","pmil","0","55.390","deg","20.000","°C","100.000","%a.s.","21.720","deg","20.000","°C","977.000","hPa","0.861","-0.02617","0.00035","0","0","13.56","Humid","26.25","0","44.00","378560.95","SABD0000000001","AAV1.0.0.11","4.0.0.2323","PSt7-10","170328-019","7/29/2022 11:23:46 AM","0000-00","0","no battery","V","","µV","","µV"
"08/11/2022","10:34:15","6","default","383292078","Oxt_06","50.334","min","93.663","%a.s.","Humid","21.089","deg","41608","µV","27.761","°C","1021.000","hPa","36.4","pmil","0","55.390","deg","20.000","°C","100.000","%a.s.","21.720","deg","20.000","°C","977.000","hPa","0.861","-0.02617","0.00035","0","0","13.56","Humid","26.25","0","44.00","378560.60","SABD0000000001","AAV1.0.0.11","4.0.0.2323","PSt7-10","170328-019","7/29/2022 11:23:46 AM","0000-00","0","no battery","V","","µV","","µV"
"08/11/2022","10:34:16","6","default","383292078","Oxt_06","50.350","min","93.579","%a.s.","Humid","21.099","deg","41606","µV","27.762","°C","1021.000","hPa","36.4","pmil","0","55.390","deg","20.000","°C","100.000","%a.s.","21.720","deg","20.000","°C","977.000","hPa","0.861","-0.02617","0.00035","0","0","13.56","Humid","26.25","0","44.00","378558.87","SABD0000000001","AAV1.0.0.11","4.0.0.2323","PSt7-10","170328-019","7/29/2022 11:23:46 AM","0000-00","0","no battery","V","","µV","","µV"
"08/11/2022","10:34:17","6","default","383292078","Oxt_06","50.367","min","93.566","%a.s.","Humid","21.101","deg","41610","µV","27.758","°C","1021.000","hPa","36.4","pmil","0","55.390","deg","20.000","°C","100.000","%a.s.","21.720","deg","20.000","°C","977.000","hPa","0.861","-0.02617","0.00035","0","0","13.56","Humid","26.25","0","44.00","378570.81","SABD0000000001","AAV1.0.0.11","4.0.0.2323","PSt7-10","170328-019","7/29/2022 11:23:46 AM","0000-00","0","no battery","V","","µV","","µV"
"08/11/2022","10:34:18","6","default","383292078","Oxt_06","50.384","min","93.587","%a.s.","Humid","21.097","deg","41606","µV","27.772","°C","1021.000","hPa","36.4","pmil","0","55.390","deg","20.000","°C","100.000","%a.s.","21.720","deg","20.000","°C","977.000","hPa","0.861","-0.02617","0.00035","0","0","13.56","Humid","26.25","0","44.00","378551.50","SABD0000000001","AAV1.0.0.11","4.0.0.2323","PSt7-10","170328-019","7/29/2022 11:23:46 AM","0000-00","0","no battery","V","","µV","","µV"
"08/11/2022","10:34:19","6","default","383292078","Oxt_06","50.401","min","93.589","%a.s.","Humid","21.097","deg","41605","µV","27.770","°C","1021.000","hPa","36.4","pmil","0","55.390","deg","20.000","°C","100.000","%a.s.","21.720","deg","20.000","°C","977.000","hPa","0.861","-0.02617","0.00035","0","0","13.56","Humid","26.25","0","44.00","378561.15","SABD0000000001","AAV1.0.0.11","4.0.0.2323","PSt7-10","170328-019","7/29/2022 11:23:46 AM","0000-00","0","no battery","V","","µV","","µV"
"08/11/2022","10:34:20","6","default","383292078","Oxt_06","50.417","min","93.615","%a.s.","Humid","21.095","deg","41609","µV","27.759","°C","1021.000","hPa","36.4","pmil","0","55.390","deg","20.000","°C","100.000","%a.s.","21.720","deg","20.000","°C","977.000","hPa","0.861","-0.02617","0.00035","0","0","13.56","Humid","26.25","0","44.00","378544.40","SABD0000000001","AAV1.0.0.11","4.0.0.2323","PSt7-10","170328-019","7/29/2022 11:23:46 AM","0000-00","0","no battery","V","","µV","","µV"
"08/11/2022","10:34:21","6","default","383292078","Oxt_06","50.434","min","93.516","%a.s.","Humid","21.107","deg","41612","µV","27.759","°C","1021.000","hPa","36.4","pmil","0","55.390","deg","20.000","°C","100.000","%a.s.","21.720","deg","20.000","°C","977.000","hPa","0.861","-0.02617","0.00035","0","0","13.56","Humid","26.25","0","44.00","378556.18","SABD0000000001","AAV1.0.0.11","4.0.0.2323","PSt7-10","170328-019","7/29/2022 11:23:46 AM","0000-00","0","no battery","V","","µV","","µV"
"08/11/2022","10:34:22","6","default","383292078","Oxt_06","50.451","min","93.546","%a.s.","Humid","21.104","deg","41603","µV","27.753","°C","1021.000","hPa","36.4","pmil","0","55.390","deg","20.000","°C","100.000","%a.s.","21.720","deg","20.000","°C","977.000","hPa","0.861","-0.02617","0.00035","0","0","13.56","Humid","26.25","0","44.00","378565.06","SABD0000000001","AAV1.0.0.11","4.0.0.2323","PSt7-10","170328-019","7/29/2022 11:23:46 AM","0000-00","0","no battery","V","","µV","","µV"
"08/11/2022","10:34:23","6","default","383292078","Oxt_06","50.467","min","93.560","%a.s.","Humid","21.100","deg","41612","µV","27.774","°C","1021.000","hPa","36.4","pmil","0","55.390","deg","20.000","°C","100.000","%a.s.","21.720","deg","20.000","°C","977.000","hPa","0.861","-0.02617","0.00035","0","0","13.56","Humid","26.25","0","44.00","378551.54","SABD0000000001","AAV1.0.0.11","4.0.0.2323","PSt7-10","170328-019","7/29/2022 11:23:46 AM","0000-00","0","no battery","V","","µV","","µV"
"08/11/2022","10:34:24","6","default","383292078","Oxt_06","50.484","min","93.493","%a.s.","Humid","21.109","deg","41605","µV","27.766","°C","1021.000","hPa","36.4","pmil","0","55.390","deg","20.000","°C","100.000","%a.s.","21.720","deg","20.000","°C","977.000","hPa","0.861","-0.02617","0.00035","0","0","13.56","Humid","26.25","0","44.00","378542.97","SABD0000000001","AAV1.0.0.11","4.0.0.2323","PSt7-10","170328-019","7/29/2022 11:23:46 AM","0000-00","0","no battery","V","","µV","","µV"
"08/11/2022","10:34:25","6","default","383292078","Oxt_06","50.501","min","93.558","%a.s.","Humid","21.101","deg","41616","µV","27.767","°C","1021.000","hPa","36.4","pmil","0","55.390","deg","20.000","°C","100.000","%a.s.","21.720","deg","20.000","°C","977.000","hPa","0.861","-0.02617","0.00035","0","0","13.56","Humid","26.25","0","44.00","378562.82","SABD0000000001","AAV1.0.0.11","4.0.0.2323","PSt7-10","170328-019","7/29/2022 11:23:46 AM","0000-00","0","no battery","V","","µV","","µV"
"08/11/2022","10:34:26","6","default","383292078","Oxt_06","50.517","min","93.584","%a.s.","Humid","21.099","deg","41611","µV","27.757","°C","1021.000","hPa","36.4","pmil","0","55.390","deg","20.000","°C","100.000","%a.s.","21.720","deg","20.000","°C","977.000","hPa","0.861","-0.02617","0.00035","0","0","13.56","Humid","26.25","0","44.00","378563.76","SABD0000000001","AAV1.0.0.11","4.0.0.2323","PSt7-10","170328-019","7/29/2022 11:23:46 AM","0000-00","0","no battery","V","","µV","","µV"
"08/11/2022","10:34:27","6","default","383292078","Oxt_06","50.534","min","93.536","%a.s.","Humid","21.105","deg","41610","µV","27.755","°C","1021.000","hPa","36.4","pmil","0","55.390","deg","20.000","°C","100.000","%a.s.","21.720","deg","20.000","°C","977.000","hPa","0.861","-0.02617","0.00035","0","0","13.56","Humid","26.25","0","44.00","378563.78","SABD0000000001","AAV1.0.0.11","4.0.0.2323","PSt7-10","170328-019","7/29/2022 11:23:46 AM","0000-00","0","no battery","V","","µV","","µV"
"08/11/2022","10:34:28","6","default","383292078","Oxt_06","50.551","min","93.571","%a.s.","Humid","21.099","deg","41609","µV","27.772","°C","1021.000","hPa","36.4","pmil","0","55.390","deg","20.000","°C","100.000","%a.s.","21.720","deg","20.000","°C","977.000","hPa","0.861","-0.02617","0.00035","0","0","13.56","Humid","26.25","0","44.00","378565.06","SABD0000000001","AAV1.0.0.11","4.0.0.2323","PSt7-10","170328-019","7/29/2022 11:23:46 AM","0000-00","0","no battery","V","","µV","","µV"
"08/11/2022","10:34:29","6","default","383292078","Oxt_06","50.567","min","93.502","%a.s.","Humid","21.107","deg","41616","µV","27.774","°C","1021.000","hPa","36.4","pmil","0","55.390","deg","20.000","°C","100.000","%a.s.","21.720","deg","20.000","°C","977.000","hPa","0.861","-0.02617","0.00035","0","0","13.56","Humid","26.25","0","44.00","378561.80","SABD0000000001","AAV1.0.0.11","4.0.0.2323","PSt7-10","170328-019","7/29/2022 11:23:46 AM","0000-00","0","no battery","V","","µV","","µV"
"08/11/2022","10:34:30","6","default","383292078","Oxt_06","50.584","min","93.586","%a.s.","Humid","21.098","deg","41618","µV","27.764","°C","1021.000","hPa","36.4","pmil","0","55.390","deg","20.000","°C","100.000","%a.s.","21.720","deg","20.000","°C","977.000","hPa","0.861","-0.02617","0.00035","0","0","13.56","Humid","26.25","0","44.00","378571.83","SABD0000000001","AAV1.0.0.11","4.0.0.2323","PSt7-10","170328-019","7/29/2022 11:23:46 AM","0000-00","0","no battery","V","","µV","","µV"
"08/11/2022","10:34:31","6","default","383292078","Oxt_06","50.601","min","93.559","%a.s.","Humid","21.101","deg","41618","µV","27.766","°C","1021.000","hPa","36.4","pmil","0","55.390","deg","20.000","°C","100.000","%a.s.","21.720","deg","20.000","°C","977.000","hPa","0.861","-0.02617","0.00035","0","0","13.56","Humid","26.25","0","44.00","378566.80","SABD0000000001","AAV1.0.0.11","4.0.0.2323","PSt7-10","170328-019","7/29/2022 11:23:46 AM","0000-00","0","no battery","V","","µV","","µV"
"08/11/2022","10:34:32","6","default","383292078","Oxt_06","50.617","min","93.560","%a.s.","Humid","21.101","deg","41615","µV","27.765","°C","1021.000","hPa","36.4","pmil","0","55.390","deg","20.000","°C","100.000","%a.s.","21.720","deg","20.000","°C","977.000","hPa","0.861","-0.02617","0.00035","0","0","13.56","Humid","26.25","0","44.00","378559.09","SABD0000000001","AAV1.0.0.11","4.0.0.2323","PSt7-10","170328-019","7/29/2022 11:23:46 AM","0000-00","0","no battery","V","","µV","","µV"
"08/11/2022","10:34:33","6","default","383292078","Oxt_06","50.634","min","93.520","%a.s.","Humid","21.107","deg","41617","µV","27.754","°C","1021.000","hPa","36.4","pmil","0","55.390","deg","20.000","°C","100.000","%a.s.","21.720","deg","20.000","°C","977.000","hPa","0.861","-0.02617","0.00035","0","0","13.56","Humid","26.25","0","44.00","378560.42","SABD0000000001","AAV1.0.0.11","4.0.0.2323","PSt7-10","170328-019","7/29/2022 11:23:46 AM","0000-00","0","no battery","V","","µV","","µV"
"08/11/2022","10:34:34","6","default","383292078","Oxt_06","50.651","min","93.541","%a.s.","Humid","21.104","deg","41615","µV","27.759","°C","1021.000","hPa","36.4","pmil","0","55.390","deg","20.000","°C","100.000","%a.s.","21.720","deg","20.000","°C","977.000","hPa","0.861","-0.02617","0.00035","0","0","13.56","Humid","26.25","0","44.00","378560.33","SABD0000000001","AAV1.0.0.11","4.0.0.2323","PSt7-10","170328-019","7/29/2022 11:23:46 AM","0000-00","0","no battery","V","","µV","","µV"
"08/11/2022","10:34:35","6","default","383292078","Oxt_06","50.668","min","93.568","%a.s.","Humid","21.101","deg","41614","µV","27.756","°C","1021.000","hPa","36.4","pmil","0","55.390","deg","20.000","°C","100.000","%a.s.","21.720","deg","20.000","°C","977.000","hPa","0.861","-0.02617","0.00035","0","0","13.56","Humid","26.25","0","44.00","378557.31","SABD0000000001","AAV1.0.0.11","4.0.0.2323","PSt7-10","170328-019","7/29/2022 11:23:46 AM","0000-00","0","no battery","V","","µV","","µV"
"08/11/2022","10:34:36","6","default","383292078","Oxt_06","50.684","min","93.626","%a.s.","Humid","21.094","deg","41623","µV","27.757","°C","1021.000","hPa","36.4","pmil","0","55.390","deg","20.000","°C","100.000","%a.s.","21.720","deg","20.000","°C","977.000","hPa","0.861","-0.02617","0.00035","0","0","13.56","Humid","26.25","0","44.00","378550.62","SABD0000000001","AAV1.0.0.11","4.0.0.2323","PSt7-10","170328-019","7/29/2022 11:23:46 AM","0000-00","0","no battery","V","","µV","","µV"
"08/11/2022","10:34:37","6","default","383292078","Oxt_06","50.701","min","93.555","%a.s.","Humid","21.101","deg","41615","µV","27.771","°C","1021.000","hPa","36.4","pmil","0","55.390","deg","20.000","°C","100.000","%a.s.","21.720","deg","20.000","°C","977.000","hPa","0.861","-0.02617","0.00035","0","0","13.56","Humid","26.25","0","44.00","378551.04","SABD0000000001","AAV1.0.0.11","4.0.0.2323","PSt7-10","170328-019","7/29/2022 11:23:46 AM","0000-00","0","no battery","V","","µV","","µV"
"08/11/2022","10:34:38","6","default","383292078","Oxt_06","50.718","min","93.554","%a.s.","Humid","21.101","deg","41615","µV","27.772","°C","1021.000","hPa","36.4","pmil","0","55.390","deg","20.000","°C","100.000","%a.s.","21.720","deg","20.000","°C","977.000","hPa","0.861","-0.02617","0.00035","0","0","13.56","Humid","26.25","0","44.00","378572.71","SABD0000000001","AAV1.0.0.11","4.0.0.2323","PSt7-10","170328-019","7/29/2022 11:23:46 AM","0000-00","0","no battery","V","","µV","","µV"
"08/11/2022","10:34:39","6","default","383292078","Oxt_06","50.734","min","93.500","%a.s.","Humid","21.107","deg","41622","µV","27.776","°C","1021.000","hPa","36.4","pmil","0","55.390","deg","20.000","°C","100.000","%a.s.","21.720","deg","20.000","°C","977.000","hPa","0.861","-0.02617","0.00035","0","0","13.56","Humid","26.25","0","44.00","378572.03","SABD0000000001","AAV1.0.0.11","4.0.0.2323","PSt7-10","170328-019","7/29/2022 11:23:46 AM","0000-00","0","no battery","V","","µV","","µV"
"08/11/2022","10:34:40","6","default","383292078","Oxt_06","50.751","min","93.625","%a.s.","Humid","21.092","deg","41620","µV","27.776","°C","1021.000","hPa","36.4","pmil","0","55.390","deg","20.000","°C","100.000","%a.s.","21.720","deg","20.000","°C","977.000","hPa","0.861","-0.02617","0.00035","0","0","13.56","Humid","26.25","0","44.00","378565.32","SABD0000000001","AAV1.0.0.11","4.0.0.2323","PSt7-10","170328-019","7/29/2022 11:23:46 AM","0000-00","0","no battery","V","","µV","","µV"
"08/11/2022","10:34:41","6","default","383292078","Oxt_06","50.768","min","93.518","%a.s.","Humid","21.106","deg","41615","µV","27.766","°C","1021.000","hPa","36.4","pmil","0","55.390","deg","20.000","°C","100.000","%a.s.","21.720","deg","20.000","°C","977.000","hPa","0.861","-0.02617","0.00035","0","0","13.56","Humid","26.25","0","44.00","378565.18","SABD0000000001","AAV1.0.0.11","4.0.0.2323","PSt7-10","170328-019","7/29/2022 11:23:46 AM","0000-00","0","no battery","V","","µV","","µV"
"08/11/2022","10:34:42","6","default","383292078","Oxt_06","50.784","min","93.547","%a.s.","Humid","21.103","deg","41619","µV","27.762","°C","1021.000","hPa","36.4","pmil","0","55.390","deg","20.000","°C","100.000","%a.s.","21.720","deg","20.000","°C","977.000","hPa","0.861","-0.02617","0.00035","0","0","13.56","Humid","26.25","0","44.00","378556.49","SABD0000000001","AAV1.0.0.11","4.0.0.2323","PSt7-10","170328-019","7/29/2022 11:23:46 AM","0000-00","0","no battery","V","","µV","","µV"
"08/11/2022","10:34:43","6","default","383292078","Oxt_06","50.801","min","93.549","%a.s.","Humid","21.103","deg","41611","µV","27.759","°C","1021.000","hPa","36.4","pmil","0","55.390","deg","20.000","°C","100.000","%a.s.","21.720","deg","20.000","°C","977.000","hPa","0.861","-0.02617","0.00035","0","0","13.56","Humid","26.25","0","44.00","378553.83","SABD0000000001","AAV1.0.0.11","4.0.0.2323","PSt7-10","170328-019","7/29/2022 11:23:46 AM","0000-00","0","no battery","V","","µV","","µV"
"08/11/2022","10:34:44","6","default","383292078","Oxt_06","50.817","min","93.555","%a.s.","Humid","21.102","deg","41619","µV","27.762","°C","1021.000","hPa","36.4","pmil","0","55.390","deg","20.000","°C","100.000","%a.s.","21.720","deg","20.000","°C","977.000","hPa","0.861","-0.02617","0.00035","0","0","13.56","Humid","26.25","0","44.00","378552.66","SABD0000000001","AAV1.0.0.11","4.0.0.2323","PSt7-10","170328-019","7/29/2022 11:23:46 AM","0000-00","0","no battery","V","","µV","","µV"
"08/11/2022","10:34:45","6","default","383292078","Oxt_06","50.834","min","93.551","%a.s.","Humid","21.102","deg","41613","µV","27.766","°C","1021.000","hPa","36.4","pmil","0","55.390","deg","20.000","°C","100.000","%a.s.","21.720","deg","20.000","°C","977.000","hPa","0.861","-0.02617","0.00035","0","0","13.56","Humid","26.25","0","44.00","378550.72","SABD0000000001","AAV1.0.0.11","4.0.0.2323","PSt7-10","170328-019","7/29/2022 11:23:46 AM","0000-00","0","no battery","V","","µV","","µV"
"08/11/2022","10:34:46","6","default","383292078","Oxt_06","50.850","min","93.571","%a.s.","Humid","21.100","deg","41616","µV","27.763","°C","1021.000","hPa","36.4","pmil","0","55.390","deg","20.000","°C","100.000","%a.s.","21.720","deg","20.000","°C","977.000","hPa","0.861","-0.02617","0.00035","0","0","13.56","Humid","26.25","0","44.00","378550.33","SABD0000000001","AAV1.0.0.11","4.0.0.2323","PSt7-10","170328-019","7/29/2022 11:23:46 AM","0000-00","0","no battery","V","","µV","","µV"
"08/11/2022","10:34:47","6","default","383292078","Oxt_06","50.867","min","93.584","%a.s.","Humid","21.098","deg","41611","µV","27.766","°C","1021.000","hPa","36.4","pmil","0","55.390","deg","20.000","°C","100.000","%a.s.","21.720","deg","20.000","°C","977.000","hPa","0.861","-0.02617","0.00035","0","0","13.56","Humid","26.25","0","44.00","378550.25","SABD0000000001","AAV1.0.0.11","4.0.0.2323","PSt7-10","170328-019","7/29/2022 11:23:46 AM","0000-00","0","no battery","V","","µV","","µV"
"08/11/2022","10:34:48","6","default","383292078","Oxt_06","50.884","min","93.541","%a.s.","Humid","21.102","deg","41621","µV","27.777","°C","1021.000","hPa","36.4","pmil","0","55.390","deg","20.000","°C","100.000","%a.s.","21.720","deg","20.000","°C","977.000","hPa","0.861","-0.02617","0.00035","0","0","13.56","Humid","26.25","0","44.00","378556.14","SABD0000000001","AAV1.0.0.11","4.0.0.2323","PSt7-10","170328-019","7/29/2022 11:23:46 AM","0000-00","0","no battery","V","","µV","","µV"
"08/11/2022","10:34:49","6","default","383292078","Oxt_06","50.900","min","93.477","%a.s.","Humid","21.110","deg","41620","µV","27.774","°C","1021.000","hPa","36.4","pmil","0","55.390","deg","20.000","°C","100.000","%a.s.","21.720","deg","20.000","°C","977.000","hPa","0.861","-0.02617","0.00035","0","0","13.56","Humid","26.25","0","44.00","378547.78","SABD0000000001","AAV1.0.0.11","4.0.0.2323","PSt7-10","170328-019","7/29/2022 11:23:46 AM","0000-00","0","no battery","V","","µV","","µV"
"08/11/2022","10:34:50","6","default","383292078","Oxt_06","50.917","min","93.549","%a.s.","Humid","21.102","deg","41620","µV","27.768","°C","1021.000","hPa","36.4","pmil","0","55.390","deg","20.000","°C","100.000","%a.s.","21.720","deg","20.000","°C","977.000","hPa","0.861","-0.02617","0.00035","0","0","13.56","Humid","26.25","0","44.00","378542.00","SABD0000000001","AAV1.0.0.11","4.0.0.2323","PSt7-10","170328-019","7/29/2022 11:23:46 AM","0000-00","0","no battery","V","","µV","","µV"
"08/11/2022","10:34:51","6","default","383292078","Oxt_06","50.934","min","93.544","%a.s.","Humid","21.103","deg","41618","µV","27.764","°C","1021.000","hPa","36.4","pmil","0","55.390","deg","20.000","°C","100.000","%a.s.","21.720","deg","20.000","°C","977.000","hPa","0.861","-0.02617","0.00035","0","0","13.56","Humid","26.25","0","44.00","378544.74","SABD0000000001","AAV1.0.0.11","4.0.0.2323","PSt7-10","170328-019","7/29/2022 11:23:46 AM","0000-00","0","no battery","V","","µV","","µV"
"08/11/2022","10:34:52","6","default","383292078","Oxt_06","50.950","min","93.436","%a.s.","Humid","21.117","deg","41621","µV","27.755","°C","1021.000","hPa","36.4","pmil","0","55.390","deg","20.000","°C","100.000","%a.s.","21.720","deg","20.000","°C","977.000","hPa","0.861","-0.02617","0.00035","0","0","13.56","Humid","26.25","0","44.00","378550.28","SABD0000000001","AAV1.0.0.11","4.0.0.2323","PSt7-10","170328-019","7/29/2022 11:23:46 AM","0000-00","0","no battery","V","","µV","","µV"
"08/11/2022","10:34:53","6","default","383292078","Oxt_06","50.967","min","93.465","%a.s.","Humid","21.113","deg","41621","µV","27.760","°C","1021.000","hPa","36.4","pmil","0","55.390","deg","20.000","°C","100.000","%a.s.","21.720","deg","20.000","°C","977.000","hPa","0.861","-0.02617","0.00035","0","0","13.56","Humid","26.25","0","44.00","378545.22","SABD0000000001","AAV1.0.0.11","4.0.0.2323","PSt7-10","170328-019","7/29/2022 11:23:46 AM","0000-00","0","no battery","V","","µV","","µV"
"08/11/2022","10:34:54","6","default","383292078","Oxt_06","50.984","min","93.550","%a.s.","Humid","21.104","deg","41617","µV","27.749","°C","1021.000","hPa","36.4","pmil","0","55.390","deg","20.000","°C","100.000","%a.s.","21.720","deg","20.000","°C","977.000","hPa","0.861","-0.02617","0.00035","0","0","13.56","Humid","26.25","0","44.00","378553.01","SABD0000000001","AAV1.0.0.11","4.0.0.2323","PSt7-10","170328-019","7/29/2022 11:23:46 AM","0000-00","0","no battery","V","","µV","","µV"
"08/11/2022","10:34:55","6","default","383292078","Oxt_06","51.001","min","93.467","%a.s.","Humid","21.113","deg","41626","µV","27.758","°C","1021.000","hPa","36.4","pmil","0","55.390","deg","20.000","°C","100.000","%a.s.","21.720","deg","20.000","°C","977.000","hPa","0.861","-0.02617","0.00035","0","0","13.56","Humid","26.25","0","44.00","378540.40","SABD0000000001","AAV1.0.0.11","4.0.0.2323","PSt7-10","170328-019","7/29/2022 11:23:46 AM","0000-00","0","no battery","V","","µV","","µV"
"08/11/2022","10:34:56","6","default","383292078","Oxt_06","51.017","min","93.566","%a.s.","Humid","21.101","deg","41623","µV","27.759","°C","1021.000","hPa","36.4","pmil","0","55.390","deg","20.000","°C","100.000","%a.s.","21.720","deg","20.000","°C","977.000","hPa","0.861","-0.02617","0.00035","0","0","13.56","Humid","26.25","0","44.00","378525.24","SABD0000000001","AAV1.0.0.11","4.0.0.2323","PSt7-10","170328-019","7/29/2022 11:23:46 AM","0000-00","0","no battery","V","","µV","","µV"
"08/11/2022","10:34:57","6","default","383292078","Oxt_06","51.034","min","93.535","%a.s.","Humid","21.103","deg","41628","µV","27.774","°C","1021.000","hPa","36.4","pmil","0","55.390","deg","20.000","°C","100.000","%a.s.","21.720","deg","20.000","°C","977.000","hPa","0.861","-0.02617","0.00035","0","0","13.56","Humid","26.25","0","44.00","378532.36","SABD0000000001","AAV1.0.0.11","4.0.0.2323","PSt7-10","170328-019","7/29/2022 11:23:46 AM","0000-00","0","no battery","V","","µV","","µV"
"08/11/2022","10:34:58","6","default","383292078","Oxt_06","51.051","min","93.517","%a.s.","Humid","21.106","deg","41629","µV","27.767","°C","1021.000","hPa","36.4","pmil","0","55.390","deg","20.000","°C","100.000","%a.s.","21.720","deg","20.000","°C","977.000","hPa","0.861","-0.02617","0.00035","0","0","13.56","Humid","26.25","0","44.00","378537.08","SABD0000000001","AAV1.0.0.11","4.0.0.2323","PSt7-10","170328-019","7/29/2022 11:23:46 AM","0000-00","0","no battery","V","","µV","","µV"
"08/11/2022","10:34:59","6","default","383292078","Oxt_06","51.067","min","93.492","%a.s.","Humid","21.109","deg","41623","µV","27.767","°C","1021.000","hPa","36.4","pmil","0","55.390","deg","20.000","°C","100.000","%a.s.","21.720","deg","20.000","°C","977.000","hPa","0.861","-0.02617","0.00035","0","0","13.56","Humid","26.25","0","44.00","378547.33","SABD0000000001","AAV1.0.0.11","4.0.0.2323","PSt7-10","170328-019","7/29/2022 11:23:46 AM","0000-00","0","no battery","V","","µV","","µV"
"08/11/2022","10:35:00","6","default","383292078","Oxt_06","51.084","min","93.566","%a.s.","Humid","21.100","deg","41622","µV","27.767","°C","1021.000","hPa","36.4","pmil","0","55.390","deg","20.000","°C","100.000","%a.s.","21.720","deg","20.000","°C","977.000","hPa","0.861","-0.02617","0.00035","0","0","13.56","Humid","26.25","0","44.00","378543.88","SABD0000000001","AAV1.0.0.11","4.0.0.2323","PSt7-10","170328-019","7/29/2022 11:23:46 AM","0000-00","0","no battery","V","","µV","","µV"
"08/11/2022","10:35:01","6","default","383292078","Oxt_06","51.101","min","93.527","%a.s.","Humid","21.105","deg","41626","µV","27.765","°C","1021.000","hPa","36.4","pmil","0","55.390","deg","20.000","°C","100.000","%a.s.","21.720","deg","20.000","°C","977.000","hPa","0.861","-0.02617","0.00035","0","0","13.56","Humid","26.25","0","44.00","378544.46","SABD0000000001","AAV1.0.0.11","4.0.0.2323","PSt7-10","170328-019","7/29/2022 11:23:46 AM","0000-00","0","no battery","V","","µV","","µV"
"08/11/2022","10:35:02","6","default","383292078","Oxt_06","51.117","min","93.516","%a.s.","Humid","21.106","deg","41627","µV","27.768","°C","1021.000","hPa","36.4","pmil","0","55.390","deg","20.000","°C","100.000","%a.s.","21.720","deg","20.000","°C","977.000","hPa","0.861","-0.02617","0.00035","0","0","13.56","Humid","26.25","0","44.00","378539.77","SABD0000000001","AAV1.0.0.11","4.0.0.2323","PSt7-10","170328-019","7/29/2022 11:23:46 AM","0000-00","0","no battery","V","","µV","","µV"
"08/11/2022","10:35:03","6","default","383292078","Oxt_06","51.134","min","93.492","%a.s.","Humid","21.109","deg","41630","µV","27.767","°C","1021.000","hPa","36.4","pmil","0","55.390","deg","20.000","°C","100.000","%a.s.","21.720","deg","20.000","°C","977.000","hPa","0.861","-0.02617","0.00035","0","0","13.56","Humid","26.25","0","44.00","378544.97","SABD0000000001","AAV1.0.0.11","4.0.0.2323","PSt7-10","170328-019","7/29/2022 11:23:46 AM","0000-00","0","no battery","V","","µV","","µV"
"08/11/2022","10:35:04","6","default","383292078","Oxt_06","51.151","min","93.522","%a.s.","Humid","21.106","deg","41629","µV","27.761","°C","1021.000","hPa","36.4","pmil","0","55.390","deg","20.000","°C","100.000","%a.s.","21.720","deg","20.000","°C","977.000","hPa","0.861","-0.02617","0.00035","0","0","13.56","Humid","26.25","0","44.00","378551.95","SABD0000000001","AAV1.0.0.11","4.0.0.2323","PSt7-10","170328-019","7/29/2022 11:23:46 AM","0000-00","0","no battery","V","","µV","","µV"
"08/11/2022","10:35:05","6","default","383292078","Oxt_06","51.167","min","93.536","%a.s.","Humid","21.103","deg","41627","µV","27.773","°C","1021.000","hPa","36.4","pmil","0","55.390","deg","20.000","°C","100.000","%a.s.","21.720","deg","20.000","°C","977.000","hPa","0.861","-0.02617","0.00035","0","0","13.56","Humid","26.25","0","44.00","378528.43","SABD0000000001","AAV1.0.0.11","4.0.0.2323","PSt7-10","170328-019","7/29/2022 11:23:46 AM","0000-00","0","no battery","V","","µV","","µV"
"08/11/2022","10:35:06","6","default","383292078","Oxt_06","51.184","min","93.523","%a.s.","Humid","21.104","deg","41628","µV","27.779","°C","1021.000","hPa","36.4","pmil","0","55.390","deg","20.000","°C","100.000","%a.s.","21.720","deg","20.000","°C","977.000","hPa","0.861","-0.02617","0.00035","0","0","13.56","Humid","26.25","0","44.00","378545.66","SABD0000000001","AAV1.0.0.11","4.0.0.2323","PSt7-10","170328-019","7/29/2022 11:23:46 AM","0000-00","0","no battery","V","","µV","","µV"
"08/11/2022","10:35:07","6","default","383292078","Oxt_06","51.201","min","93.492","%a.s.","Humid","21.109","deg","41630","µV","27.767","°C","1021.000","hPa","36.4","pmil","0","55.390","deg","20.000","°C","100.000","%a.s.","21.720","deg","20.000","°C","977.000","hPa","0.861","-0.02617","0.00035","0","0","13.56","Humid","26.25","0","44.00","378550.74","SABD0000000001","AAV1.0.0.11","4.0.0.2323","PSt7-10","170328-019","7/29/2022 11:23:46 AM","0000-00","0","no battery","V","","µV","","µV"
"08/11/2022","10:35:08","6","default","383292078","Oxt_06","51.217","min","93.536","%a.s.","Humid","21.103","deg","41625","µV","27.773","°C","1021.000","hPa","36.4","pmil","0","55.390","deg","20.000","°C","100.000","%a.s.","21.720","deg","20.000","°C","977.000","hPa","0.861","-0.02617","0.00035","0","0","13.56","Humid","26.25","0","44.00","378547.82","SABD0000000001","AAV1.0.0.11","4.0.0.2323","PSt7-10","170328-019","7/29/2022 11:23:46 AM","0000-00","0","no battery","V","","µV","","µV"
"08/11/2022","10:35:09","6","default","383292078","Oxt_06","51.234","min","93.440","%a.s.","Humid","21.115","deg","41625","µV","27.770","°C","1021.000","hPa","36.4","pmil","0","55.390","deg","20.000","°C","100.000","%a.s.","21.720","deg","20.000","°C","977.000","hPa","0.861","-0.02617","0.00035","0","0","13.56","Humid","26.25","0","44.00","378539.68","SABD0000000001","AAV1.0.0.11","4.0.0.2323","PSt7-10","170328-019","7/29/2022 11:23:46 AM","0000-00","0","no battery","V","","µV","","µV"
"08/11/2022","10:35:10","6","default","383292078","Oxt_06","51.251","min","93.501","%a.s.","Humid","21.107","deg","41626","µV","27.775","°C","1021.000","hPa","36.4","pmil","0","55.390","deg","20.000","°C","100.000","%a.s.","21.720","deg","20.000","°C","977.000","hPa","0.861","-0.02617","0.00035","0","0","13.56","Humid","26.25","0","44.00","378545.58","SABD0000000001","AAV1.0.0.11","4.0.0.2323","PSt7-10","170328-019","7/29/2022 11:23:46 AM","0000-00","0","no battery","V","","µV","","µV"
"08/11/2022","10:35:11","6","default","383292078","Oxt_06","51.267","min","93.437","%a.s.","Humid","21.115","deg","41632","µV","27.773","°C","1021.000","hPa","36.4","pmil","0","55.390","deg","20.000","°C","100.000","%a.s.","21.720","deg","20.000","°C","977.000","hPa","0.861","-0.02617","0.00035","0","0","13.56","Humid","26.25","0","44.00","378546.42","SABD0000000001","AAV1.0.0.11","4.0.0.2323","PSt7-10","170328-019","7/29/2022 11:23:46 AM","0000-00","0","no battery","V","","µV","","µV"
"08/11/2022","10:35:12","6","default","383292078","Oxt_06","51.284","min","93.431","%a.s.","Humid","21.117","deg","41630","µV","27.762","°C","1021.000","hPa","36.4","pmil","0","55.390","deg","20.000","°C","100.000","%a.s.","21.720","deg","20.000","°C","977.000","hPa","0.861","-0.02617","0.00035","0","0","13.56","Humid","26.25","0","44.00","378546.99","SABD0000000001","AAV1.0.0.11","4.0.0.2323","PSt7-10","170328-019","7/29/2022 11:23:46 AM","0000-00","0","no battery","V","","µV","","µV"
"08/11/2022","10:35:13","6","default","383292078","Oxt_06","51.301","min","93.501","%a.s.","Humid","21.110","deg","41629","µV","27.748","°C","1021.000","hPa","36.4","pmil","0","55.390","deg","20.000","°C","100.000","%a.s.","21.720","deg","20.000","°C","977.000","hPa","0.861","-0.02617","0.00035","0","0","13.56","Humid","26.25","0","44.00","378542.76","SABD0000000001","AAV1.0.0.11","4.0.0.2323","PSt7-10","170328-019","7/29/2022 11:23:46 AM","0000-00","0","no battery","V","","µV","","µV"
"08/11/2022","10:35:14","6","default","383292078","Oxt_06","51.317","min","93.502","%a.s.","Humid","21.108","deg","41628","µV","27.765","°C","1021.000","hPa","36.4","pmil","0","55.390","deg","20.000","°C","100.000","%a.s.","21.720","deg","20.000","°C","977.000","hPa","0.861","-0.02617","0.00035","0","0","13.56","Humid","26.25","0","44.00","378539.29","SABD0000000001","AAV1.0.0.11","4.0.0.2323","PSt7-10","170328-019","7/29/2022 11:23:46 AM","0000-00","0","no battery","V","","µV","","µV"
"08/11/2022","10:35:15","6","default","383292078","Oxt_06","51.334","min","93.469","%a.s.","Humid","21.111","deg","41626","µV","27.774","°C","1021.000","hPa","36.4","pmil","0","55.390","deg","20.000","°C","100.000","%a.s.","21.720","deg","20.000","°C","977.000","hPa","0.861","-0.02617","0.00035","0","0","13.56","Humid","26.25","0","44.00","378548.64","SABD0000000001","AAV1.0.0.11","4.0.0.2323","PSt7-10","170328-019","7/29/2022 11:23:46 AM","0000-00","0","no battery","V","","µV","","µV"
"08/11/2022","10:35:16","6","default","383292078","Oxt_06","51.351","min","93.451","%a.s.","Humid","21.113","deg","41634","µV","27.776","°C","1021.000","hPa","36.4","pmil","0","55.390","deg","20.000","°C","100.000","%a.s.","21.720","deg","20.000","°C","977.000","hPa","0.861","-0.02617","0.00035","0","0","13.56","Humid","26.25","0","44.00","378551.10","SABD0000000001","AAV1.0.0.11","4.0.0.2323","PSt7-10","170328-019","7/29/2022 11:23:46 AM","0000-00","0","no battery","V","","µV","","µV"
"08/11/2022","10:35:17","6","default","383292078","Oxt_06","51.367","min","93.468","%a.s.","Humid","21.111","deg","41629","µV","27.776","°C","1021.000","hPa","36.4","pmil","0","55.390","deg","20.000","°C","100.000","%a.s.","21.720","deg","20.000","°C","977.000","hPa","0.861","-0.02617","0.00035","0","0","13.56","Humid","26.25","0","44.00","378545.15","SABD0000000001","AAV1.0.0.11","4.0.0.2323","PSt7-10","170328-019","7/29/2022 11:23:46 AM","0000-00","0","no battery","V","","µV","","µV"
"08/11/2022","10:35:18","6","default","383292078","Oxt_06","51.384","min","93.477","%a.s.","Humid","21.111","deg","41638","µV","27.765","°C","1021.000","hPa","36.4","pmil","0","55.390","deg","20.000","°C","100.000","%a.s.","21.720","deg","20.000","°C","977.000","hPa","0.861","-0.02617","0.00035","0","0","13.56","Humid","26.25","0","44.00","378543.91","SABD0000000001","AAV1.0.0.11","4.0.0.2323","PSt7-10","170328-019","7/29/2022 11:23:46 AM","0000-00","0","no battery","V","","µV","","µV"
"08/11/2022","10:35:19","6","default","383292078","Oxt_06","51.401","min","93.533","%a.s.","Humid","21.104","deg","41631","µV","27.768","°C","1021.000","hPa","36.4","pmil","0","55.390","deg","20.000","°C","100.000","%a.s.","21.720","deg","20.000","°C","977.000","hPa","0.861","-0.02617","0.00035","0","0","13.56","Humid","26.25","0","44.00","378545.56","SABD0000000001","AAV1.0.0.11","4.0.0.2323","PSt7-10","170328-019","7/29/2022 11:23:46 AM","0000-00","0","no battery","V","","µV","","µV"
"08/11/2022","10:35:20","6","default","383292078","Oxt_06","51.417","min","93.477","%a.s.","Humid","21.111","deg","41636","µV","27.765","°C","1021.000","hPa","36.4","pmil","0","55.390","deg","20.000","°C","100.000","%a.s.","21.720","deg","20.000","°C","977.000","hPa","0.861","-0.02617","0.00035","0","0","13.56","Humid","26.25","0","44.00","378540.78","SABD0000000001","AAV1.0.0.11","4.0.0.2323","PSt7-10","170328-019","7/29/2022 11:23:46 AM","0000-00","0","no battery","V","","µV","","µV"
"08/11/2022","10:35:21","6","default","383292078","Oxt_06","51.434","min","93.456","%a.s.","Humid","21.113","deg","41633","µV","27.771","°C","1021.000","hPa","36.4","pmil","0","55.390","deg","20.000","°C","100.000","%a.s.","21.720","deg","20.000","°C","977.000","hPa","0.861","-0.02617","0.00035","0","0","13.56","Humid","26.25","0","44.00","378539.83","SABD0000000001","AAV1.0.0.11","4.0.0.2323","PSt7-10","170328-019","7/29/2022 11:23:46 AM","0000-00","0","no battery","V","","µV","","µV"
"08/11/2022","10:35:22","6","default","383292078","Oxt_06","51.451","min","93.415","%a.s.","Humid","21.118","deg","41634","µV","27.770","°C","1021.000","hPa","36.4","pmil","0","55.390","deg","20.000","°C","100.000","%a.s.","21.720","deg","20.000","°C","977.000","hPa","0.861","-0.02617","0.00035","0","0","13.56","Humid","26.25","0","44.00","378536.09","SABD0000000001","AAV1.0.0.11","4.0.0.2323","PSt7-10","170328-019","7/29/2022 11:23:46 AM","0000-00","0","no battery","V","","µV","","µV"
"08/11/2022","10:35:23","6","default","383292078","Oxt_06","51.467","min","93.431","%a.s.","Humid","21.116","deg","41634","µV","27.770","°C","1021.000","hPa","36.4","pmil","0","55.390","deg","20.000","°C","100.000","%a.s.","21.720","deg","20.000","°C","977.000","hPa","0.861","-0.02617","0.00035","0","0","13.56","Humid","26.25","0","44.00","378530.15","SABD0000000001","AAV1.0.0.11","4.0.0.2323","PSt7-10","170328-019","7/29/2022 11:23:46 AM","0000-00","0","no battery","V","","µV","","µV"
"08/11/2022","10:35:24","6","default","383292078","Oxt_06","51.484","min","93.494","%a.s.","Humid","21.109","deg","41627","µV","27.765","°C","1021.000","hPa","36.4","pmil","0","55.390","deg","20.000","°C","100.000","%a.s.","21.720","deg","20.000","°C","977.000","hPa","0.861","-0.02617","0.00035","0","0","13.56","Humid","26.25","0","44.00","378516.29","SABD0000000001","AAV1.0.0.11","4.0.0.2323","PSt7-10","170328-019","7/29/2022 11:23:46 AM","0000-00","0","no battery","V","","µV","","µV"
"08/11/2022","10:35:25","6","default","383292078","Oxt_06","51.501","min","93.527","%a.s.","Humid","21.105","deg","41632","µV","27.765","°C","1021.000","hPa","36.4","pmil","0","55.390","deg","20.000","°C","100.000","%a.s.","21.720","deg","20.000","°C","977.000","hPa","0.861","-0.02617","0.00035","0","0","13.56","Humid","26.25","0","44.00","378532.24","SABD0000000001","AAV1.0.0.11","4.0.0.2323","PSt7-10","170328-019","7/29/2022 11:23:46 AM","0000-00","0","no battery","V","","µV","","µV"
"08/11/2022","10:35:26","6","default","383292078","Oxt_06","51.518","min","93.508","%a.s.","Humid","21.107","deg","41632","µV","27.767","°C","1021.000","hPa","36.4","pmil","0","55.390","deg","20.000","°C","100.000","%a.s.","21.720","deg","20.000","°C","977.000","hPa","0.861","-0.02617","0.00035","0","0","13.56","Humid","26.25","0","44.00","378528.39","SABD0000000001","AAV1.0.0.11","4.0.0.2323","PSt7-10","170328-019","7/29/2022 11:23:46 AM","0000-00","0","no battery","V","","µV","","µV"
"08/11/2022","10:35:27","6","default","383292078","Oxt_06","51.534","min","93.411","%a.s.","Humid","21.119","deg","41633","µV","27.765","°C","1021.000","hPa","36.4","pmil","0","55.390","deg","20.000","°C","100.000","%a.s.","21.720","deg","20.000","°C","977.000","hPa","0.861","-0.02617","0.00035","0","0","13.56","Humid","26.25","0","44.00","378535.34","SABD0000000001","AAV1.0.0.11","4.0.0.2323","PSt7-10","170328-019","7/29/2022 11:23:46 AM","0000-00","0","no battery","V","","µV","","µV"
"08/11/2022","10:35:28","6","default","383292078","Oxt_06","51.551","min","93.485","%a.s.","Humid","21.109","deg","41631","µV","27.774","°C","1021.000","hPa","36.4","pmil","0","55.390","deg","20.000","°C","100.000","%a.s.","21.720","deg","20.000","°C","977.000","hPa","0.861","-0.02617","0.00035","0","0","13.56","Humid","26.25","0","44.00","378527.24","SABD0000000001","AAV1.0.0.11","4.0.0.2323","PSt7-10","170328-019","7/29/2022 11:23:46 AM","0000-00","0","no battery","V","","µV","","µV"
"08/11/2022","10:35:29","6","default","383292078","Oxt_06","51.568","min","93.440","%a.s.","Humid","21.116","deg","41632","µV","27.761","°C","1021.000","hPa","36.4","pmil","0","55.390","deg","20.000","°C","100.000","%a.s.","21.720","deg","20.000","°C","977.000","hPa","0.861","-0.02617","0.00035","0","0","13.56","Humid","26.25","0","44.00","378529.92","SABD0000000001","AAV1.0.0.11","4.0.0.2323","PSt7-10","170328-019","7/29/2022 11:23:46 AM","0000-00","0","no battery","V","","µV","","µV"
"08/11/2022","10:35:30","6","default","383292078","Oxt_06","51.584","min","93.444","%a.s.","Humid","21.115","deg","41631","µV","27.765","°C","1021.000","hPa","36.4","pmil","0","55.390","deg","20.000","°C","100.000","%a.s.","21.720","deg","20.000","°C","977.000","hPa","0.861","-0.02617","0.00035","0","0","13.56","Humid","26.25","0","44.00","378541.74","SABD0000000001","AAV1.0.0.11","4.0.0.2323","PSt7-10","170328-019","7/29/2022 11:23:46 AM","0000-00","0","no battery","V","","µV","","µV"
"08/11/2022","10:35:31","6","default","383292078","Oxt_06","51.601","min","93.423","%a.s.","Humid","21.118","deg","41632","µV","27.761","°C","1021.000","hPa","36.4","pmil","0","55.390","deg","20.000","°C","100.000","%a.s.","21.720","deg","20.000","°C","977.000","hPa","0.861","-0.02617","0.00035","0","0","13.56","Humid","26.25","0","44.00","378538.78","SABD0000000001","AAV1.0.0.11","4.0.0.2323","PSt7-10","170328-019","7/29/2022 11:23:46 AM","0000-00","0","no battery","V","","µV","","µV"
"08/11/2022","10:35:32","6","default","383292078","Oxt_06","51.618","min","93.417","%a.s.","Humid","21.119","deg","41639","µV","27.759","°C","1021.000","hPa","36.4","pmil","0","55.390","deg","20.000","°C","100.000","%a.s.","21.720","deg","20.000","°C","977.000","hPa","0.861","-0.02617","0.00035","0","0","13.56","Humid","26.25","0","44.00","378529.24","SABD0000000001","AAV1.0.0.11","4.0.0.2323","PSt7-10","170328-019","7/29/2022 11:23:46 AM","0000-00","0","no battery","V","","µV","","µV"
"08/11/2022","10:35:33","6","default","383292078","Oxt_06","51.634","min","93.466","%a.s.","Humid","21.113","deg","41639","µV","27.759","°C","1021.000","hPa","36.4","pmil","0","55.390","deg","20.000","°C","100.000","%a.s.","21.720","deg","20.000","°C","977.000","hPa","0.861","-0.02617","0.00035","0","0","13.56","Humid","26.25","0","44.00","378532.69","SABD0000000001","AAV1.0.0.11","4.0.0.2323","PSt7-10","170328-019","7/29/2022 11:23:46 AM","0000-00","0","no battery","V","","µV","","µV"
"08/11/2022","10:35:34","6","default","383292078","Oxt_06","51.651","min","93.497","%a.s.","Humid","21.111","deg","41634","µV","27.743","°C","1021.000","hPa","36.4","pmil","0","55.390","deg","20.000","°C","100.000","%a.s.","21.720","deg","20.000","°C","977.000","hPa","0.861","-0.02617","0.00035","0","0","13.56","Humid","26.25","0","44.00","378519.83","SABD0000000001","AAV1.0.0.11","4.0.0.2323","PSt7-10","170328-019","7/29/2022 11:23:46 AM","0000-00","0","no battery","V","","µV","","µV"
"08/11/2022","10:35:35","6","default","383292078","Oxt_06","51.667","min","93.503","%a.s.","Humid","21.107","deg","41639","µV","27.774","°C","1021.000","hPa","36.4","pmil","0","55.390","deg","20.000","°C","100.000","%a.s.","21.720","deg","20.000","°C","977.000","hPa","0.861","-0.02617","0.00035","0","0","13.56","Humid","26.25","0","44.00","378527.46","SABD0000000001","AAV1.0.0.11","4.0.0.2323","PSt7-10","170328-019","7/29/2022 11:23:46 AM","0000-00","0","no battery","V","","µV","","µV"
"08/11/2022","10:35:36","6","default","383292078","Oxt_06","51.684","min","93.391","%a.s.","Humid","21.120","deg","41634","µV","27.778","°C","1021.000","hPa","36.4","pmil","0","55.390","deg","20.000","°C","100.000","%a.s.","21.720","deg","20.000","°C","977.000","hPa","0.861","-0.02617","0.00035","0","0","13.56","Humid","26.25","0","44.00","378533.30","SABD0000000001","AAV1.0.0.11","4.0.0.2323","PSt7-10","170328-019","7/29/2022 11:23:46 AM","0000-00","0","no battery","V","","µV","","µV"
"08/11/2022","10:35:37","6","default","383292078","Oxt_06","51.700","min","93.468","%a.s.","Humid","21.112","deg","41637","µV","27.766","°C","1021.000","hPa","36.4","pmil","0","55.390","deg","20.000","°C","100.000","%a.s.","21.720","deg","20.000","°C","977.000","hPa","0.861","-0.02617","0.00035","0","0","13.56","Humid","26.25","0","44.00","378524.44","SABD0000000001","AAV1.0.0.11","4.0.0.2323","PSt7-10","170328-019","7/29/2022 11:23:46 AM","0000-00","0","no battery","V","","µV","","µV"
"08/11/2022","10:35:38","6","default","383292078","Oxt_06","51.717","min","93.504","%a.s.","Humid","21.107","deg","41635","µV","27.772","°C","1021.000","hPa","36.4","pmil","0","55.390","deg","20.000","°C","100.000","%a.s.","21.720","deg","20.000","°C","977.000","hPa","0.861","-0.02617","0.00035","0","0","13.56","Humid","26.25","0","44.00","378526.95","SABD0000000001","AAV1.0.0.11","4.0.0.2323","PSt7-10","170328-019","7/29/2022 11:23:46 AM","0000-00","0","no battery","V","","µV","","µV"
"08/11/2022","10:35:39","6","default","383292078","Oxt_06","51.734","min","93.437","%a.s.","Humid","21.115","deg","41639","µV","27.773","°C","1021.000","hPa","36.4","pmil","0","55.390","deg","20.000","°C","100.000","%a.s.","21.720","deg","20.000","°C","977.000","hPa","0.861","-0.02617","0.00035","0","0","13.56","Humid","26.25","0","44.00","378526.06","SABD0000000001","AAV1.0.0.11","4.0.0.2323","PSt7-10","170328-019","7/29/2022 11:23:46 AM","0000-00","0","no battery","V","","µV","","µV"
"08/11/2022","10:35:40","6","default","383292078","Oxt_06","51.750","min","93.454","%a.s.","Humid","21.112","deg","41645","µV","27.782","°C","1021.000","hPa","36.4","pmil","0","55.390","deg","20.000","°C","100.000","%a.s.","21.720","deg","20.000","°C","977.000","hPa","0.861","-0.02617","0.00035","0","0","13.56","Humid","26.25","0","44.00","378523.52","SABD0000000001","AAV1.0.0.11","4.0.0.2323","PSt7-10","170328-019","7/29/2022 11:23:46 AM","0000-00","0","no battery","V","","µV","","µV"
"08/11/2022","10:35:41","6","default","383292078","Oxt_06","51.767","min","93.448","%a.s.","Humid","21.114","deg","41637","µV","27.770","°C","1021.000","hPa","36.4","pmil","0","55.390","deg","20.000","°C","100.000","%a.s.","21.720","deg","20.000","°C","977.000","hPa","0.861","-0.02617","0.00035","0","0","13.56","Humid","26.25","0","44.00","378520.49","SABD0000000001","AAV1.0.0.11","4.0.0.2323","PSt7-10","170328-019","7/29/2022 11:23:46 AM","0000-00","0","no battery","V","","µV","","µV"
"08/11/2022","10:35:42","6","default","383292078","Oxt_06","51.784","min","93.468","%a.s.","Humid","21.112","deg","41636","µV","27.766","°C","1021.000","hPa","36.4","pmil","0","55.390","deg","20.000","°C","100.000","%a.s.","21.720","deg","20.000","°C","977.000","hPa","0.861","-0.02617","0.00035","0","0","13.56","Humid","26.25","0","44.00","378523.32","SABD0000000001","AAV1.0.0.11","4.0.0.2323","PSt7-10","170328-019","7/29/2022 11:23:46 AM","0000-00","0","no battery","V","","µV","","µV"
"08/11/2022","10:35:43","6","default","383292078","Oxt_06","51.800","min","93.456","%a.s.","Humid","21.113","deg","41633","µV","27.770","°C","1021.000","hPa","36.4","pmil","0","55.390","deg","20.000","°C","100.000","%a.s.","21.720","deg","20.000","°C","977.000","hPa","0.861","-0.02617","0.00035","0","0","13.56","Humid","26.25","0","44.00","378502.80","SABD0000000001","AAV1.0.0.11","4.0.0.2323","PSt7-10","170328-019","7/29/2022 11:23:46 AM","0000-00","0","no battery","V","","µV","","µV"
"08/11/2022","10:35:44","6","default","383292078","Oxt_06","51.817","min","93.527","%a.s.","Humid","21.105","deg","41638","µV","27.765","°C","1021.000","hPa","36.4","pmil","0","55.390","deg","20.000","°C","100.000","%a.s.","21.720","deg","20.000","°C","977.000","hPa","0.861","-0.02617","0.00035","0","0","13.56","Humid","26.25","0","44.00","378525.73","SABD0000000001","AAV1.0.0.11","4.0.0.2323","PSt7-10","170328-019","7/29/2022 11:23:46 AM","0000-00","0","no battery","V","","µV","","µV"
"08/11/2022","10:35:45","6","default","383292078","Oxt_06","51.834","min","93.426","%a.s.","Humid","21.117","deg","41643","µV","27.767","°C","1021.000","hPa","36.4","pmil","0","55.390","deg","20.000","°C","100.000","%a.s.","21.720","deg","20.000","°C","977.000","hPa","0.861","-0.02617","0.00035","0","0","13.56","Humid","26.25","0","44.00","378518.04","SABD0000000001","AAV1.0.0.11","4.0.0.2323","PSt7-10","170328-019","7/29/2022 11:23:46 AM","0000-00","0","no battery","V","","µV","","µV"
"08/11/2022","10:35:46","6","default","383292078","Oxt_06","51.851","min","93.446","%a.s.","Humid","21.114","deg","41640","µV","27.772","°C","1021.000","hPa","36.4","pmil","0","55.390","deg","20.000","°C","100.000","%a.s.","21.720","deg","20.000","°C","977.000","hPa","0.861","-0.02617","0.00035","0","0","13.56","Humid","26.25","0","44.00","378534.36","SABD0000000001","AAV1.0.0.11","4.0.0.2323","PSt7-10","170328-019","7/29/2022 11:23:46 AM","0000-00","0","no battery","V","","µV","","µV"
"08/11/2022","10:35:47","6","default","383292078","Oxt_06","51.867","min","93.439","%a.s.","Humid","21.115","deg","41636","µV","27.771","°C","1021.000","hPa","36.4","pmil","0","55.390","deg","20.000","°C","100.000","%a.s.","21.720","deg","20.000","°C","977.000","hPa","0.861","-0.02617","0.00035","0","0","13.56","Humid","26.25","0","44.00","378511.09","SABD0000000001","AAV1.0.0.11","4.0.0.2323","PSt7-10","170328-019","7/29/2022 11:23:46 AM","0000-00","0","no battery","V","","µV","","µV"
"08/11/2022","10:35:48","6","default","383292078","Oxt_06","51.884","min","93.476","%a.s.","Humid","21.111","deg","41643","µV","27.766","°C","1021.000","hPa","36.4","pmil","0","55.390","deg","20.000","°C","100.000","%a.s.","21.720","deg","20.000","°C","977.000","hPa","0.861","-0.02617","0.00035","0","0","13.56","Humid","26.25","0","44.00","378540.13","SABD0000000001","AAV1.0.0.11","4.0.0.2323","PSt7-10","170328-019","7/29/2022 11:23:46 AM","0000-00","0","no battery","V","","µV","","µV"
"08/11/2022","10:35:49","6","default","383292078","Oxt_06","51.901","min","93.452","%a.s.","Humid","21.115","deg","41640","µV","27.757","°C","1021.000","hPa","36.4","pmil","0","55.390","deg","20.000","°C","100.000","%a.s.","21.720","deg","20.000","°C","977.000","hPa","0.861","-0.02617","0.00035","0","0","13.56","Humid","26.25","0","44.00","378518.72","SABD0000000001","AAV1.0.0.11","4.0.0.2323","PSt7-10","170328-019","7/29/2022 11:23:46 AM","0000-00","0","no battery","V","","µV","","µV"
"08/11/2022","10:35:50","6","default","383292078","Oxt_06","51.917","min","93.475","%a.s.","Humid","21.112","deg","41641","µV","27.759","°C","1021.000","hPa","36.4","pmil","0","55.390","deg","20.000","°C","100.000","%a.s.","21.720","deg","20.000","°C","977.000","hPa","0.861","-0.02617","0.00035","0","0","13.56","Humid","26.25","0","44.00","378529.08","SABD0000000001","AAV1.0.0.11","4.0.0.2323","PSt7-10","170328-019","7/29/2022 11:23:46 AM","0000-00","0","no battery","V","","µV","","µV"
"08/11/2022","10:35:51","6","default","383292078","Oxt_06","51.934","min","93.449","%a.s.","Humid","21.114","deg","41643","µV","27.768","°C","1021.000","hPa","36.4","pmil","0","55.390","deg","20.000","°C","100.000","%a.s.","21.720","deg","20.000","°C","977.000","hPa","0.861","-0.02617","0.00035","0","0","13.56","Humid","26.25","0","44.00","378535.34","SABD0000000001","AAV1.0.0.11","4.0.0.2323","PSt7-10","170328-019","7/29/2022 11:23:46 AM","0000-00","0","no battery","V","","µV","","µV"
"08/11/2022","10:35:52","6","default","383292078","Oxt_06","51.951","min","93.491","%a.s.","Humid","21.109","deg","41643","µV","27.768","°C","1021.000","hPa","36.4","pmil","0","55.390","deg","20.000","°C","100.000","%a.s.","21.720","deg","20.000","°C","977.000","hPa","0.861","-0.02617","0.00035","0","0","13.56","Humid","26.25","0","44.00","378526.54","SABD0000000001","AAV1.0.0.11","4.0.0.2323","PSt7-10","170328-019","7/29/2022 11:23:46 AM","0000-00","0","no battery","V","","µV","","µV"
"08/11/2022","10:35:53","6","default","383292078","Oxt_06","51.967","min","93.427","%a.s.","Humid","21.117","deg","41638","µV","27.765","°C","1021.000","hPa","36.4","pmil","0","55.390","deg","20.000","°C","100.000","%a.s.","21.720","deg","20.000","°C","977.000","hPa","0.861","-0.02617","0.00035","0","0","13.56","Humid","26.25","0","44.00","378508.80","SABD0000000001","AAV1.0.0.11","4.0.0.2323","PSt7-10","170328-019","7/29/2022 11:23:46 AM","0000-00","0","no battery","V","","µV","","µV"
"08/11/2022","10:35:54","6","default","383292078","Oxt_06","51.984","min","93.360","%a.s.","Humid","21.123","deg","41634","µV","27.785","°C","1021.000","hPa","36.4","pmil","0","55.390","deg","20.000","°C","100.000","%a.s.","21.720","deg","20.000","°C","977.000","hPa","0.861","-0.02617","0.00035","0","0","13.56","Humid","26.25","0","44.00","378519.92","SABD0000000001","AAV1.0.0.11","4.0.0.2323","PSt7-10","170328-019","7/29/2022 11:23:46 AM","0000-00","0","no battery","V","","µV","","µV"
"08/11/2022","10:35:55","6","default","383292078","Oxt_06","52.001","min","93.408","%a.s.","Humid","21.119","deg","41646","µV","27.768","°C","1021.000","hPa","36.4","pmil","0","55.390","deg","20.000","°C","100.000","%a.s.","21.720","deg","20.000","°C","977.000","hPa","0.861","-0.02617","0.00035","0","0","13.56","Humid","26.25","0","44.00","378520.82","SABD0000000001","AAV1.0.0.11","4.0.0.2323","PSt7-10","170328-019","7/29/2022 11:23:46 AM","0000-00","0","no battery","V","","µV","","µV"
"08/11/2022","10:35:56","6","default","383292078","Oxt_06","52.017","min","93.418","%a.s.","Humid","21.118","deg","41643","µV","27.767","°C","1021.000","hPa","36.4","pmil","0","55.390","deg","20.000","°C","100.000","%a.s.","21.720","deg","20.000","°C","977.000","hPa","0.861","-0.02617","0.00035","0","0","13.56","Humid","26.25","0","44.00","378518.67","SABD0000000001","AAV1.0.0.11","4.0.0.2323","PSt7-10","170328-019","7/29/2022 11:23:46 AM","0000-00","0","no battery","V","","µV","","µV"
"08/11/2022","10:35:57","6","default","383292078","Oxt_06","52.034","min","93.361","%a.s.","Humid","21.124","deg","41648","µV","27.775","°C","1021.000","hPa","36.4","pmil","0","55.390","deg","20.000","°C","100.000","%a.s.","21.720","deg","20.000","°C","977.000","hPa","0.861","-0.02617","0.00035","0","0","13.56","Humid","26.25","0","44.00","378522.48","SABD0000000001","AAV1.0.0.11","4.0.0.2323","PSt7-10","170328-019","7/29/2022 11:23:46 AM","0000-00","0","no battery","V","","µV","","µV"
"08/11/2022","10:35:58","6","default","383292078","Oxt_06","52.051","min","93.408","%a.s.","Humid","21.118","deg","41644","µV","27.778","°C","1021.000","hPa","36.4","pmil","0","55.390","deg","20.000","°C","100.000","%a.s.","21.720","deg","20.000","°C","977.000","hPa","0.861","-0.02617","0.00035","0","0","13.56","Humid","26.25","0","44.00","378508.90","SABD0000000001","AAV1.0.0.11","4.0.0.2323","PSt7-10","170328-019","7/29/2022 11:23:46 AM","0000-00","0","no battery","V","","µV","","µV"
"08/11/2022","10:35:59","6","default","383292078","Oxt_06","52.067","min","93.454","%a.s.","Humid","21.112","deg","41643","µV","27.781","°C","1021.000","hPa","36.4","pmil","0","55.390","deg","20.000","°C","100.000","%a.s.","21.720","deg","20.000","°C","977.000","hPa","0.861","-0.02617","0.00035","0","0","13.56","Humid","26.25","0","44.00","378515.01","SABD0000000001","AAV1.0.0.11","4.0.0.2323","PSt7-10","170328-019","7/29/2022 11:23:46 AM","0000-00","0","no battery","V","","µV","","µV"
"08/11/2022","10:36:00","6","default","383292078","Oxt_06","52.084","min","93.440","%a.s.","Humid","21.116","deg","41649","µV","27.760","°C","1021.000","hPa","36.4","pmil","0","55.390","deg","20.000","°C","100.000","%a.s.","21.720","deg","20.000","°C","977.000","hPa","0.861","-0.02617","0.00035","0","0","13.56","Humid","26.25","0","44.00","378518.67","SABD0000000001","AAV1.0.0.11","4.0.0.2323","PSt7-10","170328-019","7/29/2022 11:23:46 AM","0000-00","0","no battery","V","","µV","","µV"
"08/11/2022","10:36:01","6","default","383292078","Oxt_06","52.101","min","93.452","%a.s.","Humid","21.115","deg","41641","µV","27.756","°C","1021.000","hPa","36.4","pmil","0","55.390","deg","20.000","°C","100.000","%a.s.","21.720","deg","20.000","°C","977.000","hPa","0.861","-0.02617","0.00035","0","0","13.56","Humid","26.25","0","44.00","378516.06","SABD0000000001","AAV1.0.0.11","4.0.0.2323","PSt7-10","170328-019","7/29/2022 11:23:46 AM","0000-00","0","no battery","V","","µV","","µV"
"08/11/2022","10:36:02","6","default","383292078","Oxt_06","52.118","min","93.378","%a.s.","Humid","21.123","deg","41644","µV","27.765","°C","1021.000","hPa","36.4","pmil","0","55.390","deg","20.000","°C","100.000","%a.s.","21.720","deg","20.000","°C","977.000","hPa","0.861","-0.02617","0.00035","0","0","13.56","Humid","26.25","0","44.00","378514.37","SABD0000000001","AAV1.0.0.11","4.0.0.2323","PSt7-10","170328-019","7/29/2022 11:23:46 AM","0000-00","0","no battery","V","","µV","","µV"
"08/11/2022","10:36:03","6","default","383292078","Oxt_06","52.134","min","93.512","%a.s.","Humid","21.106","deg","41644","µV","27.773","°C","1021.000","hPa","36.4","pmil","0","55.390","deg","20.000","°C","100.000","%a.s.","21.720","deg","20.000","°C","977.000","hPa","0.861","-0.02617","0.00035","0","0","13.56","Humid","26.25","0","44.00","378500.48","SABD0000000001","AAV1.0.0.11","4.0.0.2323","PSt7-10","170328-019","7/29/2022 11:23:46 AM","0000-00","0","no battery","V","","µV","","µV"
"08/11/2022","10:36:04","6","default","383292078","Oxt_06","52.151","min","93.370","%a.s.","Humid","21.123","deg","41645","µV","27.774","°C","1021.000","hPa","36.4","pmil","0","55.390","deg","20.000","°C","100.000","%a.s.","21.720","deg","20.000","°C","977.000","hPa","0.861","-0.02617","0.00035","0","0","13.56","Humid","26.25","0","44.00","378504.63","SABD0000000001","AAV1.0.0.11","4.0.0.2323","PSt7-10","170328-019","7/29/2022 11:23:46 AM","0000-00","0","no battery","V","","µV","","µV"
"08/11/2022","10:36:05","6","default","383292078","Oxt_06","52.168","min","93.426","%a.s.","Humid","21.118","deg","41641","µV","27.758","°C","1021.000","hPa","36.4","pmil","0","55.390","deg","20.000","°C","100.000","%a.s.","21.720","deg","20.000","°C","977.000","hPa","0.861","-0.02617","0.00035","0","0","13.56","Humid","26.25","0","44.00","378508.03","SABD0000000001","AAV1.0.0.11","4.0.0.2323","PSt7-10","170328-019","7/29/2022 11:23:46 AM","0000-00","0","no battery","V","","µV","","µV"
"08/11/2022","10:36:06","6","default","383292078","Oxt_06","52.184","min","93.425","%a.s.","Humid","21.116","deg","41647","µV","27.777","°C","1021.000","hPa","36.4","pmil","0","55.390","deg","20.000","°C","100.000","%a.s.","21.720","deg","20.000","°C","977.000","hPa","0.861","-0.02617","0.00035","0","0","13.56","Humid","26.25","0","44.00","378514.07","SABD0000000001","AAV1.0.0.11","4.0.0.2323","PSt7-10","170328-019","7/29/2022 11:23:46 AM","0000-00","0","no battery","V","","µV","","µV"
"08/11/2022","10:36:07","6","default","383292078","Oxt_06","52.201","min","93.424","%a.s.","Humid","21.117","deg","41646","µV","27.770","°C","1021.000","hPa","36.4","pmil","0","55.390","deg","20.000","°C","100.000","%a.s.","21.720","deg","20.000","°C","977.000","hPa","0.861","-0.02617","0.00035","0","0","13.56","Humid","26.25","0","44.00","378508.33","SABD0000000001","AAV1.0.0.11","4.0.0.2323","PSt7-10","170328-019","7/29/2022 11:23:46 AM","0000-00","0","no battery","V","","µV","","µV"
"08/11/2022","10:36:08","6","default","383292078","Oxt_06","52.218","min","93.368","%a.s.","Humid","21.124","deg","41646","µV","27.767","°C","1021.000","hPa","36.4","pmil","0","55.390","deg","20.000","°C","100.000","%a.s.","21.720","deg","20.000","°C","977.000","hPa","0.861","-0.02617","0.00035","0","0","13.56","Humid","26.25","0","44.00","378508.51","SABD0000000001","AAV1.0.0.11","4.0.0.2323","PSt7-10","170328-019","7/29/2022 11:23:46 AM","0000-00","0","no battery","V","","µV","","µV"
"08/11/2022","10:36:09","6","default","383292078","Oxt_06","52.234","min","93.446","%a.s.","Humid","21.115","deg","41647","µV","27.763","°C","1021.000","hPa","36.4","pmil","0","55.390","deg","20.000","°C","100.000","%a.s.","21.720","deg","20.000","°C","977.000","hPa","0.861","-0.02617","0.00035","0","0","13.56","Humid","26.25","0","44.00","378499.15","SABD0000000001","AAV1.0.0.11","4.0.0.2323","PSt7-10","170328-019","7/29/2022 11:23:46 AM","0000-00","0","no battery","V","","µV","","µV"
"08/11/2022","10:36:10","6","default","383292078","Oxt_06","52.251","min","93.442","%a.s.","Humid","21.115","deg","41646","µV","27.768","°C","1021.000","hPa","36.4","pmil","0","55.390","deg","20.000","°C","100.000","%a.s.","21.720","deg","20.000","°C","977.000","hPa","0.861","-0.02617","0.00035","0","0","13.56","Humid","26.25","0","44.00","378498.17","SABD0000000001","AAV1.0.0.11","4.0.0.2323","PSt7-10","170328-019","7/29/2022 11:23:46 AM","0000-00","0","no battery","V","","µV","","µV"
"08/11/2022","10:36:11","6","default","383292078","Oxt_06","52.268","min","93.391","%a.s.","Humid","21.121","deg","41651","µV","27.769","°C","1021.000","hPa","36.4","pmil","0","55.390","deg","20.000","°C","100.000","%a.s.","21.720","deg","20.000","°C","977.000","hPa","0.861","-0.02617","0.00035","0","0","13.56","Humid","26.25","0","44.00","378518.59","SABD0000000001","AAV1.0.0.11","4.0.0.2323","PSt7-10","170328-019","7/29/2022 11:23:46 AM","0000-00","0","no battery","V","","µV","","µV"
"08/11/2022","10:36:12","6","default","383292078","Oxt_06","52.284","min","93.429","%a.s.","Humid","21.117","deg","41650","µV","27.764","°C","1021.000","hPa","36.4","pmil","0","55.390","deg","20.000","°C","100.000","%a.s.","21.720","deg","20.000","°C","977.000","hPa","0.861","-0.02617","0.00035","0","0","13.56","Humid","26.25","0","44.00","378511.66","SABD0000000001","AAV1.0.0.11","4.0.0.2323","PSt7-10","170328-019","7/29/2022 11:23:46 AM","0000-00","0","no battery","V","","µV","","µV"
"08/11/2022","10:36:13","6","default","383292078","Oxt_06","52.301","min","93.398","%a.s.","Humid","21.118","deg","41654","µV","27.788","°C","1021.000","hPa","36.4","pmil","0","55.390","deg","20.000","°C","100.000","%a.s.","21.720","deg","20.000","°C","977.000","hPa","0.861","-0.02617","0.00035","0","0","13.56","Humid","26.25","0","44.00","378503.83","SABD0000000001","AAV1.0.0.11","4.0.0.2323","PSt7-10","170328-019","7/29/2022 11:23:46 AM","0000-00","0","no battery","V","","µV","","µV"
"08/11/2022","10:36:14","6","default","383292078","Oxt_06","52.318","min","93.431","%a.s.","Humid","21.115","deg","41648","µV","27.779","°C","1021.000","hPa","36.4","pmil","0","55.390","deg","20.000","°C","100.000","%a.s.","21.720","deg","20.000","°C","977.000","hPa","0.861","-0.02617","0.00035","0","0","13.56","Humid","26.25","0","44.00","378516.15","SABD0000000001","AAV1.0.0.11","4.0.0.2323","PSt7-10","170328-019","7/29/2022 11:23:46 AM","0000-00","0","no battery","V","","µV","","µV"
"08/11/2022","10:36:15","6","default","383292078","Oxt_06","52.334","min","93.443","%a.s.","Humid","21.114","deg","41656","µV","27.775","°C","1021.000","hPa","36.4","pmil","0","55.390","deg","20.000","°C","100.000","%a.s.","21.720","deg","20.000","°C","977.000","hPa","0.861","-0.02617","0.00035","0","0","13.56","Humid","26.25","0","44.00","378498.69","SABD0000000001","AAV1.0.0.11","4.0.0.2323","PSt7-10","170328-019","7/29/2022 11:23:46 AM","0000-00","0","no battery","V","","µV","","µV"
"08/11/2022","10:36:16","6","default","383292078","Oxt_06","52.351","min","93.460","%a.s.","Humid","21.112","deg","41649","µV","27.775","°C","1021.000","hPa","36.4","pmil","0","55.390","deg","20.000","°C","100.000","%a.s.","21.720","deg","20.000","°C","977.000","hPa","0.861","-0.02617","0.00035","0","0","13.56","Humid","26.25","0","44.00","378508.96","SABD0000000001","AAV1.0.0.11","4.0.0.2323","PSt7-10","170328-019","7/29/2022 11:23:46 AM","0000-00","0","no battery","V","","µV","","µV"
"08/11/2022","10:36:17","6","default","383292078","Oxt_06","52.367","min","93.405","%a.s.","Humid","21.120","deg","41650","µV","27.763","°C","1021.000","hPa","36.4","pmil","0","55.390","deg","20.000","°C","100.000","%a.s.","21.720","deg","20.000","°C","977.000","hPa","0.861","-0.02617","0.00035","0","0","13.56","Humid","26.25","0","44.00","378492.08","SABD0000000001","AAV1.0.0.11","4.0.0.2323","PSt7-10","170328-019","7/29/2022 11:23:46 AM","0000-00","0","no battery","V","","µV","","µV"
"08/11/2022","10:36:18","6","default","383292078","Oxt_06","52.384","min","93.438","%a.s.","Humid","21.116","deg","41652","µV","27.762","°C","1021.000","hPa","36.4","pmil","0","55.390","deg","20.000","°C","100.000","%a.s.","21.720","deg","20.000","°C","977.000","hPa","0.861","-0.02617","0.00035","0","0","13.56","Humid","26.25","0","44.00","378506.86","SABD0000000001","AAV1.0.0.11","4.0.0.2323","PSt7-10","170328-019","7/29/2022 11:23:46 AM","0000-00","0","no battery","V","","µV","","µV"
"08/11/2022","10:36:19","6","default","383292078","Oxt_06","52.400","min","93.407","%a.s.","Humid","21.118","deg","41655","µV","27.779","°C","1021.000","hPa","36.4","pmil","0","55.390","deg","20.000","°C","100.000","%a.s.","21.720","deg","20.000","°C","977.000","hPa","0.861","-0.02617","0.00035","0","0","13.56","Humid","26.25","0","44.00","378501.38","SABD0000000001","AAV1.0.0.11","4.0.0.2323","PSt7-10","170328-019","7/29/2022 11:23:46 AM","0000-00","0","no battery","V","","µV","","µV"
"08/11/2022","10:36:20","6","default","383292078","Oxt_06","52.417","min","93.420","%a.s.","Humid","21.117","deg","41657","µV","27.773","°C","1021.000","hPa","36.4","pmil","0","55.390","deg","20.000","°C","100.000","%a.s.","21.720","deg","20.000","°C","977.000","hPa","0.861","-0.02617","0.00035","0","0","13.56","Humid","26.25","0","44.00","378510.36","SABD0000000001","AAV1.0.0.11","4.0.0.2323","PSt7-10","170328-019","7/29/2022 11:23:46 AM","0000-00","0","no battery","V","","µV","","µV"
"08/11/2022","10:36:21","6","default","383292078","Oxt_06","52.434","min","93.406","%a.s.","Humid","21.120","deg","41656","µV","27.762","°C","1021.000","hPa","36.4","pmil","0","55.390","deg","20.000","°C","100.000","%a.s.","21.720","deg","20.000","°C","977.000","hPa","0.861","-0.02617","0.00035","0","0","13.56","Humid","26.25","0","44.00","378515.89","SABD0000000001","AAV1.0.0.11","4.0.0.2323","PSt7-10","170328-019","7/29/2022 11:23:46 AM","0000-00","0","no battery","V","","µV","","µV"
"08/11/2022","10:36:22","6","default","383292078","Oxt_06","52.450","min","93.427","%a.s.","Humid","21.117","deg","41654","µV","27.766","°C","1021.000","hPa","36.4","pmil","0","55.390","deg","20.000","°C","100.000","%a.s.","21.720","deg","20.000","°C","977.000","hPa","0.861","-0.02617","0.00035","0","0","13.56","Humid","26.25","0","44.00","378496.61","SABD0000000001","AAV1.0.0.11","4.0.0.2323","PSt7-10","170328-019","7/29/2022 11:23:46 AM","0000-00","0","no battery","V","","µV","","µV"
"08/11/2022","10:36:23","6","default","383292078","Oxt_06","52.467","min","93.437","%a.s.","Humid","21.115","deg","41659","µV","27.773","°C","1021.000","hPa","36.4","pmil","0","55.390","deg","20.000","°C","100.000","%a.s.","21.720","deg","20.000","°C","977.000","hPa","0.861","-0.02617","0.00035","0","0","13.56","Humid","26.25","0","44.00","378506.47","SABD0000000001","AAV1.0.0.11","4.0.0.2323","PSt7-10","170328-019","7/29/2022 11:23:46 AM","0000-00","0","no battery","V","","µV","","µV"
"08/11/2022","10:36:24","6","default","383292078","Oxt_06","52.484","min","93.386","%a.s.","Humid","21.121","deg","41652","µV","27.775","°C","1021.000","hPa","36.4","pmil","0","55.390","deg","20.000","°C","100.000","%a.s.","21.720","deg","20.000","°C","977.000","hPa","0.861","-0.02617","0.00035","0","0","13.56","Humid","26.25","0","44.00","378518.79","SABD0000000001","AAV1.0.0.11","4.0.0.2323","PSt7-10","170328-019","7/29/2022 11:23:46 AM","0000-00","0","no battery","V","","µV","","µV"
"08/11/2022","10:36:25","6","default","383292078","Oxt_06","52.500","min","93.384","%a.s.","Humid","21.122","deg","41648","µV","27.768","°C","1021.000","hPa","36.4","pmil","0","55.390","deg","20.000","°C","100.000","%a.s.","21.720","deg","20.000","°C","977.000","hPa","0.861","-0.02617","0.00035","0","0","13.56","Humid","26.25","0","44.00","378496.81","SABD0000000001","AAV1.0.0.11","4.0.0.2323","PSt7-10","170328-019","7/29/2022 11:23:46 AM","0000-00","0","no battery","V","","µV","","µV"
"08/11/2022","10:36:26","6","default","383292078","Oxt_06","52.517","min","93.361","%a.s.","Humid","21.124","deg","41646","µV","27.775","°C","1021.000","hPa","36.4","pmil","0","55.390","deg","20.000","°C","100.000","%a.s.","21.720","deg","20.000","°C","977.000","hPa","0.861","-0.02617","0.00035","0","0","13.56","Humid","26.25","0","44.00","378510.40","SABD0000000001","AAV1.0.0.11","4.0.0.2323","PSt7-10","170328-019","7/29/2022 11:23:46 AM","0000-00","0","no battery","V","","µV","","µV"
"08/11/2022","10:36:27","6","default","383292078","Oxt_06","52.534","min","93.418","%a.s.","Humid","21.117","deg","41647","µV","27.776","°C","1021.000","hPa","36.4","pmil","0","55.390","deg","20.000","°C","100.000","%a.s.","21.720","deg","20.000","°C","977.000","hPa","0.861","-0.02617","0.00035","0","0","13.56","Humid","26.25","0","44.00","378495.32","SABD0000000001","AAV1.0.0.11","4.0.0.2323","PSt7-10","170328-019","7/29/2022 11:23:46 AM","0000-00","0","no battery","V","","µV","","µV"
"08/11/2022","10:36:28","6","default","383292078","Oxt_06","52.551","min","93.428","%a.s.","Humid","21.117","deg","41646","µV","27.765","°C","1021.000","hPa","36.4","pmil","0","55.390","deg","20.000","°C","100.000","%a.s.","21.720","deg","20.000","°C","977.000","hPa","0.861","-0.02617","0.00035","0","0","13.56","Humid","26.25","0","44.00","378488.11","SABD0000000001","AAV1.0.0.11","4.0.0.2323","PSt7-10","170328-019","7/29/2022 11:23:46 AM","0000-00","0","no battery","V","","µV","","µV"
"08/11/2022","10:36:29","6","default","383292078","Oxt_06","52.567","min","93.390","%a.s.","Humid","21.122","deg","41655","µV","27.761","°C","1021.000","hPa","36.4","pmil","0","55.390","deg","20.000","°C","100.000","%a.s.","21.720","deg","20.000","°C","977.000","hPa","0.861","-0.02617","0.00035","0","0","13.56","Humid","26.25","0","44.00","378500.79","SABD0000000001","AAV1.0.0.11","4.0.0.2323","PSt7-10","170328-019","7/29/2022 11:23:46 AM","0000-00","0","no battery","V","","µV","","µV"
"08/11/2022","10:36:30","6","default","383292078","Oxt_06","52.584","min","93.443","%a.s.","Humid","21.115","deg","41648","µV","27.767","°C","1021.000","hPa","36.4","pmil","0","55.390","deg","20.000","°C","100.000","%a.s.","21.720","deg","20.000","°C","977.000","hPa","0.861","-0.02617","0.00035","0","0","13.56","Humid","26.25","0","44.00","378488.10","SABD0000000001","AAV1.0.0.11","4.0.0.2323","PSt7-10","170328-019","7/29/2022 11:23:46 AM","0000-00","0","no battery","V","","µV","","µV"
"08/11/2022","10:36:31","6","default","383292078","Oxt_06","52.601","min","93.415","%a.s.","Humid","21.119","deg","41651","µV","27.761","°C","1021.000","hPa","36.4","pmil","0","55.390","deg","20.000","°C","100.000","%a.s.","21.720","deg","20.000","°C","977.000","hPa","0.861","-0.02617","0.00035","0","0","13.56","Humid","26.25","0","44.00","378488.47","SABD0000000001","AAV1.0.0.11","4.0.0.2323","PSt7-10","170328-019","7/29/2022 11:23:46 AM","0000-00","0","no battery","V","","µV","","µV"
"08/11/2022","10:36:32","6","default","383292078","Oxt_06","52.617","min","93.404","%a.s.","Humid","21.118","deg","41650","µV","27.782","°C","1021.000","hPa","36.4","pmil","0","55.390","deg","20.000","°C","100.000","%a.s.","21.720","deg","20.000","°C","977.000","hPa","0.861","-0.02617","0.00035","0","0","13.56","Humid","26.25","0","44.00","378490.49","SABD0000000001","AAV1.0.0.11","4.0.0.2323","PSt7-10","170328-019","7/29/2022 11:23:46 AM","0000-00","0","no battery","V","","µV","","µV"
"08/11/2022","10:36:33","6","default","383292078","Oxt_06","52.634","min","93.362","%a.s.","Humid","21.123","deg","41656","µV","27.782","°C","1021.000","hPa","36.4","pmil","0","55.390","deg","20.000","°C","100.000","%a.s.","21.720","deg","20.000","°C","977.000","hPa","0.861","-0.02617","0.00035","0","0","13.56","Humid","26.25","0","44.00","378492.04","SABD0000000001","AAV1.0.0.11","4.0.0.2323","PSt7-10","170328-019","7/29/2022 11:23:46 AM","0000-00","0","no battery","V","","µV","","µV"
"08/11/2022","10:36:34","6","default","383292078","Oxt_06","52.651","min","93.413","%a.s.","Humid","21.118","deg","41652","µV","27.772","°C","1021.000","hPa","36.4","pmil","0","55.390","deg","20.000","°C","100.000","%a.s.","21.720","deg","20.000","°C","977.000","hPa","0.861","-0.02617","0.00035","0","0","13.56","Humid","26.25","0","44.00","378496.12","SABD0000000001","AAV1.0.0.11","4.0.0.2323","PSt7-10","170328-019","7/29/2022 11:23:46 AM","0000-00","0","no battery","V","","µV","","µV"
"08/11/2022","10:36:35","6","default","383292078","Oxt_06","52.667","min","93.354","%a.s.","Humid","21.125","deg","41662","µV","27.773","°C","1021.000","hPa","36.4","pmil","0","55.390","deg","20.000","°C","100.000","%a.s.","21.720","deg","20.000","°C","977.000","hPa","0.861","-0.02617","0.00035","0","0","13.56","Humid","26.25","0","44.00","378497.01","SABD0000000001","AAV1.0.0.11","4.0.0.2323","PSt7-10","170328-019","7/29/2022 11:23:46 AM","0000-00","0","no battery","V","","µV","","µV"
"08/11/2022","10:36:36","6","default","383292078","Oxt_06","52.684","min","93.392","%a.s.","Humid","21.121","deg","41656","µV","27.768","°C","1021.000","hPa","36.4","pmil","0","55.390","deg","20.000","°C","100.000","%a.s.","21.720","deg","20.000","°C","977.000","hPa","0.861","-0.02617","0.00035","0","0","13.56","Humid","26.25","0","44.00","378504.03","SABD0000000001","AAV1.0.0.11","4.0.0.2323","PSt7-10","170328-019","7/29/2022 11:23:46 AM","0000-00","0","no battery","V","","µV","","µV"
"08/11/2022","10:36:37","6","default","383292078","Oxt_06","52.701","min","93.384","%a.s.","Humid","21.122","deg","41653","µV","27.768","°C","1021.000","hPa","36.4","pmil","0","55.390","deg","20.000","°C","100.000","%a.s.","21.720","deg","20.000","°C","977.000","hPa","0.861","-0.02617","0.00035","0","0","13.56","Humid","26.25","0","44.00","378496.79","SABD0000000001","AAV1.0.0.11","4.0.0.2323","PSt7-10","170328-019","7/29/2022 11:23:46 AM","0000-00","0","no battery","V","","µV","","µV"
"08/11/2022","10:36:38","6","default","383292078","Oxt_06","52.717","min","93.347","%a.s.","Humid","21.126","deg","41658","µV","27.771","°C","1021.000","hPa","36.4","pmil","0","55.390","deg","20.000","°C","100.000","%a.s.","21.720","deg","20.000","°C","977.000","hPa","0.861","-0.02617","0.00035","0","0","13.56","Humid","26.25","0","44.00","378503.29","SABD0000000001","AAV1.0.0.11","4.0.0.2323","PSt7-10","170328-019","7/29/2022 11:23:46 AM","0000-00","0","no battery","V","","µV","","µV"
"08/11/2022","10:36:39","6","default","383292078","Oxt_06","52.734","min","93.337","%a.s.","Humid","21.127","deg","41655","µV","27.774","°C","1021.000","hPa","36.4","pmil","0","55.390","deg","20.000","°C","100.000","%a.s.","21.720","deg","20.000","°C","977.000","hPa","0.861","-0.02617","0.00035","0","0","13.56","Humid","26.25","0","44.00","378466.67","SABD0000000001","AAV1.0.0.11","4.0.0.2323","PSt7-10","170328-019","7/29/2022 11:23:46 AM","0000-00","0","no battery","V","","µV","","µV"
"08/11/2022","10:36:40","6","default","383292078","Oxt_06","52.751","min","93.401","%a.s.","Humid","21.119","deg","41660","µV","27.776","°C","1021.000","hPa","36.4","pmil","0","55.390","deg","20.000","°C","100.000","%a.s.","21.720","deg","20.000","°C","977.000","hPa","0.861","-0.02617","0.00035","0","0","13.56","Humid","26.25","0","44.00","378492.14","SABD0000000001","AAV1.0.0.11","4.0.0.2323","PSt7-10","170328-019","7/29/2022 11:23:46 AM","0000-00","0","no battery","V","","µV","","µV"
"08/11/2022","10:36:41","6","default","383292078","Oxt_06","52.768","min","93.353","%a.s.","Humid","21.126","deg","41658","µV","27.766","°C","1021.000","hPa","36.4","pmil","0","55.390","deg","20.000","°C","100.000","%a.s.","21.720","deg","20.000","°C","977.000","hPa","0.861","-0.02617","0.00035","0","0","13.56","Humid","26.25","0","44.00","378488.82","SABD0000000001","AAV1.0.0.11","4.0.0.2323","PSt7-10","170328-019","7/29/2022 11:23:46 AM","0000-00","0","no battery","V","","µV","","µV"
"08/11/2022","10:36:42","6","default","383292078","Oxt_06","52.784","min","93.384","%a.s.","Humid","21.121","deg","41654","µV","27.776","°C","1021.000","hPa","36.4","pmil","0","55.390","deg","20.000","°C","100.000","%a.s.","21.720","deg","20.000","°C","977.000","hPa","0.861","-0.02617","0.00035","0","0","13.56","Humid","26.25","0","44.00","378486.18","SABD0000000001","AAV1.0.0.11","4.0.0.2323","PSt7-10","170328-019","7/29/2022 11:23:46 AM","0000-00","0","no battery","V","","µV","","µV"
"08/11/2022","10:36:43","6","default","383292078","Oxt_06","52.801","min","93.318","%a.s.","Humid","21.130","deg","41660","µV","27.768","°C","1021.000","hPa","36.4","pmil","0","55.390","deg","20.000","°C","100.000","%a.s.","21.720","deg","20.000","°C","977.000","hPa","0.861","-0.02617","0.00035","0","0","13.56","Humid","26.25","0","44.00","378491.87","SABD0000000001","AAV1.0.0.11","4.0.0.2323","PSt7-10","170328-019","7/29/2022 11:23:46 AM","0000-00","0","no battery","V","","µV","","µV"
"08/11/2022","10:36:44","6","default","383292078","Oxt_06","52.818","min","93.374","%a.s.","Humid","21.123","deg","41663","µV","27.769","°C","1021.000","hPa","36.4","pmil","0","55.390","deg","20.000","°C","100.000","%a.s.","21.720","deg","20.000","°C","977.000","hPa","0.861","-0.02617","0.00035","0","0","13.56","Humid","26.25","0","44.00","378502.12","SABD0000000001","AAV1.0.0.11","4.0.0.2323","PSt7-10","170328-019","7/29/2022 11:23:46 AM","0000-00","0","no battery","V","","µV","","µV"
"08/11/2022","10:36:45","6","default","383292078","Oxt_06","52.834","min","93.359","%a.s.","Humid","21.125","deg","41653","µV","27.768","°C","1021.000","hPa","36.4","pmil","0","55.390","deg","20.000","°C","100.000","%a.s.","21.720","deg","20.000","°C","977.000","hPa","0.861","-0.02617","0.00035","0","0","13.56","Humid","26.25","0","44.00","378480.55","SABD0000000001","AAV1.0.0.11","4.0.0.2323","PSt7-10","170328-019","7/29/2022 11:23:46 AM","0000-00","0","no battery","V","","µV","","µV"
"08/11/2022","10:36:46","6","default","383292078","Oxt_06","52.851","min","93.339","%a.s.","Humid","21.127","deg","41666","µV","27.772","°C","1021.000","hPa","36.4","pmil","0","55.390","deg","20.000","°C","100.000","%a.s.","21.720","deg","20.000","°C","977.000","hPa","0.861","-0.02617","0.00035","0","0","13.56","Humid","26.25","0","44.00","378490.65","SABD0000000001","AAV1.0.0.11","4.0.0.2323","PSt7-10","170328-019","7/29/2022 11:23:46 AM","0000-00","0","no battery","V","","µV","","µV"
"08/11/2022","10:36:47","6","default","383292078","Oxt_06","52.868","min","93.406","%a.s.","Humid","21.119","deg","41667","µV","27.771","°C","1021.000","hPa","36.4","pmil","0","55.390","deg","20.000","°C","100.000","%a.s.","21.720","deg","20.000","°C","977.000","hPa","0.861","-0.02617","0.00035","0","0","13.56","Humid","26.25","0","44.00","378487.52","SABD0000000001","AAV1.0.0.11","4.0.0.2323","PSt7-10","170328-019","7/29/2022 11:23:46 AM","0000-00","0","no battery","V","","µV","","µV"
"08/11/2022","10:36:48","6","default","383292078","Oxt_06","52.884","min","93.332","%a.s.","Humid","21.129","deg","41669","µV","27.761","°C","1021.000","hPa","36.4","pmil","0","55.390","deg","20.000","°C","100.000","%a.s.","21.720","deg","20.000","°C","977.000","hPa","0.861","-0.02617","0.00035","0","0","13.56","Humid","26.25","0","44.00","378485.14","SABD0000000001","AAV1.0.0.11","4.0.0.2323","PSt7-10","170328-019","7/29/2022 11:23:46 AM","0000-00","0","no battery","V","","µV","","µV"
"08/11/2022","10:36:49","6","default","383292078","Oxt_06","52.901","min","93.404","%a.s.","Humid","21.121","deg","41668","µV","27.755","°C","1021.000","hPa","36.4","pmil","0","55.390","deg","20.000","°C","100.000","%a.s.","21.720","deg","20.000","°C","977.000","hPa","0.861","-0.02617","0.00035","0","0","13.56","Humid","26.25","0","44.00","378485.55","SABD0000000001","AAV1.0.0.11","4.0.0.2323","PSt7-10","170328-019","7/29/2022 11:23:46 AM","0000-00","0","no battery","V","","µV","","µV"
"08/11/2022","10:36:50","6","default","383292078","Oxt_06","52.918","min","93.442","%a.s.","Humid","21.113","deg","41672","µV","27.786","°C","1021.000","hPa","36.4","pmil","0","55.390","deg","20.000","°C","100.000","%a.s.","21.720","deg","20.000","°C","977.000","hPa","0.861","-0.02617","0.00035","0","0","13.56","Humid","26.25","0","44.00","378484.19","SABD0000000001","AAV1.0.0.11","4.0.0.2323","PSt7-10","170328-019","7/29/2022 11:23:46 AM","0000-00","0","no battery","V","","µV","","µV"
"08/11/2022","10:36:51","6","default","383292078","Oxt_06","52.934","min","93.333","%a.s.","Humid","21.127","deg","41670","µV","27.778","°C","1021.000","hPa","36.4","pmil","0","55.390","deg","20.000","°C","100.000","%a.s.","21.720","deg","20.000","°C","977.000","hPa","0.861","-0.02617","0.00035","0","0","13.56","Humid","26.25","0","44.00","378479.62","SABD0000000001","AAV1.0.0.11","4.0.0.2323","PSt7-10","170328-019","7/29/2022 11:23:46 AM","0000-00","0","no battery","V","","µV","","µV"
"08/11/2022","10:36:52","6","default","383292078","Oxt_06","52.951","min","93.310","%a.s.","Humid","21.130","deg","41672","µV","27.776","°C","1021.000","hPa","36.4","pmil","0","55.390","deg","20.000","°C","100.000","%a.s.","21.720","deg","20.000","°C","977.000","hPa","0.861","-0.02617","0.00035","0","0","13.56","Humid","26.25","0","44.00","378480.18","SABD0000000001","AAV1.0.0.11","4.0.0.2323","PSt7-10","170328-019","7/29/2022 11:23:46 AM","0000-00","0","no battery","V","","µV","","µV"
"08/11/2022","10:36:53","6","default","383292078","Oxt_06","52.968","min","93.333","%a.s.","Humid","21.128","deg","41666","µV","27.769","°C","1021.000","hPa","36.4","pmil","0","55.390","deg","20.000","°C","100.000","%a.s.","21.720","deg","20.000","°C","977.000","hPa","0.861","-0.02617","0.00035","0","0","13.56","Humid","26.25","0","44.00","378476.84","SABD0000000001","AAV1.0.0.11","4.0.0.2323","PSt7-10","170328-019","7/29/2022 11:23:46 AM","0000-00","0","no battery","V","","µV","","µV"
"08/11/2022","10:36:54","6","default","383292078","Oxt_06","52.984","min","93.359","%a.s.","Humid","21.124","deg","41670","µV","27.776","°C","1021.000","hPa","36.4","pmil","0","55.390","deg","20.000","°C","100.000","%a.s.","21.720","deg","20.000","°C","977.000","hPa","0.861","-0.02617","0.00035","0","0","13.56","Humid","26.25","0","44.00","378486.73","SABD0000000001","AAV1.0.0.11","4.0.0.2323","PSt7-10","170328-019","7/29/2022 11:23:46 AM","0000-00","0","no battery","V","","µV","","µV"
"08/11/2022","10:36:55","6","default","383292078","Oxt_06","53.001","min","93.389","%a.s.","Humid","21.121","deg","41673","µV","27.771","°C","1021.000","hPa","36.4","pmil","0","55.390","deg","20.000","°C","100.000","%a.s.","21.720","deg","20.000","°C","977.000","hPa","0.861","-0.02617","0.00035","0","0","13.56","Humid","26.25","0","44.00","378489.59","SABD0000000001","AAV1.0.0.11","4.0.0.2323","PSt7-10","170328-019","7/29/2022 11:23:46 AM","0000-00","0","no battery","V","","µV","","µV"
"08/11/2022","10:36:56","6","default","383292078","Oxt_06","53.017","min","93.416","%a.s.","Humid","21.117","deg","41676","µV","27.778","°C","1021.000","hPa","36.4","pmil","0","55.390","deg","20.000","°C","100.000","%a.s.","21.720","deg","20.000","°C","977.000","hPa","0.861","-0.02617","0.00035","0","0","13.56","Humid","26.25","0","44.00","378469.62","SABD0000000001","AAV1.0.0.11","4.0.0.2323","PSt7-10","170328-019","7/29/2022 11:23:46 AM","0000-00","0","no battery","V","","µV","","µV"
"08/11/2022","10:36:57","6","default","383292078","Oxt_06","53.034","min","93.367","%a.s.","Humid","21.123","deg","41672","µV","27.777","°C","1021.000","hPa","36.4","pmil","0","55.390","deg","20.000","°C","100.000","%a.s.","21.720","deg","20.000","°C","977.000","hPa","0.861","-0.02617","0.00035","0","0","13.56","Humid","26.25","0","44.00","378491.08","SABD0000000001","AAV1.0.0.11","4.0.0.2323","PSt7-10","170328-019","7/29/2022 11:23:46 AM","0000-00","0","no battery","V","","µV","","µV"
"08/11/2022","10:36:58","6","default","383292078","Oxt_06","53.050","min","93.360","%a.s.","Humid","21.125","deg","41664","µV","27.767","°C","1021.000","hPa","36.4","pmil","0","55.390","deg","20.000","°C","100.000","%a.s.","21.720","deg","20.000","°C","977.000","hPa","0.861","-0.02617","0.00035","0","0","13.56","Humid","26.25","0","44.00","378476.74","SABD0000000001","AAV1.0.0.11","4.0.0.2323","PSt7-10","170328-019","7/29/2022 11:23:46 AM","0000-00","0","no battery","V","","µV","","µV"
"08/11/2022","10:36:59","6","default","383292078","Oxt_06","53.067","min","93.339","%a.s.","Humid","21.126","deg","41673","µV","27.780","°C","1021.000","hPa","36.4","pmil","0","55.390","deg","20.000","°C","100.000","%a.s.","21.720","deg","20.000","°C","977.000","hPa","0.861","-0.02617","0.00035","0","0","13.56","Humid","26.25","0","44.00","378487.87","SABD0000000001","AAV1.0.0.11","4.0.0.2323","PSt7-10","170328-019","7/29/2022 11:23:46 AM","0000-00","0","no battery","V","","µV","","µV"
"08/11/2022","10:37:00","6","default","383292078","Oxt_06","53.084","min","93.359","%a.s.","Humid","21.124","deg","41670","µV","27.777","°C","1021.000","hPa","36.4","pmil","0","55.390","deg","20.000","°C","100.000","%a.s.","21.720","deg","20.000","°C","977.000","hPa","0.861","-0.02617","0.00035","0","0","13.56","Humid","26.25","0","44.00","378473.25","SABD0000000001","AAV1.0.0.11","4.0.0.2323","PSt7-10","170328-019","7/29/2022 11:23:46 AM","0000-00","0","no battery","V","","µV","","µV"
"08/11/2022","10:37:01","6","default","383292078","Oxt_06","53.100","min","93.361","%a.s.","Humid","21.123","deg","41675","µV","27.784","°C","1021.000","hPa","36.4","pmil","0","55.390","deg","20.000","°C","100.000","%a.s.","21.720","deg","20.000","°C","977.000","hPa","0.861","-0.02617","0.00035","0","0","13.56","Humid","26.25","0","44.00","378488.32","SABD0000000001","AAV1.0.0.11","4.0.0.2323","PSt7-10","170328-019","7/29/2022 11:23:46 AM","0000-00","0","no battery","V","","µV","","µV"
"08/11/2022","10:37:02","6","default","383292078","Oxt_06","53.117","min","93.343","%a.s.","Humid","21.128","deg","41676","µV","27.758","°C","1021.000","hPa","36.4","pmil","0","55.390","deg","20.000","°C","100.000","%a.s.","21.720","deg","20.000","°C","977.000","hPa","0.861","-0.02617","0.00035","0","0","13.56","Humid","26.25","0","44.00","378487.58","SABD0000000001","AAV1.0.0.11","4.0.0.2323","PSt7-10","170328-019","7/29/2022 11:23:46 AM","0000-00","0","no battery","V","","µV","","µV"
"08/11/2022","10:37:03","6","default","383292078","Oxt_06","53.134","min","93.411","%a.s.","Humid","21.120","deg","41676","µV","27.756","°C","1021.000","hPa","36.4","pmil","0","55.390","deg","20.000","°C","100.000","%a.s.","21.720","deg","20.000","°C","977.000","hPa","0.861","-0.02617","0.00035","0","0","13.56","Humid","26.25","0","44.00","378492.02","SABD0000000001","AAV1.0.0.11","4.0.0.2323","PSt7-10","170328-019","7/29/2022 11:23:46 AM","0000-00","0","no battery","V","","µV","","µV"
"08/11/2022","10:37:04","6","default","383292078","Oxt_06","53.150","min","93.340","%a.s.","Humid","21.127","deg","41675","µV","27.771","°C","1021.000","hPa","36.4","pmil","0","55.390","deg","20.000","°C","100.000","%a.s.","21.720","deg","20.000","°C","977.000","hPa","0.861","-0.02617","0.00035","0","0","13.56","Humid","26.25","0","44.00","378481.27","SABD0000000001","AAV1.0.0.11","4.0.0.2323","PSt7-10","170328-019","7/29/2022 11:23:46 AM","0000-00","0","no battery","V","","µV","","µV"
"08/11/2022","10:37:05","6","default","383292078","Oxt_06","53.167","min","93.261","%a.s.","Humid","21.137","deg","41676","µV","27.767","°C","1021.000","hPa","36.4","pmil","0","55.390","deg","20.000","°C","100.000","%a.s.","21.720","deg","20.000","°C","977.000","hPa","0.861","-0.02617","0.00035","0","0","13.56","Humid","26.25","0","44.00","378464.17","SABD0000000001","AAV1.0.0.11","4.0.0.2323","PSt7-10","170328-019","7/29/2022 11:23:46 AM","0000-00","0","no battery","V","","µV","","µV"
"08/11/2022","10:37:06","6","default","383292078","Oxt_06","53.184","min","93.315","%a.s.","Humid","21.131","deg","41669","µV","27.761","°C","1021.000","hPa","36.4","pmil","0","55.390","deg","20.000","°C","100.000","%a.s.","21.720","deg","20.000","°C","977.000","hPa","0.861","-0.02617","0.00035","0","0","13.56","Humid","26.25","0","44.00","378466.83","SABD0000000001","AAV1.0.0.11","4.0.0.2323","PSt7-10","170328-019","7/29/2022 11:23:46 AM","0000-00","0","no battery","V","","µV","","µV"
"08/11/2022","10:37:07","6","default","383292078","Oxt_06","53.201","min","93.350","%a.s.","Humid","21.127","deg","41673","µV","27.759","°C","1021.000","hPa","36.4","pmil","0","55.390","deg","20.000","°C","100.000","%a.s.","21.720","deg","20.000","°C","977.000","hPa","0.861","-0.02617","0.00035","0","0","13.56","Humid","26.25","0","44.00","378469.04","SABD0000000001","AAV1.0.0.11","4.0.0.2323","PSt7-10","170328-019","7/29/2022 11:23:46 AM","0000-00","0","no battery","V","","µV","","µV"
"08/11/2022","10:37:08","6","default","383292078","Oxt_06","53.217","min","93.317","%a.s.","Humid","21.131","deg","41678","µV","27.760","°C","1021.000","hPa","36.4","pmil","0","55.390","deg","20.000","°C","100.000","%a.s.","21.720","deg","20.000","°C","977.000","hPa","0.861","-0.02617","0.00035","0","0","13.56","Humid","26.25","0","44.00","378473.19","SABD0000000001","AAV1.0.0.11","4.0.0.2323","PSt7-10","170328-019","7/29/2022 11:23:46 AM","0000-00","0","no battery","V","","µV","","µV"
"08/11/2022","10:37:09","6","default","383292078","Oxt_06","53.234","min","93.389","%a.s.","Humid","21.121","deg","41674","µV","27.772","°C","1021.000","hPa","36.4","pmil","0","55.390","deg","20.000","°C","100.000","%a.s.","21.720","deg","20.000","°C","977.000","hPa","0.861","-0.02617","0.00035","0","0","13.56","Humid","26.25","0","44.00","378475.74","SABD0000000001","AAV1.0.0.11","4.0.0.2323","PSt7-10","170328-019","7/29/2022 11:23:46 AM","0000-00","0","no battery","V","","µV","","µV"
"08/11/2022","10:37:10","6","default","383292078","Oxt_06","53.251","min","93.243","%a.s.","Humid","21.137","deg","41672","µV","27.787","°C","1021.000","hPa","36.4","pmil","0","55.390","deg","20.000","°C","100.000","%a.s.","21.720","deg","20.000","°C","977.000","hPa","0.861","-0.02617","0.00035","0","0","13.56","Humid","26.25","0","44.00","378468.87","SABD0000000001","AAV1.0.0.11","4.0.0.2323","PSt7-10","170328-019","7/29/2022 11:23:46 AM","0000-00","0","no battery","V","","µV","","µV"
"08/11/2022","10:37:11","6","default","383292078","Oxt_06","53.267","min","93.253","%a.s.","Humid","21.136","deg","41675","µV","27.785","°C","1021.000","hPa","36.4","pmil","0","55.390","deg","20.000","°C","100.000","%a.s.","21.720","deg","20.000","°C","977.000","hPa","0.861","-0.02617","0.00035","0","0","13.56","Humid","26.25","0","44.00","378469.41","SABD0000000001","AAV1.0.0.11","4.0.0.2323","PSt7-10","170328-019","7/29/2022 11:23:46 AM","0000-00","0","no battery","V","","µV","","µV"
"08/11/2022","10:37:12","6","default","383292078","Oxt_06","53.284","min","93.327","%a.s.","Humid","21.127","deg","41676","µV","27.785","°C","1021.000","hPa","36.4","pmil","0","55.390","deg","20.000","°C","100.000","%a.s.","21.720","deg","20.000","°C","977.000","hPa","0.861","-0.02617","0.00035","0","0","13.56","Humid","26.25","0","44.00","378472.57","SABD0000000001","AAV1.0.0.11","4.0.0.2323","PSt7-10","170328-019","7/29/2022 11:23:46 AM","0000-00","0","no battery","V","","µV","","µV"
"08/11/2022","10:37:13","6","default","383292078","Oxt_06","53.301","min","93.298","%a.s.","Humid","21.132","deg","41679","µV","27.771","°C","1021.000","hPa","36.4","pmil","0","55.390","deg","20.000","°C","100.000","%a.s.","21.720","deg","20.000","°C","977.000","hPa","0.861","-0.02617","0.00035","0","0","13.56","Humid","26.25","0","44.00","378492.13","SABD0000000001","AAV1.0.0.11","4.0.0.2323","PSt7-10","170328-019","7/29/2022 11:23:46 AM","0000-00","0","no battery","V","","µV","","µV"
"08/11/2022","10:37:14","6","default","383292078","Oxt_06","53.317","min","93.340","%a.s.","Humid","21.127","deg","41678","µV","27.770","°C","1021.000","hPa","36.4","pmil","0","55.390","deg","20.000","°C","100.000","%a.s.","21.720","deg","20.000","°C","977.000","hPa","0.861","-0.02617","0.00035","0","0","13.56","Humid","26.25","0","44.00","378465.02","SABD0000000001","AAV1.0.0.11","4.0.0.2323","PSt7-10","170328-019","7/29/2022 11:23:46 AM","0000-00","0","no battery","V","","µV","","µV"
"08/11/2022","10:37:15","6","default","383292078","Oxt_06","53.334","min","93.387","%a.s.","Humid","21.121","deg","41679","µV","27.774","°C","1021.000","hPa","36.4","pmil","0","55.390","deg","20.000","°C","100.000","%a.s.","21.720","deg","20.000","°C","977.000","hPa","0.861","-0.02617","0.00035","0","0","13.56","Humid","26.25","0","44.00","378479.33","SABD0000000001","AAV1.0.0.11","4.0.0.2323","PSt7-10","170328-019","7/29/2022 11:23:46 AM","0000-00","0","no battery","V","","µV","","µV"
"08/11/2022","10:37:16","6","default","383292078","Oxt_06","53.351","min","93.309","%a.s.","Humid","21.129","deg","41681","µV","27.787","°C","1021.000","hPa","36.4","pmil","0","55.390","deg","20.000","°C","100.000","%a.s.","21.720","deg","20.000","°C","977.000","hPa","0.861","-0.02617","0.00035","0","0","13.56","Humid","26.25","0","44.00","378472.36","SABD0000000001","AAV1.0.0.11","4.0.0.2323","PSt7-10","170328-019","7/29/2022 11:23:46 AM","0000-00","0","no battery","V","","µV","","µV"
"08/11/2022","10:37:17","6","default","383292078","Oxt_06","53.367","min","93.348","%a.s.","Humid","21.125","deg","41678","µV","27.780","°C","1021.000","hPa","36.4","pmil","0","55.390","deg","20.000","°C","100.000","%a.s.","21.720","deg","20.000","°C","977.000","hPa","0.861","-0.02617","0.00035","0","0","13.56","Humid","26.25","0","44.00","378462.22","SABD0000000001","AAV1.0.0.11","4.0.0.2323","PSt7-10","170328-019","7/29/2022 11:23:46 AM","0000-00","0","no battery","V","","µV","","µV"
"08/11/2022","10:37:18","6","default","383292078","Oxt_06","53.384","min","93.322","%a.s.","Humid","21.129","deg","41683","µV","27.772","°C","1021.000","hPa","36.4","pmil","0","55.390","deg","20.000","°C","100.000","%a.s.","21.720","deg","20.000","°C","977.000","hPa","0.861","-0.02617","0.00035","0","0","13.56","Humid","26.25","0","44.00","378460.07","SABD0000000001","AAV1.0.0.11","4.0.0.2323","PSt7-10","170328-019","7/29/2022 11:23:46 AM","0000-00","0","no battery","V","","µV","","µV"
"08/11/2022","10:37:19","6","default","383292078","Oxt_06","53.401","min","93.310","%a.s.","Humid","21.130","deg","41677","µV","27.776","°C","1021.000","hPa","36.4","pmil","0","55.390","deg","20.000","°C","100.000","%a.s.","21.720","deg","20.000","°C","977.000","hPa","0.861","-0.02617","0.00035","0","0","13.56","Humid","26.25","0","44.00","378459.72","SABD0000000001","AAV1.0.0.11","4.0.0.2323","PSt7-10","170328-019","7/29/2022 11:23:46 AM","0000-00","0","no battery","V","","µV","","µV"
"08/11/2022","10:37:20","6","default","383292078","Oxt_06","53.417","min","93.307","%a.s.","Humid","21.130","deg","41677","µV","27.779","°C","1021.000","hPa","36.4","pmil","0","55.390","deg","20.000","°C","100.000","%a.s.","21.720","deg","20.000","°C","977.000","hPa","0.861","-0.02617","0.00035","0","0","13.56","Humid","26.25","0","44.00","378457.70","SABD0000000001","AAV1.0.0.11","4.0.0.2323","PSt7-10","170328-019","7/29/2022 11:23:46 AM","0000-00","0","no battery","V","","µV","","µV"
"08/11/2022","10:37:21","6","default","383292078","Oxt_06","53.434","min","93.316","%a.s.","Humid","21.130","deg","41682","µV","27.770","°C","1021.000","hPa","36.4","pmil","0","55.390","deg","20.000","°C","100.000","%a.s.","21.720","deg","20.000","°C","977.000","hPa","0.861","-0.02617","0.00035","0","0","13.56","Humid","26.25","0","44.00","378459.20","SABD0000000001","AAV1.0.0.11","4.0.0.2323","PSt7-10","170328-019","7/29/2022 11:23:46 AM","0000-00","0","no battery","V","","µV","","µV"
"08/11/2022","10:37:22","6","default","383292078","Oxt_06","53.451","min","93.285","%a.s.","Humid","21.134","deg","41679","µV","27.767","°C","1021.000","hPa","36.4","pmil","0","55.390","deg","20.000","°C","100.000","%a.s.","21.720","deg","20.000","°C","977.000","hPa","0.861","-0.02617","0.00035","0","0","13.56","Humid","26.25","0","44.00","378457.68","SABD0000000001","AAV1.0.0.11","4.0.0.2323","PSt7-10","170328-019","7/29/2022 11:23:46 AM","0000-00","0","no battery","V","","µV","","µV"
"08/11/2022","10:37:23","6","default","383292078","Oxt_06","53.468","min","93.330","%a.s.","Humid","21.128","deg","41686","µV","27.772","°C","1021.000","hPa","36.4","pmil","0","55.390","deg","20.000","°C","100.000","%a.s.","21.720","deg","20.000","°C","977.000","hPa","0.861","-0.02617","0.00035","0","0","13.56","Humid","26.25","0","44.00","378472.34","SABD0000000001","AAV1.0.0.11","4.0.0.2323","PSt7-10","170328-019","7/29/2022 11:23:46 AM","0000-00","0","no battery","V","","µV","","µV"
"08/11/2022","10:37:24","6","default","383292078","Oxt_06","53.484","min","93.256","%a.s.","Humid","21.136","deg","41678","µV","27.781","°C","1021.000","hPa","36.4","pmil","0","55.390","deg","20.000","°C","100.000","%a.s.","21.720","deg","20.000","°C","977.000","hPa","0.861","-0.02617","0.00035","0","0","13.56","Humid","26.25","0","44.00","378475.38","SABD0000000001","AAV1.0.0.11","4.0.0.2323","PSt7-10","170328-019","7/29/2022 11:23:46 AM","0000-00","0","no battery","V","","µV","","µV"
"08/11/2022","10:37:25","6","default","383292078","Oxt_06","53.501","min","93.259","%a.s.","Humid","21.136","deg","41683","µV","27.778","°C","1021.000","hPa","36.4","pmil","0","55.390","deg","20.000","°C","100.000","%a.s.","21.720","deg","20.000","°C","977.000","hPa","0.861","-0.02617","0.00035","0","0","13.56","Humid","26.25","0","44.00","378454.74","SABD0000000001","AAV1.0.0.11","4.0.0.2323","PSt7-10","170328-019","7/29/2022 11:23:46 AM","0000-00","0","no battery","V","","µV","","µV"
"08/11/2022","10:37:26","6","default","383292078","Oxt_06","53.518","min","93.275","%a.s.","Humid","21.134","deg","41680","µV","27.778","°C","1021.000","hPa","36.4","pmil","0","55.390","deg","20.000","°C","100.000","%a.s.","21.720","deg","20.000","°C","977.000","hPa","0.861","-0.02617","0.00035","0","0","13.56","Humid","26.25","0","44.00","378470.64","SABD0000000001","AAV1.0.0.11","4.0.0.2323","PSt7-10","170328-019","7/29/2022 11:23:46 AM","0000-00","0","no battery","V","","µV","","µV"
"08/11/2022","10:37:27","6","default","383292078","Oxt_06","53.534","min","93.322","%a.s.","Humid","21.130","deg","41681","µV","27.763","°C","1021.000","hPa","36.4","pmil","0","55.390","deg","20.000","°C","100.000","%a.s.","21.720","deg","20.000","°C","977.000","hPa","0.861","-0.02617","0.00035","0","0","13.56","Humid","26.25","0","44.00","378463.94","SABD0000000001","AAV1.0.0.11","4.0.0.2323","PSt7-10","170328-019","7/29/2022 11:23:46 AM","0000-00","0","no battery","V","","µV","","µV"
"08/11/2022","10:37:28","6","default","383292078","Oxt_06","53.551","min","93.342","%a.s.","Humid","21.127","deg","41682","µV","27.769","°C","1021.000","hPa","36.4","pmil","0","55.390","deg","20.000","°C","100.000","%a.s.","21.720","deg","20.000","°C","977.000","hPa","0.861","-0.02617","0.00035","0","0","13.56","Humid","26.25","0","44.00","378460.56","SABD0000000001","AAV1.0.0.11","4.0.0.2323","PSt7-10","170328-019","7/29/2022 11:23:46 AM","0000-00","0","no battery","V","","µV","","µV"
"08/11/2022","10:37:29","6","default","383292078","Oxt_06","53.568","min","93.293","%a.s.","Humid","21.132","deg","41684","µV","27.777","°C","1021.000","hPa","36.4","pmil","0","55.390","deg","20.000","°C","100.000","%a.s.","21.720","deg","20.000","°C","977.000","hPa","0.861","-0.02617","0.00035","0","0","13.56","Humid","26.25","0","44.00","378465.08","SABD0000000001","AAV1.0.0.11","4.0.0.2323","PSt7-10","170328-019","7/29/2022 11:23:46 AM","0000-00","0","no battery","V","","µV","","µV"
"08/11/2022","10:37:30","6","default","383292078","Oxt_06","53.584","min","93.332","%a.s.","Humid","21.127","deg","41683","µV","27.780","°C","1021.000","hPa","36.4","pmil","0","55.390","deg","20.000","°C","100.000","%a.s.","21.720","deg","20.000","°C","977.000","hPa","0.861","-0.02617","0.00035","0","0","13.56","Humid","26.25","0","44.00","378457.17","SABD0000000001","AAV1.0.0.11","4.0.0.2323","PSt7-10","170328-019","7/29/2022 11:23:46 AM","0000-00","0","no battery","V","","µV","","µV"
"08/11/2022","10:37:31","6","default","383292078","Oxt_06","53.601","min","93.306","%a.s.","Humid","21.129","deg","41682","µV","27.790","°C","1021.000","hPa","36.4","pmil","0","55.390","deg","20.000","°C","100.000","%a.s.","21.720","deg","20.000","°C","977.000","hPa","0.861","-0.02617","0.00035","0","0","13.56","Humid","26.25","0","44.00","378458.92","SABD0000000001","AAV1.0.0.11","4.0.0.2323","PSt7-10","170328-019","7/29/2022 11:23:46 AM","0000-00","0","no battery","V","","µV","","µV"
"08/11/2022","10:37:32","6","default","383292078","Oxt_06","53.618","min","93.283","%a.s.","Humid","21.133","deg","41681","µV","27.779","°C","1021.000","hPa","36.4","pmil","0","55.390","deg","20.000","°C","100.000","%a.s.","21.720","deg","20.000","°C","977.000","hPa","0.861","-0.02617","0.00035","0","0","13.56","Humid","26.25","0","44.00","378470.20","SABD0000000001","AAV1.0.0.11","4.0.0.2323","PSt7-10","170328-019","7/29/2022 11:23:46 AM","0000-00","0","no battery","V","","µV","","µV"
"08/11/2022","10:37:33","6","default","383292078","Oxt_06","53.634","min","93.306","%a.s.","Humid","21.130","deg","41689","µV","27.781","°C","1021.000","hPa","36.4","pmil","0","55.390","deg","20.000","°C","100.000","%a.s.","21.720","deg","20.000","°C","977.000","hPa","0.861","-0.02617","0.00035","0","0","13.56","Humid","26.25","0","44.00","378465.84","SABD0000000001","AAV1.0.0.11","4.0.0.2323","PSt7-10","170328-019","7/29/2022 11:23:46 AM","0000-00","0","no battery","V","","µV","","µV"
"08/11/2022","10:37:34","6","default","383292078","Oxt_06","53.651","min","93.286","%a.s.","Humid","21.132","deg","41688","µV","27.784","°C","1021.000","hPa","36.4","pmil","0","55.390","deg","20.000","°C","100.000","%a.s.","21.720","deg","20.000","°C","977.000","hPa","0.861","-0.02617","0.00035","0","0","13.56","Humid","26.25","0","44.00","378470.50","SABD0000000001","AAV1.0.0.11","4.0.0.2323","PSt7-10","170328-019","7/29/2022 11:23:46 AM","0000-00","0","no battery","V","","µV","","µV"
"08/11/2022","10:37:35","6","default","383292078","Oxt_06","53.668","min","93.294","%a.s.","Humid","21.132","deg","41684","µV","27.776","°C","1021.000","hPa","36.4","pmil","0","55.390","deg","20.000","°C","100.000","%a.s.","21.720","deg","20.000","°C","977.000","hPa","0.861","-0.02617","0.00035","0","0","13.56","Humid","26.25","0","44.00","378466.63","SABD0000000001","AAV1.0.0.11","4.0.0.2323","PSt7-10","170328-019","7/29/2022 11:23:46 AM","0000-00","0","no battery","V","","µV","","µV"
"08/11/2022","10:37:36","6","default","383292078","Oxt_06","53.684","min","93.304","%a.s.","Humid","21.131","deg","41681","µV","27.774","°C","1021.000","hPa","36.4","pmil","0","55.390","deg","20.000","°C","100.000","%a.s.","21.720","deg","20.000","°C","977.000","hPa","0.861","-0.02617","0.00035","0","0","13.56","Humid","26.25","0","44.00","378462.46","SABD0000000001","AAV1.0.0.11","4.0.0.2323","PSt7-10","170328-019","7/29/2022 11:23:46 AM","0000-00","0","no battery","V","","µV","","µV"
"08/11/2022","10:37:37","6","default","383292078","Oxt_06","53.701","min","93.316","%a.s.","Humid","21.130","deg","41688","µV","27.769","°C","1021.000","hPa","36.4","pmil","0","55.390","deg","20.000","°C","100.000","%a.s.","21.720","deg","20.000","°C","977.000","hPa","0.861","-0.02617","0.00035","0","0","13.56","Humid","26.25","0","44.00","378464.28","SABD0000000001","AAV1.0.0.11","4.0.0.2323","PSt7-10","170328-019","7/29/2022 11:23:46 AM","0000-00","0","no battery","V","","µV","","µV"
"08/11/2022","10:37:38","6","default","383292078","Oxt_06","53.717","min","93.291","%a.s.","Humid","21.131","deg","41683","µV","27.788","°C","1021.000","hPa","36.4","pmil","0","55.390","deg","20.000","°C","100.000","%a.s.","21.720","deg","20.000","°C","977.000","hPa","0.861","-0.02617","0.00035","0","0","13.56","Humid","26.25","0","44.00","378461.94","SABD0000000001","AAV1.0.0.11","4.0.0.2323","PSt7-10","170328-019","7/29/2022 11:23:46 AM","0000-00","0","no battery","V","","µV","","µV"
"08/11/2022","10:37:39","6","default","383292078","Oxt_06","53.734","min","93.303","%a.s.","Humid","21.130","deg","41680","µV","27.784","°C","1021.000","hPa","36.4","pmil","0","55.390","deg","20.000","°C","100.000","%a.s.","21.720","deg","20.000","°C","977.000","hPa","0.861","-0.02617","0.00035","0","0","13.56","Humid","26.25","0","44.00","378454.34","SABD0000000001","AAV1.0.0.11","4.0.0.2323","PSt7-10","170328-019","7/29/2022 11:23:46 AM","0000-00","0","no battery","V","","µV","","µV"
"08/11/2022","10:37:40","6","default","383292078","Oxt_06","53.751","min","93.328","%a.s.","Humid","21.129","deg","41682","µV","27.765","°C","1021.000","hPa","36.4","pmil","0","55.390","deg","20.000","°C","100.000","%a.s.","21.720","deg","20.000","°C","977.000","hPa","0.861","-0.02617","0.00035","0","0","13.56","Humid","26.25","0","44.00","378456.37","SABD0000000001","AAV1.0.0.11","4.0.0.2323","PSt7-10","170328-019","7/29/2022 11:23:46 AM","0000-00","0","no battery","V","","µV","","µV"
"08/11/2022","10:37:41","6","default","383292078","Oxt_06","53.767","min","93.319","%a.s.","Humid","21.130","deg","41682","µV","27.766","°C","1021.000","hPa","36.4","pmil","0","55.390","deg","20.000","°C","100.000","%a.s.","21.720","deg","20.000","°C","977.000","hPa","0.861","-0.02617","0.00035","0","0","13.56","Humid","26.25","0","44.00","378470.61","SABD0000000001","AAV1.0.0.11","4.0.0.2323","PSt7-10","170328-019","7/29/2022 11:23:46 AM","0000-00","0","no battery","V","","µV","","µV"
"08/11/2022","10:37:42","6","default","383292078","Oxt_06","53.784","min","93.281","%a.s.","Humid","21.135","deg","41684","µV","27.763","°C","1021.000","hPa","36.4","pmil","0","55.390","deg","20.000","°C","100.000","%a.s.","21.720","deg","20.000","°C","977.000","hPa","0.861","-0.02617","0.00035","0","0","13.56","Humid","26.25","0","44.00","378454.96","SABD0000000001","AAV1.0.0.11","4.0.0.2323","PSt7-10","170328-019","7/29/2022 11:23:46 AM","0000-00","0","no battery","V","","µV","","µV"
"08/11/2022","10:37:43","6","default","383292078","Oxt_06","53.800","min","93.308","%a.s.","Humid","21.130","deg","41680","µV","27.779","°C","1021.000","hPa","36.4","pmil","0","55.390","deg","20.000","°C","100.000","%a.s.","21.720","deg","20.000","°C","977.000","hPa","0.861","-0.02617","0.00035","0","0","13.56","Humid","26.25","0","44.00","378427.90","SABD0000000001","AAV1.0.0.11","4.0.0.2323","PSt7-10","170328-019","7/29/2022 11:23:46 AM","0000-00","0","no battery","V","","µV","","µV"
"08/11/2022","10:37:44","6","default","383292078","Oxt_06","53.817","min","93.299","%a.s.","Humid","21.132","deg","41684","µV","27.770","°C","1021.000","hPa","36.4","pmil","0","55.390","deg","20.000","°C","100.000","%a.s.","21.720","deg","20.000","°C","977.000","hPa","0.861","-0.02617","0.00035","0","0","13.56","Humid","26.25","0","44.00","378450.92","SABD0000000001","AAV1.0.0.11","4.0.0.2323","PSt7-10","170328-019","7/29/2022 11:23:46 AM","0000-00","0","no battery","V","","µV","","µV"
"08/11/2022","10:37:45","6","default","383292078","Oxt_06","53.834","min","93.318","%a.s.","Humid","21.131","deg","41681","µV","27.758","°C","1021.000","hPa","36.4","pmil","0","55.390","deg","20.000","°C","100.000","%a.s.","21.720","deg","20.000","°C","977.000","hPa","0.861","-0.02617","0.00035","0","0","13.56","Humid","26.25","0","44.00","378451.86","SABD0000000001","AAV1.0.0.11","4.0.0.2323","PSt7-10","170328-019","7/29/2022 11:23:46 AM","0000-00","0","no battery","V","","µV","","µV"
"08/11/2022","10:37:46","6","default","383292078","Oxt_06","53.850","min","93.271","%a.s.","Humid","21.135","deg","41682","µV","27.773","°C","1021.000","hPa","36.4","pmil","0","55.390","deg","20.000","°C","100.000","%a.s.","21.720","deg","20.000","°C","977.000","hPa","0.861","-0.02617","0.00035","0","0","13.56","Humid","26.25","0","44.00","378457.18","SABD0000000001","AAV1.0.0.11","4.0.0.2323","PSt7-10","170328-019","7/29/2022 11:23:46 AM","0000-00","0","no battery","V","","µV","","µV"
"08/11/2022","10:37:47","6","default","383292078","Oxt_06","53.867","min","93.289","%a.s.","Humid","21.133","deg","41689","µV","27.772","°C","1021.000","hPa","36.4","pmil","0","55.390","deg","20.000","°C","100.000","%a.s.","21.720","deg","20.000","°C","977.000","hPa","0.861","-0.02617","0.00035","0","0","13.56","Humid","26.25","0","44.00","378461.07","SABD0000000001","AAV1.0.0.11","4.0.0.2323","PSt7-10","170328-019","7/29/2022 11:23:46 AM","0000-00","0","no battery","V","","µV","","µV"
"08/11/2022","10:37:48","6","default","383292078","Oxt_06","53.884","min","93.196","%a.s.","Humid","21.142","deg","41691","µV","27.793","°C","1021.000","hPa","36.4","pmil","0","55.390","deg","20.000","°C","100.000","%a.s.","21.720","deg","20.000","°C","977.000","hPa","0.861","-0.02617","0.00035","0","0","13.56","Humid","26.25","0","44.00","378456.49","SABD0000000001","AAV1.0.0.11","4.0.0.2323","PSt7-10","170328-019","7/29/2022 11:23:46 AM","0000-00","0","no battery","V","","µV","","µV"
"08/11/2022","10:37:49","6","default","383292078","Oxt_06","53.900","min","93.223","%a.s.","Humid","21.139","deg","41691","µV","27.791","°C","1021.000","hPa","36.4","pmil","0","55.390","deg","20.000","°C","100.000","%a.s.","21.720","deg","20.000","°C","977.000","hPa","0.861","-0.02617","0.00035","0","0","13.56","Humid","26.25","0","44.00","378461.36","SABD0000000001","AAV1.0.0.11","4.0.0.2323","PSt7-10","170328-019","7/29/2022 11:23:46 AM","0000-00","0","no battery","V","","µV","","µV"
"08/11/2022","10:37:50","6","default","383292078","Oxt_06","53.917","min","93.271","%a.s.","Humid","21.135","deg","41687","µV","27.774","°C","1021.000","hPa","36.4","pmil","0","55.390","deg","20.000","°C","100.000","%a.s.","21.720","deg","20.000","°C","977.000","hPa","0.861","-0.02617","0.00035","0","0","13.56","Humid","26.25","0","44.00","378461.26","SABD0000000001","AAV1.0.0.11","4.0.0.2323","PSt7-10","170328-019","7/29/2022 11:23:46 AM","0000-00","0","no battery","V","","µV","","µV"
"08/11/2022","10:37:51","6","default","383292078","Oxt_06","53.934","min","93.229","%a.s.","Humid","21.140","deg","41689","µV","27.775","°C","1021.000","hPa","36.4","pmil","0","55.390","deg","20.000","°C","100.000","%a.s.","21.720","deg","20.000","°C","977.000","hPa","0.861","-0.02617","0.00035","0","0","13.56","Humid","26.25","0","44.00","378445.51","SABD0000000001","AAV1.0.0.11","4.0.0.2323","PSt7-10","170328-019","7/29/2022 11:23:46 AM","0000-00","0","no battery","V","","µV","","µV"
"08/11/2022","10:37:52","6","default","383292078","Oxt_06","53.951","min","93.299","%a.s.","Humid","21.131","deg","41693","µV","27.779","°C","1021.000","hPa","36.4","pmil","0","55.390","deg","20.000","°C","100.000","%a.s.","21.720","deg","20.000","°C","977.000","hPa","0.861","-0.02617","0.00035","0","0","13.56","Humid","26.25","0","44.00","378452.56","SABD0000000001","AAV1.0.0.11","4.0.0.2323","PSt7-10","170328-019","7/29/2022 11:23:46 AM","0000-00","0","no battery","V","","µV","","µV"
"08/11/2022","10:37:53","6","default","383292078","Oxt_06","53.967","min","93.278","%a.s.","Humid","21.134","deg","41689","µV","27.775","°C","1021.000","hPa","36.4","pmil","0","55.390","deg","20.000","°C","100.000","%a.s.","21.720","deg","20.000","°C","977.000","hPa","0.861","-0.02617","0.00035","0","0","13.56","Humid","26.25","0","44.00","378448.94","SABD0000000001","AAV1.0.0.11","4.0.0.2323","PSt7-10","170328-019","7/29/2022 11:23:46 AM","0000-00","0","no battery","V","","µV","","µV"
"08/11/2022","10:37:54","6","default","383292078","Oxt_06","53.984","min","93.223","%a.s.","Humid","21.140","deg","41691","µV","27.781","°C","1021.000","hPa","36.4","pmil","0","55.390","deg","20.000","°C","100.000","%a.s.","21.720","deg","20.000","°C","977.000","hPa","0.861","-0.02617","0.00035","0","0","13.56","Humid","26.25","0","44.00","378444.37","SABD0000000001","AAV1.0.0.11","4.0.0.2323","PSt7-10","170328-019","7/29/2022 11:23:46 AM","0000-00","0","no battery","V","","µV","","µV"
"08/11/2022","10:37:55","6","default","383292078","Oxt_06","54.001","min","93.237","%a.s.","Humid","21.139","deg","41691","µV","27.775","°C","1021.000","hPa","36.4","pmil","0","55.390","deg","20.000","°C","100.000","%a.s.","21.720","deg","20.000","°C","977.000","hPa","0.861","-0.02617","0.00035","0","0","13.56","Humid","26.25","0","44.00","378445.47","SABD0000000001","AAV1.0.0.11","4.0.0.2323","PSt7-10","170328-019","7/29/2022 11:23:46 AM","0000-00","0","no battery","V","","µV","","µV"
"08/11/2022","10:37:56","6","default","383292078","Oxt_06","54.017","min","93.241","%a.s.","Humid","21.138","deg","41687","µV","27.780","°C","1021.000","hPa","36.4","pmil","0","55.390","deg","20.000","°C","100.000","%a.s.","21.720","deg","20.000","°C","977.000","hPa","0.861","-0.02617","0.00035","0","0","13.56","Humid","26.25","0","44.00","378436.76","SABD0000000001","AAV1.0.0.11","4.0.0.2323","PSt7-10","170328-019","7/29/2022 11:23:46 AM","0000-00","0","no battery","V","","µV","","µV"
"08/11/2022","10:37:57","6","default","383292078","Oxt_06","54.034","min","93.273","%a.s.","Humid","21.134","deg","41691","µV","27.780","°C","1021.000","hPa","36.4","pmil","0","55.390","deg","20.000","°C","100.000","%a.s.","21.720","deg","20.000","°C","977.000","hPa","0.861","-0.02617","0.00035","0","0","13.56","Humid","26.25","0","44.00","378443.64","SABD0000000001","AAV1.0.0.11","4.0.0.2323","PSt7-10","170328-019","7/29/2022 11:23:46 AM","0000-00","0","no battery","V","","µV","","µV"
"08/11/2022","10:37:58","6","default","383292078","Oxt_06","54.051","min","93.352","%a.s.","Humid","21.125","deg","41690","µV","27.776","°C","1021.000","hPa","36.4","pmil","0","55.390","deg","20.000","°C","100.000","%a.s.","21.720","deg","20.000","°C","977.000","hPa","0.861","-0.02617","0.00035","0","0","13.56","Humid","26.25","0","44.00","378445.69","SABD0000000001","AAV1.0.0.11","4.0.0.2323","PSt7-10","170328-019","7/29/2022 11:23:46 AM","0000-00","0","no battery","V","","µV","","µV"
"08/11/2022","10:37:59","6","default","383292078","Oxt_06","54.067","min","93.261","%a.s.","Humid","21.136","deg","41690","µV","27.775","°C","1021.000","hPa","36.4","pmil","0","55.390","deg","20.000","°C","100.000","%a.s.","21.720","deg","20.000","°C","977.000","hPa","0.861","-0.02617","0.00035","0","0","13.56","Humid","26.25","0","44.00","378443.39","SABD0000000001","AAV1.0.0.11","4.0.0.2323","PSt7-10","170328-019","7/29/2022 11:23:46 AM","0000-00","0","no battery","V","","µV","","µV"
"08/11/2022","10:38:00","6","default","383292078","Oxt_06","54.084","min","93.226","%a.s.","Humid","21.141","deg","41696","µV","27.769","°C","1021.000","hPa","36.4","pmil","0","55.390","deg","20.000","°C","100.000","%a.s.","21.720","deg","20.000","°C","977.000","hPa","0.861","-0.02617","0.00035","0","0","13.56","Humid","26.25","0","44.00","378453.71","SABD0000000001","AAV1.0.0.11","4.0.0.2323","PSt7-10","170328-019","7/29/2022 11:23:46 AM","0000-00","0","no battery","V","","µV","","µV"
"08/11/2022","10:38:01","6","default","383292078","Oxt_06","54.101","min","93.224","%a.s.","Humid","21.140","deg","41692","µV","27.780","°C","1021.000","hPa","36.4","pmil","0","55.390","deg","20.000","°C","100.000","%a.s.","21.720","deg","20.000","°C","977.000","hPa","0.861","-0.02617","0.00035","0","0","13.56","Humid","26.25","0","44.00","378450.92","SABD0000000001","AAV1.0.0.11","4.0.0.2323","PSt7-10","170328-019","7/29/2022 11:23:46 AM","0000-00","0","no battery","V","","µV","","µV"
"08/11/2022","10:38:02","6","default","383292078","Oxt_06","54.117","min","93.271","%a.s.","Humid","21.134","deg","41693","µV","27.782","°C","1021.000","hPa","36.4","pmil","0","55.390","deg","20.000","°C","100.000","%a.s.","21.720","deg","20.000","°C","977.000","hPa","0.861","-0.02617","0.00035","0","0","13.56","Humid","26.25","0","44.00","378448.81","SABD0000000001","AAV1.0.0.11","4.0.0.2323","PSt7-10","170328-019","7/29/2022 11:23:46 AM","0000-00","0","no battery","V","","µV","","µV"
"08/11/2022","10:38:03","6","default","383292078","Oxt_06","54.134","min","93.252","%a.s.","Humid","21.136","deg","41699","µV","27.786","°C","1021.000","hPa","36.4","pmil","0","55.390","deg","20.000","°C","100.000","%a.s.","21.720","deg","20.000","°C","977.000","hPa","0.861","-0.02617","0.00035","0","0","13.56","Humid","26.25","0","44.00","378452.87","SABD0000000001","AAV1.0.0.11","4.0.0.2323","PSt7-10","170328-019","7/29/2022 11:23:46 AM","0000-00","0","no battery","V","","µV","","µV"
"08/11/2022","10:38:04","6","default","383292078","Oxt_06","54.151","min","93.285","%a.s.","Humid","21.132","deg","41695","µV","27.786","°C","1021.000","hPa","36.4","pmil","0","55.390","deg","20.000","°C","100.000","%a.s.","21.720","deg","20.000","°C","977.000","hPa","0.861","-0.02617","0.00035","0","0","13.56","Humid","26.25","0","44.00","378445.31","SABD0000000001","AAV1.0.0.11","4.0.0.2323","PSt7-10","170328-019","7/29/2022 11:23:46 AM","0000-00","0","no battery","V","","µV","","µV"
"08/11/2022","10:38:05","6","default","383292078","Oxt_06","54.168","min","93.241","%a.s.","Humid","21.140","deg","41691","µV","27.762","°C","1021.000","hPa","36.4","pmil","0","55.390","deg","20.000","°C","100.000","%a.s.","21.720","deg","20.000","°C","977.000","hPa","0.861","-0.02617","0.00035","0","0","13.56","Humid","26.25","0","44.00","378455.82","SABD0000000001","AAV1.0.0.11","4.0.0.2323","PSt7-10","170328-019","7/29/2022 11:23:46 AM","0000-00","0","no battery","V","","µV","","µV"
"08/11/2022","10:38:06","6","default","383292078","Oxt_06","54.184","min","93.242","%a.s.","Humid","21.140","deg","41694","µV","27.760","°C","1021.000","hPa","36.4","pmil","0","55.390","deg","20.000","°C","100.000","%a.s.","21.720","deg","20.000","°C","977.000","hPa","0.861","-0.02617","0.00035","0","0","13.56","Humid","26.25","0","44.00","378446.21","SABD0000000001","AAV1.0.0.11","4.0.0.2323","PSt7-10","170328-019","7/29/2022 11:23:46 AM","0000-00","0","no battery","V","","µV","","µV"
"08/11/2022","10:38:07","6","default","383292078","Oxt_06","54.201","min","93.300","%a.s.","Humid","21.130","deg","41698","µV","27.787","°C","1021.000","hPa","36.4","pmil","0","55.390","deg","20.000","°C","100.000","%a.s.","21.720","deg","20.000","°C","977.000","hPa","0.861","-0.02617","0.00035","0","0","13.56","Humid","26.25","0","44.00","378442.12","SABD0000000001","AAV1.0.0.11","4.0.0.2323","PSt7-10","170328-019","7/29/2022 11:23:46 AM","0000-00","0","no battery","V","","µV","","µV"
"08/11/2022","10:38:08","6","default","383292078","Oxt_06","54.218","min","93.253","%a.s.","Humid","21.135","deg","41692","µV","27.794","°C","1021.000","hPa","36.4","pmil","0","55.390","deg","20.000","°C","100.000","%a.s.","21.720","deg","20.000","°C","977.000","hPa","0.861","-0.02617","0.00035","0","0","13.56","Humid","26.25","0","44.00","378436.69","SABD0000000001","AAV1.0.0.11","4.0.0.2323","PSt7-10","170328-019","7/29/2022 11:23:46 AM","0000-00","0","no battery","V","","µV","","µV"
"08/11/2022","10:38:09","6","default","383292078","Oxt_06","54.234","min","93.265","%a.s.","Humid","21.134","deg","41696","µV","27.789","°C","1021.000","hPa","36.4","pmil","0","55.390","deg","20.000","°C","100.000","%a.s.","21.720","deg","20.000","°C","977.000","hPa","0.861","-0.02617","0.00035","0","0","13.56","Humid","26.25","0","44.00","378428.21","SABD0000000001","AAV1.0.0.11","4.0.0.2323","PSt7-10","170328-019","7/29/2022 11:23:46 AM","0000-00","0","no battery","V","","µV","","µV"
"08/11/2022","10:38:10","6","default","383292078","Oxt_06","54.251","min","93.269","%a.s.","Humid","21.135","deg","41700","µV","27.776","°C","1021.000","hPa","36.4","pmil","0","55.390","deg","20.000","°C","100.000","%a.s.","21.720","deg","20.000","°C","977.000","hPa","0.861","-0.02617","0.00035","0","0","13.56","Humid","26.25","0","44.00","378421.81","SABD0000000001","AAV1.0.0.11","4.0.0.2323","PSt7-10","170328-019","7/29/2022 11:23:46 AM","0000-00","0","no battery","V","","µV","","µV"
"08/11/2022","10:38:11","6","default","383292078","Oxt_06","54.268","min","93.258","%a.s.","Humid","21.137","deg","41699","µV","27.770","°C","1021.000","hPa","36.4","pmil","0","55.390","deg","20.000","°C","100.000","%a.s.","21.720","deg","20.000","°C","977.000","hPa","0.861","-0.02617","0.00035","0","0","13.56","Humid","26.25","0","44.00","378426.13","SABD0000000001","AAV1.0.0.11","4.0.0.2323","PSt7-10","170328-019","7/29/2022 11:23:46 AM","0000-00","0","no battery","V","","µV","","µV"
"08/11/2022","10:38:12","6","default","383292078","Oxt_06","54.284","min","93.258","%a.s.","Humid","21.137","deg","41697","µV","27.769","°C","1021.000","hPa","36.4","pmil","0","55.390","deg","20.000","°C","100.000","%a.s.","21.720","deg","20.000","°C","977.000","hPa","0.861","-0.02617","0.00035","0","0","13.56","Humid","26.25","0","44.00","378430.27","SABD0000000001","AAV1.0.0.11","4.0.0.2323","PSt7-10","170328-019","7/29/2022 11:23:46 AM","0000-00","0","no battery","V","","µV","","µV"
"08/11/2022","10:38:13","6","default","383292078","Oxt_06","54.301","min","93.222","%a.s.","Humid","21.139","deg","41696","µV","27.791","°C","1021.000","hPa","36.4","pmil","0","55.390","deg","20.000","°C","100.000","%a.s.","21.720","deg","20.000","°C","977.000","hPa","0.861","-0.02617","0.00035","0","0","13.56","Humid","26.25","0","44.00","378448.41","SABD0000000001","AAV1.0.0.11","4.0.0.2323","PSt7-10","170328-019","7/29/2022 11:23:46 AM","0000-00","0","no battery","V","","µV","","µV"
"08/11/2022","10:38:14","6","default","383292078","Oxt_06","54.318","min","93.238","%a.s.","Humid","21.140","deg","41693","µV","27.765","°C","1021.000","hPa","36.4","pmil","0","55.390","deg","20.000","°C","100.000","%a.s.","21.720","deg","20.000","°C","977.000","hPa","0.861","-0.02617","0.00035","0","0","13.56","Humid","26.25","0","44.00","378422.07","SABD0000000001","AAV1.0.0.11","4.0.0.2323","PSt7-10","170328-019","7/29/2022 11:23:46 AM","0000-00","0","no battery","V","","µV","","µV"
"08/11/2022","10:38:15","6","default","383292078","Oxt_06","54.334","min","93.276","%a.s.","Humid","21.135","deg","41698","µV","27.768","°C","1021.000","hPa","36.4","pmil","0","55.390","deg","20.000","°C","100.000","%a.s.","21.720","deg","20.000","°C","977.000","hPa","0.861","-0.02617","0.00035","0","0","13.56","Humid","26.25","0","44.00","378430.80","SABD0000000001","AAV1.0.0.11","4.0.0.2323","PSt7-10","170328-019","7/29/2022 11:23:46 AM","0000-00","0","no battery","V","","µV","","µV"
"08/11/2022","10:38:16","6","default","383292078","Oxt_06","54.351","min","93.217","%a.s.","Humid","21.141","deg","41698","µV","27.778","°C","1021.000","hPa","36.4","pmil","0","55.390","deg","20.000","°C","100.000","%a.s.","21.720","deg","20.000","°C","977.000","hPa","0.861","-0.02617","0.00035","0","0","13.56","Humid","26.25","0","44.00","378436.15","SABD0000000001","AAV1.0.0.11","4.0.0.2323","PSt7-10","170328-019","7/29/2022 11:23:46 AM","0000-00","0","no battery","V","","µV","","µV"
"08/11/2022","10:38:17","6","default","383292078","Oxt_06","54.367","min","93.291","%a.s.","Humid","21.131","deg","41694","µV","27.788","°C","1021.000","hPa","36.4","pmil","0","55.390","deg","20.000","°C","100.000","%a.s.","21.720","deg","20.000","°C","977.000","hPa","0.861","-0.02617","0.00035","0","0","13.56","Humid","26.25","0","44.00","378432.92","SABD0000000001","AAV1.0.0.11","4.0.0.2323","PSt7-10","170328-019","7/29/2022 11:23:46 AM","0000-00","0","no battery","V","","µV","","µV"
"08/11/2022","10:38:18","6","default","383292078","Oxt_06","54.384","min","93.261","%a.s.","Humid","21.136","deg","41690","µV","27.776","°C","1021.000","hPa","36.4","pmil","0","55.390","deg","20.000","°C","100.000","%a.s.","21.720","deg","20.000","°C","977.000","hPa","0.861","-0.02617","0.00035","0","0","13.56","Humid","26.25","0","44.00","378431.90","SABD0000000001","AAV1.0.0.11","4.0.0.2323","PSt7-10","170328-019","7/29/2022 11:23:46 AM","0000-00","0","no battery","V","","µV","","µV"
"08/11/2022","10:38:19","6","default","383292078","Oxt_06","54.400","min","93.261","%a.s.","Humid","21.135","deg","41691","µV","27.785","°C","1021.000","hPa","36.4","pmil","0","55.390","deg","20.000","°C","100.000","%a.s.","21.720","deg","20.000","°C","977.000","hPa","0.861","-0.02617","0.00035","0","0","13.56","Humid","26.25","0","44.00","378432.20","SABD0000000001","AAV1.0.0.11","4.0.0.2323","PSt7-10","170328-019","7/29/2022 11:23:46 AM","0000-00","0","no battery","V","","µV","","µV"
"08/11/2022","10:38:20","6","default","383292078","Oxt_06","54.417","min","93.234","%a.s.","Humid","21.140","deg","41696","µV","27.768","°C","1021.000","hPa","36.4","pmil","0","55.390","deg","20.000","°C","100.000","%a.s.","21.720","deg","20.000","°C","977.000","hPa","0.861","-0.02617","0.00035","0","0","13.56","Humid","26.25","0","44.00","378435.57","SABD0000000001","AAV1.0.0.11","4.0.0.2323","PSt7-10","170328-019","7/29/2022 11:23:46 AM","0000-00","0","no battery","V","","µV","","µV"
"08/11/2022","10:38:21","6","default","383292078","Oxt_06","54.434","min","93.237","%a.s.","Humid","21.139","deg","41702","µV","27.775","°C","1021.000","hPa","36.4","pmil","0","55.390","deg","20.000","°C","100.000","%a.s.","21.720","deg","20.000","°C","977.000","hPa","0.861","-0.02617","0.00035","0","0","13.56","Humid","26.25","0","44.00","378418.14","SABD0000000001","AAV1.0.0.11","4.0.0.2323","PSt7-10","170328-019","7/29/2022 11:23:46 AM","0000-00","0","no battery","V","","µV","","µV"
"08/11/2022","10:38:22","6","default","383292078","Oxt_06","54.450","min","93.254","%a.s.","Humid","21.136","deg","41700","µV","27.784","°C","1021.000","hPa","36.4","pmil","0","55.390","deg","20.000","°C","100.000","%a.s.","21.720","deg","20.000","°C","977.000","hPa","0.861","-0.02617","0.00035","0","0","13.56","Humid","26.25","0","44.00","378426.82","SABD0000000001","AAV1.0.0.11","4.0.0.2323","PSt7-10","170328-019","7/29/2022 11:23:46 AM","0000-00","0","no battery","V","","µV","","µV"
"08/11/2022","10:38:23","6","default","383292078","Oxt_06","54.467","min","93.255","%a.s.","Humid","21.137","deg","41697","µV","27.773","°C","1021.000","hPa","36.4","pmil","0","55.390","deg","20.000","°C","100.000","%a.s.","21.720","deg","20.000","°C","977.000","hPa","0.861","-0.02617","0.00035","0","0","13.56","Humid","26.25","0","44.00","378440.01","SABD0000000001","AAV1.0.0.11","4.0.0.2323","PSt7-10","170328-019","7/29/2022 11:23:46 AM","0000-00","0","no battery","V","","µV","","µV"
"08/11/2022","10:38:24","6","default","383292078","Oxt_06","54.484","min","93.174","%a.s.","Humid","21.145","deg","41699","µV","27.789","°C","1021.000","hPa","36.4","pmil","0","55.390","deg","20.000","°C","100.000","%a.s.","21.720","deg","20.000","°C","977.000","hPa","0.861","-0.02617","0.00035","0","0","13.56","Humid","26.25","0","44.00","378428.11","SABD0000000001","AAV1.0.0.11","4.0.0.2323","PSt7-10","170328-019","7/29/2022 11:23:46 AM","0000-00","0","no battery","V","","µV","","µV"
"08/11/2022","10:38:25","6","default","383292078","Oxt_06","54.500","min","93.211","%a.s.","Humid","21.144","deg","41701","µV","27.758","°C","1021.000","hPa","36.4","pmil","0","55.390","deg","20.000","°C","100.000","%a.s.","21.720","deg","20.000","°C","977.000","hPa","0.861","-0.02617","0.00035","0","0","13.56","Humid","26.25","0","44.00","378434.39","SABD0000000001","AAV1.0.0.11","4.0.0.2323","PSt7-10","170328-019","7/29/2022 11:23:46 AM","0000-00","0","no battery","V","","µV","","µV"
"08/11/2022","10:38:26","6","default","383292078","Oxt_06","54.517","min","93.228","%a.s.","Humid","21.142","deg","41707","µV","27.757","°C","1021.000","hPa","36.4","pmil","0","55.390","deg","20.000","°C","100.000","%a.s.","21.720","deg","20.000","°C","977.000","hPa","0.861","-0.02617","0.00035","0","0","13.56","Humid","26.25","0","44.00","378435.17","SABD0000000001","AAV1.0.0.11","4.0.0.2323","PSt7-10","170328-019","7/29/2022 11:23:46 AM","0000-00","0","no battery","V","","µV","","µV"
"08/11/2022","10:38:27","6","default","383292078","Oxt_06","54.534","min","93.221","%a.s.","Humid","21.140","deg","41702","µV","27.784","°C","1021.000","hPa","36.4","pmil","0","55.390","deg","20.000","°C","100.000","%a.s.","21.720","deg","20.000","°C","977.000","hPa","0.861","-0.02617","0.00035","0","0","13.56","Humid","26.25","0","44.00","378444.28","SABD0000000001","AAV1.0.0.11","4.0.0.2323","PSt7-10","170328-019","7/29/2022 11:23:46 AM","0000-00","0","no battery","V","","µV","","µV"
"08/11/2022","10:38:28","6","default","383292078","Oxt_06","54.550","min","93.206","%a.s.","Humid","21.141","deg","41700","µV","27.791","°C","1021.000","hPa","36.4","pmil","0","55.390","deg","20.000","°C","100.000","%a.s.","21.720","deg","20.000","°C","977.000","hPa","0.861","-0.02617","0.00035","0","0","13.56","Humid","26.25","0","44.00","378425.51","SABD0000000001","AAV1.0.0.11","4.0.0.2323","PSt7-10","170328-019","7/29/2022 11:23:46 AM","0000-00","0","no battery","V","","µV","","µV"
"08/11/2022","10:38:29","6","default","383292078","Oxt_06","54.567","min","93.203","%a.s.","Humid","21.142","deg","41705","µV","27.785","°C","1021.000","hPa","36.4","pmil","0","55.390","deg","20.000","°C","100.000","%a.s.","21.720","deg","20.000","°C","977.000","hPa","0.861","-0.02617","0.00035","0","0","13.56","Humid","26.25","0","44.00","378433.64","SABD0000000001","AAV1.0.0.11","4.0.0.2323","PSt7-10","170328-019","7/29/2022 11:23:46 AM","0000-00","0","no battery","V","","µV","","µV"
"08/11/2022","10:38:30","6","default","383292078","Oxt_06","54.584","min","93.296","%a.s.","Humid","21.131","deg","41706","µV","27.782","°C","1021.000","hPa","36.4","pmil","0","55.390","deg","20.000","°C","100.000","%a.s.","21.720","deg","20.000","°C","977.000","hPa","0.861","-0.02617","0.00035","0","0","13.56","Humid","26.25","0","44.00","378429.22","SABD0000000001","AAV1.0.0.11","4.0.0.2323","PSt7-10","170328-019","7/29/2022 11:23:46 AM","0000-00","0","no battery","V","","µV","","µV"
"08/11/2022","10:38:31","6","default","383292078","Oxt_06","54.601","min","93.255","%a.s.","Humid","21.136","deg","41702","µV","27.782","°C","1021.000","hPa","36.4","pmil","0","55.390","deg","20.000","°C","100.000","%a.s.","21.720","deg","20.000","°C","977.000","hPa","0.861","-0.02617","0.00035","0","0","13.56","Humid","26.25","0","44.00","378431.10","SABD0000000001","AAV1.0.0.11","4.0.0.2323","PSt7-10","170328-019","7/29/2022 11:23:46 AM","0000-00","0","no battery","V","","µV","","µV"
"08/11/2022","10:38:32","6","default","383292078","Oxt_06","54.617","min","93.286","%a.s.","Humid","21.133","deg","41699","µV","27.776","°C","1021.000","hPa","36.4","pmil","0","55.390","deg","20.000","°C","100.000","%a.s.","21.720","deg","20.000","°C","977.000","hPa","0.861","-0.02617","0.00035","0","0","13.56","Humid","26.25","0","44.00","378426.91","SABD0000000001","AAV1.0.0.11","4.0.0.2323","PSt7-10","170328-019","7/29/2022 11:23:46 AM","0000-00","0","no battery","V","","µV","","µV"
"08/11/2022","10:38:33","6","default","383292078","Oxt_06","54.634","min","93.229","%a.s.","Humid","21.139","deg","41706","µV","27.784","°C","1021.000","hPa","36.4","pmil","0","55.390","deg","20.000","°C","100.000","%a.s.","21.720","deg","20.000","°C","977.000","hPa","0.861","-0.02617","0.00035","0","0","13.56","Humid","26.25","0","44.00","378434.68","SABD0000000001","AAV1.0.0.11","4.0.0.2323","PSt7-10","170328-019","7/29/2022 11:23:46 AM","0000-00","0","no battery","V","","µV","","µV"
"08/11/2022","10:38:34","6","default","383292078","Oxt_06","54.651","min","93.255","%a.s.","Humid","21.137","deg","41706","µV","27.773","°C","1021.000","hPa","36.4","pmil","0","55.390","deg","20.000","°C","100.000","%a.s.","21.720","deg","20.000","°C","977.000","hPa","0.861","-0.02617","0.00035","0","0","13.56","Humid","26.25","0","44.00","378429.27","SABD0000000001","AAV1.0.0.11","4.0.0.2323","PSt7-10","170328-019","7/29/2022 11:23:46 AM","0000-00","0","no battery","V","","µV","","µV"
"08/11/2022","10:38:35","6","default","383292078","Oxt_06","54.667","min","93.226","%a.s.","Humid","21.140","deg","41705","µV","27.777","°C","1021.000","hPa","36.4","pmil","0","55.390","deg","20.000","°C","100.000","%a.s.","21.720","deg","20.000","°C","977.000","hPa","0.861","-0.02617","0.00035","0","0","13.56","Humid","26.25","0","44.00","378426.81","SABD0000000001","AAV1.0.0.11","4.0.0.2323","PSt7-10","170328-019","7/29/2022 11:23:46 AM","0000-00","0","no battery","V","","µV","","µV"
"08/11/2022","10:38:36","6","default","383292078","Oxt_06","54.684","min","93.204","%a.s.","Humid","21.142","deg","41697","µV","27.784","°C","1021.000","hPa","36.4","pmil","0","55.390","deg","20.000","°C","100.000","%a.s.","21.720","deg","20.000","°C","977.000","hPa","0.861","-0.02617","0.00035","0","0","13.56","Humid","26.25","0","44.00","378417.13","SABD0000000001","AAV1.0.0.11","4.0.0.2323","PSt7-10","170328-019","7/29/2022 11:23:46 AM","0000-00","0","no battery","V","","µV","","µV"
"08/11/2022","10:38:37","6","default","383292078","Oxt_06","54.701","min","93.209","%a.s.","Humid","21.142","deg","41703","µV","27.778","°C","1021.000","hPa","36.4","pmil","0","55.390","deg","20.000","°C","100.000","%a.s.","21.720","deg","20.000","°C","977.000","hPa","0.861","-0.02617","0.00035","0","0","13.56","Humid","26.25","0","44.00","378426.24","SABD0000000001","AAV1.0.0.11","4.0.0.2323","PSt7-10","170328-019","7/29/2022 11:23:46 AM","0000-00","0","no battery","V","","µV","","µV"
"08/11/2022","10:38:38","6","default","383292078","Oxt_06","54.717","min","93.213","%a.s.","Humid","21.141","deg","41700","µV","27.784","°C","1021.000","hPa","36.4","pmil","0","55.390","deg","20.000","°C","100.000","%a.s.","21.720","deg","20.000","°C","977.000","hPa","0.861","-0.02617","0.00035","0","0","13.56","Humid","26.25","0","44.00","378408.29","SABD0000000001","AAV1.0.0.11","4.0.0.2323","PSt7-10","170328-019","7/29/2022 11:23:46 AM","0000-00","0","no battery","V","","µV","","µV"
"08/11/2022","10:38:39","6","default","383292078","Oxt_06","54.734","min","93.209","%a.s.","Humid","21.142","deg","41705","µV","27.779","°C","1021.000","hPa","36.4","pmil","0","55.390","deg","20.000","°C","100.000","%a.s.","21.720","deg","20.000","°C","977.000","hPa","0.861","-0.02617","0.00035","0","0","13.56","Humid","26.25","0","44.00","378416.13","SABD0000000001","AAV1.0.0.11","4.0.0.2323","PSt7-10","170328-019","7/29/2022 11:23:46 AM","0000-00","0","no battery","V","","µV","","µV"
"08/11/2022","10:38:40","6","default","383292078","Oxt_06","54.751","min","93.184","%a.s.","Humid","21.145","deg","41709","µV","27.779","°C","1021.000","hPa","36.4","pmil","0","55.390","deg","20.000","°C","100.000","%a.s.","21.720","deg","20.000","°C","977.000","hPa","0.861","-0.02617","0.00035","0","0","13.56","Humid","26.25","0","44.00","378405.99","SABD0000000001","AAV1.0.0.11","4.0.0.2323","PSt7-10","170328-019","7/29/2022 11:23:46 AM","0000-00","0","no battery","V","","µV","","µV"
"08/11/2022","10:38:41","6","default","383292078","Oxt_06","54.767","min","93.232","%a.s.","Humid","21.140","deg","41709","µV","27.772","°C","1021.000","hPa","36.4","pmil","0","55.390","deg","20.000","°C","100.000","%a.s.","21.720","deg","20.000","°C","977.000","hPa","0.861","-0.02617","0.00035","0","0","13.56","Humid","26.25","0","44.00","378412.32","SABD0000000001","AAV1.0.0.11","4.0.0.2323","PSt7-10","170328-019","7/29/2022 11:23:46 AM","0000-00","0","no battery","V","","µV","","µV"
"08/11/2022","10:38:42","6","default","383292078","Oxt_06","54.784","min","93.240","%a.s.","Humid","21.139","deg","41704","µV","27.772","°C","1021.000","hPa","36.4","pmil","0","55.390","deg","20.000","°C","100.000","%a.s.","21.720","deg","20.000","°C","977.000","hPa","0.861","-0.02617","0.00035","0","0","13.56","Humid","26.25","0","44.00","378407.51","SABD0000000001","AAV1.0.0.11","4.0.0.2323","PSt7-10","170328-019","7/29/2022 11:23:46 AM","0000-00","0","no battery","V","","µV","","µV"
"08/11/2022","10:38:43","6","default","383292078","Oxt_06","54.801","min","93.219","%a.s.","Humid","21.142","deg","41703","µV","27.767","°C","1021.000","hPa","36.4","pmil","0","55.390","deg","20.000","°C","100.000","%a.s.","21.720","deg","20.000","°C","977.000","hPa","0.861","-0.02617","0.00035","0","0","13.56","Humid","26.25","0","44.00","378419.11","SABD0000000001","AAV1.0.0.11","4.0.0.2323","PSt7-10","170328-019","7/29/2022 11:23:46 AM","0000-00","0","no battery","V","","µV","","µV"
"08/11/2022","10:38:44","6","default","383292078","Oxt_06","54.817","min","93.131","%a.s.","Humid","21.152","deg","41707","µV","27.773","°C","1021.000","hPa","36.4","pmil","0","55.390","deg","20.000","°C","100.000","%a.s.","21.720","deg","20.000","°C","977.000","hPa","0.861","-0.02617","0.00035","0","0","13.56","Humid","26.25","0","44.00","378408.34","SABD0000000001","AAV1.0.0.11","4.0.0.2323","PSt7-10","170328-019","7/29/2022 11:23:46 AM","0000-00","0","no battery","V","","µV","","µV"
"08/11/2022","10:38:45","6","default","383292078","Oxt_06","54.834","min","93.198","%a.s.","Humid","21.143","deg","41706","µV","27.782","°C","1021.000","hPa","36.4","pmil","0","55.390","deg","20.000","°C","100.000","%a.s.","21.720","deg","20.000","°C","977.000","hPa","0.861","-0.02617","0.00035","0","0","13.56","Humid","26.25","0","44.00","378400.85","SABD0000000001","AAV1.0.0.11","4.0.0.2323","PSt7-10","170328-019","7/29/2022 11:23:46 AM","0000-00","0","no battery","V","","µV","","µV"
"08/11/2022","10:38:46","6","default","383292078","Oxt_06","54.851","min","93.196","%a.s.","Humid","21.142","deg","41703","µV","27.793","°C","1021.000","hPa","36.4","pmil","0","55.390","deg","20.000","°C","100.000","%a.s.","21.720","deg","20.000","°C","977.000","hPa","0.861","-0.02617","0.00035","0","0","13.56","Humid","26.25","0","44.00","378414.42","SABD0000000001","AAV1.0.0.11","4.0.0.2323","PSt7-10","170328-019","7/29/2022 11:23:46 AM","0000-00","0","no battery","V","","µV","","µV"
"08/11/2022","10:38:47","6","default","383292078","Oxt_06","54.868","min","93.115","%a.s.","Humid","21.152","deg","41713","µV","27.791","°C","1021.000","hPa","36.4","pmil","0","55.390","deg","20.000","°C","100.000","%a.s.","21.720","deg","20.000","°C","977.000","hPa","0.861","-0.02617","0.00035","0","0","13.56","Humid","26.25","0","44.00","378409.22","SABD0000000001","AAV1.0.0.11","4.0.0.2323","PSt7-10","170328-019","7/29/2022 11:23:46 AM","0000-00","0","no battery","V","","µV","","µV"
"08/11/2022","10:38:48","6","default","383292078","Oxt_06","54.884","min","93.198","%a.s.","Humid","21.142","deg","41712","µV","27.791","°C","1021.000","hPa","36.4","pmil","0","55.390","deg","20.000","°C","100.000","%a.s.","21.720","deg","20.000","°C","977.000","hPa","0.861","-0.02617","0.00035","0","0","13.56","Humid","26.25","0","44.00","378405.31","SABD0000000001","AAV1.0.0.11","4.0.0.2323","PSt7-10","170328-019","7/29/2022 11:23:46 AM","0000-00","0","no battery","V","","µV","","µV"
"08/11/2022","10:38:49","6","default","383292078","Oxt_06","54.901","min","93.244","%a.s.","Humid","21.136","deg","41707","µV","27.795","°C","1021.000","hPa","36.4","pmil","0","55.390","deg","20.000","°C","100.000","%a.s.","21.720","deg","20.000","°C","977.000","hPa","0.861","-0.02617","0.00035","0","0","13.56","Humid","26.25","0","44.00","378399.02","SABD0000000001","AAV1.0.0.11","4.0.0.2323","PSt7-10","170328-019","7/29/2022 11:23:46 AM","0000-00","0","no battery","V","","µV","","µV"
"08/11/2022","10:38:50","6","default","383292078","Oxt_06","54.918","min","93.208","%a.s.","Humid","21.141","deg","41712","µV","27.789","°C","1021.000","hPa","36.4","pmil","0","55.390","deg","20.000","°C","100.000","%a.s.","21.720","deg","20.000","°C","977.000","hPa","0.861","-0.02617","0.00035","0","0","13.56","Humid","26.25","0","44.00","378409.54","SABD0000000001","AAV1.0.0.11","4.0.0.2323","PSt7-10","170328-019","7/29/2022 11:23:46 AM","0000-00","0","no battery","V","","µV","","µV"
"08/11/2022","10:38:51","6","default","383292078","Oxt_06","54.934","min","93.195","%a.s.","Humid","21.143","deg","41711","µV","27.785","°C","1021.000","hPa","36.4","pmil","0","55.390","deg","20.000","°C","100.000","%a.s.","21.720","deg","20.000","°C","977.000","hPa","0.861","-0.02617","0.00035","0","0","13.56","Humid","26.25","0","44.00","378396.73","SABD0000000001","AAV1.0.0.11","4.0.0.2323","PSt7-10","170328-019","7/29/2022 11:23:46 AM","0000-00","0","no battery","V","","µV","","µV"
"08/11/2022","10:38:52","6","default","383292078","Oxt_06","54.951","min","93.228","%a.s.","Humid","21.140","deg","41712","µV","27.776","°C","1021.000","hPa","36.4","pmil","0","55.390","deg","20.000","°C","100.000","%a.s.","21.720","deg","20.000","°C","977.000","hPa","0.861","-0.02617","0.00035","0","0","13.56","Humid","26.25","0","44.00","378397.65","SABD0000000001","AAV1.0.0.11","4.0.0.2323","PSt7-10","170328-019","7/29/2022 11:23:46 AM","0000-00","0","no battery","V","","µV","","µV"
"08/11/2022","10:38:53","6","default","383292078","Oxt_06","54.968","min","93.181","%a.s.","Humid","21.146","deg","41713","µV","27.773","°C","1021.000","hPa","36.4","pmil","0","55.390","deg","20.000","°C","100.000","%a.s.","21.720","deg","20.000","°C","977.000","hPa","0.861","-0.02617","0.00035","0","0","13.56","Humid","26.25","0","44.00","378412.80","SABD0000000001","AAV1.0.0.11","4.0.0.2323","PSt7-10","170328-019","7/29/2022 11:23:46 AM","0000-00","0","no battery","V","","µV","","µV"
"08/11/2022","10:38:54","6","default","383292078","Oxt_06","54.984","min","93.195","%a.s.","Humid","21.145","deg","41710","µV","27.766","°C","1021.000","hPa","36.4","pmil","0","55.390","deg","20.000","°C","100.000","%a.s.","21.720","deg","20.000","°C","977.000","hPa","0.861","-0.02617","0.00035","0","0","13.56","Humid","26.25","0","44.00","378415.30","SABD0000000001","AAV1.0.0.11","4.0.0.2323","PSt7-10","170328-019","7/29/2022 11:23:46 AM","0000-00","0","no battery","V","","µV","","µV"
"08/11/2022","10:38:55","6","default","383292078","Oxt_06","55.001","min","93.172","%a.s.","Humid","21.146","deg","41708","µV","27.783","°C","1021.000","hPa","36.4","pmil","0","55.390","deg","20.000","°C","100.000","%a.s.","21.720","deg","20.000","°C","977.000","hPa","0.861","-0.02617","0.00035","0","0","13.56","Humid","26.25","0","44.00","378408.31","SABD0000000001","AAV1.0.0.11","4.0.0.2323","PSt7-10","170328-019","7/29/2022 11:23:46 AM","0000-00","0","no battery","V","","µV","","µV"
"08/11/2022","10:38:56","6","default","383292078","Oxt_06","55.018","min","93.208","%a.s.","Humid","21.141","deg","41716","µV","27.789","°C","1021.000","hPa","36.4","pmil","0","55.390","deg","20.000","°C","100.000","%a.s.","21.720","deg","20.000","°C","977.000","hPa","0.861","-0.02617","0.00035","0","0","13.56","Humid","26.25","0","44.00","378426.23","SABD0000000001","AAV1.0.0.11","4.0.0.2323","PSt7-10","170328-019","7/29/2022 11:23:46 AM","0000-00","0","no battery","V","","µV","","µV"
"08/11/2022","10:38:57","6","default","383292078","Oxt_06","55.034","min","93.171","%a.s.","Humid","21.147","deg","41713","µV","27.775","°C","1021.000","hPa","36.4","pmil","0","55.390","deg","20.000","°C","100.000","%a.s.","21.720","deg","20.000","°C","977.000","hPa","0.861","-0.02617","0.00035","0","0","13.56","Humid","26.25","0","44.00","378402.91","SABD0000000001","AAV1.0.0.11","4.0.0.2323","PSt7-10","170328-019","7/29/2022 11:23:46 AM","0000-00","0","no battery","V","","µV","","µV"
"08/11/2022","10:38:58","6","default","383292078","Oxt_06","55.051","min","93.142","%a.s.","Humid","21.150","deg","41712","µV","27.780","°C","1021.000","hPa","36.4","pmil","0","55.390","deg","20.000","°C","100.000","%a.s.","21.720","deg","20.000","°C","977.000","hPa","0.861","-0.02617","0.00035","0","0","13.56","Humid","26.25","0","44.00","378415.39","SABD0000000001","AAV1.0.0.11","4.0.0.2323","PSt7-10","170328-019","7/29/2022 11:23:46 AM","0000-00","0","no battery","V","","µV","","µV"
"08/11/2022","10:38:59","6","default","383292078","Oxt_06","55.068","min","93.179","%a.s.","Humid","21.146","deg","41713","µV","27.775","°C","1021.000","hPa","36.4","pmil","0","55.390","deg","20.000","°C","100.000","%a.s.","21.720","deg","20.000","°C","977.000","hPa","0.861","-0.02617","0.00035","0","0","13.56","Humid","26.25","0","44.00","378411.20","SABD0000000001","AAV1.0.0.11","4.0.0.2323","PSt7-10","170328-019","7/29/2022 11:23:46 AM","0000-00","0","no battery","V","","µV","","µV"
"08/11/2022","10:39:00","6","default","383292078","Oxt_06","55.084","min","93.160","%a.s.","Humid","21.149","deg","41715","µV","27.769","°C","1021.000","hPa","36.4","pmil","0","55.390","deg","20.000","°C","100.000","%a.s.","21.720","deg","20.000","°C","977.000","hPa","0.861","-0.02617","0.00035","0","0","13.56","Humid","26.25","0","44.00","378404.03","SABD0000000001","AAV1.0.0.11","4.0.0.2323","PSt7-10","170328-019","7/29/2022 11:23:46 AM","0000-00","0","no battery","V","","µV","","µV"
"08/11/2022","10:39:01","6","default","383292078","Oxt_06","55.101","min","93.158","%a.s.","Humid","21.147","deg","41723","µV","27.789","°C","1021.000","hPa","36.4","pmil","0","55.390","deg","20.000","°C","100.000","%a.s.","21.720","deg","20.000","°C","977.000","hPa","0.861","-0.02617","0.00035","0","0","13.56","Humid","26.25","0","44.00","378415.77","SABD0000000001","AAV1.0.0.11","4.0.0.2323","PSt7-10","170328-019","7/29/2022 11:23:46 AM","0000-00","0","no battery","V","","µV","","µV"
"08/11/2022","10:39:02","6","default","383292078","Oxt_06","55.117","min","93.156","%a.s.","Humid","21.150","deg","41719","µV","27.764","°C","1021.000","hPa","36.4","pmil","0","55.390","deg","20.000","°C","100.000","%a.s.","21.720","deg","20.000","°C","977.000","hPa","0.861","-0.02617","0.00035","0","0","13.56","Humid","26.25","0","44.00","378417.83","SABD0000000001","AAV1.0.0.11","4.0.0.2323","PSt7-10","170328-019","7/29/2022 11:23:46 AM","0000-00","0","no battery","V","","µV","","µV"
"08/11/2022","10:39:03","6","default","383292078","Oxt_06","55.134","min","93.151","%a.s.","Humid","21.149","deg","41717","µV","27.778","°C","1021.000","hPa","36.4","pmil","0","55.390","deg","20.000","°C","100.000","%a.s.","21.720","deg","20.000","°C","977.000","hPa","0.861","-0.02617","0.00035","0","0","13.56","Humid","26.25","0","44.00","378423.04","SABD0000000001","AAV1.0.0.11","4.0.0.2323","PSt7-10","170328-019","7/29/2022 11:23:46 AM","0000-00","0","no battery","V","","µV","","µV"
"08/11/2022","10:39:04","6","default","383292078","Oxt_06","55.151","min","93.149","%a.s.","Humid","21.147","deg","41724","µV","27.799","°C","1021.000","hPa","36.4","pmil","0","55.390","deg","20.000","°C","100.000","%a.s.","21.720","deg","20.000","°C","977.000","hPa","0.861","-0.02617","0.00035","0","0","13.56","Humid","26.25","0","44.00","378419.73","SABD0000000001","AAV1.0.0.11","4.0.0.2323","PSt7-10","170328-019","7/29/2022 11:23:46 AM","0000-00","0","no battery","V","","µV","","µV"
"08/11/2022","10:39:05","6","default","383292078","Oxt_06","55.168","min","93.156","%a.s.","Humid","21.147","deg","41716","µV","27.792","°C","1021.000","hPa","36.4","pmil","0","55.390","deg","20.000","°C","100.000","%a.s.","21.720","deg","20.000","°C","977.000","hPa","0.861","-0.02617","0.00035","0","0","13.56","Humid","26.25","0","44.00","378424.89","SABD0000000001","AAV1.0.0.11","4.0.0.2323","PSt7-10","170328-019","7/29/2022 11:23:46 AM","0000-00","0","no battery","V","","µV","","µV"
"08/11/2022","10:39:06","6","default","383292078","Oxt_06","55.184","min","93.166","%a.s.","Humid","21.147","deg","41717","µV","27.780","°C","1021.000","hPa","36.4","pmil","0","55.390","deg","20.000","°C","100.000","%a.s.","21.720","deg","20.000","°C","977.000","hPa","0.861","-0.02617","0.00035","0","0","13.56","Humid","26.25","0","44.00","378420.96","SABD0000000001","AAV1.0.0.11","4.0.0.2323","PSt7-10","170328-019","7/29/2022 11:23:46 AM","0000-00","0","no battery","V","","µV","","µV"
"08/11/2022","10:39:07","6","default","383292078","Oxt_06","55.201","min","93.216","%a.s.","Humid","21.141","deg","41722","µV","27.780","°C","1021.000","hPa","36.4","pmil","0","55.390","deg","20.000","°C","100.000","%a.s.","21.720","deg","20.000","°C","977.000","hPa","0.861","-0.02617","0.00035","0","0","13.56","Humid","26.25","0","44.00","378404.88","SABD0000000001","AAV1.0.0.11","4.0.0.2323","PSt7-10","170328-019","7/29/2022 11:23:46 AM","0000-00","0","no battery","V","","µV","","µV"
"08/11/2022","10:39:08","6","default","383292078","Oxt_06","55.218","min","93.210","%a.s.","Humid","21.141","deg","41716","µV","27.787","°C","1021.000","hPa","36.4","pmil","0","55.390","deg","20.000","°C","100.000","%a.s.","21.720","deg","20.000","°C","977.000","hPa","0.861","-0.02617","0.00035","0","0","13.56","Humid","26.25","0","44.00","378406.66","SABD0000000001","AAV1.0.0.11","4.0.0.2323","PSt7-10","170328-019","7/29/2022 11:23:46 AM","0000-00","0","no battery","V","","µV","","µV"
"08/11/2022","10:39:09","6","default","383292078","Oxt_06","55.234","min","93.134","%a.s.","Humid","21.151","deg","41718","µV","27.779","°C","1021.000","hPa","36.4","pmil","0","55.390","deg","20.000","°C","100.000","%a.s.","21.720","deg","20.000","°C","977.000","hPa","0.861","-0.02617","0.00035","0","0","13.56","Humid","26.25","0","44.00","378403.25","SABD0000000001","AAV1.0.0.11","4.0.0.2323","PSt7-10","170328-019","7/29/2022 11:23:46 AM","0000-00","0","no battery","V","","µV","","µV"
"08/11/2022","10:39:10","6","default","383292078","Oxt_06","55.251","min","93.129","%a.s.","Humid","21.151","deg","41723","µV","27.785","°C","1021.000","hPa","36.4","pmil","0","55.390","deg","20.000","°C","100.000","%a.s.","21.720","deg","20.000","°C","977.000","hPa","0.861","-0.02617","0.00035","0","0","13.56","Humid","26.25","0","44.00","378410.69","SABD0000000001","AAV1.0.0.11","4.0.0.2323","PSt7-10","170328-019","7/29/2022 11:23:46 AM","0000-00","0","no battery","V","","µV","","µV"
"08/11/2022","10:39:11","6","default","383292078","Oxt_06","55.267","min","93.144","%a.s.","Humid","21.149","deg","41721","µV","27.787","°C","1021.000","hPa","36.4","pmil","0","55.390","deg","20.000","°C","100.000","%a.s.","21.720","deg","20.000","°C","977.000","hPa","0.861","-0.02617","0.00035","0","0","13.56","Humid","26.25","0","44.00","378410.56","SABD0000000001","AAV1.0.0.11","4.0.0.2323","PSt7-10","170328-019","7/29/2022 11:23:46 AM","0000-00","0","no battery","V","","µV","","µV"
"08/11/2022","10:39:12","6","default","383292078","Oxt_06","55.284","min","93.171","%a.s.","Humid","21.146","deg","41721","µV","27.784","°C","1021.000","hPa","36.4","pmil","0","55.390","deg","20.000","°C","100.000","%a.s.","21.720","deg","20.000","°C","977.000","hPa","0.861","-0.02617","0.00035","0","0","13.56","Humid","26.25","0","44.00","378406.32","SABD0000000001","AAV1.0.0.11","4.0.0.2323","PSt7-10","170328-019","7/29/2022 11:23:46 AM","0000-00","0","no battery","V","","µV","","µV"
"08/11/2022","10:39:13","6","default","383292078","Oxt_06","55.301","min","93.153","%a.s.","Humid","21.148","deg","41721","µV","27.785","°C","1021.000","hPa","36.4","pmil","0","55.390","deg","20.000","°C","100.000","%a.s.","21.720","deg","20.000","°C","977.000","hPa","0.861","-0.02617","0.00035","0","0","13.56","Humid","26.25","0","44.00","378400.67","SABD0000000001","AAV1.0.0.11","4.0.0.2323","PSt7-10","170328-019","7/29/2022 11:23:46 AM","0000-00","0","no battery","V","","µV","","µV"
"08/11/2022","10:39:14","6","default","383292078","Oxt_06","55.317","min","93.153","%a.s.","Humid","21.149","deg","41720","µV","27.776","°C","1021.000","hPa","36.4","pmil","0","55.390","deg","20.000","°C","100.000","%a.s.","21.720","deg","20.000","°C","977.000","hPa","0.861","-0.02617","0.00035","0","0","13.56","Humid","26.25","0","44.00","378407.66","SABD0000000001","AAV1.0.0.11","4.0.0.2323","PSt7-10","170328-019","7/29/2022 11:23:46 AM","0000-00","0","no battery","V","","µV","","µV"
"08/11/2022","10:39:15","6","default","383292078","Oxt_06","55.334","min","93.153","%a.s.","Humid","21.148","deg","41727","µV","27.786","°C","1021.000","hPa","36.4","pmil","0","55.390","deg","20.000","°C","100.000","%a.s.","21.720","deg","20.000","°C","977.000","hPa","0.861","-0.02617","0.00035","0","0","13.56","Humid","26.25","0","44.00","378404.92","SABD0000000001","AAV1.0.0.11","4.0.0.2323","PSt7-10","170328-019","7/29/2022 11:23:46 AM","0000-00","0","no battery","V","","µV","","µV"
"08/11/2022","10:39:16","6","default","383292078","Oxt_06","55.351","min","93.154","%a.s.","Humid","21.147","deg","41722","µV","27.794","°C","1021.000","hPa","36.4","pmil","0","55.390","deg","20.000","°C","100.000","%a.s.","21.720","deg","20.000","°C","977.000","hPa","0.861","-0.02617","0.00035","0","0","13.56","Humid","26.25","0","44.00","378397.09","SABD0000000001","AAV1.0.0.11","4.0.0.2323","PSt7-10","170328-019","7/29/2022 11:23:46 AM","0000-00","0","no battery","V","","µV","","µV"
"08/11/2022","10:39:17","6","default","383292078","Oxt_06","55.367","min","93.150","%a.s.","Humid","21.150","deg","41725","µV","27.770","°C","1021.000","hPa","36.4","pmil","0","55.390","deg","20.000","°C","100.000","%a.s.","21.720","deg","20.000","°C","977.000","hPa","0.861","-0.02617","0.00035","0","0","13.56","Humid","26.25","0","44.00","378392.53","SABD0000000001","AAV1.0.0.11","4.0.0.2323","PSt7-10","170328-019","7/29/2022 11:23:46 AM","0000-00","0","no battery","V","","µV","","µV"
"08/11/2022","10:39:18","6","default","383292078","Oxt_06","55.384","min","93.132","%a.s.","Humid","21.151","deg","41720","µV","27.782","°C","1021.000","hPa","36.4","pmil","0","55.390","deg","20.000","°C","100.000","%a.s.","21.720","deg","20.000","°C","977.000","hPa","0.861","-0.02617","0.00035","0","0","13.56","Humid","26.25","0","44.00","378402.36","SABD0000000001","AAV1.0.0.11","4.0.0.2323","PSt7-10","170328-019","7/29/2022 11:23:46 AM","0000-00","0","no battery","V","","µV","","µV"
"08/11/2022","10:39:19","6","default","383292078","Oxt_06","55.400","min","93.109","%a.s.","Humid","21.154","deg","41719","µV","27.780","°C","1021.000","hPa","36.4","pmil","0","55.390","deg","20.000","°C","100.000","%a.s.","21.720","deg","20.000","°C","977.000","hPa","0.861","-0.02617","0.00035","0","0","13.56","Humid","26.25","0","44.00","378399.24","SABD0000000001","AAV1.0.0.11","4.0.0.2323","PSt7-10","170328-019","7/29/2022 11:23:46 AM","0000-00","0","no battery","V","","µV","","µV"
"08/11/2022","10:39:20","6","default","383292078","Oxt_06","55.417","min","93.083","%a.s.","Humid","21.158","deg","41718","µV","27.772","°C","1021.000","hPa","36.4","pmil","0","55.390","deg","20.000","°C","100.000","%a.s.","21.720","deg","20.000","°C","977.000","hPa","0.861","-0.02617","0.00035","0","0","13.56","Humid","26.25","0","44.00","378389.89","SABD0000000001","AAV1.0.0.11","4.0.0.2323","PSt7-10","170328-019","7/29/2022 11:23:46 AM","0000-00","0","no battery","V","","µV","","µV"
"08/11/2022","10:39:21","6","default","383292078","Oxt_06","55.434","min","93.109","%a.s.","Humid","21.155","deg","41723","µV","27.770","°C","1021.000","hPa","36.4","pmil","0","55.390","deg","20.000","°C","100.000","%a.s.","21.720","deg","20.000","°C","977.000","hPa","0.861","-0.02617","0.00035","0","0","13.56","Humid","26.25","0","44.00","378407.55","SABD0000000001","AAV1.0.0.11","4.0.0.2323","PSt7-10","170328-019","7/29/2022 11:23:46 AM","0000-00","0","no battery","V","","µV","","µV"
"08/11/2022","10:39:22","6","default","383292078","Oxt_06","55.450","min","93.179","%a.s.","Humid","21.147","deg","41722","µV","27.766","°C","1021.000","hPa","36.4","pmil","0","55.390","deg","20.000","°C","100.000","%a.s.","21.720","deg","20.000","°C","977.000","hPa","0.861","-0.02617","0.00035","0","0","13.56","Humid","26.25","0","44.00","378382.49","SABD0000000001","AAV1.0.0.11","4.0.0.2323","PSt7-10","170328-019","7/29/2022 11:23:46 AM","0000-00","0","no battery","V","","µV","","µV"
"08/11/2022","10:39:23","6","default","383292078","Oxt_06","55.467","min","93.109","%a.s.","Humid","21.155","deg","41723","µV","27.770","°C","1021.000","hPa","36.4","pmil","0","55.390","deg","20.000","°C","100.000","%a.s.","21.720","deg","20.000","°C","977.000","hPa","0.861","-0.02617","0.00035","0","0","13.56","Humid","26.25","0","44.00","378399.76","SABD0000000001","AAV1.0.0.11","4.0.0.2323","PSt7-10","170328-019","7/29/2022 11:23:46 AM","0000-00","0","no battery","V","","µV","","µV"
"08/11/2022","10:39:24","6","default","383292078","Oxt_06","55.484","min","93.124","%a.s.","Humid","21.152","deg","41722","µV","27.782","°C","1021.000","hPa","36.4","pmil","0","55.390","deg","20.000","°C","100.000","%a.s.","21.720","deg","20.000","°C","977.000","hPa","0.861","-0.02617","0.00035","0","0","13.56","Humid","26.25","0","44.00","378385.20","SABD0000000001","AAV1.0.0.11","4.0.0.2323","PSt7-10","170328-019","7/29/2022 11:23:46 AM","0000-00","0","no battery","V","","µV","","µV"
"08/11/2022","10:39:25","6","default","383292078","Oxt_06","55.500","min","93.088","%a.s.","Humid","21.156","deg","41717","µV","27.784","°C","1021.000","hPa","36.4","pmil","0","55.390","deg","20.000","°C","100.000","%a.s.","21.720","deg","20.000","°C","977.000","hPa","0.861","-0.02617","0.00035","0","0","13.56","Humid","26.25","0","44.00","378374.28","SABD0000000001","AAV1.0.0.11","4.0.0.2323","PSt7-10","170328-019","7/29/2022 11:23:46 AM","0000-00","0","no battery","V","","µV","","µV"
"08/11/2022","10:39:26","6","default","383292078","Oxt_06","55.517","min","93.115","%a.s.","Humid","21.153","deg","41725","µV","27.782","°C","1021.000","hPa","36.4","pmil","0","55.390","deg","20.000","°C","100.000","%a.s.","21.720","deg","20.000","°C","977.000","hPa","0.861","-0.02617","0.00035","0","0","13.56","Humid","26.25","0","44.00","378389.53","SABD0000000001","AAV1.0.0.11","4.0.0.2323","PSt7-10","170328-019","7/29/2022 11:23:46 AM","0000-00","0","no battery","V","","µV","","µV"
"08/11/2022","10:39:27","6","default","383292078","Oxt_06","55.534","min","93.149","%a.s.","Humid","21.149","deg","41726","µV","27.781","°C","1021.000","hPa","36.4","pmil","0","55.390","deg","20.000","°C","100.000","%a.s.","21.720","deg","20.000","°C","977.000","hPa","0.861","-0.02617","0.00035","0","0","13.56","Humid","26.25","0","44.00","378396.81","SABD0000000001","AAV1.0.0.11","4.0.0.2323","PSt7-10","170328-019","7/29/2022 11:23:46 AM","0000-00","0","no battery","V","","µV","","µV"
"08/11/2022","10:39:28","6","default","383292078","Oxt_06","55.551","min","93.132","%a.s.","Humid","21.150","deg","41728","µV","27.791","°C","1021.000","hPa","36.4","pmil","0","55.390","deg","20.000","°C","100.000","%a.s.","21.720","deg","20.000","°C","977.000","hPa","0.861","-0.02617","0.00035","0","0","13.56","Humid","26.25","0","44.00","378405.28","SABD0000000001","AAV1.0.0.11","4.0.0.2323","PSt7-10","170328-019","7/29/2022 11:23:46 AM","0000-00","0","no battery","V","","µV","","µV"
"08/11/2022","10:39:29","6","default","383292078","Oxt_06","55.567","min","93.111","%a.s.","Humid","21.155","deg","41728","µV","27.768","°C","1021.000","hPa","36.4","pmil","0","55.390","deg","20.000","°C","100.000","%a.s.","21.720","deg","20.000","°C","977.000","hPa","0.861","-0.02617","0.00035","0","0","13.56","Humid","26.25","0","44.00","378388.83","SABD0000000001","AAV1.0.0.11","4.0.0.2323","PSt7-10","170328-019","7/29/2022 11:23:46 AM","0000-00","0","no battery","V","","µV","","µV"
"08/11/2022","10:39:30","6","default","383292078","Oxt_06","55.584","min","93.167","%a.s.","Humid","21.147","deg","41723","µV","27.780","°C","1021.000","hPa","36.4","pmil","0","55.390","deg","20.000","°C","100.000","%a.s.","21.720","deg","20.000","°C","977.000","hPa","0.861","-0.02617","0.00035","0","0","13.56","Humid","26.25","0","44.00","378401.63","SABD0000000001","AAV1.0.0.11","4.0.0.2323","PSt7-10","170328-019","7/29/2022 11:23:46 AM","0000-00","0","no battery","V","","µV","","µV"
"08/11/2022","10:39:31","6","default","383292078","Oxt_06","55.601","min","93.141","%a.s.","Humid","21.149","deg","41726","µV","27.790","°C","1021.000","hPa","36.4","pmil","0","55.390","deg","20.000","°C","100.000","%a.s.","21.720","deg","20.000","°C","977.000","hPa","0.861","-0.02617","0.00035","0","0","13.56","Humid","26.25","0","44.00","378393.29","SABD0000000001","AAV1.0.0.11","4.0.0.2323","PSt7-10","170328-019","7/29/2022 11:23:46 AM","0000-00","0","no battery","V","","µV","","µV"
"08/11/2022","10:39:32","6","default","383292078","Oxt_06","55.617","min","93.209","%a.s.","Humid","21.141","deg","41728","µV","27.787","°C","1021.000","hPa","36.4","pmil","0","55.390","deg","20.000","°C","100.000","%a.s.","21.720","deg","20.000","°C","977.000","hPa","0.861","-0.02617","0.00035","0","0","13.56","Humid","26.25","0","44.00","378399.40","SABD0000000001","AAV1.0.0.11","4.0.0.2323","PSt7-10","170328-019","7/29/2022 11:23:46 AM","0000-00","0","no battery","V","","µV","","µV"
"08/11/2022","10:39:33","6","default","383292078","Oxt_06","55.634","min","93.122","%a.s.","Humid","21.151","deg","41732","µV","27.792","°C","1021.000","hPa","36.4","pmil","0","55.390","deg","20.000","°C","100.000","%a.s.","21.720","deg","20.000","°C","977.000","hPa","0.861","-0.02617","0.00035","0","0","13.56","Humid","26.25","0","44.00","378393.35","SABD0000000001","AAV1.0.0.11","4.0.0.2323","PSt7-10","170328-019","7/29/2022 11:23:46 AM","0000-00","0","no battery","V","","µV","","µV"
"08/11/2022","10:39:34","6","default","383292078","Oxt_06","55.651","min","93.104","%a.s.","Humid","21.153","deg","41722","µV","27.794","°C","1021.000","hPa","36.4","pmil","0","55.390","deg","20.000","°C","100.000","%a.s.","21.720","deg","20.000","°C","977.000","hPa","0.861","-0.02617","0.00035","0","0","13.56","Humid","26.25","0","44.00","378388.61","SABD0000000001","AAV1.0.0.11","4.0.0.2323","PSt7-10","170328-019","7/29/2022 11:23:46 AM","0000-00","0","no battery","V","","µV","","µV"
"08/11/2022","10:39:35","6","default","383292078","Oxt_06","55.667","min","93.172","%a.s.","Humid","21.146","deg","41720","µV","27.783","°C","1021.000","hPa","36.4","pmil","0","55.390","deg","20.000","°C","100.000","%a.s.","21.720","deg","20.000","°C","977.000","hPa","0.861","-0.02617","0.00035","0","0","13.56","Humid","26.25","0","44.00","378389.78","SABD0000000001","AAV1.0.0.11","4.0.0.2323","PSt7-10","170328-019","7/29/2022 11:23:46 AM","0000-00","0","no battery","V","","µV","","µV"
"08/11/2022","10:39:36","6","default","383292078","Oxt_06","55.684","min","93.132","%a.s.","Humid","21.151","deg","41729","µV","27.782","°C","1021.000","hPa","36.4","pmil","0","55.390","deg","20.000","°C","100.000","%a.s.","21.720","deg","20.000","°C","977.000","hPa","0.861","-0.02617","0.00035","0","0","13.56","Humid","26.25","0","44.00","378364.46","SABD0000000001","AAV1.0.0.11","4.0.0.2323","PSt7-10","170328-019","7/29/2022 11:23:46 AM","0000-00","0","no battery","V","","µV","","µV"
"08/11/2022","10:39:37","6","default","383292078","Oxt_06","55.701","min","93.116","%a.s.","Humid","21.153","deg","41725","µV","27.781","°C","1021.000","hPa","36.4","pmil","0","55.390","deg","20.000","°C","100.000","%a.s.","21.720","deg","20.000","°C","977.000","hPa","0.861","-0.02617","0.00035","0","0","13.56","Humid","26.25","0","44.00","378399.85","SABD0000000001","AAV1.0.0.11","4.0.0.2323","PSt7-10","170328-019","7/29/2022 11:23:46 AM","0000-00","0","no battery","V","","µV","","µV"
"08/11/2022","10:39:38","6","default","383292078","Oxt_06","55.717","min","93.035","%a.s.","Humid","21.162","deg","41731","µV","27.788","°C","1021.000","hPa","36.4","pmil","0","55.390","deg","20.000","°C","100.000","%a.s.","21.720","deg","20.000","°C","977.000","hPa","0.861","-0.02617","0.00035","0","0","13.56","Humid","26.25","0","44.00","378392.06","SABD0000000001","AAV1.0.0.11","4.0.0.2323","PSt7-10","170328-019","7/29/2022 11:23:46 AM","0000-00","0","no battery","V","","µV","","µV"
"08/11/2022","10:39:39","6","default","383292078","Oxt_06","55.734","min","93.159","%a.s.","Humid","21.148","deg","41730","µV","27.779","°C","1021.000","hPa","36.4","pmil","0","55.390","deg","20.000","°C","100.000","%a.s.","21.720","deg","20.000","°C","977.000","hPa","0.861","-0.02617","0.00035","0","0","13.56","Humid","26.25","0","44.00","378389.01","SABD0000000001","AAV1.0.0.11","4.0.0.2323","PSt7-10","170328-019","7/29/2022 11:23:46 AM","0000-00","0","no battery","V","","µV","","µV"
"08/11/2022","10:39:40","6","default","383292078","Oxt_06","55.751","min","93.163","%a.s.","Humid","21.148","deg","41730","µV","27.775","°C","1021.000","hPa","36.4","pmil","0","55.390","deg","20.000","°C","100.000","%a.s.","21.720","deg","20.000","°C","977.000","hPa","0.861","-0.02617","0.00035","0","0","13.56","Humid","26.25","0","44.00","378388.06","SABD0000000001","AAV1.0.0.11","4.0.0.2323","PSt7-10","170328-019","7/29/2022 11:23:46 AM","0000-00","0","no battery","V","","µV","","µV"
"08/11/2022","10:39:41","6","default","383292078","Oxt_06","55.768","min","93.120","%a.s.","Humid","21.154","deg","41726","µV","27.768","°C","1021.000","hPa","36.4","pmil","0","55.390","deg","20.000","°C","100.000","%a.s.","21.720","deg","20.000","°C","977.000","hPa","0.861","-0.02617","0.00035","0","0","13.56","Humid","26.25","0","44.00","378394.92","SABD0000000001","AAV1.0.0.11","4.0.0.2323","PSt7-10","170328-019","7/29/2022 11:23:46 AM","0000-00","0","no battery","V","","µV","","µV"
"08/11/2022","10:39:42","6","default","383292078","Oxt_06","55.784","min","93.144","%a.s.","Humid","21.148","deg","41728","µV","27.796","°C","1021.000","hPa","36.4","pmil","0","55.390","deg","20.000","°C","100.000","%a.s.","21.720","deg","20.000","°C","977.000","hPa","0.861","-0.02617","0.00035","0","0","13.56","Humid","26.25","0","44.00","378384.53","SABD0000000001","AAV1.0.0.11","4.0.0.2323","PSt7-10","170328-019","7/29/2022 11:23:46 AM","0000-00","0","no battery","V","","µV","","µV"
"08/11/2022","10:39:43","6","default","383292078","Oxt_06","55.801","min","93.097","%a.s.","Humid","21.154","deg","41734","µV","27.793","°C","1021.000","hPa","36.4","pmil","0","55.390","deg","20.000","°C","100.000","%a.s.","21.720","deg","20.000","°C","977.000","hPa","0.861","-0.02617","0.00035","0","0","13.56","Humid","26.25","0","44.00","378386.67","SABD0000000001","AAV1.0.0.11","4.0.0.2323","PSt7-10","170328-019","7/29/2022 11:23:46 AM","0000-00","0","no battery","V","","µV","","µV"
"08/11/2022","10:39:44","6","default","383292078","Oxt_06","55.818","min","93.115","%a.s.","Humid","21.152","deg","41729","µV","27.792","°C","1021.000","hPa","36.4","pmil","0","55.390","deg","20.000","°C","100.000","%a.s.","21.720","deg","20.000","°C","977.000","hPa","0.861","-0.02617","0.00035","0","0","13.56","Humid","26.25","0","44.00","378375.83","SABD0000000001","AAV1.0.0.11","4.0.0.2323","PSt7-10","170328-019","7/29/2022 11:23:46 AM","0000-00","0","no battery","V","","µV","","µV"
"08/11/2022","10:39:45","6","default","383292078","Oxt_06","55.834","min","93.089","%a.s.","Humid","21.156","deg","41730","µV","27.783","°C","1021.000","hPa","36.4","pmil","0","55.390","deg","20.000","°C","100.000","%a.s.","21.720","deg","20.000","°C","977.000","hPa","0.861","-0.02617","0.00035","0","0","13.56","Humid","26.25","0","44.00","378375.73","SABD0000000001","AAV1.0.0.11","4.0.0.2323","PSt7-10","170328-019","7/29/2022 11:23:46 AM","0000-00","0","no battery","V","","µV","","µV"
"08/11/2022","10:39:46","6","default","383292078","Oxt_06","55.851","min","93.107","%a.s.","Humid","21.154","deg","41730","µV","27.782","°C","1021.000","hPa","36.4","pmil","0","55.390","deg","20.000","°C","100.000","%a.s.","21.720","deg","20.000","°C","977.000","hPa","0.861","-0.02617","0.00035","0","0","13.56","Humid","26.25","0","44.00","378377.79","SABD0000000001","AAV1.0.0.11","4.0.0.2323","PSt7-10","170328-019","7/29/2022 11:23:46 AM","0000-00","0","no battery","V","","µV","","µV"
"08/11/2022","10:39:47","6","default","383292078","Oxt_06","55.868","min","93.135","%a.s.","Humid","21.150","deg","41730","µV","27.788","°C","1021.000","hPa","36.4","pmil","0","55.390","deg","20.000","°C","100.000","%a.s.","21.720","deg","20.000","°C","977.000","hPa","0.861","-0.02617","0.00035","0","0","13.56","Humid","26.25","0","44.00","378377.68","SABD0000000001","AAV1.0.0.11","4.0.0.2323","PSt7-10","170328-019","7/29/2022 11:23:46 AM","0000-00","0","no battery","V","","µV","","µV"
"08/11/2022","10:39:48","6","default","383292078","Oxt_06","55.884","min","93.146","%a.s.","Humid","21.148","deg","41733","µV","27.794","°C","1021.000","hPa","36.4","pmil","0","55.390","deg","20.000","°C","100.000","%a.s.","21.720","deg","20.000","°C","977.000","hPa","0.861","-0.02617","0.00035","0","0","13.56","Humid","26.25","0","44.00","378389.01","SABD0000000001","AAV1.0.0.11","4.0.0.2323","PSt7-10","170328-019","7/29/2022 11:23:46 AM","0000-00","0","no battery","V","","µV","","µV"
"08/11/2022","10:39:49","6","default","383292078","Oxt_06","55.901","min","93.118","%a.s.","Humid","21.153","deg","41729","µV","27.779","°C","1021.000","hPa","36.4","pmil","0","55.390","deg","20.000","°C","100.000","%a.s.","21.720","deg","20.000","°C","977.000","hPa","0.861","-0.02617","0.00035","0","0","13.56","Humid","26.25","0","44.00","378377.24","SABD0000000001","AAV1.0.0.11","4.0.0.2323","PSt7-10","170328-019","7/29/2022 11:23:46 AM","0000-00","0","no battery","V","","µV","","µV"
"08/11/2022","10:39:50","6","default","383292078","Oxt_06","55.918","min","93.118","%a.s.","Humid","21.153","deg","41730","µV","27.778","°C","1021.000","hPa","36.4","pmil","0","55.390","deg","20.000","°C","100.000","%a.s.","21.720","deg","20.000","°C","977.000","hPa","0.861","-0.02617","0.00035","0","0","13.56","Humid","26.25","0","44.00","378389.57","SABD0000000001","AAV1.0.0.11","4.0.0.2323","PSt7-10","170328-019","7/29/2022 11:23:46 AM","0000-00","0","no battery","V","","µV","","µV"
"08/11/2022","10:39:51","6","default","383292078","Oxt_06","55.934","min","93.087","%a.s.","Humid","21.155","deg","41730","µV","27.795","°C","1021.000","hPa","36.4","pmil","0","55.390","deg","20.000","°C","100.000","%a.s.","21.720","deg","20.000","°C","977.000","hPa","0.861","-0.02617","0.00035","0","0","13.56","Humid","26.25","0","44.00","378356.52","SABD0000000001","AAV1.0.0.11","4.0.0.2323","PSt7-10","170328-019","7/29/2022 11:23:46 AM","0000-00","0","no battery","V","","µV","","µV"
"08/11/2022","10:39:52","6","default","383292078","Oxt_06","55.951","min","93.127","%a.s.","Humid","21.152","deg","41730","µV","27.778","°C","1021.000","hPa","36.4","pmil","0","55.390","deg","20.000","°C","100.000","%a.s.","21.720","deg","20.000","°C","977.000","hPa","0.861","-0.02617","0.00035","0","0","13.56","Humid","26.25","0","44.00","378365.63","SABD0000000001","AAV1.0.0.11","4.0.0.2323","PSt7-10","170328-019","7/29/2022 11:23:46 AM","0000-00","0","no battery","V","","µV","","µV"
"08/11/2022","10:39:53","6","default","383292078","Oxt_06","55.968","min","93.075","%a.s.","Humid","21.158","deg","41736","µV","27.780","°C","1021.000","hPa","36.4","pmil","0","55.390","deg","20.000","°C","100.000","%a.s.","21.720","deg","20.000","°C","977.000","hPa","0.861","-0.02617","0.00035","0","0","13.56","Humid","26.25","0","44.00","378374.27","SABD0000000001","AAV1.0.0.11","4.0.0.2323","PSt7-10","170328-019","7/29/2022 11:23:46 AM","0000-00","0","no battery","V","","µV","","µV"
"08/11/2022","10:39:54","6","default","383292078","Oxt_06","55.984","min","93.099","%a.s.","Humid","21.155","deg","41727","µV","27.781","°C","1021.000","hPa","36.4","pmil","0","55.390","deg","20.000","°C","100.000","%a.s.","21.720","deg","20.000","°C","977.000","hPa","0.861","-0.02617","0.00035","0","0","13.56","Humid","26.25","0","44.00","378367.58","SABD0000000001","AAV1.0.0.11","4.0.0.2323","PSt7-10","170328-019","7/29/2022 11:23:46 AM","0000-00","0","no battery","V","","µV","","µV"
"08/11/2022","10:39:55","6","default","383292078","Oxt_06","56.001","min","93.039","%a.s.","Humid","21.162","deg","41737","µV","27.784","°C","1021.000","hPa","36.4","pmil","0","55.390","deg","20.000","°C","100.000","%a.s.","21.720","deg","20.000","°C","977.000","hPa","0.861","-0.02617","0.00035","0","0","13.56","Humid","26.25","0","44.00","378380.48","SABD0000000001","AAV1.0.0.11","4.0.0.2323","PSt7-10","170328-019","7/29/2022 11:23:46 AM","0000-00","0","no battery","V","","µV","","µV"
"08/11/2022","10:39:56","6","default","383292078","Oxt_06","56.017","min","93.067","%a.s.","Humid","21.159","deg","41731","µV","27.780","°C","1021.000","hPa","36.4","pmil","0","55.390","deg","20.000","°C","100.000","%a.s.","21.720","deg","20.000","°C","977.000","hPa","0.861","-0.02617","0.00035","0","0","13.56","Humid","26.25","0","44.00","378369.07","SABD0000000001","AAV1.0.0.11","4.0.0.2323","PSt7-10","170328-019","7/29/2022 11:23:46 AM","0000-00","0","no battery","V","","µV","","µV"
"08/11/2022","10:39:57","6","default","383292078","Oxt_06","56.034","min","93.117","%a.s.","Humid","21.152","deg","41727","µV","27.789","°C","1021.000","hPa","36.4","pmil","0","55.390","deg","20.000","°C","100.000","%a.s.","21.720","deg","20.000","°C","977.000","hPa","0.861","-0.02617","0.00035","0","0","13.56","Humid","26.25","0","44.00","378363.99","SABD0000000001","AAV1.0.0.11","4.0.0.2323","PSt7-10","170328-019","7/29/2022 11:23:46 AM","0000-00","0","no battery","V","","µV","","µV"
"08/11/2022","10:39:58","6","default","383292078","Oxt_06","56.050","min","93.077","%a.s.","Humid","21.158","deg","41724","µV","27.779","°C","1021.000","hPa","36.4","pmil","0","55.390","deg","20.000","°C","100.000","%a.s.","21.720","deg","20.000","°C","977.000","hPa","0.861","-0.02617","0.00035","0","0","13.56","Humid","26.25","0","44.00","378371.08","SABD0000000001","AAV1.0.0.11","4.0.0.2323","PSt7-10","170328-019","7/29/2022 11:23:46 AM","0000-00","0","no battery","V","","µV","","µV"
"08/11/2022","10:39:59","6","default","383292078","Oxt_06","56.067","min","93.089","%a.s.","Humid","21.157","deg","41739","µV","27.774","°C","1021.000","hPa","36.4","pmil","0","55.390","deg","20.000","°C","100.000","%a.s.","21.720","deg","20.000","°C","977.000","hPa","0.861","-0.02617","0.00035","0","0","13.56","Humid","26.25","0","44.00","378380.71","SABD0000000001","AAV1.0.0.11","4.0.0.2323","PSt7-10","170328-019","7/29/2022 11:23:46 AM","0000-00","0","no battery","V","","µV","","µV"
"08/11/2022","10:40:00","6","default","383292078","Oxt_06","56.084","min","93.093","%a.s.","Humid","21.156","deg","41733","µV","27.780","°C","1021.000","hPa","36.4","pmil","0","55.390","deg","20.000","°C","100.000","%a.s.","21.720","deg","20.000","°C","977.000","hPa","0.861","-0.02617","0.00035","0","0","13.56","Humid","26.25","0","44.00","378373.45","SABD0000000001","AAV1.0.0.11","4.0.0.2323","PSt7-10","170328-019","7/29/2022 11:23:46 AM","0000-00","0","no battery","V","","µV","","µV"
"08/11/2022","10:40:01","6","default","383292078","Oxt_06","56.100","min","93.087","%a.s.","Humid","21.157","deg","41736","µV","27.777","°C","1021.000","hPa","36.4","pmil","0","55.390","deg","20.000","°C","100.000","%a.s.","21.720","deg","20.000","°C","977.000","hPa","0.861","-0.02617","0.00035","0","0","13.56","Humid","26.25","0","44.00","378372.01","SABD0000000001","AAV1.0.0.11","4.0.0.2323","PSt7-10","170328-019","7/29/2022 11:23:46 AM","0000-00","0","no battery","V","","µV","","µV"
"08/11/2022","10:40:02","6","default","383292078","Oxt_06","56.117","min","93.072","%a.s.","Humid","21.156","deg","41733","µV","27.802","°C","1021.000","hPa","36.4","pmil","0","55.390","deg","20.000","°C","100.000","%a.s.","21.720","deg","20.000","°C","977.000","hPa","0.861","-0.02617","0.00035","0","0","13.56","Humid","26.25","0","44.00","378364.48","SABD0000000001","AAV1.0.0.11","4.0.0.2323","PSt7-10","170328-019","7/29/2022 11:23:46 AM","0000-00","0","no battery","V","","µV","","µV"
"08/11/2022","10:40:03","6","default","383292078","Oxt_06","56.134","min","93.125","%a.s.","Humid","21.151","deg","41737","µV","27.789","°C","1021.000","hPa","36.4","pmil","0","55.390","deg","20.000","°C","100.000","%a.s.","21.720","deg","20.000","°C","977.000","hPa","0.861","-0.02617","0.00035","0","0","13.56","Humid","26.25","0","44.00","378363.19","SABD0000000001","AAV1.0.0.11","4.0.0.2323","PSt7-10","170328-019","7/29/2022 11:23:46 AM","0000-00","0","no battery","V","","µV","","µV"
"08/11/2022","10:40:04","6","default","383292078","Oxt_06","56.151","min","93.095","%a.s.","Humid","21.154","deg","41731","µV","27.795","°C","1021.000","hPa","36.4","pmil","0","55.390","deg","20.000","°C","100.000","%a.s.","21.720","deg","20.000","°C","977.000","hPa","0.861","-0.02617","0.00035","0","0","13.56","Humid","26.25","0","44.00","378378.18","SABD0000000001","AAV1.0.0.11","4.0.0.2323","PSt7-10","170328-019","7/29/2022 11:23:46 AM","0000-00","0","no battery","V","","µV","","µV"
"08/11/2022","10:40:05","6","default","383292078","Oxt_06","56.167","min","93.035","%a.s.","Humid","21.161","deg","41736","µV","27.798","°C","1021.000","hPa","36.4","pmil","0","55.390","deg","20.000","°C","100.000","%a.s.","21.720","deg","20.000","°C","977.000","hPa","0.861","-0.02617","0.00035","0","0","13.56","Humid","26.25","0","44.00","378359.34","SABD0000000001","AAV1.0.0.11","4.0.0.2323","PSt7-10","170328-019","7/29/2022 11:23:46 AM","0000-00","0","no battery","V","","µV","","µV"
"08/11/2022","10:40:06","6","default","383292078","Oxt_06","56.184","min","93.075","%a.s.","Humid","21.156","deg","41735","µV","27.799","°C","1021.000","hPa","36.4","pmil","0","55.390","deg","20.000","°C","100.000","%a.s.","21.720","deg","20.000","°C","977.000","hPa","0.861","-0.02617","0.00035","0","0","13.56","Humid","26.25","0","44.00","378368.84","SABD0000000001","AAV1.0.0.11","4.0.0.2323","PSt7-10","170328-019","7/29/2022 11:23:46 AM","0000-00","0","no battery","V","","µV","","µV"
"08/11/2022","10:40:07","6","default","383292078","Oxt_06","56.201","min","93.101","%a.s.","Humid","21.155","deg","41737","µV","27.779","°C","1021.000","hPa","36.4","pmil","0","55.390","deg","20.000","°C","100.000","%a.s.","21.720","deg","20.000","°C","977.000","hPa","0.861","-0.02617","0.00035","0","0","13.56","Humid","26.25","0","44.00","378365.52","SABD0000000001","AAV1.0.0.11","4.0.0.2323","PSt7-10","170328-019","7/29/2022 11:23:46 AM","0000-00","0","no battery","V","","µV","","µV"
"08/11/2022","10:40:08","6","default","383292078","Oxt_06","56.217","min","93.057","%a.s.","Humid","21.159","deg","41739","µV","27.791","°C","1021.000","hPa","36.4","pmil","0","55.390","deg","20.000","°C","100.000","%a.s.","21.720","deg","20.000","°C","977.000","hPa","0.861","-0.02617","0.00035","0","0","13.56","Humid","26.25","0","44.00","378377.61","SABD0000000001","AAV1.0.0.11","4.0.0.2323","PSt7-10","170328-019","7/29/2022 11:23:46 AM","0000-00","0","no battery","V","","µV","","µV"
"08/11/2022","10:40:09","6","default","383292078","Oxt_06","56.234","min","93.025","%a.s.","Humid","21.163","deg","41741","µV","27.791","°C","1021.000","hPa","36.4","pmil","0","55.390","deg","20.000","°C","100.000","%a.s.","21.720","deg","20.000","°C","977.000","hPa","0.861","-0.02617","0.00035","0","0","13.56","Humid","26.25","0","44.00","378354.78","SABD0000000001","AAV1.0.0.11","4.0.0.2323","PSt7-10","170328-019","7/29/2022 11:23:46 AM","0000-00","0","no battery","V","","µV","","µV"
"08/11/2022","10:40:10","6","default","383292078","Oxt_06","56.251","min","93.127","%a.s.","Humid","21.150","deg","41741","µV","27.797","°C","1021.000","hPa","36.4","pmil","0","55.390","deg","20.000","°C","100.000","%a.s.","21.720","deg","20.000","°C","977.000","hPa","0.861","-0.02617","0.00035","0","0","13.56","Humid","26.25","0","44.00","378370.78","SABD0000000001","AAV1.0.0.11","4.0.0.2323","PSt7-10","170328-019","7/29/2022 11:23:46 AM","0000-00","0","no battery","V","","µV","","µV"
"08/11/2022","10:40:11","6","default","383292078","Oxt_06","56.267","min","93.073","%a.s.","Humid","21.158","deg","41737","µV","27.783","°C","1021.000","hPa","36.4","pmil","0","55.390","deg","20.000","°C","100.000","%a.s.","21.720","deg","20.000","°C","977.000","hPa","0.861","-0.02617","0.00035","0","0","13.56","Humid","26.25","0","44.00","378383.62","SABD0000000001","AAV1.0.0.11","4.0.0.2323","PSt7-10","170328-019","7/29/2022 11:23:46 AM","0000-00","0","no battery","V","","µV","","µV"
"08/11/2022","10:40:12","6","default","383292078","Oxt_06","56.284","min","93.019","%a.s.","Humid","21.164","deg","41735","µV","27.788","°C","1021.000","hPa","36.4","pmil","0","55.390","deg","20.000","°C","100.000","%a.s.","21.720","deg","20.000","°C","977.000","hPa","0.861","-0.02617","0.00035","0","0","13.56","Humid","26.25","0","44.00","378378.19","SABD0000000001","AAV1.0.0.11","4.0.0.2323","PSt7-10","170328-019","7/29/2022 11:23:46 AM","0000-00","0","no battery","V","","µV","","µV"
"08/11/2022","10:40:13","6","default","383292078","Oxt_06","56.301","min","93.059","%a.s.","Humid","21.159","deg","41742","µV","27.789","°C","1021.000","hPa","36.4","pmil","0","55.390","deg","20.000","°C","100.000","%a.s.","21.720","deg","20.000","°C","977.000","hPa","0.861","-0.02617","0.00035","0","0","13.56","Humid","26.25","0","44.00","378377.76","SABD0000000001","AAV1.0.0.11","4.0.0.2323","PSt7-10","170328-019","7/29/2022 11:23:46 AM","0000-00","0","no battery","V","","µV","","µV"
"08/11/2022","10:40:14","6","default","383292078","Oxt_06","56.317","min","93.142","%a.s.","Humid","21.150","deg","41744","µV","27.779","°C","1021.000","hPa","36.4","pmil","0","55.390","deg","20.000","°C","100.000","%a.s.","21.720","deg","20.000","°C","977.000","hPa","0.861","-0.02617","0.00035","0","0","13.56","Humid","26.25","0","44.00","378376.36","SABD0000000001","AAV1.0.0.11","4.0.0.2323","PSt7-10","170328-019","7/29/2022 11:23:46 AM","0000-00","0","no battery","V","","µV","","µV"
"08/11/2022","10:40:15","6","default","383292078","Oxt_06","56.334","min","93.108","%a.s.","Humid","21.153","deg","41743","µV","27.790","°C","1021.000","hPa","36.4","pmil","0","55.390","deg","20.000","°C","100.000","%a.s.","21.720","deg","20.000","°C","977.000","hPa","0.861","-0.02617","0.00035","0","0","13.56","Humid","26.25","0","44.00","378373.51","SABD0000000001","AAV1.0.0.11","4.0.0.2323","PSt7-10","170328-019","7/29/2022 11:23:46 AM","0000-00","0","no battery","V","","µV","","µV"
"08/11/2022","10:40:16","6","default","383292078","Oxt_06","56.351","min","92.992","%a.s.","Humid","21.167","deg","41739","µV","27.790","°C","1021.000","hPa","36.4","pmil","0","55.390","deg","20.000","°C","100.000","%a.s.","21.720","deg","20.000","°C","977.000","hPa","0.861","-0.02617","0.00035","0","0","13.56","Humid","26.25","0","44.00","378371.76","SABD0000000001","AAV1.0.0.11","4.0.0.2323","PSt7-10","170328-019","7/29/2022 11:23:46 AM","0000-00","0","no battery","V","","µV","","µV"
"08/11/2022","10:40:17","6","default","383292078","Oxt_06","56.367","min","93.099","%a.s.","Humid","21.154","deg","41741","µV","27.791","°C","1021.000","hPa","36.4","pmil","0","55.390","deg","20.000","°C","100.000","%a.s.","21.720","deg","20.000","°C","977.000","hPa","0.861","-0.02617","0.00035","0","0","13.56","Humid","26.25","0","44.00","378366.56","SABD0000000001","AAV1.0.0.11","4.0.0.2323","PSt7-10","170328-019","7/29/2022 11:23:46 AM","0000-00","0","no battery","V","","µV","","µV"
"08/11/2022","10:40:18","6","default","383292078","Oxt_06","56.384","min","93.093","%a.s.","Humid","21.156","deg","41743","µV","27.779","°C","1021.000","hPa","36.4","pmil","0","55.390","deg","20.000","°C","100.000","%a.s.","21.720","deg","20.000","°C","977.000","hPa","0.861","-0.02617","0.00035","0","0","13.56","Humid","26.25","0","44.00","378363.54","SABD0000000001","AAV1.0.0.11","4.0.0.2323","PSt7-10","170328-019","7/29/2022 11:23:46 AM","0000-00","0","no battery","V","","µV","","µV"
"08/11/2022","10:40:19","6","default","383292078","Oxt_06","56.401","min","93.117","%a.s.","Humid","21.153","deg","41740","µV","27.780","°C","1021.000","hPa","36.4","pmil","0","55.390","deg","20.000","°C","100.000","%a.s.","21.720","deg","20.000","°C","977.000","hPa","0.861","-0.02617","0.00035","0","0","13.56","Humid","26.25","0","44.00","378356.01","SABD0000000001","AAV1.0.0.11","4.0.0.2323","PSt7-10","170328-019","7/29/2022 11:23:46 AM","0000-00","0","no battery","V","","µV","","µV"
"08/11/2022","10:40:20","6","default","383292078","Oxt_06","56.417","min","93.030","%a.s.","Humid","21.163","deg","41743","µV","27.785","°C","1021.000","hPa","36.4","pmil","0","55.390","deg","20.000","°C","100.000","%a.s.","21.720","deg","20.000","°C","977.000","hPa","0.861","-0.02617","0.00035","0","0","13.56","Humid","26.25","0","44.00","378349.76","SABD0000000001","AAV1.0.0.11","4.0.0.2323","PSt7-10","170328-019","7/29/2022 11:23:46 AM","0000-00","0","no battery","V","","µV","","µV"
"08/11/2022","10:40:21","6","default","383292078","Oxt_06","56.434","min","93.025","%a.s.","Humid","21.163","deg","41741","µV","27.791","°C","1021.000","hPa","36.4","pmil","0","55.390","deg","20.000","°C","100.000","%a.s.","21.720","deg","20.000","°C","977.000","hPa","0.861","-0.02617","0.00035","0","0","13.56","Humid","26.25","0","44.00","378347.56","SABD0000000001","AAV1.0.0.11","4.0.0.2323","PSt7-10","170328-019","7/29/2022 11:23:46 AM","0000-00","0","no battery","V","","µV","","µV"
"08/11/2022","10:40:22","6","default","383292078","Oxt_06","56.451","min","93.014","%a.s.","Humid","21.164","deg","41738","µV","27.794","°C","1021.000","hPa","36.4","pmil","0","55.390","deg","20.000","°C","100.000","%a.s.","21.720","deg","20.000","°C","977.000","hPa","0.861","-0.02617","0.00035","0","0","13.56","Humid","26.25","0","44.00","378339.55","SABD0000000001","AAV1.0.0.11","4.0.0.2323","PSt7-10","170328-019","7/29/2022 11:23:46 AM","0000-00","0","no battery","V","","µV","","µV"
"08/11/2022","10:40:23","6","default","383292078","Oxt_06","56.468","min","93.102","%a.s.","Humid","21.153","deg","41740","µV","27.796","°C","1021.000","hPa","36.4","pmil","0","55.390","deg","20.000","°C","100.000","%a.s.","21.720","deg","20.000","°C","977.000","hPa","0.861","-0.02617","0.00035","0","0","13.56","Humid","26.25","0","44.00","378350.81","SABD0000000001","AAV1.0.0.11","4.0.0.2323","PSt7-10","170328-019","7/29/2022 11:23:46 AM","0000-00","0","no battery","V","","µV","","µV"
"08/11/2022","10:40:24","6","default","383292078","Oxt_06","56.484","min","93.000","%a.s.","Humid","21.166","deg","41741","µV","27.791","°C","1021.000","hPa","36.4","pmil","0","55.390","deg","20.000","°C","100.000","%a.s.","21.720","deg","20.000","°C","977.000","hPa","0.861","-0.02617","0.00035","0","0","13.56","Humid","26.25","0","44.00","378345.06","SABD0000000001","AAV1.0.0.11","4.0.0.2323","PSt7-10","170328-019","7/29/2022 11:23:46 AM","0000-00","0","no battery","V","","µV","","µV"
"08/11/2022","10:40:25","6","default","383292078","Oxt_06","56.501","min","93.089","%a.s.","Humid","21.156","deg","41740","µV","27.783","°C","1021.000","hPa","36.4","pmil","0","55.390","deg","20.000","°C","100.000","%a.s.","21.720","deg","20.000","°C","977.000","hPa","0.861","-0.02617","0.00035","0","0","13.56","Humid","26.25","0","44.00","378335.60","SABD0000000001","AAV1.0.0.11","4.0.0.2323","PSt7-10","170328-019","7/29/2022 11:23:46 AM","0000-00","0","no battery","V","","µV","","µV"
"08/11/2022","10:40:26","6","default","383292078","Oxt_06","56.518","min","93.036","%a.s.","Humid","21.162","deg","41746","µV","27.787","°C","1021.000","hPa","36.4","pmil","0","55.390","deg","20.000","°C","100.000","%a.s.","21.720","deg","20.000","°C","977.000","hPa","0.861","-0.02617","0.00035","0","0","13.56","Humid","26.25","0","44.00","378356.75","SABD0000000001","AAV1.0.0.11","4.0.0.2323","PSt7-10","170328-019","7/29/2022 11:23:46 AM","0000-00","0","no battery","V","","µV","","µV"
"08/11/2022","10:40:27","6","default","383292078","Oxt_06","56.534","min","93.052","%a.s.","Humid","21.160","deg","41740","µV","27.788","°C","1021.000","hPa","36.4","pmil","0","55.390","deg","20.000","°C","100.000","%a.s.","21.720","deg","20.000","°C","977.000","hPa","0.861","-0.02617","0.00035","0","0","13.56","Humid","26.25","0","44.00","378344.28","SABD0000000001","AAV1.0.0.11","4.0.0.2323","PSt7-10","170328-019","7/29/2022 11:23:46 AM","0000-00","0","no battery","V","","µV","","µV"
"08/11/2022","10:40:28","6","default","383292078","Oxt_06","56.551","min","93.085","%a.s.","Humid","21.156","deg","41749","µV","27.788","°C","1021.000","hPa","36.4","pmil","0","55.390","deg","20.000","°C","100.000","%a.s.","21.720","deg","20.000","°C","977.000","hPa","0.861","-0.02617","0.00035","0","0","13.56","Humid","26.25","0","44.00","378348.22","SABD0000000001","AAV1.0.0.11","4.0.0.2323","PSt7-10","170328-019","7/29/2022 11:23:46 AM","0000-00","0","no battery","V","","µV","","µV"
"08/11/2022","10:40:29","6","default","383292078","Oxt_06","56.568","min","93.048","%a.s.","Humid","21.160","deg","41741","µV","27.793","°C","1021.000","hPa","36.4","pmil","0","55.390","deg","20.000","°C","100.000","%a.s.","21.720","deg","20.000","°C","977.000","hPa","0.861","-0.02617","0.00035","0","0","13.56","Humid","26.25","0","44.00","378352.71","SABD0000000001","AAV1.0.0.11","4.0.0.2323","PSt7-10","170328-019","7/29/2022 11:23:46 AM","0000-00","0","no battery","V","","µV","","µV"
"08/11/2022","10:40:30","6","default","383292078","Oxt_06","56.584","min","93.002","%a.s.","Humid","21.166","deg","41742","µV","27.788","°C","1021.000","hPa","36.4","pmil","0","55.390","deg","20.000","°C","100.000","%a.s.","21.720","deg","20.000","°C","977.000","hPa","0.861","-0.02617","0.00035","0","0","13.56","Humid","26.25","0","44.00","378348.74","SABD0000000001","AAV1.0.0.11","4.0.0.2323","PSt7-10","170328-019","7/29/2022 11:23:46 AM","0000-00","0","no battery","V","","µV","","µV"
"08/11/2022","10:40:31","6","default","383292078","Oxt_06","56.601","min","92.996","%a.s.","Humid","21.166","deg","41744","µV","27.795","°C","1021.000","hPa","36.4","pmil","0","55.390","deg","20.000","°C","100.000","%a.s.","21.720","deg","20.000","°C","977.000","hPa","0.861","-0.02617","0.00035","0","0","13.56","Humid","26.25","0","44.00","378348.80","SABD0000000001","AAV1.0.0.11","4.0.0.2323","PSt7-10","170328-019","7/29/2022 11:23:46 AM","0000-00","0","no battery","V","","µV","","µV"
"08/11/2022","10:40:32","6","default","383292078","Oxt_06","56.618","min","93.088","%a.s.","Humid","21.155","deg","41743","µV","27.793","°C","1021.000","hPa","36.4","pmil","0","55.390","deg","20.000","°C","100.000","%a.s.","21.720","deg","20.000","°C","977.000","hPa","0.861","-0.02617","0.00035","0","0","13.56","Humid","26.25","0","44.00","378333.61","SABD0000000001","AAV1.0.0.11","4.0.0.2323","PSt7-10","170328-019","7/29/2022 11:23:46 AM","0000-00","0","no battery","V","","µV","","µV"
"08/11/2022","10:40:33","6","default","383292078","Oxt_06","56.634","min","93.089","%a.s.","Humid","21.156","deg","41748","µV","27.783","°C","1021.000","hPa","36.4","pmil","0","55.390","deg","20.000","°C","100.000","%a.s.","21.720","deg","20.000","°C","977.000","hPa","0.861","-0.02617","0.00035","0","0","13.56","Humid","26.25","0","44.00","378342.48","SABD0000000001","AAV1.0.0.11","4.0.0.2323","PSt7-10","170328-019","7/29/2022 11:23:46 AM","0000-00","0","no battery","V","","µV","","µV"
"08/11/2022","10:40:34","6","default","383292078","Oxt_06","56.651","min","93.029","%a.s.","Humid","21.164","deg","41743","µV","27.777","°C","1021.000","hPa","36.4","pmil","0","55.390","deg","20.000","°C","100.000","%a.s.","21.720","deg","20.000","°C","977.000","hPa","0.861","-0.02617","0.00035","0","0","13.56","Humid","26.25","0","44.00","378330.25","SABD0000000001","AAV1.0.0.11","4.0.0.2323","PSt7-10","170328-019","7/29/2022 11:23:46 AM","0000-00","0","no battery","V","","µV","","µV"
"08/11/2022","10:40:35","6","default","383292078","Oxt_06","56.668","min","93.123","%a.s.","Humid","21.152","deg","41745","µV","27.782","°C","1021.000","hPa","36.4","pmil","0","55.390","deg","20.000","°C","100.000","%a.s.","21.720","deg","20.000","°C","977.000","hPa","0.861","-0.02617","0.00035","0","0","13.56","Humid","26.25","0","44.00","378336.26","SABD0000000001","AAV1.0.0.11","4.0.0.2323","PSt7-10","170328-019","7/29/2022 11:23:46 AM","0000-00","0","no battery","V","","µV","","µV"
"08/11/2022","10:40:36","6","default","383292078","Oxt_06","56.684","min","93.052","%a.s.","Humid","21.161","deg","41746","µV","27.778","°C","1021.000","hPa","36.4","pmil","0","55.390","deg","20.000","°C","100.000","%a.s.","21.720","deg","20.000","°C","977.000","hPa","0.861","-0.02617","0.00035","0","0","13.56","Humid","26.25","0","44.00","378331.80","SABD0000000001","AAV1.0.0.11","4.0.0.2323","PSt7-10","170328-019","7/29/2022 11:23:46 AM","0000-00","0","no battery","V","","µV","","µV"
"08/11/2022","10:40:37","6","default","383292078","Oxt_06","56.701","min","92.954","%a.s.","Humid","21.173","deg","41745","µV","27.778","°C","1021.000","hPa","36.4","pmil","0","55.390","deg","20.000","°C","100.000","%a.s.","21.720","deg","20.000","°C","977.000","hPa","0.861","-0.02617","0.00035","0","0","13.56","Humid","26.25","0","44.00","378315.63","SABD0000000001","AAV1.0.0.11","4.0.0.2323","PSt7-10","170328-019","7/29/2022 11:23:46 AM","0000-00","0","no battery","V","","µV","","µV"
"08/11/2022","10:40:38","6","default","383292078","Oxt_06","56.718","min","93.023","%a.s.","Humid","21.165","deg","41742","µV","27.775","°C","1021.000","hPa","36.4","pmil","0","55.390","deg","20.000","°C","100.000","%a.s.","21.720","deg","20.000","°C","977.000","hPa","0.861","-0.02617","0.00035","0","0","13.56","Humid","26.25","0","44.00","378323.86","SABD0000000001","AAV1.0.0.11","4.0.0.2323","PSt7-10","170328-019","7/29/2022 11:23:46 AM","0000-00","0","no battery","V","","µV","","µV"
"08/11/2022","10:40:39","6","default","383292078","Oxt_06","56.734","min","93.048","%a.s.","Humid","21.159","deg","41745","µV","27.801","°C","1021.000","hPa","36.4","pmil","0","55.390","deg","20.000","°C","100.000","%a.s.","21.720","deg","20.000","°C","977.000","hPa","0.861","-0.02617","0.00035","0","0","13.56","Humid","26.25","0","44.00","378325.90","SABD0000000001","AAV1.0.0.11","4.0.0.2323","PSt7-10","170328-019","7/29/2022 11:23:46 AM","0000-00","0","no battery","V","","µV","","µV"
"08/11/2022","10:40:40","6","default","383292078","Oxt_06","56.751","min","93.049","%a.s.","Humid","21.159","deg","41746","µV","27.800","°C","1021.000","hPa","36.4","pmil","0","55.390","deg","20.000","°C","100.000","%a.s.","21.720","deg","20.000","°C","977.000","hPa","0.861","-0.02617","0.00035","0","0","13.56","Humid","26.25","0","44.00","378324.66","SABD0000000001","AAV1.0.0.11","4.0.0.2323","PSt7-10","170328-019","7/29/2022 11:23:46 AM","0000-00","0","no battery","V","","µV","","µV"
"08/11/2022","10:40:41","6","default","383292078","Oxt_06","56.768","min","93.050","%a.s.","Humid","21.160","deg","41747","µV","27.790","°C","1021.000","hPa","36.4","pmil","0","55.390","deg","20.000","°C","100.000","%a.s.","21.720","deg","20.000","°C","977.000","hPa","0.861","-0.02617","0.00035","0","0","13.56","Humid","26.25","0","44.00","378327.44","SABD0000000001","AAV1.0.0.11","4.0.0.2323","PSt7-10","170328-019","7/29/2022 11:23:46 AM","0000-00","0","no battery","V","","µV","","µV"
"08/11/2022","10:40:42","6","default","383292078","Oxt_06","56.784","min","92.999","%a.s.","Humid","21.167","deg","41745","µV","27.783","°C","1021.000","hPa","36.4","pmil","0","55.390","deg","20.000","°C","100.000","%a.s.","21.720","deg","20.000","°C","977.000","hPa","0.861","-0.02617","0.00035","0","0","13.56","Humid","26.25","0","44.00","378336.49","SABD0000000001","AAV1.0.0.11","4.0.0.2323","PSt7-10","170328-019","7/29/2022 11:23:46 AM","0000-00","0","no battery","V","","µV","","µV"
"08/11/2022","10:40:43","6","default","383292078","Oxt_06","56.801","min","93.032","%a.s.","Humid","21.163","deg","41749","µV","27.783","°C","1021.000","hPa","36.4","pmil","0","55.390","deg","20.000","°C","100.000","%a.s.","21.720","deg","20.000","°C","977.000","hPa","0.861","-0.02617","0.00035","0","0","13.56","Humid","26.25","0","44.00","378334.77","SABD0000000001","AAV1.0.0.11","4.0.0.2323","PSt7-10","170328-019","7/29/2022 11:23:46 AM","0000-00","0","no battery","V","","µV","","µV"
"08/11/2022","10:40:44","6","default","383292078","Oxt_06","56.818","min","93.068","%a.s.","Humid","21.158","deg","41747","µV","27.789","°C","1021.000","hPa","36.4","pmil","0","55.390","deg","20.000","°C","100.000","%a.s.","21.720","deg","20.000","°C","977.000","hPa","0.861","-0.02617","0.00035","0","0","13.56","Humid","26.25","0","44.00","378327.66","SABD0000000001","AAV1.0.0.11","4.0.0.2323","PSt7-10","170328-019","7/29/2022 11:23:46 AM","0000-00","0","no battery","V","","µV","","µV"
"08/11/2022","10:40:45","6","default","383292078","Oxt_06","56.834","min","93.022","%a.s.","Humid","21.164","deg","41753","µV","27.784","°C","1021.000","hPa","36.4","pmil","0","55.390","deg","20.000","°C","100.000","%a.s.","21.720","deg","20.000","°C","977.000","hPa","0.861","-0.02617","0.00035","0","0","13.56","Humid","26.25","0","44.00","378348.16","SABD0000000001","AAV1.0.0.11","4.0.0.2323","PSt7-10","170328-019","7/29/2022 11:23:46 AM","0000-00","0","no battery","V","","µV","","µV"
"08/11/2022","10:40:46","6","default","383292078","Oxt_06","56.851","min","93.036","%a.s.","Humid","21.161","deg","41741","µV","27.796","°C","1021.000","hPa","36.4","pmil","0","55.390","deg","20.000","°C","100.000","%a.s.","21.720","deg","20.000","°C","977.000","hPa","0.861","-0.02617","0.00035","0","0","13.56","Humid","26.25","0","44.00","378333.69","SABD0000000001","AAV1.0.0.11","4.0.0.2323","PSt7-10","170328-019","7/29/2022 11:23:46 AM","0000-00","0","no battery","V","","µV","","µV"
"08/11/2022","10:40:47","6","default","383292078","Oxt_06","56.867","min","93.043","%a.s.","Humid","21.162","deg","41743","µV","27.779","°C","1021.000","hPa","36.4","pmil","0","55.390","deg","20.000","°C","100.000","%a.s.","21.720","deg","20.000","°C","977.000","hPa","0.861","-0.02617","0.00035","0","0","13.56","Humid","26.25","0","44.00","378333.29","SABD0000000001","AAV1.0.0.11","4.0.0.2323","PSt7-10","170328-019","7/29/2022 11:23:46 AM","0000-00","0","no battery","V","","µV","","µV"
"08/11/2022","10:40:48","6","default","383292078","Oxt_06","56.884","min","92.996","%a.s.","Humid","21.167","deg","41749","µV","27.786","°C","1021.000","hPa","36.4","pmil","0","55.390","deg","20.000","°C","100.000","%a.s.","21.720","deg","20.000","°C","977.000","hPa","0.861","-0.02617","0.00035","0","0","13.56","Humid","26.25","0","44.00","378320.32","SABD0000000001","AAV1.0.0.11","4.0.0.2323","PSt7-10","170328-019","7/29/2022 11:23:46 AM","0000-00","0","no battery","V","","µV","","µV"
"08/11/2022","10:40:49","6","default","383292078","Oxt_06","56.901","min","92.988","%a.s.","Humid","21.167","deg","41747","µV","27.795","°C","1021.000","hPa","36.4","pmil","0","55.390","deg","20.000","°C","100.000","%a.s.","21.720","deg","20.000","°C","977.000","hPa","0.861","-0.02617","0.00035","0","0","13.56","Humid","26.25","0","44.00","378322.30","SABD0000000001","AAV1.0.0.11","4.0.0.2323","PSt7-10","170328-019","7/29/2022 11:23:46 AM","0000-00","0","no battery","V","","µV","","µV"
"08/11/2022","10:40:50","6","default","383292078","Oxt_06","56.917","min","93.037","%a.s.","Humid","21.161","deg","41747","µV","27.795","°C","1021.000","hPa","36.4","pmil","0","55.390","deg","20.000","°C","100.000","%a.s.","21.720","deg","20.000","°C","977.000","hPa","0.861","-0.02617","0.00035","0","0","13.56","Humid","26.25","0","44.00","378331.55","SABD0000000001","AAV1.0.0.11","4.0.0.2323","PSt7-10","170328-019","7/29/2022 11:23:46 AM","0000-00","0","no battery","V","","µV","","µV"
"08/11/2022","10:40:51","6","default","383292078","Oxt_06","56.934","min","93.000","%a.s.","Humid","21.166","deg","41745","µV","27.791","°C","1021.000","hPa","36.4","pmil","0","55.390","deg","20.000","°C","100.000","%a.s.","21.720","deg","20.000","°C","977.000","hPa","0.861","-0.02617","0.00035","0","0","13.56","Humid","26.25","0","44.00","378335.18","SABD0000000001","AAV1.0.0.11","4.0.0.2323","PSt7-10","170328-019","7/29/2022 11:23:46 AM","0000-00","0","no battery","V","","µV","","µV"
"08/11/2022","10:40:52","6","default","383292078","Oxt_06","56.951","min","93.059","%a.s.","Humid","21.160","deg","41749","µV","27.780","°C","1021.000","hPa","36.4","pmil","0","55.390","deg","20.000","°C","100.000","%a.s.","21.720","deg","20.000","°C","977.000","hPa","0.861","-0.02617","0.00035","0","0","13.56","Humid","26.25","0","44.00","378320.07","SABD0000000001","AAV1.0.0.11","4.0.0.2323","PSt7-10","170328-019","7/29/2022 11:23:46 AM","0000-00","0","no battery","V","","µV","","µV"
"08/11/2022","10:40:53","6","default","383292078","Oxt_06","56.967","min","93.063","%a.s.","Humid","21.159","deg","41757","µV","27.785","°C","1021.000","hPa","36.4","pmil","0","55.390","deg","20.000","°C","100.000","%a.s.","21.720","deg","20.000","°C","977.000","hPa","0.861","-0.02617","0.00035","0","0","13.56","Humid","26.25","0","44.00","378327.18","SABD0000000001","AAV1.0.0.11","4.0.0.2323","PSt7-10","170328-019","7/29/2022 11:23:46 AM","0000-00","0","no battery","V","","µV","","µV"
"08/11/2022","10:40:54","6","default","383292078","Oxt_06","56.984","min","92.967","%a.s.","Humid","21.170","deg","41753","µV","27.791","°C","1021.000","hPa","36.4","pmil","0","55.390","deg","20.000","°C","100.000","%a.s.","21.720","deg","20.000","°C","977.000","hPa","0.861","-0.02617","0.00035","0","0","13.56","Humid","26.25","0","44.00","378322.84","SABD0000000001","AAV1.0.0.11","4.0.0.2323","PSt7-10","170328-019","7/29/2022 11:23:46 AM","0000-00","0","no battery","V","","µV","","µV"
"08/11/2022","10:40:55","6","default","383292078","Oxt_06","57.000","min","93.012","%a.s.","Humid","21.166","deg","41750","µV","27.778","°C","1021.000","hPa","36.4","pmil","0","55.390","deg","20.000","°C","100.000","%a.s.","21.720","deg","20.000","°C","977.000","hPa","0.861","-0.02617","0.00035","0","0","13.56","Humid","26.25","0","44.00","378333.19","SABD0000000001","AAV1.0.0.11","4.0.0.2323","PSt7-10","170328-019","7/29/2022 11:23:46 AM","0000-00","0","no battery","V","","µV","","µV"
"08/11/2022","10:40:56","6","default","383292078","Oxt_06","57.017","min","93.020","%a.s.","Humid","21.165","deg","41754","µV","27.778","°C","1021.000","hPa","36.4","pmil","0","55.390","deg","20.000","°C","100.000","%a.s.","21.720","deg","20.000","°C","977.000","hPa","0.861","-0.02617","0.00035","0","0","13.56","Humid","26.25","0","44.00","378315.36","SABD0000000001","AAV1.0.0.11","4.0.0.2323","PSt7-10","170328-019","7/29/2022 11:23:46 AM","0000-00","0","no battery","V","","µV","","µV"
"08/11/2022","10:40:57","6","default","383292078","Oxt_06","57.034","min","93.052","%a.s.","Humid","21.161","deg","41748","µV","27.778","°C","1021.000","hPa","36.4","pmil","0","55.390","deg","20.000","°C","100.000","%a.s.","21.720","deg","20.000","°C","977.000","hPa","0.861","-0.02617","0.00035","0","0","13.56","Humid","26.25","0","44.00","378310.00","SABD0000000001","AAV1.0.0.11","4.0.0.2323","PSt7-10","170328-019","7/29/2022 11:23:46 AM","0000-00","0","no battery","V","","µV","","µV"
"08/11/2022","10:40:58","6","default","383292078","Oxt_06","57.050","min","93.014","%a.s.","Humid","21.167","deg","41757","µV","27.766","°C","1021.000","hPa","36.4","pmil","0","55.390","deg","20.000","°C","100.000","%a.s.","21.720","deg","20.000","°C","977.000","hPa","0.861","-0.02617","0.00035","0","0","13.56","Humid","26.25","0","44.00","378319.84","SABD0000000001","AAV1.0.0.11","4.0.0.2323","PSt7-10","170328-019","7/29/2022 11:23:46 AM","0000-00","0","no battery","V","","µV","","µV"
"08/11/2022","10:40:59","6","default","383292078","Oxt_06","57.068","min","92.983","%a.s.","Humid","21.166","deg","41756","µV","27.810","°C","1021.000","hPa","36.4","pmil","0","55.390","deg","20.000","°C","100.000","%a.s.","21.720","deg","20.000","°C","977.000","hPa","0.861","-0.02617","0.00035","0","0","13.56","Humid","26.25","0","44.00","378316.92","SABD0000000001","AAV1.0.0.11","4.0.0.2323","PSt7-10","170328-019","7/29/2022 11:23:46 AM","0000-00","0","no battery","V","","µV","","µV"
"08/11/2022","10:41:00","6","default","383292078","Oxt_06","57.085","min","92.929","%a.s.","Humid","21.172","deg","41756","µV","27.815","°C","1021.000","hPa","36.4","pmil","0","55.390","deg","20.000","°C","100.000","%a.s.","21.720","deg","20.000","°C","977.000","hPa","0.861","-0.02617","0.00035","0","0","13.56","Humid","26.25","0","44.00","378325.22","SABD0000000001","AAV1.0.0.11","4.0.0.2323","PSt7-10","170328-019","7/29/2022 11:23:46 AM","0000-00","0","no battery","V","","µV","","µV"
"08/11/2022","10:41:01","6","default","383292078","Oxt_06","57.101","min","93.021","%a.s.","Humid","21.164","deg","41753","µV","27.786","°C","1021.000","hPa","36.4","pmil","0","55.390","deg","20.000","°C","100.000","%a.s.","21.720","deg","20.000","°C","977.000","hPa","0.861","-0.02617","0.00035","0","0","13.56","Humid","26.25","0","44.00","378312.15","SABD0000000001","AAV1.0.0.11","4.0.0.2323","PSt7-10","170328-019","7/29/2022 11:23:46 AM","0000-00","0","no battery","V","","µV","","µV"
"08/11/2022","10:41:02","6","default","383292078","Oxt_06","57.118","min","92.981","%a.s.","Humid","21.169","deg","41754","µV","27.785","°C","1021.000","hPa","36.4","pmil","0","55.390","deg","20.000","°C","100.000","%a.s.","21.720","deg","20.000","°C","977.000","hPa","0.861","-0.02617","0.00035","0","0","13.56","Humid","26.25","0","44.00","378324.32","SABD0000000001","AAV1.0.0.11","4.0.0.2323","PSt7-10","170328-019","7/29/2022 11:23:46 AM","0000-00","0","no battery","V","","µV","","µV"
"08/11/2022","10:41:03","6","default","383292078","Oxt_06","57.134","min","92.989","%a.s.","Humid","21.167","deg","41756","µV","27.794","°C","1021.000","hPa","36.4","pmil","0","55.390","deg","20.000","°C","100.000","%a.s.","21.720","deg","20.000","°C","977.000","hPa","0.861","-0.02617","0.00035","0","0","13.56","Humid","26.25","0","44.00","378336.69","SABD0000000001","AAV1.0.0.11","4.0.0.2323","PSt7-10","170328-019","7/29/2022 11:23:46 AM","0000-00","0","no battery","V","","µV","","µV"
"08/11/2022","10:41:04","6","default","383292078","Oxt_06","57.151","min","93.017","%a.s.","Humid","21.164","deg","41750","µV","27.790","°C","1021.000","hPa","36.4","pmil","0","55.390","deg","20.000","°C","100.000","%a.s.","21.720","deg","20.000","°C","977.000","hPa","0.861","-0.02617","0.00035","0","0","13.56","Humid","26.25","0","44.00","378306.71","SABD0000000001","AAV1.0.0.11","4.0.0.2323","PSt7-10","170328-019","7/29/2022 11:23:46 AM","0000-00","0","no battery","V","","µV","","µV"
"08/11/2022","10:41:05","6","default","383292078","Oxt_06","57.168","min","92.989","%a.s.","Humid","21.168","deg","41754","µV","27.785","°C","1021.000","hPa","36.4","pmil","0","55.390","deg","20.000","°C","100.000","%a.s.","21.720","deg","20.000","°C","977.000","hPa","0.861","-0.02617","0.00035","0","0","13.56","Humid","26.25","0","44.00","378305.98","SABD0000000001","AAV1.0.0.11","4.0.0.2323","PSt7-10","170328-019","7/29/2022 11:23:46 AM","0000-00","0","no battery","V","","µV","","µV"
"08/11/2022","10:41:06","6","default","383292078","Oxt_06","57.184","min","92.967","%a.s.","Humid","21.171","deg","41755","µV","27.782","°C","1021.000","hPa","36.4","pmil","0","55.390","deg","20.000","°C","100.000","%a.s.","21.720","deg","20.000","°C","977.000","hPa","0.861","-0.02617","0.00035","0","0","13.56","Humid","26.25","0","44.00","378312.39","SABD0000000001","AAV1.0.0.11","4.0.0.2323","PSt7-10","170328-019","7/29/2022 11:23:46 AM","0000-00","0","no battery","V","","µV","","µV"
"08/11/2022","10:41:07","6","default","383292078","Oxt_06","57.201","min","92.978","%a.s.","Humid","21.170","deg","41755","µV","27.778","°C","1021.000","hPa","36.4","pmil","0","55.390","deg","20.000","°C","100.000","%a.s.","21.720","deg","20.000","°C","977.000","hPa","0.861","-0.02617","0.00035","0","0","13.56","Humid","26.25","0","44.00","378316.91","SABD0000000001","AAV1.0.0.11","4.0.0.2323","PSt7-10","170328-019","7/29/2022 11:23:46 AM","0000-00","0","no battery","V","","µV","","µV"
"08/11/2022","10:41:08","6","default","383292078","Oxt_06","57.217","min","93.010","%a.s.","Humid","21.166","deg","41760","µV","27.780","°C","1021.000","hPa","36.4","pmil","0","55.390","deg","20.000","°C","100.000","%a.s.","21.720","deg","20.000","°C","977.000","hPa","0.861","-0.02617","0.00035","0","0","13.56","Humid","26.25","0","44.00","378325.35","SABD0000000001","AAV1.0.0.11","4.0.0.2323","PSt7-10","170328-019","7/29/2022 11:23:46 AM","0000-00","0","no battery","V","","µV","","µV"
"08/11/2022","10:41:09","6","default","383292078","Oxt_06","57.234","min","92.973","%a.s.","Humid","21.169","deg","41755","µV","27.793","°C","1021.000","hPa","36.4","pmil","0","55.390","deg","20.000","°C","100.000","%a.s.","21.720","deg","20.000","°C","977.000","hPa","0.861","-0.02617","0.00035","0","0","13.56","Humid","26.25","0","44.00","378314.88","SABD0000000001","AAV1.0.0.11","4.0.0.2323","PSt7-10","170328-019","7/29/2022 11:23:46 AM","0000-00","0","no battery","V","","µV","","µV"
"08/11/2022","10:41:10","6","default","383292078","Oxt_06","57.251","min","92.969","%a.s.","Humid","21.169","deg","41757","µV","27.798","°C","1021.000","hPa","36.4","pmil","0","55.390","deg","20.000","°C","100.000","%a.s.","21.720","deg","20.000","°C","977.000","hPa","0.861","-0.02617","0.00035","0","0","13.56","Humid","26.25","0","44.00","378319.14","SABD0000000001","AAV1.0.0.11","4.0.0.2323","PSt7-10","170328-019","7/29/2022 11:23:46 AM","0000-00","0","no battery","V","","µV","","µV"
"08/11/2022","10:41:11","6","default","383292078","Oxt_06","57.267","min","92.981","%a.s.","Humid","21.168","deg","41762","µV","27.794","°C","1021.000","hPa","36.4","pmil","0","55.390","deg","20.000","°C","100.000","%a.s.","21.720","deg","20.000","°C","977.000","hPa","0.861","-0.02617","0.00035","0","0","13.56","Humid","26.25","0","44.00","378319.76","SABD0000000001","AAV1.0.0.11","4.0.0.2323","PSt7-10","170328-019","7/29/2022 11:23:46 AM","0000-00","0","no battery","V","","µV","","µV"
"08/11/2022","10:41:12","6","default","383292078","Oxt_06","57.284","min","92.945","%a.s.","Humid","21.173","deg","41754","µV","27.788","°C","1021.000","hPa","36.4","pmil","0","55.390","deg","20.000","°C","100.000","%a.s.","21.720","deg","20.000","°C","977.000","hPa","0.861","-0.02617","0.00035","0","0","13.56","Humid","26.25","0","44.00","378305.05","SABD0000000001","AAV1.0.0.11","4.0.0.2323","PSt7-10","170328-019","7/29/2022 11:23:46 AM","0000-00","0","no battery","V","","µV","","µV"
"08/11/2022","10:41:13","6","default","383292078","Oxt_06","57.300","min","92.935","%a.s.","Humid","21.174","deg","41756","µV","27.790","°C","1021.000","hPa","36.4","pmil","0","55.390","deg","20.000","°C","100.000","%a.s.","21.720","deg","20.000","°C","977.000","hPa","0.861","-0.02617","0.00035","0","0","13.56","Humid","26.25","0","44.00","378306.78","SABD0000000001","AAV1.0.0.11","4.0.0.2323","PSt7-10","170328-019","7/29/2022 11:23:46 AM","0000-00","0","no battery","V","","µV","","µV"
"08/11/2022","10:41:14","6","default","383292078","Oxt_06","57.318","min","93.011","%a.s.","Humid","21.165","deg","41753","µV","27.788","°C","1021.000","hPa","36.4","pmil","0","55.390","deg","20.000","°C","100.000","%a.s.","21.720","deg","20.000","°C","977.000","hPa","0.861","-0.02617","0.00035","0","0","13.56","Humid","26.25","0","44.00","378303.16","SABD0000000001","AAV1.0.0.11","4.0.0.2323","PSt7-10","170328-019","7/29/2022 11:23:46 AM","0000-00","0","no battery","V","","µV","","µV"
"08/11/2022","10:41:15","6","default","383292078","Oxt_06","57.335","min","92.969","%a.s.","Humid","21.171","deg","41759","µV","27.779","°C","1021.000","hPa","36.4","pmil","0","55.390","deg","20.000","°C","100.000","%a.s.","21.720","deg","20.000","°C","977.000","hPa","0.861","-0.02617","0.00035","0","0","13.56","Humid","26.25","0","44.00","378314.30","SABD0000000001","AAV1.0.0.11","4.0.0.2323","PSt7-10","170328-019","7/29/2022 11:23:46 AM","0000-00","0","no battery","V","","µV","","µV"
"08/11/2022","10:41:16","6","default","383292078","Oxt_06","57.351","min","92.983","%a.s.","Humid","21.169","deg","41757","µV","27.782","°C","1021.000","hPa","36.4","pmil","0","55.390","deg","20.000","°C","100.000","%a.s.","21.720","deg","20.000","°C","977.000","hPa","0.861","-0.02617","0.00035","0","0","13.56","Humid","26.25","0","44.00","378307.50","SABD0000000001","AAV1.0.0.11","4.0.0.2323","PSt7-10","170328-019","7/29/2022 11:23:46 AM","0000-00","0","no battery","V","","µV","","µV"
"08/11/2022","10:41:17","6","default","383292078","Oxt_06","57.368","min","92.965","%a.s.","Humid","21.171","deg","41757","µV","27.784","°C","1021.000","hPa","36.4","pmil","0","55.390","deg","20.000","°C","100.000","%a.s.","21.720","deg","20.000","°C","977.000","hPa","0.861","-0.02617","0.00035","0","0","13.56","Humid","26.25","0","44.00","378305.07","SABD0000000001","AAV1.0.0.11","4.0.0.2323","PSt7-10","170328-019","7/29/2022 11:23:46 AM","0000-00","0","no battery","V","","µV","","µV"
"08/11/2022","10:41:18","6","default","383292078","Oxt_06","57.385","min","93.022","%a.s.","Humid","21.163","deg","41759","µV","27.794","°C","1021.000","hPa","36.4","pmil","0","55.390","deg","20.000","°C","100.000","%a.s.","21.720","deg","20.000","°C","977.000","hPa","0.861","-0.02617","0.00035","0","0","13.56","Humid","26.25","0","44.00","378316.92","SABD0000000001","AAV1.0.0.11","4.0.0.2323","PSt7-10","170328-019","7/29/2022 11:23:46 AM","0000-00","0","no battery","V","","µV","","µV"
"08/11/2022","10:41:19","6","default","383292078","Oxt_06","57.401","min","92.957","%a.s.","Humid","21.172","deg","41755","µV","27.784","°C","1021.000","hPa","36.4","pmil","0","55.390","deg","20.000","°C","100.000","%a.s.","21.720","deg","20.000","°C","977.000","hPa","0.861","-0.02617","0.00035","0","0","13.56","Humid","26.25","0","44.00","378303.44","SABD0000000001","AAV1.0.0.11","4.0.0.2323","PSt7-10","170328-019","7/29/2022 11:23:46 AM","0000-00","0","no battery","V","","µV","","µV"
"08/11/2022","10:41:20","6","default","383292078","Oxt_06","57.418","min","92.999","%a.s.","Humid","21.167","deg","41762","µV","27.782","°C","1021.000","hPa","36.4","pmil","0","55.390","deg","20.000","°C","100.000","%a.s.","21.720","deg","20.000","°C","977.000","hPa","0.861","-0.02617","0.00035","0","0","13.56","Humid","26.25","0","44.00","378306.89","SABD0000000001","AAV1.0.0.11","4.0.0.2323","PSt7-10","170328-019","7/29/2022 11:23:46 AM","0000-00","0","no battery","V","","µV","","µV"
"08/11/2022","10:41:21","6","default","383292078","Oxt_06","57.434","min","92.992","%a.s.","Humid","21.165","deg","41761","µV","27.809","°C","1021.000","hPa","36.4","pmil","0","55.390","deg","20.000","°C","100.000","%a.s.","21.720","deg","20.000","°C","977.000","hPa","0.861","-0.02617","0.00035","0","0","13.56","Humid","26.25","0","44.00","378306.91","SABD0000000001","AAV1.0.0.11","4.0.0.2323","PSt7-10","170328-019","7/29/2022 11:23:46 AM","0000-00","0","no battery","V","","µV","","µV"
"08/11/2022","10:41:22","6","default","383292078","Oxt_06","57.451","min","92.911","%a.s.","Humid","21.178","deg","41757","µV","27.780","°C","1021.000","hPa","36.4","pmil","0","55.390","deg","20.000","°C","100.000","%a.s.","21.720","deg","20.000","°C","977.000","hPa","0.861","-0.02617","0.00035","0","0","13.56","Humid","26.25","0","44.00","378305.89","SABD0000000001","AAV1.0.0.11","4.0.0.2323","PSt7-10","170328-019","7/29/2022 11:23:46 AM","0000-00","0","no battery","V","","µV","","µV"
"08/11/2022","10:41:23","6","default","383292078","Oxt_06","57.468","min","92.969","%a.s.","Humid","21.170","deg","41754","µV","27.789","°C","1021.000","hPa","36.4","pmil","0","55.390","deg","20.000","°C","100.000","%a.s.","21.720","deg","20.000","°C","977.000","hPa","0.861","-0.02617","0.00035","0","0","13.56","Humid","26.25","0","44.00","378301.20","SABD0000000001","AAV1.0.0.11","4.0.0.2323","PSt7-10","170328-019","7/29/2022 11:23:46 AM","0000-00","0","no battery","V","","µV","","µV"
"08/11/2022","10:41:24","6","default","383292078","Oxt_06","57.484","min","92.969","%a.s.","Humid","21.170","deg","41764","µV","27.789","°C","1021.000","hPa","36.4","pmil","0","55.390","deg","20.000","°C","100.000","%a.s.","21.720","deg","20.000","°C","977.000","hPa","0.861","-0.02617","0.00035","0","0","13.56","Humid","26.25","0","44.00","378292.78","SABD0000000001","AAV1.0.0.11","4.0.0.2323","PSt7-10","170328-019","7/29/2022 11:23:46 AM","0000-00","0","no battery","V","","µV","","µV"
"08/11/2022","10:41:25","6","default","383292078","Oxt_06","57.501","min","92.892","%a.s.","Humid","21.179","deg","41758","µV","27.792","°C","1021.000","hPa","36.4","pmil","0","55.390","deg","20.000","°C","100.000","%a.s.","21.720","deg","20.000","°C","977.000","hPa","0.861","-0.02617","0.00035","0","0","13.56","Humid","26.25","0","44.00","378306.54","SABD0000000001","AAV1.0.0.11","4.0.0.2323","PSt7-10","170328-019","7/29/2022 11:23:46 AM","0000-00","0","no battery","V","","µV","","µV"
"08/11/2022","10:41:26","6","default","383292078","Oxt_06","57.518","min","92.967","%a.s.","Humid","21.169","deg","41756","µV","27.800","°C","1021.000","hPa","36.4","pmil","0","55.390","deg","20.000","°C","100.000","%a.s.","21.720","deg","20.000","°C","977.000","hPa","0.861","-0.02617","0.00035","0","0","13.56","Humid","26.25","0","44.00","378300.10","SABD0000000001","AAV1.0.0.11","4.0.0.2323","PSt7-10","170328-019","7/29/2022 11:23:46 AM","0000-00","0","no battery","V","","µV","","µV"
"08/11/2022","10:41:27","6","default","383292078","Oxt_06","57.534","min","92.994","%a.s.","Humid","21.166","deg","41758","µV","27.797","°C","1021.000","hPa","36.4","pmil","0","55.390","deg","20.000","°C","100.000","%a.s.","21.720","deg","20.000","°C","977.000","hPa","0.861","-0.02617","0.00035","0","0","13.56","Humid","26.25","0","44.00","378294.31","SABD0000000001","AAV1.0.0.11","4.0.0.2323","PSt7-10","170328-019","7/29/2022 11:23:46 AM","0000-00","0","no battery","V","","µV","","µV"
"08/11/2022","10:41:28","6","default","383292078","Oxt_06","57.551","min","92.964","%a.s.","Humid","21.170","deg","41760","µV","27.794","°C","1021.000","hPa","36.4","pmil","0","55.390","deg","20.000","°C","100.000","%a.s.","21.720","deg","20.000","°C","977.000","hPa","0.861","-0.02617","0.00035","0","0","13.56","Humid","26.25","0","44.00","378304.50","SABD0000000001","AAV1.0.0.11","4.0.0.2323","PSt7-10","170328-019","7/29/2022 11:23:46 AM","0000-00","0","no battery","V","","µV","","µV"
"08/11/2022","10:41:29","6","default","383292078","Oxt_06","57.567","min","92.937","%a.s.","Humid","21.174","deg","41760","µV","27.788","°C","1021.000","hPa","36.4","pmil","0","55.390","deg","20.000","°C","100.000","%a.s.","21.720","deg","20.000","°C","977.000","hPa","0.861","-0.02617","0.00035","0","0","13.56","Humid","26.25","0","44.00","378297.16","SABD0000000001","AAV1.0.0.11","4.0.0.2323","PSt7-10","170328-019","7/29/2022 11:23:46 AM","0000-00","0","no battery","V","","µV","","µV"
"08/11/2022","10:41:30","6","default","383292078","Oxt_06","57.584","min","92.974","%a.s.","Humid","21.170","deg","41765","µV","27.783","°C","1021.000","hPa","36.4","pmil","0","55.390","deg","20.000","°C","100.000","%a.s.","21.720","deg","20.000","°C","977.000","hPa","0.861","-0.02617","0.00035","0","0","13.56","Humid","26.25","0","44.00","378297.85","SABD0000000001","AAV1.0.0.11","4.0.0.2323","PSt7-10","170328-019","7/29/2022 11:23:46 AM","0000-00","0","no battery","V","","µV","","µV"
"08/11/2022","10:41:31","6","default","383292078","Oxt_06","57.601","min","92.953","%a.s.","Humid","21.173","deg","41762","µV","27.779","°C","1021.000","hPa","36.4","pmil","0","55.390","deg","20.000","°C","100.000","%a.s.","21.720","deg","20.000","°C","977.000","hPa","0.861","-0.02617","0.00035","0","0","13.56","Humid","26.25","0","44.00","378302.60","SABD0000000001","AAV1.0.0.11","4.0.0.2323","PSt7-10","170328-019","7/29/2022 11:23:46 AM","0000-00","0","no battery","V","","µV","","µV"
"08/11/2022","10:41:32","6","default","383292078","Oxt_06","57.617","min","92.923","%a.s.","Humid","21.175","deg","41757","µV","27.794","°C","1021.000","hPa","36.4","pmil","0","55.390","deg","20.000","°C","100.000","%a.s.","21.720","deg","20.000","°C","977.000","hPa","0.861","-0.02617","0.00035","0","0","13.56","Humid","26.25","0","44.00","378306.03","SABD0000000001","AAV1.0.0.11","4.0.0.2323","PSt7-10","170328-019","7/29/2022 11:23:46 AM","0000-00","0","no battery","V","","µV","","µV"
"08/11/2022","10:41:33","6","default","383292078","Oxt_06","57.634","min","92.902","%a.s.","Humid","21.178","deg","41764","µV","27.790","°C","1021.000","hPa","36.4","pmil","0","55.390","deg","20.000","°C","100.000","%a.s.","21.720","deg","20.000","°C","977.000","hPa","0.861","-0.02617","0.00035","0","0","13.56","Humid","26.25","0","44.00","378297.27","SABD0000000001","AAV1.0.0.11","4.0.0.2323","PSt7-10","170328-019","7/29/2022 11:23:46 AM","0000-00","0","no battery","V","","µV","","µV"
"08/11/2022","10:41:34","6","default","383292078","Oxt_06","57.650","min","92.960","%a.s.","Humid","21.172","deg","41766","µV","27.780","°C","1021.000","hPa","36.4","pmil","0","55.390","deg","20.000","°C","100.000","%a.s.","21.720","deg","20.000","°C","977.000","hPa","0.861","-0.02617","0.00035","0","0","13.56","Humid","26.25","0","44.00","378307.89","SABD0000000001","AAV1.0.0.11","4.0.0.2323","PSt7-10","170328-019","7/29/2022 11:23:46 AM","0000-00","0","no battery","V","","µV","","µV"
"08/11/2022","10:41:35","6","default","383292078","Oxt_06","57.667","min","92.952","%a.s.","Humid","21.173","deg","41760","µV","27.780","°C","1021.000","hPa","36.4","pmil","0","55.390","deg","20.000","°C","100.000","%a.s.","21.720","deg","20.000","°C","977.000","hPa","0.861","-0.02617","0.00035","0","0","13.56","Humid","26.25","0","44.00","378291.33","SABD0000000001","AAV1.0.0.11","4.0.0.2323","PSt7-10","170328-019","7/29/2022 11:23:46 AM","0000-00","0","no battery","V","","µV","","µV"
"08/11/2022","10:41:36","6","default","383292078","Oxt_06","57.685","min","92.896","%a.s.","Humid","21.179","deg","41762","µV","27.788","°C","1021.000","hPa","36.4","pmil","0","55.390","deg","20.000","°C","100.000","%a.s.","21.720","deg","20.000","°C","977.000","hPa","0.861","-0.02617","0.00035","0","0","13.56","Humid","26.25","0","44.00","378305.33","SABD0000000001","AAV1.0.0.11","4.0.0.2323","PSt7-10","170328-019","7/29/2022 11:23:46 AM","0000-00","0","no battery","V","","µV","","µV"
"08/11/2022","10:41:37","6","default","383292078","Oxt_06","57.701","min","92.979","%a.s.","Humid","21.169","deg","41766","µV","27.787","°C","1021.000","hPa","36.4","pmil","0","55.390","deg","20.000","°C","100.000","%a.s.","21.720","deg","20.000","°C","977.000","hPa","0.861","-0.02617","0.00035","0","0","13.56","Humid","26.25","0","44.00","378285.63","SABD0000000001","AAV1.0.0.11","4.0.0.2323","PSt7-10","170328-019","7/29/2022 11:23:46 AM","0000-00","0","no battery","V","","µV","","µV"
"08/11/2022","10:41:38","6","default","383292078","Oxt_06","57.718","min","92.939","%a.s.","Humid","21.173","deg","41770","µV","27.795","°C","1021.000","hPa","36.4","pmil","0","55.390","deg","20.000","°C","100.000","%a.s.","21.720","deg","20.000","°C","977.000","hPa","0.861","-0.02617","0.00035","0","0","13.56","Humid","26.25","0","44.00","378294.53","SABD0000000001","AAV1.0.0.11","4.0.0.2323","PSt7-10","170328-019","7/29/2022 11:23:46 AM","0000-00","0","no battery","V","","µV","","µV"
"08/11/2022","10:41:39","6","default","383292078","Oxt_06","57.735","min","92.946","%a.s.","Humid","21.172","deg","41759","µV","27.796","°C","1021.000","hPa","36.4","pmil","0","55.390","deg","20.000","°C","100.000","%a.s.","21.720","deg","20.000","°C","977.000","hPa","0.861","-0.02617","0.00035","0","0","13.56","Humid","26.25","0","44.00","378296.75","SABD0000000001","AAV1.0.0.11","4.0.0.2323","PSt7-10","170328-019","7/29/2022 11:23:46 AM","0000-00","0","no battery","V","","µV","","µV"
"08/11/2022","10:41:40","6","default","383292078","Oxt_06","57.751","min","92.958","%a.s.","Humid","21.170","deg","41766","µV","27.801","°C","1021.000","hPa","36.4","pmil","0","55.390","deg","20.000","°C","100.000","%a.s.","21.720","deg","20.000","°C","977.000","hPa","0.861","-0.02617","0.00035","0","0","13.56","Humid","26.25","0","44.00","378274.07","SABD0000000001","AAV1.0.0.11","4.0.0.2323","PSt7-10","170328-019","7/29/2022 11:23:46 AM","0000-00","0","no battery","V","","µV","","µV"
"08/11/2022","10:41:41","6","default","383292078","Oxt_06","57.768","min","92.972","%a.s.","Humid","21.169","deg","41763","µV","27.795","°C","1021.000","hPa","36.4","pmil","0","55.390","deg","20.000","°C","100.000","%a.s.","21.720","deg","20.000","°C","977.000","hPa","0.861","-0.02617","0.00035","0","0","13.56","Humid","26.25","0","44.00","378287.08","SABD0000000001","AAV1.0.0.11","4.0.0.2323","PSt7-10","170328-019","7/29/2022 11:23:46 AM","0000-00","0","no battery","V","","µV","","µV"
"08/11/2022","10:41:42","6","default","383292078","Oxt_06","57.784","min","92.951","%a.s.","Humid","21.172","deg","41762","µV","27.791","°C","1021.000","hPa","36.4","pmil","0","55.390","deg","20.000","°C","100.000","%a.s.","21.720","deg","20.000","°C","977.000","hPa","0.861","-0.02617","0.00035","0","0","13.56","Humid","26.25","0","44.00","378280.79","SABD0000000001","AAV1.0.0.11","4.0.0.2323","PSt7-10","170328-019","7/29/2022 11:23:46 AM","0000-00","0","no battery","V","","µV","","µV"
"08/11/2022","10:41:43","6","default","383292078","Oxt_06","57.801","min","92.955","%a.s.","Humid","21.171","deg","41765","µV","27.795","°C","1021.000","hPa","36.4","pmil","0","55.390","deg","20.000","°C","100.000","%a.s.","21.720","deg","20.000","°C","977.000","hPa","0.861","-0.02617","0.00035","0","0","13.56","Humid","26.25","0","44.00","378271.10","SABD0000000001","AAV1.0.0.11","4.0.0.2323","PSt7-10","170328-019","7/29/2022 11:23:46 AM","0000-00","0","no battery","V","","µV","","µV"
"08/11/2022","10:41:44","6","default","383292078","Oxt_06","57.818","min","92.922","%a.s.","Humid","21.177","deg","41762","µV","27.777","°C","1021.000","hPa","36.4","pmil","0","55.390","deg","20.000","°C","100.000","%a.s.","21.720","deg","20.000","°C","977.000","hPa","0.861","-0.02617","0.00035","0","0","13.56","Humid","26.25","0","44.00","378274.81","SABD0000000001","AAV1.0.0.11","4.0.0.2323","PSt7-10","170328-019","7/29/2022 11:23:46 AM","0000-00","0","no battery","V","","µV","","µV"
"08/11/2022","10:41:45","6","default","383292078","Oxt_06","57.834","min","92.934","%a.s.","Humid","21.175","deg","41765","µV","27.782","°C","1021.000","hPa","36.4","pmil","0","55.390","deg","20.000","°C","100.000","%a.s.","21.720","deg","20.000","°C","977.000","hPa","0.861","-0.02617","0.00035","0","0","13.56","Humid","26.25","0","44.00","378280.20","SABD0000000001","AAV1.0.0.11","4.0.0.2323","PSt7-10","170328-019","7/29/2022 11:23:46 AM","0000-00","0","no battery","V","","µV","","µV"
"08/11/2022","10:41:46","6","default","383292078","Oxt_06","57.851","min","92.937","%a.s.","Humid","21.173","deg","41768","µV","27.797","°C","1021.000","hPa","36.4","pmil","0","55.390","deg","20.000","°C","100.000","%a.s.","21.720","deg","20.000","°C","977.000","hPa","0.861","-0.02617","0.00035","0","0","13.56","Humid","26.25","0","44.00","378285.63","SABD0000000001","AAV1.0.0.11","4.0.0.2323","PSt7-10","170328-019","7/29/2022 11:23:46 AM","0000-00","0","no battery","V","","µV","","µV"
"08/11/2022","10:41:47","6","default","383292078","Oxt_06","57.867","min","92.997","%a.s.","Humid","21.166","deg","41761","µV","27.794","°C","1021.000","hPa","36.4","pmil","0","55.390","deg","20.000","°C","100.000","%a.s.","21.720","deg","20.000","°C","977.000","hPa","0.861","-0.02617","0.00035","0","0","13.56","Humid","26.25","0","44.00","378287.15","SABD0000000001","AAV1.0.0.11","4.0.0.2323","PSt7-10","170328-019","7/29/2022 11:23:46 AM","0000-00","0","no battery","V","","µV","","µV"
"08/11/2022","10:41:48","6","default","383292078","Oxt_06","57.884","min","92.929","%a.s.","Humid","21.174","deg","41766","µV","27.797","°C","1021.000","hPa","36.4","pmil","0","55.390","deg","20.000","°C","100.000","%a.s.","21.720","deg","20.000","°C","977.000","hPa","0.861","-0.02617","0.00035","0","0","13.56","Humid","26.25","0","44.00","378281.18","SABD0000000001","AAV1.0.0.11","4.0.0.2323","PSt7-10","170328-019","7/29/2022 11:23:46 AM","0000-00","0","no battery","V","","µV","","µV"
"08/11/2022","10:41:49","6","default","383292078","Oxt_06","57.901","min","92.867","%a.s.","Humid","21.182","deg","41767","µV","27.793","°C","1021.000","hPa","36.4","pmil","0","55.390","deg","20.000","°C","100.000","%a.s.","21.720","deg","20.000","°C","977.000","hPa","0.861","-0.02617","0.00035","0","0","13.56","Humid","26.25","0","44.00","378290.89","SABD0000000001","AAV1.0.0.11","4.0.0.2323","PSt7-10","170328-019","7/29/2022 11:23:46 AM","0000-00","0","no battery","V","","µV","","µV"
"08/11/2022","10:41:50","6","default","383292078","Oxt_06","57.917","min","92.944","%a.s.","Humid","21.174","deg","41769","µV","27.780","°C","1021.000","hPa","36.4","pmil","0","55.390","deg","20.000","°C","100.000","%a.s.","21.720","deg","20.000","°C","977.000","hPa","0.861","-0.02617","0.00035","0","0","13.56","Humid","26.25","0","44.00","378282.15","SABD0000000001","AAV1.0.0.11","4.0.0.2323","PSt7-10","170328-019","7/29/2022 11:23:46 AM","0000-00","0","no battery","V","","µV","","µV"
"08/11/2022","10:41:51","6","default","383292078","Oxt_06","57.934","min","92.940","%a.s.","Humid","21.173","deg","41768","µV","27.794","°C","1021.000","hPa","36.4","pmil","0","55.390","deg","20.000","°C","100.000","%a.s.","21.720","deg","20.000","°C","977.000","hPa","0.861","-0.02617","0.00035","0","0","13.56","Humid","26.25","0","44.00","378293.06","SABD0000000001","AAV1.0.0.11","4.0.0.2323","PSt7-10","170328-019","7/29/2022 11:23:46 AM","0000-00","0","no battery","V","","µV","","µV"
"08/11/2022","10:41:52","6","default","383292078","Oxt_06","57.950","min","92.950","%a.s.","Humid","21.172","deg","41762","µV","27.791","°C","1021.000","hPa","36.4","pmil","0","55.390","deg","20.000","°C","100.000","%a.s.","21.720","deg","20.000","°C","977.000","hPa","0.861","-0.02617","0.00035","0","0","13.56","Humid","26.25","0","44.00","378292.74","SABD0000000001","AAV1.0.0.11","4.0.0.2323","PSt7-10","170328-019","7/29/2022 11:23:46 AM","0000-00","0","no battery","V","","µV","","µV"
"08/11/2022","10:41:53","6","default","383292078","Oxt_06","57.967","min","92.917","%a.s.","Humid","21.177","deg","41765","µV","27.783","°C","1021.000","hPa","36.4","pmil","0","55.390","deg","20.000","°C","100.000","%a.s.","21.720","deg","20.000","°C","977.000","hPa","0.861","-0.02617","0.00035","0","0","13.56","Humid","26.25","0","44.00","378280.02","SABD0000000001","AAV1.0.0.11","4.0.0.2323","PSt7-10","170328-019","7/29/2022 11:23:46 AM","0000-00","0","no battery","V","","µV","","µV"
"08/11/2022","10:41:54","6","default","383292078","Oxt_06","57.984","min","92.914","%a.s.","Humid","21.178","deg","41764","µV","27.776","°C","1021.000","hPa","36.4","pmil","0","55.390","deg","20.000","°C","100.000","%a.s.","21.720","deg","20.000","°C","977.000","hPa","0.861","-0.02617","0.00035","0","0","13.56","Humid","26.25","0","44.00","378283.17","SABD0000000001","AAV1.0.0.11","4.0.0.2323","PSt7-10","170328-019","7/29/2022 11:23:46 AM","0000-00","0","no battery","V","","µV","","µV"
"08/11/2022","10:41:55","6","default","383292078","Oxt_06","58.001","min","92.953","%a.s.","Humid","21.173","deg","41770","µV","27.779","°C","1021.000","hPa","36.4","pmil","0","55.390","deg","20.000","°C","100.000","%a.s.","21.720","deg","20.000","°C","977.000","hPa","0.861","-0.02617","0.00035","0","0","13.56","Humid","26.25","0","44.00","378276.93","SABD0000000001","AAV1.0.0.11","4.0.0.2323","PSt7-10","170328-019","7/29/2022 11:23:46 AM","0000-00","0","no battery","V","","µV","","µV"
"08/11/2022","10:41:56","6","default","383292078","Oxt_06","58.018","min","92.941","%a.s.","Humid","21.173","deg","41767","µV","27.792","°C","1021.000","hPa","36.4","pmil","0","55.390","deg","20.000","°C","100.000","%a.s.","21.720","deg","20.000","°C","977.000","hPa","0.861","-0.02617","0.00035","0","0","13.56","Humid","26.25","0","44.00","378291.86","SABD0000000001","AAV1.0.0.11","4.0.0.2323","PSt7-10","170328-019","7/29/2022 11:23:46 AM","0000-00","0","no battery","V","","µV","","µV"
"08/11/2022","10:41:57","6","default","383292078","Oxt_06","58.035","min","92.919","%a.s.","Humid","21.175","deg","41764","µV","27.799","°C","1021.000","hPa","36.4","pmil","0","55.390","deg","20.000","°C","100.000","%a.s.","21.720","deg","20.000","°C","977.000","hPa","0.861","-0.02617","0.00035","0","0","13.56","Humid","26.25","0","44.00","378269.49","SABD0000000001","AAV1.0.0.11","4.0.0.2323","PSt7-10","170328-019","7/29/2022 11:23:46 AM","0000-00","0","no battery","V","","µV","","µV"
"08/11/2022","10:41:58","6","default","383292078","Oxt_06","58.051","min","92.899","%a.s.","Humid","21.177","deg","41761","µV","27.802","°C","1021.000","hPa","36.4","pmil","0","55.390","deg","20.000","°C","100.000","%a.s.","21.720","deg","20.000","°C","977.000","hPa","0.861","-0.02617","0.00035","0","0","13.56","Humid","26.25","0","44.00","378277.88","SABD0000000001","AAV1.0.0.11","4.0.0.2323","PSt7-10","170328-019","7/29/2022 11:23:46 AM","0000-00","0","no battery","V","","µV","","µV"
"08/11/2022","10:41:59","6","default","383292078","Oxt_06","58.068","min","92.944","%a.s.","Humid","21.174","deg","41767","µV","27.780","°C","1021.000","hPa","36.4","pmil","0","55.390","deg","20.000","°C","100.000","%a.s.","21.720","deg","20.000","°C","977.000","hPa","0.861","-0.02617","0.00035","0","0","13.56","Humid","26.25","0","44.00","378278.60","SABD0000000001","AAV1.0.0.11","4.0.0.2323","PSt7-10","170328-019","7/29/2022 11:23:46 AM","0000-00","0","no battery","V","","µV","","µV"
"08/11/2022","10:42:00","6","default","383292078","Oxt_06","58.085","min","92.939","%a.s.","Humid","21.173","deg","41760","µV","27.795","°C","1021.000","hPa","36.4","pmil","0","55.390","deg","20.000","°C","100.000","%a.s.","21.720","deg","20.000","°C","977.000","hPa","0.861","-0.02617","0.00035","0","0","13.56","Humid","26.25","0","44.00","378279.71","SABD0000000001","AAV1.0.0.11","4.0.0.2323","PSt7-10","170328-019","7/29/2022 11:23:46 AM","0000-00","0","no battery","V","","µV","","µV"
"08/11/2022","10:42:01","6","default","383292078","Oxt_06","58.101","min","92.909","%a.s.","Humid","21.177","deg","41766","µV","27.791","°C","1021.000","hPa","36.4","pmil","0","55.390","deg","20.000","°C","100.000","%a.s.","21.720","deg","20.000","°C","977.000","hPa","0.861","-0.02617","0.00035","0","0","13.56","Humid","26.25","0","44.00","378272.22","SABD0000000001","AAV1.0.0.11","4.0.0.2323","PSt7-10","170328-019","7/29/2022 11:23:46 AM","0000-00","0","no battery","V","","µV","","µV"
"08/11/2022","10:42:02","6","default","383292078","Oxt_06","58.118","min","92.927","%a.s.","Humid","21.175","deg","41772","µV","27.790","°C","1021.000","hPa","36.4","pmil","0","55.390","deg","20.000","°C","100.000","%a.s.","21.720","deg","20.000","°C","977.000","hPa","0.861","-0.02617","0.00035","0","0","13.56","Humid","26.25","0","44.00","378265.84","SABD0000000001","AAV1.0.0.11","4.0.0.2323","PSt7-10","170328-019","7/29/2022 11:23:46 AM","0000-00","0","no battery","V","","µV","","µV"
"08/11/2022","10:42:03","6","default","383292078","Oxt_06","58.134","min","92.885","%a.s.","Humid","21.180","deg","41767","µV","27.791","°C","1021.000","hPa","36.4","pmil","0","55.390","deg","20.000","°C","100.000","%a.s.","21.720","deg","20.000","°C","977.000","hPa","0.861","-0.02617","0.00035","0","0","13.56","Humid","26.25","0","44.00","378269.15","SABD0000000001","AAV1.0.0.11","4.0.0.2323","PSt7-10","170328-019","7/29/2022 11:23:46 AM","0000-00","0","no battery","V","","µV","","µV"
"08/11/2022","10:42:04","6","default","383292078","Oxt_06","58.151","min","92.926","%a.s.","Humid","21.175","deg","41764","µV","27.791","°C","1021.000","hPa","36.4","pmil","0","55.390","deg","20.000","°C","100.000","%a.s.","21.720","deg","20.000","°C","977.000","hPa","0.861","-0.02617","0.00035","0","0","13.56","Humid","26.25","0","44.00","378279.57","SABD0000000001","AAV1.0.0.11","4.0.0.2323","PSt7-10","170328-019","7/29/2022 11:23:46 AM","0000-00","0","no battery","V","","µV","","µV"
"08/11/2022","10:42:05","6","default","383292078","Oxt_06","58.168","min","92.902","%a.s.","Humid","21.178","deg","41763","µV","27.790","°C","1021.000","hPa","36.4","pmil","0","55.390","deg","20.000","°C","100.000","%a.s.","21.720","deg","20.000","°C","977.000","hPa","0.861","-0.02617","0.00035","0","0","13.56","Humid","26.25","0","44.00","378262.53","SABD0000000001","AAV1.0.0.11","4.0.0.2323","PSt7-10","170328-019","7/29/2022 11:23:46 AM","0000-00","0","no battery","V","","µV","","µV"
"08/11/2022","10:42:06","6","default","383292078","Oxt_06","58.184","min","92.861","%a.s.","Humid","21.182","deg","41764","µV","27.799","°C","1021.000","hPa","36.4","pmil","0","55.390","deg","20.000","°C","100.000","%a.s.","21.720","deg","20.000","°C","977.000","hPa","0.861","-0.02617","0.00035","0","0","13.56","Humid","26.25","0","44.00","378274.51","SABD0000000001","AAV1.0.0.11","4.0.0.2323","PSt7-10","170328-019","7/29/2022 11:23:46 AM","0000-00","0","no battery","V","","µV","","µV"
"08/11/2022","10:42:07","6","default","383292078","Oxt_06","58.201","min","92.860","%a.s.","Humid","21.181","deg","41767","µV","27.810","°C","1021.000","hPa","36.4","pmil","0","55.390","deg","20.000","°C","100.000","%a.s.","21.720","deg","20.000","°C","977.000","hPa","0.861","-0.02617","0.00035","0","0","13.56","Humid","26.25","0","44.00","378259.37","SABD0000000001","AAV1.0.0.11","4.0.0.2323","PSt7-10","170328-019","7/29/2022 11:23:46 AM","0000-00","0","no battery","V","","µV","","µV"
"08/11/2022","10:42:08","6","default","383292078","Oxt_06","58.218","min","92.931","%a.s.","Humid","21.175","deg","41761","µV","27.785","°C","1021.000","hPa","36.4","pmil","0","55.390","deg","20.000","°C","100.000","%a.s.","21.720","deg","20.000","°C","977.000","hPa","0.861","-0.02617","0.00035","0","0","13.56","Humid","26.25","0","44.00","378263.00","SABD0000000001","AAV1.0.0.11","4.0.0.2323","PSt7-10","170328-019","7/29/2022 11:23:46 AM","0000-00","0","no battery","V","","µV","","µV"
"08/11/2022","10:42:09","6","default","383292078","Oxt_06","58.234","min","92.878","%a.s.","Humid","21.181","deg","41768","µV","27.789","°C","1021.000","hPa","36.4","pmil","0","55.390","deg","20.000","°C","100.000","%a.s.","21.720","deg","20.000","°C","977.000","hPa","0.861","-0.02617","0.00035","0","0","13.56","Humid","26.25","0","44.00","378267.29","SABD0000000001","AAV1.0.0.11","4.0.0.2323","PSt7-10","170328-019","7/29/2022 11:23:46 AM","0000-00","0","no battery","V","","µV","","µV"
"08/11/2022","10:42:10","6","default","383292078","Oxt_06","58.251","min","92.883","%a.s.","Humid","21.181","deg","41774","µV","27.783","°C","1021.000","hPa","36.4","pmil","0","55.390","deg","20.000","°C","100.000","%a.s.","21.720","deg","20.000","°C","977.000","hPa","0.861","-0.02617","0.00035","0","0","13.56","Humid","26.25","0","44.00","378275.43","SABD0000000001","AAV1.0.0.11","4.0.0.2323","PSt7-10","170328-019","7/29/2022 11:23:46 AM","0000-00","0","no battery","V","","µV","","µV"
"08/11/2022","10:42:11","6","default","383292078","Oxt_06","58.267","min","92.876","%a.s.","Humid","21.181","deg","41772","µV","27.791","°C","1021.000","hPa","36.4","pmil","0","55.390","deg","20.000","°C","100.000","%a.s.","21.720","deg","20.000","°C","977.000","hPa","0.861","-0.02617","0.00035","0","0","13.56","Humid","26.25","0","44.00","378271.46","SABD0000000001","AAV1.0.0.11","4.0.0.2323","PSt7-10","170328-019","7/29/2022 11:23:46 AM","0000-00","0","no battery","V","","µV","","µV"
"08/11/2022","10:42:12","6","default","383292078","Oxt_06","58.284","min","92.908","%a.s.","Humid","21.178","deg","41771","µV","27.783","°C","1021.000","hPa","36.4","pmil","0","55.390","deg","20.000","°C","100.000","%a.s.","21.720","deg","20.000","°C","977.000","hPa","0.861","-0.02617","0.00035","0","0","13.56","Humid","26.25","0","44.00","378262.87","SABD0000000001","AAV1.0.0.11","4.0.0.2323","PSt7-10","170328-019","7/29/2022 11:23:46 AM","0000-00","0","no battery","V","","µV","","µV"
"08/11/2022","10:42:13","6","default","383292078","Oxt_06","58.301","min","92.949","%a.s.","Humid","21.173","deg","41768","µV","27.783","°C","1021.000","hPa","36.4","pmil","0","55.390","deg","20.000","°C","100.000","%a.s.","21.720","deg","20.000","°C","977.000","hPa","0.861","-0.02617","0.00035","0","0","13.56","Humid","26.25","0","44.00","378268.80","SABD0000000001","AAV1.0.0.11","4.0.0.2323","PSt7-10","170328-019","7/29/2022 11:23:46 AM","0000-00","0","no battery","V","","µV","","µV"
"08/11/2022","10:42:14","6","default","383292078","Oxt_06","58.317","min","92.855","%a.s.","Humid","21.185","deg","41765","µV","27.778","°C","1021.000","hPa","36.4","pmil","0","55.390","deg","20.000","°C","100.000","%a.s.","21.720","deg","20.000","°C","977.000","hPa","0.861","-0.02617","0.00035","0","0","13.56","Humid","26.25","0","44.00","378271.44","SABD0000000001","AAV1.0.0.11","4.0.0.2323","PSt7-10","170328-019","7/29/2022 11:23:46 AM","0000-00","0","no battery","V","","µV","","µV"
"08/11/2022","10:42:15","6","default","383292078","Oxt_06","58.334","min","92.866","%a.s.","Humid","21.182","deg","41768","µV","27.793","°C","1021.000","hPa","36.4","pmil","0","55.390","deg","20.000","°C","100.000","%a.s.","21.720","deg","20.000","°C","977.000","hPa","0.861","-0.02617","0.00035","0","0","13.56","Humid","26.25","0","44.00","378268.10","SABD0000000001","AAV1.0.0.11","4.0.0.2323","PSt7-10","170328-019","7/29/2022 11:23:46 AM","0000-00","0","no battery","V","","µV","","µV"
"08/11/2022","10:42:16","6","default","383292078","Oxt_06","58.350","min","92.897","%a.s.","Humid","21.178","deg","41766","µV","27.795","°C","1021.000","hPa","36.4","pmil","0","55.390","deg","20.000","°C","100.000","%a.s.","21.720","deg","20.000","°C","977.000","hPa","0.861","-0.02617","0.00035","0","0","13.56","Humid","26.25","0","44.00","378261.03","SABD0000000001","AAV1.0.0.11","4.0.0.2323","PSt7-10","170328-019","7/29/2022 11:23:46 AM","0000-00","0","no battery","V","","µV","","µV"
"08/11/2022","10:42:17","6","default","383292078","Oxt_06","58.367","min","92.874","%a.s.","Humid","21.181","deg","41767","µV","27.794","°C","1021.000","hPa","36.4","pmil","0","55.390","deg","20.000","°C","100.000","%a.s.","21.720","deg","20.000","°C","977.000","hPa","0.861","-0.02617","0.00035","0","0","13.56","Humid","26.25","0","44.00","378266.64","SABD0000000001","AAV1.0.0.11","4.0.0.2323","PSt7-10","170328-019","7/29/2022 11:23:46 AM","0000-00","0","no battery","V","","µV","","µV"
"08/11/2022","10:42:18","6","default","383292078","Oxt_06","58.385","min","92.913","%a.s.","Humid","21.176","deg","41771","µV","27.796","°C","1021.000","hPa","36.4","pmil","0","55.390","deg","20.000","°C","100.000","%a.s.","21.720","deg","20.000","°C","977.000","hPa","0.861","-0.02617","0.00035","0","0","13.56","Humid","26.25","0","44.00","378267.15","SABD0000000001","AAV1.0.0.11","4.0.0.2323","PSt7-10","170328-019","7/29/2022 11:23:46 AM","0000-00","0","no battery","V","","µV","","µV"
"08/11/2022","10:42:19","6","default","383292078","Oxt_06","58.400","min","92.928","%a.s.","Humid","21.174","deg","41765","µV","27.798","°C","1021.000","hPa","36.4","pmil","0","55.390","deg","20.000","°C","100.000","%a.s.","21.720","deg","20.000","°C","977.000","hPa","0.861","-0.02617","0.00035","0","0","13.56","Humid","26.25","0","44.00","378266.14","SABD0000000001","AAV1.0.0.11","4.0.0.2323","PSt7-10","170328-019","7/29/2022 11:23:46 AM","0000-00","0","no battery","V","","µV","","µV"
"08/11/2022","10:42:20","6","default","383292078","Oxt_06","58.418","min","92.956","%a.s.","Humid","21.171","deg","41773","µV","27.794","°C","1021.000","hPa","36.4","pmil","0","55.390","deg","20.000","°C","100.000","%a.s.","21.720","deg","20.000","°C","977.000","hPa","0.861","-0.02617","0.00035","0","0","13.56","Humid","26.25","0","44.00","378264.65","SABD0000000001","AAV1.0.0.11","4.0.0.2323","PSt7-10","170328-019","7/29/2022 11:23:46 AM","0000-00","0","no battery","V","","µV","","µV"
"08/11/2022","10:42:21","6","default","383292078","Oxt_06","58.435","min","92.852","%a.s.","Humid","21.184","deg","41768","µV","27.791","°C","1021.000","hPa","36.4","pmil","0","55.390","deg","20.000","°C","100.000","%a.s.","21.720","deg","20.000","°C","977.000","hPa","0.861","-0.02617","0.00035","0","0","13.56","Humid","26.25","0","44.00","378258.95","SABD0000000001","AAV1.0.0.11","4.0.0.2323","PSt7-10","170328-019","7/29/2022 11:23:46 AM","0000-00","0","no battery","V","","µV","","µV"
"08/11/2022","10:42:22","6","default","383292078","Oxt_06","58.451","min","92.919","%a.s.","Humid","21.177","deg","41767","µV","27.781","°C","1021.000","hPa","36.4","pmil","0","55.390","deg","20.000","°C","100.000","%a.s.","21.720","deg","20.000","°C","977.000","hPa","0.861","-0.02617","0.00035","0","0","13.56","Humid","26.25","0","44.00","378265.77","SABD0000000001","AAV1.0.0.11","4.0.0.2323","PSt7-10","170328-019","7/29/2022 11:23:46 AM","0000-00","0","no battery","V","","µV","","µV"
"08/11/2022","10:42:23","6","default","383292078","Oxt_06","58.468","min","92.895","%a.s.","Humid","21.179","deg","41774","µV","27.789","°C","1021.000","hPa","36.4","pmil","0","55.390","deg","20.000","°C","100.000","%a.s.","21.720","deg","20.000","°C","977.000","hPa","0.861","-0.02617","0.00035","0","0","13.56","Humid","26.25","0","44.00","378256.53","SABD0000000001","AAV1.0.0.11","4.0.0.2323","PSt7-10","170328-019","7/29/2022 11:23:46 AM","0000-00","0","no battery","V","","µV","","µV"
"08/11/2022","10:42:24","6","default","383292078","Oxt_06","58.484","min","92.872","%a.s.","Humid","21.181","deg","41772","µV","27.796","°C","1021.000","hPa","36.4","pmil","0","55.390","deg","20.000","°C","100.000","%a.s.","21.720","deg","20.000","°C","977.000","hPa","0.861","-0.02617","0.00035","0","0","13.56","Humid","26.25","0","44.00","378256.84","SABD0000000001","AAV1.0.0.11","4.0.0.2323","PSt7-10","170328-019","7/29/2022 11:23:46 AM","0000-00","0","no battery","V","","µV","","µV"
"08/11/2022","10:42:25","6","default","383292078","Oxt_06","58.501","min","92.851","%a.s.","Humid","21.184","deg","41772","µV","27.792","°C","1021.000","hPa","36.4","pmil","0","55.390","deg","20.000","°C","100.000","%a.s.","21.720","deg","20.000","°C","977.000","hPa","0.861","-0.02617","0.00035","0","0","13.56","Humid","26.25","0","44.00","378252.21","SABD0000000001","AAV1.0.0.11","4.0.0.2323","PSt7-10","170328-019","7/29/2022 11:23:46 AM","0000-00","0","no battery","V","","µV","","µV"
"08/11/2022","10:42:26","6","default","383292078","Oxt_06","58.518","min","92.823","%a.s.","Humid","21.187","deg","41778","µV","27.795","°C","1021.000","hPa","36.4","pmil","0","55.390","deg","20.000","°C","100.000","%a.s.","21.720","deg","20.000","°C","977.000","hPa","0.861","-0.02617","0.00035","0","0","13.56","Humid","26.25","0","44.00","378250.93","SABD0000000001","AAV1.0.0.11","4.0.0.2323","PSt7-10","170328-019","7/29/2022 11:23:46 AM","0000-00","0","no battery","V","","µV","","µV"
"08/11/2022","10:42:27","6","default","383292078","Oxt_06","58.534","min","92.854","%a.s.","Humid","21.185","deg","41770","µV","27.779","°C","1021.000","hPa","36.4","pmil","0","55.390","deg","20.000","°C","100.000","%a.s.","21.720","deg","20.000","°C","977.000","hPa","0.861","-0.02617","0.00035","0","0","13.56","Humid","26.25","0","44.00","378245.36","SABD0000000001","AAV1.0.0.11","4.0.0.2323","PSt7-10","170328-019","7/29/2022 11:23:46 AM","0000-00","0","no battery","V","","µV","","µV"
"08/11/2022","10:42:28","6","default","383292078","Oxt_06","58.551","min","92.932","%a.s.","Humid","21.174","deg","41770","µV","27.793","°C","1021.000","hPa","36.4","pmil","0","55.390","deg","20.000","°C","100.000","%a.s.","21.720","deg","20.000","°C","977.000","hPa","0.861","-0.02617","0.00035","0","0","13.56","Humid","26.25","0","44.00","378249.06","SABD0000000001","AAV1.0.0.11","4.0.0.2323","PSt7-10","170328-019","7/29/2022 11:23:46 AM","0000-00","0","no battery","V","","µV","","µV"
"08/11/2022","10:42:29","6","default","383292078","Oxt_06","58.568","min","92.874","%a.s.","Humid","21.182","deg","41771","µV","27.785","°C","1021.000","hPa","36.4","pmil","0","55.390","deg","20.000","°C","100.000","%a.s.","21.720","deg","20.000","°C","977.000","hPa","0.861","-0.02617","0.00035","0","0","13.56","Humid","26.25","0","44.00","378243.80","SABD0000000001","AAV1.0.0.11","4.0.0.2323","PSt7-10","170328-019","7/29/2022 11:23:46 AM","0000-00","0","no battery","V","","µV","","µV"
"08/11/2022","10:42:30","6","default","383292078","Oxt_06","58.584","min","92.921","%a.s.","Humid","21.176","deg","41775","µV","27.788","°C","1021.000","hPa","36.4","pmil","0","55.390","deg","20.000","°C","100.000","%a.s.","21.720","deg","20.000","°C","977.000","hPa","0.861","-0.02617","0.00035","0","0","13.56","Humid","26.25","0","44.00","378249.45","SABD0000000001","AAV1.0.0.11","4.0.0.2323","PSt7-10","170328-019","7/29/2022 11:23:46 AM","0000-00","0","no battery","V","","µV","","µV"
"08/11/2022","10:42:31","6","default","383292078","Oxt_06","58.601","min","92.874","%a.s.","Humid","21.182","deg","41769","µV","27.785","°C","1021.000","hPa","36.4","pmil","0","55.390","deg","20.000","°C","100.000","%a.s.","21.720","deg","20.000","°C","977.000","hPa","0.861","-0.02617","0.00035","0","0","13.56","Humid","26.25","0","44.00","378249.08","SABD0000000001","AAV1.0.0.11","4.0.0.2323","PSt7-10","170328-019","7/29/2022 11:23:46 AM","0000-00","0","no battery","V","","µV","","µV"
"08/11/2022","10:42:32","6","default","383292078","Oxt_06","58.618","min","92.823","%a.s.","Humid","21.188","deg","41772","µV","27.787","°C","1021.000","hPa","36.4","pmil","0","55.390","deg","20.000","°C","100.000","%a.s.","21.720","deg","20.000","°C","977.000","hPa","0.861","-0.02617","0.00035","0","0","13.56","Humid","26.25","0","44.00","378239.48","SABD0000000001","AAV1.0.0.11","4.0.0.2323","PSt7-10","170328-019","7/29/2022 11:23:46 AM","0000-00","0","no battery","V","","µV","","µV"
"08/11/2022","10:42:33","6","default","383292078","Oxt_06","58.634","min","92.859","%a.s.","Humid","21.184","deg","41771","µV","27.783","°C","1021.000","hPa","36.4","pmil","0","55.390","deg","20.000","°C","100.000","%a.s.","21.720","deg","20.000","°C","977.000","hPa","0.861","-0.02617","0.00035","0","0","13.56","Humid","26.25","0","44.00","378255.70","SABD0000000001","AAV1.0.0.11","4.0.0.2323","PSt7-10","170328-019","7/29/2022 11:23:46 AM","0000-00","0","no battery","V","","µV","","µV"
"08/11/2022","10:42:34","6","default","383292078","Oxt_06","58.651","min","92.881","%a.s.","Humid","21.180","deg","41773","µV","27.795","°C","1021.000","hPa","36.4","pmil","0","55.390","deg","20.000","°C","100.000","%a.s.","21.720","deg","20.000","°C","977.000","hPa","0.861","-0.02617","0.00035","0","0","13.56","Humid","26.25","0","44.00","378236.16","SABD0000000001","AAV1.0.0.11","4.0.0.2323","PSt7-10","170328-019","7/29/2022 11:23:46 AM","0000-00","0","no battery","V","","µV","","µV"
"08/11/2022","10:42:35","6","default","383292078","Oxt_06","58.668","min","92.898","%a.s.","Humid","21.178","deg","41773","µV","27.795","°C","1021.000","hPa","36.4","pmil","0","55.390","deg","20.000","°C","100.000","%a.s.","21.720","deg","20.000","°C","977.000","hPa","0.861","-0.02617","0.00035","0","0","13.56","Humid","26.25","0","44.00","378248.26","SABD0000000001","AAV1.0.0.11","4.0.0.2323","PSt7-10","170328-019","7/29/2022 11:23:46 AM","0000-00","0","no battery","V","","µV","","µV"
"08/11/2022","10:42:36","6","default","383292078","Oxt_06","58.684","min","92.800","%a.s.","Humid","21.190","deg","41770","µV","27.794","°C","1021.000","hPa","36.4","pmil","0","55.390","deg","20.000","°C","100.000","%a.s.","21.720","deg","20.000","°C","977.000","hPa","0.861","-0.02617","0.00035","0","0","13.56","Humid","26.25","0","44.00","378260.27","SABD0000000001","AAV1.0.0.11","4.0.0.2323","PSt7-10","170328-019","7/29/2022 11:23:46 AM","0000-00","0","no battery","V","","µV","","µV"
"08/11/2022","10:42:37","6","default","383292078","Oxt_06","58.701","min","92.841","%a.s.","Humid","21.185","deg","41778","µV","27.794","°C","1021.000","hPa","36.4","pmil","0","55.390","deg","20.000","°C","100.000","%a.s.","21.720","deg","20.000","°C","977.000","hPa","0.861","-0.02617","0.00035","0","0","13.56","Humid","26.25","0","44.00","378263.92","SABD0000000001","AAV1.0.0.11","4.0.0.2323","PSt7-10","170328-019","7/29/2022 11:23:46 AM","0000-00","0","no battery","V","","µV","","µV"
"08/11/2022","10:42:38","6","default","383292078","Oxt_06","58.718","min","92.815","%a.s.","Humid","21.188","deg","41770","µV","27.796","°C","1021.000","hPa","36.4","pmil","0","55.390","deg","20.000","°C","100.000","%a.s.","21.720","deg","20.000","°C","977.000","hPa","0.861","-0.02617","0.00035","0","0","13.56","Humid","26.25","0","44.00","378248.51","SABD0000000001","AAV1.0.0.11","4.0.0.2323","PSt7-10","170328-019","7/29/2022 11:23:46 AM","0000-00","0","no battery","V","","µV","","µV"
"08/11/2022","10:42:39","6","default","383292078","Oxt_06","58.734","min","92.869","%a.s.","Humid","21.182","deg","41774","µV","27.790","°C","1021.000","hPa","36.4","pmil","0","55.390","deg","20.000","°C","100.000","%a.s.","21.720","deg","20.000","°C","977.000","hPa","0.861","-0.02617","0.00035","0","0","13.56","Humid","26.25","0","44.00","378242.22","SABD0000000001","AAV1.0.0.11","4.0.0.2323","PSt7-10","170328-019","7/29/2022 11:23:46 AM","0000-00","0","no battery","V","","µV","","µV"
"08/11/2022","10:42:40","6","default","383292078","Oxt_06","58.751","min","92.864","%a.s.","Humid","21.181","deg","41783","µV","27.805","°C","1021.000","hPa","36.4","pmil","0","55.390","deg","20.000","°C","100.000","%a.s.","21.720","deg","20.000","°C","977.000","hPa","0.861","-0.02617","0.00035","0","0","13.56","Humid","26.25","0","44.00","378255.09","SABD0000000001","AAV1.0.0.11","4.0.0.2323","PSt7-10","170328-019","7/29/2022 11:23:46 AM","0000-00","0","no battery","V","","µV","","µV"
"08/11/2022","10:42:41","6","default","383292078","Oxt_06","58.767","min","92.885","%a.s.","Humid","21.179","deg","41774","µV","27.800","°C","1021.000","hPa","36.4","pmil","0","55.390","deg","20.000","°C","100.000","%a.s.","21.720","deg","20.000","°C","977.000","hPa","0.861","-0.02617","0.00035","0","0","13.56","Humid","26.25","0","44.00","378242.44","SABD0000000001","AAV1.0.0.11","4.0.0.2323","PSt7-10","170328-019","7/29/2022 11:23:46 AM","0000-00","0","no battery","V","","µV","","µV"
"08/11/2022","10:42:42","6","default","383292078","Oxt_06","58.784","min","92.880","%a.s.","Humid","21.180","deg","41778","µV","27.797","°C","1021.000","hPa","36.4","pmil","0","55.390","deg","20.000","°C","100.000","%a.s.","21.720","deg","20.000","°C","977.000","hPa","0.861","-0.02617","0.00035","0","0","13.56","Humid","26.25","0","44.00","378232.16","SABD0000000001","AAV1.0.0.11","4.0.0.2323","PSt7-10","170328-019","7/29/2022 11:23:46 AM","0000-00","0","no battery","V","","µV","","µV"
"08/11/2022","10:42:43","6","default","383292078","Oxt_06","58.801","min","92.886","%a.s.","Humid","21.180","deg","41778","µV","27.789","°C","1021.000","hPa","36.4","pmil","0","55.390","deg","20.000","°C","100.000","%a.s.","21.720","deg","20.000","°C","977.000","hPa","0.861","-0.02617","0.00035","0","0","13.56","Humid","26.25","0","44.00","378238.82","SABD0000000001","AAV1.0.0.11","4.0.0.2323","PSt7-10","170328-019","7/29/2022 11:23:46 AM","0000-00","0","no battery","V","","µV","","µV"
"08/11/2022","10:42:44","6","default","383292078","Oxt_06","58.817","min","92.833","%a.s.","Humid","21.186","deg","41776","µV","27.794","°C","1021.000","hPa","36.4","pmil","0","55.390","deg","20.000","°C","100.000","%a.s.","21.720","deg","20.000","°C","977.000","hPa","0.861","-0.02617","0.00035","0","0","13.56","Humid","26.25","0","44.00","378242.92","SABD0000000001","AAV1.0.0.11","4.0.0.2323","PSt7-10","170328-019","7/29/2022 11:23:46 AM","0000-00","0","no battery","V","","µV","","µV"
"08/11/2022","10:42:45","6","default","383292078","Oxt_06","58.834","min","92.817","%a.s.","Humid","21.188","deg","41779","µV","27.793","°C","1021.000","hPa","36.4","pmil","0","55.390","deg","20.000","°C","100.000","%a.s.","21.720","deg","20.000","°C","977.000","hPa","0.861","-0.02617","0.00035","0","0","13.56","Humid","26.25","0","44.00","378256.49","SABD0000000001","AAV1.0.0.11","4.0.0.2323","PSt7-10","170328-019","7/29/2022 11:23:46 AM","0000-00","0","no battery","V","","µV","","µV"
"08/11/2022","10:42:46","6","default","383292078","Oxt_06","58.850","min","92.823","%a.s.","Humid","21.188","deg","41771","µV","27.787","°C","1021.000","hPa","36.4","pmil","0","55.390","deg","20.000","°C","100.000","%a.s.","21.720","deg","20.000","°C","977.000","hPa","0.861","-0.02617","0.00035","0","0","13.56","Humid","26.25","0","44.00","378239.17","SABD0000000001","AAV1.0.0.11","4.0.0.2323","PSt7-10","170328-019","7/29/2022 11:23:46 AM","0000-00","0","no battery","V","","µV","","µV"
"08/11/2022","10:42:47","6","default","383292078","Oxt_06","58.867","min","92.841","%a.s.","Humid","21.187","deg","41781","µV","27.775","°C","1021.000","hPa","36.4","pmil","0","55.390","deg","20.000","°C","100.000","%a.s.","21.720","deg","20.000","°C","977.000","hPa","0.861","-0.02617","0.00035","0","0","13.56","Humid","26.25","0","44.00","378250.09","SABD0000000001","AAV1.0.0.11","4.0.0.2323","PSt7-10","170328-019","7/29/2022 11:23:46 AM","0000-00","0","no battery","V","","µV","","µV"
"08/11/2022","10:42:48","6","default","383292078","Oxt_06","58.884","min","92.770","%a.s.","Humid","21.196","deg","41775","µV","27.773","°C","1021.000","hPa","36.4","pmil","0","55.390","deg","20.000","°C","100.000","%a.s.","21.720","deg","20.000","°C","977.000","hPa","0.861","-0.02617","0.00035","0","0","13.56","Humid","26.25","0","44.00","378255.41","SABD0000000001","AAV1.0.0.11","4.0.0.2323","PSt7-10","170328-019","7/29/2022 11:23:46 AM","0000-00","0","no battery","V","","µV","","µV"
"08/11/2022","10:42:49","6","default","383292078","Oxt_06","58.900","min","92.861","%a.s.","Humid","21.184","deg","41773","µV","27.781","°C","1021.000","hPa","36.4","pmil","0","55.390","deg","20.000","°C","100.000","%a.s.","21.720","deg","20.000","°C","977.000","hPa","0.861","-0.02617","0.00035","0","0","13.56","Humid","26.25","0","44.00","378239.07","SABD0000000001","AAV1.0.0.11","4.0.0.2323","PSt7-10","170328-019","7/29/2022 11:23:46 AM","0000-00","0","no battery","V","","µV","","µV"
"08/11/2022","10:42:50","6","default","383292078","Oxt_06","58.918","min","92.885","%a.s.","Humid","21.180","deg","41774","µV","27.790","°C","1021.000","hPa","36.4","pmil","0","55.390","deg","20.000","°C","100.000","%a.s.","21.720","deg","20.000","°C","977.000","hPa","0.861","-0.02617","0.00035","0","0","13.56","Humid","26.25","0","44.00","378232.52","SABD0000000001","AAV1.0.0.11","4.0.0.2323","PSt7-10","170328-019","7/29/2022 11:23:46 AM","0000-00","0","no battery","V","","µV","","µV"
"08/11/2022","10:42:51","6","default","383292078","Oxt_06","58.935","min","92.815","%a.s.","Humid","21.189","deg","41775","µV","27.786","°C","1021.000","hPa","36.4","pmil","0","55.390","deg","20.000","°C","100.000","%a.s.","21.720","deg","20.000","°C","977.000","hPa","0.861","-0.02617","0.00035","0","0","13.56","Humid","26.25","0","44.00","378237.34","SABD0000000001","AAV1.0.0.11","4.0.0.2323","PSt7-10","170328-019","7/29/2022 11:23:46 AM","0000-00","0","no battery","V","","µV","","µV"
"08/11/2022","10:42:52","6","default","383292078","Oxt_06","58.951","min","92.856","%a.s.","Humid","21.184","deg","41781","µV","27.786","°C","1021.000","hPa","36.4","pmil","0","55.390","deg","20.000","°C","100.000","%a.s.","21.720","deg","20.000","°C","977.000","hPa","0.861","-0.02617","0.00035","0","0","13.56","Humid","26.25","0","44.00","378231.30","SABD0000000001","AAV1.0.0.11","4.0.0.2323","PSt7-10","170328-019","7/29/2022 11:23:46 AM","0000-00","0","no battery","V","","µV","","µV"
"08/11/2022","10:42:53","6","default","383292078","Oxt_06","58.968","min","92.837","%a.s.","Humid","21.184","deg","41781","µV","27.807","°C","1021.000","hPa","36.4","pmil","0","55.390","deg","20.000","°C","100.000","%a.s.","21.720","deg","20.000","°C","977.000","hPa","0.861","-0.02617","0.00035","0","0","13.56","Humid","26.25","0","44.00","378236.31","SABD0000000001","AAV1.0.0.11","4.0.0.2323","PSt7-10","170328-019","7/29/2022 11:23:46 AM","0000-00","0","no battery","V","","µV","","µV"
"08/11/2022","10:42:54","6","default","383292078","Oxt_06","58.984","min","92.768","%a.s.","Humid","21.193","deg","41777","µV","27.802","°C","1021.000","hPa","36.4","pmil","0","55.390","deg","20.000","°C","100.000","%a.s.","21.720","deg","20.000","°C","977.000","hPa","0.861","-0.02617","0.00035","0","0","13.56","Humid","26.25","0","44.00","378240.73","SABD0000000001","AAV1.0.0.11","4.0.0.2323","PSt7-10","170328-019","7/29/2022 11:23:46 AM","0000-00","0","no battery","V","","µV","","µV"
"08/11/2022","10:42:55","6","default","383292078","Oxt_06","59.001","min","92.808","%a.s.","Humid","21.189","deg","41776","µV","27.794","°C","1021.000","hPa","36.4","pmil","0","55.390","deg","20.000","°C","100.000","%a.s.","21.720","deg","20.000","°C","977.000","hPa","0.861","-0.02617","0.00035","0","0","13.56","Humid","26.25","0","44.00","378236.51","SABD0000000001","AAV1.0.0.11","4.0.0.2323","PSt7-10","170328-019","7/29/2022 11:23:46 AM","0000-00","0","no battery","V","","µV","","µV"
"08/11/2022","10:42:56","6","default","383292078","Oxt_06","59.018","min","92.837","%a.s.","Humid","21.185","deg","41778","µV","27.798","°C","1021.000","hPa","36.4","pmil","0","55.390","deg","20.000","°C","100.000","%a.s.","21.720","deg","20.000","°C","977.000","hPa","0.861","-0.02617","0.00035","0","0","13.56","Humid","26.25","0","44.00","378224.01","SABD0000000001","AAV1.0.0.11","4.0.0.2323","PSt7-10","170328-019","7/29/2022 11:23:46 AM","0000-00","0","no battery","V","","µV","","µV"
"08/11/2022","10:42:57","6","default","383292078","Oxt_06","59.034","min","92.879","%a.s.","Humid","21.182","deg","41777","µV","27.779","°C","1021.000","hPa","36.4","pmil","0","55.390","deg","20.000","°C","100.000","%a.s.","21.720","deg","20.000","°C","977.000","hPa","0.861","-0.02617","0.00035","0","0","13.56","Humid","26.25","0","44.00","378240.39","SABD0000000001","AAV1.0.0.11","4.0.0.2323","PSt7-10","170328-019","7/29/2022 11:23:46 AM","0000-00","0","no battery","V","","µV","","µV"
"08/11/2022","10:42:58","6","default","383292078","Oxt_06","59.051","min","92.800","%a.s.","Humid","21.190","deg","41774","µV","27.794","°C","1021.000","hPa","36.4","pmil","0","55.390","deg","20.000","°C","100.000","%a.s.","21.720","deg","20.000","°C","977.000","hPa","0.861","-0.02617","0.00035","0","0","13.56","Humid","26.25","0","44.00","378232.28","SABD0000000001","AAV1.0.0.11","4.0.0.2323","PSt7-10","170328-019","7/29/2022 11:23:46 AM","0000-00","0","no battery","V","","µV","","µV"
"08/11/2022","10:42:59","6","default","383292078","Oxt_06","59.068","min","92.795","%a.s.","Humid","21.191","deg","41780","µV","27.791","°C","1021.000","hPa","36.4","pmil","0","55.390","deg","20.000","°C","100.000","%a.s.","21.720","deg","20.000","°C","977.000","hPa","0.861","-0.02617","0.00035","0","0","13.56","Humid","26.25","0","44.00","378229.77","SABD0000000001","AAV1.0.0.11","4.0.0.2323","PSt7-10","170328-019","7/29/2022 11:23:46 AM","0000-00","0","no battery","V","","µV","","µV"
"08/11/2022","10:43:00","6","default","383292078","Oxt_06","59.084","min","92.846","%a.s.","Humid","21.185","deg","41777","µV","27.788","°C","1021.000","hPa","36.4","pmil","0","55.390","deg","20.000","°C","100.000","%a.s.","21.720","deg","20.000","°C","977.000","hPa","0.861","-0.02617","0.00035","0","0","13.56","Humid","26.25","0","44.00","378217.02","SABD0000000001","AAV1.0.0.11","4.0.0.2323","PSt7-10","170328-019","7/29/2022 11:23:46 AM","0000-00","0","no battery","V","","µV","","µV"
"08/11/2022","10:43:01","6","default","383292078","Oxt_06","59.101","min","92.778","%a.s.","Humid","21.193","deg","41776","µV","27.791","°C","1021.000","hPa","36.4","pmil","0","55.390","deg","20.000","°C","100.000","%a.s.","21.720","deg","20.000","°C","977.000","hPa","0.861","-0.02617","0.00035","0","0","13.56","Humid","26.25","0","44.00","378217.35","SABD0000000001","AAV1.0.0.11","4.0.0.2323","PSt7-10","170328-019","7/29/2022 11:23:46 AM","0000-00","0","no battery","V","","µV","","µV"
"08/11/2022","10:43:02","6","default","383292078","Oxt_06","59.118","min","92.877","%a.s.","Humid","21.182","deg","41780","µV","27.782","°C","1021.000","hPa","36.4","pmil","0","55.390","deg","20.000","°C","100.000","%a.s.","21.720","deg","20.000","°C","977.000","hPa","0.861","-0.02617","0.00035","0","0","13.56","Humid","26.25","0","44.00","378229.74","SABD0000000001","AAV1.0.0.11","4.0.0.2323","PSt7-10","170328-019","7/29/2022 11:23:46 AM","0000-00","0","no battery","V","","µV","","µV"
"08/11/2022","10:43:03","6","default","383292078","Oxt_06","59.134","min","92.822","%a.s.","Humid","21.187","deg","41781","µV","27.797","°C","1021.000","hPa","36.4","pmil","0","55.390","deg","20.000","°C","100.000","%a.s.","21.720","deg","20.000","°C","977.000","hPa","0.861","-0.02617","0.00035","0","0","13.56","Humid","26.25","0","44.00","378228.13","SABD0000000001","AAV1.0.0.11","4.0.0.2323","PSt7-10","170328-019","7/29/2022 11:23:46 AM","0000-00","0","no battery","V","","µV","","µV"
"08/11/2022","10:43:04","6","default","383292078","Oxt_06","59.151","min","92.759","%a.s.","Humid","21.195","deg","41784","µV","27.794","°C","1021.000","hPa","36.4","pmil","0","55.390","deg","20.000","°C","100.000","%a.s.","21.720","deg","20.000","°C","977.000","hPa","0.861","-0.02617","0.00035","0","0","13.56","Humid","26.25","0","44.00","378224.14","SABD0000000001","AAV1.0.0.11","4.0.0.2323","PSt7-10","170328-019","7/29/2022 11:23:46 AM","0000-00","0","no battery","V","","µV","","µV"
"08/11/2022","10:43:05","6","default","383292078","Oxt_06","59.167","min","92.809","%a.s.","Humid","21.189","deg","41781","µV","27.793","°C","1021.000","hPa","36.4","pmil","0","55.390","deg","20.000","°C","100.000","%a.s.","21.720","deg","20.000","°C","977.000","hPa","0.861","-0.02617","0.00035","0","0","13.56","Humid","26.25","0","44.00","378233.03","SABD0000000001","AAV1.0.0.11","4.0.0.2323","PSt7-10","170328-019","7/29/2022 11:23:46 AM","0000-00","0","no battery","V","","µV","","µV"
"08/11/2022","10:43:06","6","default","383292078","Oxt_06","59.184","min","92.776","%a.s.","Humid","21.192","deg","41775","µV","27.803","°C","1021.000","hPa","36.4","pmil","0","55.390","deg","20.000","°C","100.000","%a.s.","21.720","deg","20.000","°C","977.000","hPa","0.861","-0.02617","0.00035","0","0","13.56","Humid","26.25","0","44.00","378212.39","SABD0000000001","AAV1.0.0.11","4.0.0.2323","PSt7-10","170328-019","7/29/2022 11:23:46 AM","0000-00","0","no battery","V","","µV","","µV"
"08/11/2022","10:43:07","6","default","383292078","Oxt_06","59.201","min","92.833","%a.s.","Humid","21.187","deg","41777","µV","27.785","°C","1021.000","hPa","36.4","pmil","0","55.390","deg","20.000","°C","100.000","%a.s.","21.720","deg","20.000","°C","977.000","hPa","0.861","-0.02617","0.00035","0","0","13.56","Humid","26.25","0","44.00","378215.46","SABD0000000001","AAV1.0.0.11","4.0.0.2323","PSt7-10","170328-019","7/29/2022 11:23:46 AM","0000-00","0","no battery","V","","µV","","µV"
"08/11/2022","10:43:08","6","default","383292078","Oxt_06","59.217","min","92.798","%a.s.","Humid","21.192","deg","41776","µV","27.778","°C","1021.000","hPa","36.4","pmil","0","55.390","deg","20.000","°C","100.000","%a.s.","21.720","deg","20.000","°C","977.000","hPa","0.861","-0.02617","0.00035","0","0","13.56","Humid","26.25","0","44.00","378226.94","SABD0000000001","AAV1.0.0.11","4.0.0.2323","PSt7-10","170328-019","7/29/2022 11:23:46 AM","0000-00","0","no battery","V","","µV","","µV"
"08/11/2022","10:43:09","6","default","383292078","Oxt_06","59.234","min","92.825","%a.s.","Humid","21.188","deg","41776","µV","27.784","°C","1021.000","hPa","36.4","pmil","0","55.390","deg","20.000","°C","100.000","%a.s.","21.720","deg","20.000","°C","977.000","hPa","0.861","-0.02617","0.00035","0","0","13.56","Humid","26.25","0","44.00","378217.98","SABD0000000001","AAV1.0.0.11","4.0.0.2323","PSt7-10","170328-019","7/29/2022 11:23:46 AM","0000-00","0","no battery","V","","µV","","µV"
"08/11/2022","10:43:10","6","default","383292078","Oxt_06","59.251","min","92.845","%a.s.","Humid","21.185","deg","41786","µV","27.790","°C","1021.000","hPa","36.4","pmil","0","55.390","deg","20.000","°C","100.000","%a.s.","21.720","deg","20.000","°C","977.000","hPa","0.861","-0.02617","0.00035","0","0","13.56","Humid","26.25","0","44.00","378218.71","SABD0000000001","AAV1.0.0.11","4.0.0.2323","PSt7-10","170328-019","7/29/2022 11:23:46 AM","0000-00","0","no battery","V","","µV","","µV"
"08/11/2022","10:43:11","6","default","383292078","Oxt_06","59.267","min","92.803","%a.s.","Humid","21.190","deg","41779","µV","27.791","°C","1021.000","hPa","36.4","pmil","0","55.390","deg","20.000","°C","100.000","%a.s.","21.720","deg","20.000","°C","977.000","hPa","0.861","-0.02617","0.00035","0","0","13.56","Humid","26.25","0","44.00","378224.50","SABD0000000001","AAV1.0.0.11","4.0.0.2323","PSt7-10","170328-019","7/29/2022 11:23:46 AM","0000-00","0","no battery","V","","µV","","µV"
"08/11/2022","10:43:12","6","default","383292078","Oxt_06","59.284","min","92.776","%a.s.","Humid","21.191","deg","41784","µV","27.812","°C","1021.000","hPa","36.4","pmil","0","55.390","deg","20.000","°C","100.000","%a.s.","21.720","deg","20.000","°C","977.000","hPa","0.861","-0.02617","0.00035","0","0","13.56","Humid","26.25","0","44.00","378211.50","SABD0000000001","AAV1.0.0.11","4.0.0.2323","PSt7-10","170328-019","7/29/2022 11:23:46 AM","0000-00","0","no battery","V","","µV","","µV"
"08/11/2022","10:43:13","6","default","383292078","Oxt_06","59.300","min","92.767","%a.s.","Humid","21.193","deg","41780","µV","27.803","°C","1021.000","hPa","36.4","pmil","0","55.390","deg","20.000","°C","100.000","%a.s.","21.720","deg","20.000","°C","977.000","hPa","0.861","-0.02617","0.00035","0","0","13.56","Humid","26.25","0","44.00","378219.98","SABD0000000001","AAV1.0.0.11","4.0.0.2323","PSt7-10","170328-019","7/29/2022 11:23:46 AM","0000-00","0","no battery","V","","µV","","µV"
"08/11/2022","10:43:14","6","default","383292078","Oxt_06","59.317","min","92.806","%a.s.","Humid","21.189","deg","41780","µV","27.797","°C","1021.000","hPa","36.4","pmil","0","55.390","deg","20.000","°C","100.000","%a.s.","21.720","deg","20.000","°C","977.000","hPa","0.861","-0.02617","0.00035","0","0","13.56","Humid","26.25","0","44.00","378207.24","SABD0000000001","AAV1.0.0.11","4.0.0.2323","PSt7-10","170328-019","7/29/2022 11:23:46 AM","0000-00","0","no battery","V","","µV","","µV"
"08/11/2022","10:43:15","6","default","383292078","Oxt_06","59.335","min","92.806","%a.s.","Humid","21.189","deg","41785","µV","27.796","°C","1021.000","hPa","36.4","pmil","0","55.390","deg","20.000","°C","100.000","%a.s.","21.720","deg","20.000","°C","977.000","hPa","0.861","-0.02617","0.00035","0","0","13.56","Humid","26.25","0","44.00","378209.76","SABD0000000001","AAV1.0.0.11","4.0.0.2323","PSt7-10","170328-019","7/29/2022 11:23:46 AM","0000-00","0","no battery","V","","µV","","µV"
"08/11/2022","10:43:16","6","default","383292078","Oxt_06","59.351","min","92.771","%a.s.","Humid","21.193","deg","41781","µV","27.799","°C","1021.000","hPa","36.4","pmil","0","55.390","deg","20.000","°C","100.000","%a.s.","21.720","deg","20.000","°C","977.000","hPa","0.861","-0.02617","0.00035","0","0","13.56","Humid","26.25","0","44.00","378220.85","SABD0000000001","AAV1.0.0.11","4.0.0.2323","PSt7-10","170328-019","7/29/2022 11:23:46 AM","0000-00","0","no battery","V","","µV","","µV"
"08/11/2022","10:43:17","6","default","383292078","Oxt_06","59.368","min","92.770","%a.s.","Humid","21.193","deg","41775","µV","27.800","°C","1021.000","hPa","36.4","pmil","0","55.390","deg","20.000","°C","100.000","%a.s.","21.720","deg","20.000","°C","977.000","hPa","0.861","-0.02617","0.00035","0","0","13.56","Humid","26.25","0","44.00","378210.47","SABD0000000001","AAV1.0.0.11","4.0.0.2323","PSt7-10","170328-019","7/29/2022 11:23:46 AM","0000-00","0","no battery","V","","µV","","µV"
"08/11/2022","10:43:18","6","default","383292078","Oxt_06","59.385","min","92.810","%a.s.","Humid","21.190","deg","41781","µV","27.783","°C","1021.000","hPa","36.4","pmil","0","55.390","deg","20.000","°C","100.000","%a.s.","21.720","deg","20.000","°C","977.000","hPa","0.861","-0.02617","0.00035","0","0","13.56","Humid","26.25","0","44.00","378210.10","SABD0000000001","AAV1.0.0.11","4.0.0.2323","PSt7-10","170328-019","7/29/2022 11:23:46 AM","0000-00","0","no battery","V","","µV","","µV"
"08/11/2022","10:43:19","6","default","383292078","Oxt_06","59.401","min","92.804","%a.s.","Humid","21.190","deg","41786","µV","27.790","°C","1021.000","hPa","36.4","pmil","0","55.390","deg","20.000","°C","100.000","%a.s.","21.720","deg","20.000","°C","977.000","hPa","0.861","-0.02617","0.00035","0","0","13.56","Humid","26.25","0","44.00","378204.35","SABD0000000001","AAV1.0.0.11","4.0.0.2323","PSt7-10","170328-019","7/29/2022 11:23:46 AM","0000-00","0","no battery","V","","µV","","µV"
"08/11/2022","10:43:20","6","default","383292078","Oxt_06","59.418","min","92.774","%a.s.","Humid","21.195","deg","41780","µV","27.777","°C","1021.000","hPa","36.4","pmil","0","55.390","deg","20.000","°C","100.000","%a.s.","21.720","deg","20.000","°C","977.000","hPa","0.861","-0.02617","0.00035","0","0","13.56","Humid","26.25","0","44.00","378206.57","SABD0000000001","AAV1.0.0.11","4.0.0.2323","PSt7-10","170328-019","7/29/2022 11:23:46 AM","0000-00","0","no battery","V","","µV","","µV"
"08/11/2022","10:43:21","6","default","383292078","Oxt_06","59.434","min","92.783","%a.s.","Humid","21.194","deg","41784","µV","27.777","°C","1021.000","hPa","36.4","pmil","0","55.390","deg","20.000","°C","100.000","%a.s.","21.720","deg","20.000","°C","977.000","hPa","0.861","-0.02617","0.00035","0","0","13.56","Humid","26.25","0","44.00","378205.84","SABD0000000001","AAV1.0.0.11","4.0.0.2323","PSt7-10","170328-019","7/29/2022 11:23:46 AM","0000-00","0","no battery","V","","µV","","µV"
"08/11/2022","10:43:22","6","default","383292078","Oxt_06","59.451","min","92.795","%a.s.","Humid","21.191","deg","41778","µV","27.791","°C","1021.000","hPa","36.4","pmil","0","55.390","deg","20.000","°C","100.000","%a.s.","21.720","deg","20.000","°C","977.000","hPa","0.861","-0.02617","0.00035","0","0","13.56","Humid","26.25","0","44.00","378202.20","SABD0000000001","AAV1.0.0.11","4.0.0.2323","PSt7-10","170328-019","7/29/2022 11:23:46 AM","0000-00","0","no battery","V","","µV","","µV"
"08/11/2022","10:43:23","6","default","383292078","Oxt_06","59.468","min","92.786","%a.s.","Humid","21.191","deg","41779","µV","27.800","°C","1021.000","hPa","36.4","pmil","0","55.390","deg","20.000","°C","100.000","%a.s.","21.720","deg","20.000","°C","977.000","hPa","0.861","-0.02617","0.00035","0","0","13.56","Humid","26.25","0","44.00","378197.32","SABD0000000001","AAV1.0.0.11","4.0.0.2323","PSt7-10","170328-019","7/29/2022 11:23:46 AM","0000-00","0","no battery","V","","µV","","µV"
"08/11/2022","10:43:24","6","default","383292078","Oxt_06","59.484","min","92.816","%a.s.","Humid","21.189","deg","41782","µV","27.785","°C","1021.000","hPa","36.4","pmil","0","55.390","deg","20.000","°C","100.000","%a.s.","21.720","deg","20.000","°C","977.000","hPa","0.861","-0.02617","0.00035","0","0","13.56","Humid","26.25","0","44.00","378197.51","SABD0000000001","AAV1.0.0.11","4.0.0.2323","PSt7-10","170328-019","7/29/2022 11:23:46 AM","0000-00","0","no battery","V","","µV","","µV"
"08/11/2022","10:43:25","6","default","383292078","Oxt_06","59.501","min","92.832","%a.s.","Humid","21.187","deg","41785","µV","27.786","°C","1021.000","hPa","36.4","pmil","0","55.390","deg","20.000","°C","100.000","%a.s.","21.720","deg","20.000","°C","977.000","hPa","0.861","-0.02617","0.00035","0","0","13.56","Humid","26.25","0","44.00","378196.36","SABD0000000001","AAV1.0.0.11","4.0.0.2323","PSt7-10","170328-019","7/29/2022 11:23:46 AM","0000-00","0","no battery","V","","µV","","µV"
"08/11/2022","10:43:26","6","default","383292078","Oxt_06","59.518","min","92.824","%a.s.","Humid","21.187","deg","41786","µV","27.795","°C","1021.000","hPa","36.4","pmil","0","55.390","deg","20.000","°C","100.000","%a.s.","21.720","deg","20.000","°C","977.000","hPa","0.861","-0.02617","0.00035","0","0","13.56","Humid","26.25","0","44.00","378211.15","SABD0000000001","AAV1.0.0.11","4.0.0.2323","PSt7-10","170328-019","7/29/2022 11:23:46 AM","0000-00","0","no battery","V","","µV","","µV"
"08/11/2022","10:43:27","6","default","383292078","Oxt_06","59.534","min","92.780","%a.s.","Humid","21.192","deg","41785","µV","27.798","°C","1021.000","hPa","36.4","pmil","0","55.390","deg","20.000","°C","100.000","%a.s.","21.720","deg","20.000","°C","977.000","hPa","0.861","-0.02617","0.00035","0","0","13.56","Humid","26.25","0","44.00","378211.75","SABD0000000001","AAV1.0.0.11","4.0.0.2323","PSt7-10","170328-019","7/29/2022 11:23:46 AM","0000-00","0","no battery","V","","µV","","µV"
"08/11/2022","10:43:28","6","default","383292078","Oxt_06","59.551","min","92.762","%a.s.","Humid","21.195","deg","41780","µV","27.791","°C","1021.000","hPa","36.4","pmil","0","55.390","deg","20.000","°C","100.000","%a.s.","21.720","deg","20.000","°C","977.000","hPa","0.861","-0.02617","0.00035","0","0","13.56","Humid","26.25","0","44.00","378206.31","SABD0000000001","AAV1.0.0.11","4.0.0.2323","PSt7-10","170328-019","7/29/2022 11:23:46 AM","0000-00","0","no battery","V","","µV","","µV"
"08/11/2022","10:43:29","6","default","383292078","Oxt_06","59.567","min","92.781","%a.s.","Humid","21.193","deg","41788","µV","27.788","°C","1021.000","hPa","36.4","pmil","0","55.390","deg","20.000","°C","100.000","%a.s.","21.720","deg","20.000","°C","977.000","hPa","0.861","-0.02617","0.00035","0","0","13.56","Humid","26.25","0","44.00","378208.54","SABD0000000001","AAV1.0.0.11","4.0.0.2323","PSt7-10","170328-019","7/29/2022 11:23:46 AM","0000-00","0","no battery","V","","µV","","µV"
"08/11/2022","10:43:30","6","default","383292078","Oxt_06","59.584","min","92.779","%a.s.","Humid","21.194","deg","41785","µV","27.781","°C","1021.000","hPa","36.4","pmil","0","55.390","deg","20.000","°C","100.000","%a.s.","21.720","deg","20.000","°C","977.000","hPa","0.861","-0.02617","0.00035","0","0","13.56","Humid","26.25","0","44.00","378207.90","SABD0000000001","AAV1.0.0.11","4.0.0.2323","PSt7-10","170328-019","7/29/2022 11:23:46 AM","0000-00","0","no battery","V","","µV","","µV"
"08/11/2022","10:43:31","6","default","383292078","Oxt_06","59.601","min","92.722","%a.s.","Humid","21.198","deg","41789","µV","27.807","°C","1021.000","hPa","36.4","pmil","0","55.390","deg","20.000","°C","100.000","%a.s.","21.720","deg","20.000","°C","977.000","hPa","0.861","-0.02617","0.00035","0","0","13.56","Humid","26.25","0","44.00","378213.56","SABD0000000001","AAV1.0.0.11","4.0.0.2323","PSt7-10","170328-019","7/29/2022 11:23:46 AM","0000-00","0","no battery","V","","µV","","µV"
"08/11/2022","10:43:32","6","default","383292078","Oxt_06","59.617","min","92.746","%a.s.","Humid","21.195","deg","41787","µV","27.808","°C","1021.000","hPa","36.4","pmil","0","55.390","deg","20.000","°C","100.000","%a.s.","21.720","deg","20.000","°C","977.000","hPa","0.861","-0.02617","0.00035","0","0","13.56","Humid","26.25","0","44.00","378201.61","SABD0000000001","AAV1.0.0.11","4.0.0.2323","PSt7-10","170328-019","7/29/2022 11:23:46 AM","0000-00","0","no battery","V","","µV","","µV"
"08/11/2022","10:43:33","6","default","383292078","Oxt_06","59.634","min","92.784","%a.s.","Humid","21.189","deg","41787","µV","27.821","°C","1021.000","hPa","36.4","pmil","0","55.390","deg","20.000","°C","100.000","%a.s.","21.720","deg","20.000","°C","977.000","hPa","0.861","-0.02617","0.00035","0","0","13.56","Humid","26.25","0","44.00","378199.12","SABD0000000001","AAV1.0.0.11","4.0.0.2323","PSt7-10","170328-019","7/29/2022 11:23:46 AM","0000-00","0","no battery","V","","µV","","µV"
"08/11/2022","10:43:34","6","default","383292078","Oxt_06","59.650","min","92.798","%a.s.","Humid","21.191","deg","41785","µV","27.788","°C","1021.000","hPa","36.4","pmil","0","55.390","deg","20.000","°C","100.000","%a.s.","21.720","deg","20.000","°C","977.000","hPa","0.861","-0.02617","0.00035","0","0","13.56","Humid","26.25","0","44.00","378197.02","SABD0000000001","AAV1.0.0.11","4.0.0.2323","PSt7-10","170328-019","7/29/2022 11:23:46 AM","0000-00","0","no battery","V","","µV","","µV"
"08/11/2022","10:43:35","6","default","383292078","Oxt_06","59.667","min","92.766","%a.s.","Humid","21.195","deg","41788","µV","27.787","°C","1021.000","hPa","36.4","pmil","0","55.390","deg","20.000","°C","100.000","%a.s.","21.720","deg","20.000","°C","977.000","hPa","0.861","-0.02617","0.00035","0","0","13.56","Humid","26.25","0","44.00","378194.57","SABD0000000001","AAV1.0.0.11","4.0.0.2323","PSt7-10","170328-019","7/29/2022 11:23:46 AM","0000-00","0","no battery","V","","µV","","µV"
"08/11/2022","10:43:36","6","default","383292078","Oxt_06","59.684","min","92.747","%a.s.","Humid","21.196","deg","41787","µV","27.799","°C","1021.000","hPa","36.4","pmil","0","55.390","deg","20.000","°C","100.000","%a.s.","21.720","deg","20.000","°C","977.000","hPa","0.861","-0.02617","0.00035","0","0","13.56","Humid","26.25","0","44.00","378200.52","SABD0000000001","AAV1.0.0.11","4.0.0.2323","PSt7-10","170328-019","7/29/2022 11:23:46 AM","0000-00","0","no battery","V","","µV","","µV"
"08/11/2022","10:43:37","6","default","383292078","Oxt_06","59.701","min","92.702","%a.s.","Humid","21.202","deg","41789","µV","27.794","°C","1021.000","hPa","36.4","pmil","0","55.390","deg","20.000","°C","100.000","%a.s.","21.720","deg","20.000","°C","977.000","hPa","0.861","-0.02617","0.00035","0","0","13.56","Humid","26.25","0","44.00","378206.33","SABD0000000001","AAV1.0.0.11","4.0.0.2323","PSt7-10","170328-019","7/29/2022 11:23:46 AM","0000-00","0","no battery","V","","µV","","µV"
"08/11/2022","10:43:38","6","default","383292078","Oxt_06","59.718","min","92.826","%a.s.","Humid","21.187","deg","41786","µV","27.793","°C","1021.000","hPa","36.4","pmil","0","55.390","deg","20.000","°C","100.000","%a.s.","21.720","deg","20.000","°C","977.000","hPa","0.861","-0.02617","0.00035","0","0","13.56","Humid","26.25","0","44.00","378199.54","SABD0000000001","AAV1.0.0.11","4.0.0.2323","PSt7-10","170328-019","7/29/2022 11:23:46 AM","0000-00","0","no battery","V","","µV","","µV"
"08/11/2022","10:43:39","6","default","383292078","Oxt_06","59.735","min","92.797","%a.s.","Humid","21.190","deg","41785","µV","27.797","°C","1021.000","hPa","36.4","pmil","0","55.390","deg","20.000","°C","100.000","%a.s.","21.720","deg","20.000","°C","977.000","hPa","0.861","-0.02617","0.00035","0","0","13.56","Humid","26.25","0","44.00","378192.56","SABD0000000001","AAV1.0.0.11","4.0.0.2323","PSt7-10","170328-019","7/29/2022 11:23:46 AM","0000-00","0","no battery","V","","µV","","µV"
"08/11/2022","10:43:40","6","default","383292078","Oxt_06","59.751","min","92.723","%a.s.","Humid","21.201","deg","41798","µV","27.779","°C","1021.000","hPa","36.4","pmil","0","55.390","deg","20.000","°C","100.000","%a.s.","21.720","deg","20.000","°C","977.000","hPa","0.861","-0.02617","0.00035","0","0","13.56","Humid","26.25","0","44.00","378196.53","SABD0000000001","AAV1.0.0.11","4.0.0.2323","PSt7-10","170328-019","7/29/2022 11:23:46 AM","0000-00","0","no battery","V","","µV","","µV"
"08/11/2022","10:43:41","6","default","383292078","Oxt_06","59.768","min","92.804","%a.s.","Humid","21.190","deg","41790","µV","27.790","°C","1021.000","hPa","36.4","pmil","0","55.390","deg","20.000","°C","100.000","%a.s.","21.720","deg","20.000","°C","977.000","hPa","0.861","-0.02617","0.00035","0","0","13.56","Humid","26.25","0","44.00","378182.64","SABD0000000001","AAV1.0.0.11","4.0.0.2323","PSt7-10","170328-019","7/29/2022 11:23:46 AM","0000-00","0","no battery","V","","µV","","µV"
"08/11/2022","10:43:42","6","default","383292078","Oxt_06","59.784","min","92.775","%a.s.","Humid","21.192","deg","41785","µV","27.804","°C","1021.000","hPa","36.4","pmil","0","55.390","deg","20.000","°C","100.000","%a.s.","21.720","deg","20.000","°C","977.000","hPa","0.861","-0.02617","0.00035","0","0","13.56","Humid","26.25","0","44.00","378182.28","SABD0000000001","AAV1.0.0.11","4.0.0.2323","PSt7-10","170328-019","7/29/2022 11:23:46 AM","0000-00","0","no battery","V","","µV","","µV"
"08/11/2022","10:43:43","6","default","383292078","Oxt_06","59.801","min","92.792","%a.s.","Humid","21.192","deg","41789","µV","27.784","°C","1021.000","hPa","36.4","pmil","0","55.390","deg","20.000","°C","100.000","%a.s.","21.720","deg","20.000","°C","977.000","hPa","0.861","-0.02617","0.00035","0","0","13.56","Humid","26.25","0","44.00","378189.13","SABD0000000001","AAV1.0.0.11","4.0.0.2323","PSt7-10","170328-019","7/29/2022 11:23:46 AM","0000-00","0","no battery","V","","µV","","µV"
"08/11/2022","10:43:44","6","default","383292078","Oxt_06","59.818","min","92.758","%a.s.","Humid","21.196","deg","41793","µV","27.786","°C","1021.000","hPa","36.4","pmil","0","55.390","deg","20.000","°C","100.000","%a.s.","21.720","deg","20.000","°C","977.000","hPa","0.861","-0.02617","0.00035","0","0","13.56","Humid","26.25","0","44.00","378192.14","SABD0000000001","AAV1.0.0.11","4.0.0.2323","PSt7-10","170328-019","7/29/2022 11:23:46 AM","0000-00","0","no battery","V","","µV","","µV"
"08/11/2022","10:43:45","6","default","383292078","Oxt_06","59.834","min","92.770","%a.s.","Humid","21.194","deg","41787","µV","27.791","°C","1021.000","hPa","36.4","pmil","0","55.390","deg","20.000","°C","100.000","%a.s.","21.720","deg","20.000","°C","977.000","hPa","0.861","-0.02617","0.00035","0","0","13.56","Humid","26.25","0","44.00","378185.84","SABD0000000001","AAV1.0.0.11","4.0.0.2323","PSt7-10","170328-019","7/29/2022 11:23:46 AM","0000-00","0","no battery","V","","µV","","µV"
"08/11/2022","10:43:46","6","default","383292078","Oxt_06","59.851","min","92.770","%a.s.","Humid","21.194","deg","41792","µV","27.791","°C","1021.000","hPa","36.4","pmil","0","55.390","deg","20.000","°C","100.000","%a.s.","21.720","deg","20.000","°C","977.000","hPa","0.861","-0.02617","0.00035","0","0","13.56","Humid","26.25","0","44.00","378194.96","SABD0000000001","AAV1.0.0.11","4.0.0.2323","PSt7-10","170328-019","7/29/2022 11:23:46 AM","0000-00","0","no battery","V","","µV","","µV"
"08/11/2022","10:43:47","6","default","383292078","Oxt_06","59.868","min","92.767","%a.s.","Humid","21.195","deg","41791","µV","27.785","°C","1021.000","hPa","36.4","pmil","0","55.390","deg","20.000","°C","100.000","%a.s.","21.720","deg","20.000","°C","977.000","hPa","0.861","-0.02617","0.00035","0","0","13.56","Humid","26.25","0","44.00","378185.28","SABD0000000001","AAV1.0.0.11","4.0.0.2323","PSt7-10","170328-019","7/29/2022 11:23:46 AM","0000-00","0","no battery","V","","µV","","µV"
"08/11/2022","10:43:48","6","default","383292078","Oxt_06","59.884","min","92.727","%a.s.","Humid","21.199","deg","41792","µV","27.793","°C","1021.000","hPa","36.4","pmil","0","55.390","deg","20.000","°C","100.000","%a.s.","21.720","deg","20.000","°C","977.000","hPa","0.861","-0.02617","0.00035","0","0","13.56","Humid","26.25","0","44.00","378177.29","SABD0000000001","AAV1.0.0.11","4.0.0.2323","PSt7-10","170328-019","7/29/2022 11:23:46 AM","0000-00","0","no battery","V","","µV","","µV"
"08/11/2022","10:43:49","6","default","383292078","Oxt_06","59.901","min","92.779","%a.s.","Humid","21.193","deg","41789","µV","27.790","°C","1021.000","hPa","36.4","pmil","0","55.390","deg","20.000","°C","100.000","%a.s.","21.720","deg","20.000","°C","977.000","hPa","0.861","-0.02617","0.00035","0","0","13.56","Humid","26.25","0","44.00","378184.97","SABD0000000001","AAV1.0.0.11","4.0.0.2323","PSt7-10","170328-019","7/29/2022 11:23:46 AM","0000-00","0","no battery","V","","µV","","µV"
"08/11/2022","10:43:50","6","default","383292078","Oxt_06","59.917","min","92.753","%a.s.","Humid","21.198","deg","41794","µV","27.773","°C","1021.000","hPa","36.4","pmil","0","55.390","deg","20.000","°C","100.000","%a.s.","21.720","deg","20.000","°C","977.000","hPa","0.861","-0.02617","0.00035","0","0","13.56","Humid","26.25","0","44.00","378175.30","SABD0000000001","AAV1.0.0.11","4.0.0.2323","PSt7-10","170328-019","7/29/2022 11:23:46 AM","0000-00","0","no battery","V","","µV","","µV"
"08/11/2022","10:43:51","6","default","383292078","Oxt_06","59.934","min","92.797","%a.s.","Humid","21.189","deg","41788","µV","27.806","°C","1021.000","hPa","36.4","pmil","0","55.390","deg","20.000","°C","100.000","%a.s.","21.720","deg","20.000","°C","977.000","hPa","0.861","-0.02617","0.00035","0","0","13.56","Humid","26.25","0","44.00","378173.90","SABD0000000001","AAV1.0.0.11","4.0.0.2323","PSt7-10","170328-019","7/29/2022 11:23:46 AM","0000-00","0","no battery","V","","µV","","µV"
"08/11/2022","10:43:52","6","default","383292078","Oxt_06","59.951","min","92.767","%a.s.","Humid","21.193","deg","41786","µV","27.804","°C","1021.000","hPa","36.4","pmil","0","55.390","deg","20.000","°C","100.000","%a.s.","21.720","deg","20.000","°C","977.000","hPa","0.861","-0.02617","0.00035","0","0","13.56","Humid","26.25","0","44.00","378180.43","SABD0000000001","AAV1.0.0.11","4.0.0.2323","PSt7-10","170328-019","7/29/2022 11:23:46 AM","0000-00","0","no battery","V","","µV","","µV"
"08/11/2022","10:43:53","6","default","383292078","Oxt_06","59.967","min","92.782","%a.s.","Humid","21.193","deg","41790","µV","27.787","°C","1021.000","hPa","36.4","pmil","0","55.390","deg","20.000","°C","100.000","%a.s.","21.720","deg","20.000","°C","977.000","hPa","0.861","-0.02617","0.00035","0","0","13.56","Humid","26.25","0","44.00","378176.25","SABD0000000001","AAV1.0.0.11","4.0.0.2323","PSt7-10","170328-019","7/29/2022 11:23:46 AM","0000-00","0","no battery","V","","µV","","µV"
"08/11/2022","10:43:54","6","default","383292078","Oxt_06","59.984","min","92.729","%a.s.","Humid","21.198","deg","41788","µV","27.800","°C","1021.000","hPa","36.4","pmil","0","55.390","deg","20.000","°C","100.000","%a.s.","21.720","deg","20.000","°C","977.000","hPa","0.861","-0.02617","0.00035","0","0","13.56","Humid","26.25","0","44.00","378173.18","SABD0000000001","AAV1.0.0.11","4.0.0.2323","PSt7-10","170328-019","7/29/2022 11:23:46 AM","0000-00","0","no battery","V","","µV","","µV"
"08/11/2022","10:43:55","6","default","383292078","Oxt_06","60.001","min","92.675","%a.s.","Humid","21.205","deg","41792","µV","27.796","°C","1021.000","hPa","36.4","pmil","0","55.390","deg","20.000","°C","100.000","%a.s.","21.720","deg","20.000","°C","977.000","hPa","0.861","-0.02617","0.00035","0","0","13.56","Humid","26.25","0","44.00","378177.74","SABD0000000001","AAV1.0.0.11","4.0.0.2323","PSt7-10","170328-019","7/29/2022 11:23:46 AM","0000-00","0","no battery","V","","µV","","µV"
"08/11/2022","10:43:56","6","default","383292078","Oxt_06","60.017","min","92.726","%a.s.","Humid","21.199","deg","41792","µV","27.794","°C","1021.000","hPa","36.4","pmil","0","55.390","deg","20.000","°C","100.000","%a.s.","21.720","deg","20.000","°C","977.000","hPa","0.861","-0.02617","0.00035","0","0","13.56","Humid","26.25","0","44.00","378186.20","SABD0000000001","AAV1.0.0.11","4.0.0.2323","PSt7-10","170328-019","7/29/2022 11:23:46 AM","0000-00","0","no battery","V","","µV","","µV"
"08/11/2022","10:43:57","6","default","383292078","Oxt_06","60.034","min","92.786","%a.s.","Humid","21.192","deg","41789","µV","27.791","°C","1021.000","hPa","36.4","pmil","0","55.390","deg","20.000","°C","100.000","%a.s.","21.720","deg","20.000","°C","977.000","hPa","0.861","-0.02617","0.00035","0","0","13.56","Humid","26.25","0","44.00","378172.16","SABD0000000001","AAV1.0.0.11","4.0.0.2323","PSt7-10","170328-019","7/29/2022 11:23:46 AM","0000-00","0","no battery","V","","µV","","µV"
"08/11/2022","10:43:58","6","default","383292078","Oxt_06","60.050","min","92.716","%a.s.","Humid","21.200","deg","41798","µV","27.797","°C","1021.000","hPa","36.4","pmil","0","55.390","deg","20.000","°C","100.000","%a.s.","21.720","deg","20.000","°C","977.000","hPa","0.861","-0.02617","0.00035","0","0","13.56","Humid","26.25","0","44.00","378188.00","SABD0000000001","AAV1.0.0.11","4.0.0.2323","PSt7-10","170328-019","7/29/2022 11:23:46 AM","0000-00","0","no battery","V","","µV","","µV"
"08/11/2022","10:43:59","6","default","383292078","Oxt_06","60.067","min","92.681","%a.s.","Humid","21.205","deg","41791","µV","27.790","°C","1021.000","hPa","36.4","pmil","0","55.390","deg","20.000","°C","100.000","%a.s.","21.720","deg","20.000","°C","977.000","hPa","0.861","-0.02617","0.00035","0","0","13.56","Humid","26.25","0","44.00","378189.72","SABD0000000001","AAV1.0.0.11","4.0.0.2323","PSt7-10","170328-019","7/29/2022 11:23:46 AM","0000-00","0","no battery","V","","µV","","µV"
"08/11/2022","10:44:00","6","default","383292078","Oxt_06","60.085","min","92.724","%a.s.","Humid","21.200","deg","41796","µV","27.788","°C","1021.000","hPa","36.4","pmil","0","55.390","deg","20.000","°C","100.000","%a.s.","21.720","deg","20.000","°C","977.000","hPa","0.861","-0.02617","0.00035","0","0","13.56","Humid","26.25","0","44.00","378179.97","SABD0000000001","AAV1.0.0.11","4.0.0.2323","PSt7-10","170328-019","7/29/2022 11:23:46 AM","0000-00","0","no battery","V","","µV","","µV"
"08/11/2022","10:44:01","6","default","383292078","Oxt_06","60.100","min","92.738","%a.s.","Humid","21.197","deg","41786","µV","27.799","°C","1021.000","hPa","36.4","pmil","0","55.390","deg","20.000","°C","100.000","%a.s.","21.720","deg","20.000","°C","977.000","hPa","0.861","-0.02617","0.00035","0","0","13.56","Humid","26.25","0","44.00","378180.35","SABD0000000001","AAV1.0.0.11","4.0.0.2323","PSt7-10","170328-019","7/29/2022 11:23:46 AM","0000-00","0","no battery","V","","µV","","µV"
"08/11/2022","10:44:02","6","default","383292078","Oxt_06","60.117","min","92.768","%a.s.","Humid","21.195","deg","41790","µV","27.784","°C","1021.000","hPa","36.4","pmil","0","55.390","deg","20.000","°C","100.000","%a.s.","21.720","deg","20.000","°C","977.000","hPa","0.861","-0.02617","0.00035","0","0","13.56","Humid","26.25","0","44.00","378186.87","SABD0000000001","AAV1.0.0.11","4.0.0.2323","PSt7-10","170328-019","7/29/2022 11:23:46 AM","0000-00","0","no battery","V","","µV","","µV"
"08/11/2022","10:44:03","6","default","383292078","Oxt_06","60.135","min","92.730","%a.s.","Humid","21.200","deg","41794","µV","27.780","°C","1021.000","hPa","36.4","pmil","0","55.390","deg","20.000","°C","100.000","%a.s.","21.720","deg","20.000","°C","977.000","hPa","0.861","-0.02617","0.00035","0","0","13.56","Humid","26.25","0","44.00","378186.22","SABD0000000001","AAV1.0.0.11","4.0.0.2323","PSt7-10","170328-019","7/29/2022 11:23:46 AM","0000-00","0","no battery","V","","µV","","µV"
"08/11/2022","10:44:04","6","default","383292078","Oxt_06","60.151","min","92.712","%a.s.","Humid","21.201","deg","41785","µV","27.791","°C","1021.000","hPa","36.4","pmil","0","55.390","deg","20.000","°C","100.000","%a.s.","21.720","deg","20.000","°C","977.000","hPa","0.861","-0.02617","0.00035","0","0","13.56","Humid","26.25","0","44.00","378168.26","SABD0000000001","AAV1.0.0.11","4.0.0.2323","PSt7-10","170328-019","7/29/2022 11:23:46 AM","0000-00","0","no battery","V","","µV","","µV"
"08/11/2022","10:44:05","6","default","383292078","Oxt_06","60.168","min","92.693","%a.s.","Humid","21.203","deg","41795","µV","27.795","°C","1021.000","hPa","36.4","pmil","0","55.390","deg","20.000","°C","100.000","%a.s.","21.720","deg","20.000","°C","977.000","hPa","0.861","-0.02617","0.00035","0","0","13.56","Humid","26.25","0","44.00","378178.66","SABD0000000001","AAV1.0.0.11","4.0.0.2323","PSt7-10","170328-019","7/29/2022 11:23:46 AM","0000-00","0","no battery","V","","µV","","µV"
"08/11/2022","10:44:06","6","default","383292078","Oxt_06","60.184","min","92.717","%a.s.","Humid","21.201","deg","41794","µV","27.786","°C","1021.000","hPa","36.4","pmil","0","55.390","deg","20.000","°C","100.000","%a.s.","21.720","deg","20.000","°C","977.000","hPa","0.861","-0.02617","0.00035","0","0","13.56","Humid","26.25","0","44.00","378179.38","SABD0000000001","AAV1.0.0.11","4.0.0.2323","PSt7-10","170328-019","7/29/2022 11:23:46 AM","0000-00","0","no battery","V","","µV","","µV"
"08/11/2022","10:44:07","6","default","383292078","Oxt_06","60.201","min","92.698","%a.s.","Humid","21.204","deg","41789","µV","27.780","°C","1021.000","hPa","36.4","pmil","0","55.390","deg","20.000","°C","100.000","%a.s.","21.720","deg","20.000","°C","977.000","hPa","0.861","-0.02617","0.00035","0","0","13.56","Humid","26.25","0","44.00","378180.76","SABD0000000001","AAV1.0.0.11","4.0.0.2323","PSt7-10","170328-019","7/29/2022 11:23:46 AM","0000-00","0","no battery","V","","µV","","µV"
"08/11/2022","10:44:08","6","default","383292078","Oxt_06","60.218","min","92.726","%a.s.","Humid","21.201","deg","41795","µV","27.775","°C","1021.000","hPa","36.4","pmil","0","55.390","deg","20.000","°C","100.000","%a.s.","21.720","deg","20.000","°C","977.000","hPa","0.861","-0.02617","0.00035","0","0","13.56","Humid","26.25","0","44.00","378170.30","SABD0000000001","AAV1.0.0.11","4.0.0.2323","PSt7-10","170328-019","7/29/2022 11:23:46 AM","0000-00","0","no battery","V","","µV","","µV"
"08/11/2022","10:44:09","6","default","383292078","Oxt_06","60.234","min","92.673","%a.s.","Humid","21.205","deg","41795","µV","27.799","°C","1021.000","hPa","36.4","pmil","0","55.390","deg","20.000","°C","100.000","%a.s.","21.720","deg","20.000","°C","977.000","hPa","0.861","-0.02617","0.00035","0","0","13.56","Humid","26.25","0","44.00","378176.13","SABD0000000001","AAV1.0.0.11","4.0.0.2323","PSt7-10","170328-019","7/29/2022 11:23:46 AM","0000-00","0","no battery","V","","µV","","µV"
"08/11/2022","10:44:10","6","default","383292078","Oxt_06","60.251","min","92.691","%a.s.","Humid","21.201","deg","41789","µV","27.815","°C","1021.000","hPa","36.4","pmil","0","55.390","deg","20.000","°C","100.000","%a.s.","21.720","deg","20.000","°C","977.000","hPa","0.861","-0.02617","0.00035","0","0","13.56","Humid","26.25","0","44.00","378178.98","SABD0000000001","AAV1.0.0.11","4.0.0.2323","PSt7-10","170328-019","7/29/2022 11:23:46 AM","0000-00","0","no battery","V","","µV","","µV"
"08/11/2022","10:44:11","6","default","383292078","Oxt_06","60.267","min","92.713","%a.s.","Humid","21.199","deg","41789","µV","27.809","°C","1021.000","hPa","36.4","pmil","0","55.390","deg","20.000","°C","100.000","%a.s.","21.720","deg","20.000","°C","977.000","hPa","0.861","-0.02617","0.00035","0","0","13.56","Humid","26.25","0","44.00","378162.79","SABD0000000001","AAV1.0.0.11","4.0.0.2323","PSt7-10","170328-019","7/29/2022 11:23:46 AM","0000-00","0","no battery","V","","µV","","µV"
"08/11/2022","10:44:12","6","default","383292078","Oxt_06","60.284","min","92.691","%a.s.","Humid","21.203","deg","41792","µV","27.797","°C","1021.000","hPa","36.4","pmil","0","55.390","deg","20.000","°C","100.000","%a.s.","21.720","deg","20.000","°C","977.000","hPa","0.861","-0.02617","0.00035","0","0","13.56","Humid","26.25","0","44.00","378163.52","SABD0000000001","AAV1.0.0.11","4.0.0.2323","PSt7-10","170328-019","7/29/2022 11:23:46 AM","0000-00","0","no battery","V","","µV","","µV"
"08/11/2022","10:44:13","6","default","383292078","Oxt_06","60.301","min","92.643","%a.s.","Humid","21.209","deg","41791","µV","27.795","°C","1021.000","hPa","36.4","pmil","0","55.390","deg","20.000","°C","100.000","%a.s.","21.720","deg","20.000","°C","977.000","hPa","0.861","-0.02617","0.00035","0","0","13.56","Humid","26.25","0","44.00","378164.93","SABD0000000001","AAV1.0.0.11","4.0.0.2323","PSt7-10","170328-019","7/29/2022 11:23:46 AM","0000-00","0","no battery","V","","µV","","µV"
"08/11/2022","10:44:14","6","default","383292078","Oxt_06","60.317","min","92.678","%a.s.","Humid","21.204","deg","41789","µV","27.802","°C","1021.000","hPa","36.4","pmil","0","55.390","deg","20.000","°C","100.000","%a.s.","21.720","deg","20.000","°C","977.000","hPa","0.861","-0.02617","0.00035","0","0","13.56","Humid","26.25","0","44.00","378180.65","SABD0000000001","AAV1.0.0.11","4.0.0.2323","PSt7-10","170328-019","7/29/2022 11:23:46 AM","0000-00","0","no battery","V","","µV","","µV"
"08/11/2022","10:44:15","6","default","383292078","Oxt_06","60.334","min","92.755","%a.s.","Humid","21.195","deg","41790","µV","27.798","°C","1021.000","hPa","36.4","pmil","0","55.390","deg","20.000","°C","100.000","%a.s.","21.720","deg","20.000","°C","977.000","hPa","0.861","-0.02617","0.00035","0","0","13.56","Humid","26.25","0","44.00","378164.30","SABD0000000001","AAV1.0.0.11","4.0.0.2323","PSt7-10","170328-019","7/29/2022 11:23:46 AM","0000-00","0","no battery","V","","µV","","µV"
"08/11/2022","10:44:16","6","default","383292078","Oxt_06","60.350","min","92.746","%a.s.","Humid","21.198","deg","41797","µV","27.781","°C","1021.000","hPa","36.4","pmil","0","55.390","deg","20.000","°C","100.000","%a.s.","21.720","deg","20.000","°C","977.000","hPa","0.861","-0.02617","0.00035","0","0","13.56","Humid","26.25","0","44.00","378157.95","SABD0000000001","AAV1.0.0.11","4.0.0.2323","PSt7-10","170328-019","7/29/2022 11:23:46 AM","0000-00","0","no battery","V","","µV","","µV"
"08/11/2022","10:44:17","6","default","383292078","Oxt_06","60.367","min","92.676","%a.s.","Humid","21.207","deg","41789","µV","27.777","°C","1021.000","hPa","36.4","pmil","0","55.390","deg","20.000","°C","100.000","%a.s.","21.720","deg","20.000","°C","977.000","hPa","0.861","-0.02617","0.00035","0","0","13.56","Humid","26.25","0","44.00","378160.45","SABD0000000001","AAV1.0.0.11","4.0.0.2323","PSt7-10","170328-019","7/29/2022 11:23:46 AM","0000-00","0","no battery","V","","µV","","µV"
"08/11/2022","10:44:18","6","default","383292078","Oxt_06","60.384","min","92.648","%a.s.","Humid","21.209","deg","41793","µV","27.790","°C","1021.000","hPa","36.4","pmil","0","55.390","deg","20.000","°C","100.000","%a.s.","21.720","deg","20.000","°C","977.000","hPa","0.861","-0.02617","0.00035","0","0","13.56","Humid","26.25","0","44.00","378161.21","SABD0000000001","AAV1.0.0.11","4.0.0.2323","PSt7-10","170328-019","7/29/2022 11:23:46 AM","0000-00","0","no battery","V","","µV","","µV"
"08/11/2022","10:44:19","6","default","383292078","Oxt_06","60.401","min","92.725","%a.s.","Humid","21.200","deg","41799","µV","27.786","°C","1021.000","hPa","36.4","pmil","0","55.390","deg","20.000","°C","100.000","%a.s.","21.720","deg","20.000","°C","977.000","hPa","0.861","-0.02617","0.00035","0","0","13.56","Humid","26.25","0","44.00","378162.24","SABD0000000001","AAV1.0.0.11","4.0.0.2323","PSt7-10","170328-019","7/29/2022 11:23:46 AM","0000-00","0","no battery","V","","µV","","µV"
"08/11/2022","10:44:20","6","default","383292078","Oxt_06","60.418","min","92.681","%a.s.","Humid","21.205","deg","41792","µV","27.790","°C","1021.000","hPa","36.4","pmil","0","55.390","deg","20.000","°C","100.000","%a.s.","21.720","deg","20.000","°C","977.000","hPa","0.861","-0.02617","0.00035","0","0","13.56","Humid","26.25","0","44.00","378157.47","SABD0000000001","AAV1.0.0.11","4.0.0.2323","PSt7-10","170328-019","7/29/2022 11:23:46 AM","0000-00","0","no battery","V","","µV","","µV"
"08/11/2022","10:44:21","6","default","383292078","Oxt_06","60.434","min","92.621","%a.s.","Humid","21.212","deg","41792","µV","27.793","°C","1021.000","hPa","36.4","pmil","0","55.390","deg","20.000","°C","100.000","%a.s.","21.720","deg","20.000","°C","977.000","hPa","0.861","-0.02617","0.00035","0","0","13.56","Humid","26.25","0","44.00","378158.08","SABD0000000001","AAV1.0.0.11","4.0.0.2323","PSt7-10","170328-019","7/29/2022 11:23:46 AM","0000-00","0","no battery","V","","µV","","µV"
"08/11/2022","10:44:22","6","default","383292078","Oxt_06","60.451","min","92.695","%a.s.","Humid","21.203","deg","41795","µV","27.792","°C","1021.000","hPa","36.4","pmil","0","55.390","deg","20.000","°C","100.000","%a.s.","21.720","deg","20.000","°C","977.000","hPa","0.861","-0.02617","0.00035","0","0","13.56","Humid","26.25","0","44.00","378152.24","SABD0000000001","AAV1.0.0.11","4.0.0.2323","PSt7-10","170328-019","7/29/2022 11:23:46 AM","0000-00","0","no battery","V","","µV","","µV"
"08/11/2022","10:44:23","6","default","383292078","Oxt_06","60.468","min","92.709","%a.s.","Humid","21.202","deg","41793","µV","27.786","°C","1021.000","hPa","36.4","pmil","0","55.390","deg","20.000","°C","100.000","%a.s.","21.720","deg","20.000","°C","977.000","hPa","0.861","-0.02617","0.00035","0","0","13.56","Humid","26.25","0","44.00","378147.98","SABD0000000001","AAV1.0.0.11","4.0.0.2323","PSt7-10","170328-019","7/29/2022 11:23:46 AM","0000-00","0","no battery","V","","µV","","µV"
"08/11/2022","10:44:24","6","default","383292078","Oxt_06","60.484","min","92.712","%a.s.","Humid","21.202","deg","41794","µV","27.783","°C","1021.000","hPa","36.4","pmil","0","55.390","deg","20.000","°C","100.000","%a.s.","21.720","deg","20.000","°C","977.000","hPa","0.861","-0.02617","0.00035","0","0","13.56","Humid","26.25","0","44.00","378159.86","SABD0000000001","AAV1.0.0.11","4.0.0.2323","PSt7-10","170328-019","7/29/2022 11:23:46 AM","0000-00","0","no battery","V","","µV","","µV"
"08/11/2022","10:44:25","6","default","383292078","Oxt_06","60.501","min","92.703","%a.s.","Humid","21.202","deg","41795","µV","27.793","°C","1021.000","hPa","36.4","pmil","0","55.390","deg","20.000","°C","100.000","%a.s.","21.720","deg","20.000","°C","977.000","hPa","0.861","-0.02617","0.00035","0","0","13.56","Humid","26.25","0","44.00","378157.72","SABD0000000001","AAV1.0.0.11","4.0.0.2323","PSt7-10","170328-019","7/29/2022 11:23:46 AM","0000-00","0","no battery","V","","µV","","µV"
"08/11/2022","10:44:26","6","default","383292078","Oxt_06","60.518","min","92.703","%a.s.","Humid","21.203","deg","41794","µV","27.784","°C","1021.000","hPa","36.4","pmil","0","55.390","deg","20.000","°C","100.000","%a.s.","21.720","deg","20.000","°C","977.000","hPa","0.861","-0.02617","0.00035","0","0","13.56","Humid","26.25","0","44.00","378154.07","SABD0000000001","AAV1.0.0.11","4.0.0.2323","PSt7-10","170328-019","7/29/2022 11:23:46 AM","0000-00","0","no battery","V","","µV","","µV"
"08/11/2022","10:44:27","6","default","383292078","Oxt_06","60.534","min","92.615","%a.s.","Humid","21.214","deg","41801","µV","27.781","°C","1021.000","hPa","36.4","pmil","0","55.390","deg","20.000","°C","100.000","%a.s.","21.720","deg","20.000","°C","977.000","hPa","0.861","-0.02617","0.00035","0","0","13.56","Humid","26.25","0","44.00","378143.45","SABD0000000001","AAV1.0.0.11","4.0.0.2323","PSt7-10","170328-019","7/29/2022 11:23:46 AM","0000-00","0","no battery","V","","µV","","µV"
"08/11/2022","10:44:28","6","default","383292078","Oxt_06","60.551","min","92.687","%a.s.","Humid","21.205","deg","41798","µV","27.783","°C","1021.000","hPa","36.4","pmil","0","55.390","deg","20.000","°C","100.000","%a.s.","21.720","deg","20.000","°C","977.000","hPa","0.861","-0.02617","0.00035","0","0","13.56","Humid","26.25","0","44.00","378148.84","SABD0000000001","AAV1.0.0.11","4.0.0.2323","PSt7-10","170328-019","7/29/2022 11:23:46 AM","0000-00","0","no battery","V","","µV","","µV"
"08/11/2022","10:44:29","6","default","383292078","Oxt_06","60.567","min","92.669","%a.s.","Humid","21.206","deg","41790","µV","27.794","°C","1021.000","hPa","36.4","pmil","0","55.390","deg","20.000","°C","100.000","%a.s.","21.720","deg","20.000","°C","977.000","hPa","0.861","-0.02617","0.00035","0","0","13.56","Humid","26.25","0","44.00","378156.78","SABD0000000001","AAV1.0.0.11","4.0.0.2323","PSt7-10","170328-019","7/29/2022 11:23:46 AM","0000-00","0","no battery","V","","µV","","µV"
"08/11/2022","10:44:30","6","default","383292078","Oxt_06","60.584","min","92.665","%a.s.","Humid","21.205","deg","41797","µV","27.808","°C","1021.000","hPa","36.4","pmil","0","55.390","deg","20.000","°C","100.000","%a.s.","21.720","deg","20.000","°C","977.000","hPa","0.861","-0.02617","0.00035","0","0","13.56","Humid","26.25","0","44.00","378156.36","SABD0000000001","AAV1.0.0.11","4.0.0.2323","PSt7-10","170328-019","7/29/2022 11:23:46 AM","0000-00","0","no battery","V","","µV","","µV"
"08/11/2022","10:44:31","6","default","383292078","Oxt_06","60.601","min","92.679","%a.s.","Humid","21.205","deg","41792","µV","27.791","°C","1021.000","hPa","36.4","pmil","0","55.390","deg","20.000","°C","100.000","%a.s.","21.720","deg","20.000","°C","977.000","hPa","0.861","-0.02617","0.00035","0","0","13.56","Humid","26.25","0","44.00","378154.23","SABD0000000001","AAV1.0.0.11","4.0.0.2323","PSt7-10","170328-019","7/29/2022 11:23:46 AM","0000-00","0","no battery","V","","µV","","µV"
"08/11/2022","10:44:32","6","default","383292078","Oxt_06","60.617","min","92.665","%a.s.","Humid","21.207","deg","41792","µV","27.789","°C","1021.000","hPa","36.4","pmil","0","55.390","deg","20.000","°C","100.000","%a.s.","21.720","deg","20.000","°C","977.000","hPa","0.861","-0.02617","0.00035","0","0","13.56","Humid","26.25","0","44.00","378152.31","SABD0000000001","AAV1.0.0.11","4.0.0.2323","PSt7-10","170328-019","7/29/2022 11:23:46 AM","0000-00","0","no battery","V","","µV","","µV"
"08/11/2022","10:44:33","6","default","383292078","Oxt_06","60.634","min","92.666","%a.s.","Humid","21.206","deg","41792","µV","27.797","°C","1021.000","hPa","36.4","pmil","0","55.390","deg","20.000","°C","100.000","%a.s.","21.720","deg","20.000","°C","977.000","hPa","0.861","-0.02617","0.00035","0","0","13.56","Humid","26.25","0","44.00","378158.32","SABD0000000001","AAV1.0.0.11","4.0.0.2323","PSt7-10","170328-019","7/29/2022 11:23:46 AM","0000-00","0","no battery","V","","µV","","µV"
"08/11/2022","10:44:34","6","default","383292078","Oxt_06","60.651","min","92.722","%a.s.","Humid","21.201","deg","41796","µV","27.780","°C","1021.000","hPa","36.4","pmil","0","55.390","deg","20.000","°C","100.000","%a.s.","21.720","deg","20.000","°C","977.000","hPa","0.861","-0.02617","0.00035","0","0","13.56","Humid","26.25","0","44.00","378152.66","SABD0000000001","AAV1.0.0.11","4.0.0.2323","PSt7-10","170328-019","7/29/2022 11:23:46 AM","0000-00","0","no battery","V","","µV","","µV"
"08/11/2022","10:44:35","6","default","383292078","Oxt_06","60.667","min","92.662","%a.s.","Humid","21.207","deg","41794","µV","27.793","°C","1021.000","hPa","36.4","pmil","0","55.390","deg","20.000","°C","100.000","%a.s.","21.720","deg","20.000","°C","977.000","hPa","0.861","-0.02617","0.00035","0","0","13.56","Humid","26.25","0","44.00","378143.35","SABD0000000001","AAV1.0.0.11","4.0.0.2323","PSt7-10","170328-019","7/29/2022 11:23:46 AM","0000-00","0","no battery","V","","µV","","µV"
"08/11/2022","10:44:36","6","default","383292078","Oxt_06","60.684","min","92.670","%a.s.","Humid","21.208","deg","41796","µV","27.775","°C","1021.000","hPa","36.4","pmil","0","55.390","deg","20.000","°C","100.000","%a.s.","21.720","deg","20.000","°C","977.000","hPa","0.861","-0.02617","0.00035","0","0","13.56","Humid","26.25","0","44.00","378139.92","SABD0000000001","AAV1.0.0.11","4.0.0.2323","PSt7-10","170328-019","7/29/2022 11:23:46 AM","0000-00","0","no battery","V","","µV","","µV"
"08/11/2022","10:44:37","6","default","383292078","Oxt_06","60.700","min","92.700","%a.s.","Humid","21.204","deg","41792","µV","27.777","°C","1021.000","hPa","36.4","pmil","0","55.390","deg","20.000","°C","100.000","%a.s.","21.720","deg","20.000","°C","977.000","hPa","0.861","-0.02617","0.00035","0","0","13.56","Humid","26.25","0","44.00","378135.92","SABD0000000001","AAV1.0.0.11","4.0.0.2323","PSt7-10","170328-019","7/29/2022 11:23:46 AM","0000-00","0","no battery","V","","µV","","µV"
"08/11/2022","10:44:38","6","default","383292078","Oxt_06","60.717","min","92.662","%a.s.","Humid","21.207","deg","41795","µV","27.792","°C","1021.000","hPa","36.4","pmil","0","55.390","deg","20.000","°C","100.000","%a.s.","21.720","deg","20.000","°C","977.000","hPa","0.861","-0.02617","0.00035","0","0","13.56","Humid","26.25","0","44.00","378146.38","SABD0000000001","AAV1.0.0.11","4.0.0.2323","PSt7-10","170328-019","7/29/2022 11:23:46 AM","0000-00","0","no battery","V","","µV","","µV"
"08/11/2022","10:44:39","6","default","383292078","Oxt_06","60.734","min","92.713","%a.s.","Humid","21.201","deg","41795","µV","27.790","°C","1021.000","hPa","36.4","pmil","0","55.390","deg","20.000","°C","100.000","%a.s.","21.720","deg","20.000","°C","977.000","hPa","0.861","-0.02617","0.00035","0","0","13.56","Humid","26.25","0","44.00","378149.39","SABD0000000001","AAV1.0.0.11","4.0.0.2323","PSt7-10","170328-019","7/29/2022 11:23:46 AM","0000-00","0","no battery","V","","µV","","µV"
"08/11/2022","10:44:40","6","default","383292078","Oxt_06","60.751","min","92.715","%a.s.","Humid","21.200","deg","41792","µV","27.797","°C","1021.000","hPa","36.4","pmil","0","55.390","deg","20.000","°C","100.000","%a.s.","21.720","deg","20.000","°C","977.000","hPa","0.861","-0.02617","0.00035","0","0","13.56","Humid","26.25","0","44.00","378146.81","SABD0000000001","AAV1.0.0.11","4.0.0.2323","PSt7-10","170328-019","7/29/2022 11:23:46 AM","0000-00","0","no battery","V","","µV","","µV"
"08/11/2022","10:44:41","6","default","383292078","Oxt_06","60.768","min","92.716","%a.s.","Humid","21.201","deg","41799","µV","27.787","°C","1021.000","hPa","36.4","pmil","0","55.390","deg","20.000","°C","100.000","%a.s.","21.720","deg","20.000","°C","977.000","hPa","0.861","-0.02617","0.00035","0","0","13.56","Humid","26.25","0","44.00","378148.86","SABD0000000001","AAV1.0.0.11","4.0.0.2323","PSt7-10","170328-019","7/29/2022 11:23:46 AM","0000-00","0","no battery","V","","µV","","µV"
"08/11/2022","10:44:42","6","default","383292078","Oxt_06","60.784","min","92.733","%a.s.","Humid","21.198","deg","41797","µV","27.795","°C","1021.000","hPa","36.4","pmil","0","55.390","deg","20.000","°C","100.000","%a.s.","21.720","deg","20.000","°C","977.000","hPa","0.861","-0.02617","0.00035","0","0","13.56","Humid","26.25","0","44.00","378150.35","SABD0000000001","AAV1.0.0.11","4.0.0.2323","PSt7-10","170328-019","7/29/2022 11:23:46 AM","0000-00","0","no battery","V","","µV","","µV"
"08/11/2022","10:44:43","6","default","383292078","Oxt_06","60.801","min","92.656","%a.s.","Humid","21.207","deg","41800","µV","27.799","°C","1021.000","hPa","36.4","pmil","0","55.390","deg","20.000","°C","100.000","%a.s.","21.720","deg","20.000","°C","977.000","hPa","0.861","-0.02617","0.00035","0","0","13.56","Humid","26.25","0","44.00","378142.25","SABD0000000001","AAV1.0.0.11","4.0.0.2323","PSt7-10","170328-019","7/29/2022 11:23:46 AM","0000-00","0","no battery","V","","µV","","µV"
"08/11/2022","10:44:44","6","default","383292078","Oxt_06","60.818","min","92.614","%a.s.","Humid","21.214","deg","41802","µV","27.782","°C","1021.000","hPa","36.4","pmil","0","55.390","deg","20.000","°C","100.000","%a.s.","21.720","deg","20.000","°C","977.000","hPa","0.861","-0.02617","0.00035","0","0","13.56","Humid","26.25","0","44.00","378154.90","SABD0000000001","AAV1.0.0.11","4.0.0.2323","PSt7-10","170328-019","7/29/2022 11:23:46 AM","0000-00","0","no battery","V","","µV","","µV"
"08/11/2022","10:44:45","6","default","383292078","Oxt_06","60.834","min","92.678","%a.s.","Humid","21.206","deg","41799","µV","27.783","°C","1021.000","hPa","36.4","pmil","0","55.390","deg","20.000","°C","100.000","%a.s.","21.720","deg","20.000","°C","977.000","hPa","0.861","-0.02617","0.00035","0","0","13.56","Humid","26.25","0","44.00","378137.01","SABD0000000001","AAV1.0.0.11","4.0.0.2323","PSt7-10","170328-019","7/29/2022 11:23:46 AM","0000-00","0","no battery","V","","µV","","µV"
"08/11/2022","10:44:46","6","default","383292078","Oxt_06","60.851","min","92.704","%a.s.","Humid","21.202","deg","41794","µV","27.792","°C","1021.000","hPa","36.4","pmil","0","55.390","deg","20.000","°C","100.000","%a.s.","21.720","deg","20.000","°C","977.000","hPa","0.861","-0.02617","0.00035","0","0","13.56","Humid","26.25","0","44.00","378141.87","SABD0000000001","AAV1.0.0.11","4.0.0.2323","PSt7-10","170328-019","7/29/2022 11:23:46 AM","0000-00","0","no battery","V","","µV","","µV"
"08/11/2022","10:44:47","6","default","383292078","Oxt_06","60.868","min","92.659","%a.s.","Humid","21.209","deg","41802","µV","27.777","°C","1021.000","hPa","36.4","pmil","0","55.390","deg","20.000","°C","100.000","%a.s.","21.720","deg","20.000","°C","977.000","hPa","0.861","-0.02617","0.00035","0","0","13.56","Humid","26.25","0","44.00","378152.05","SABD0000000001","AAV1.0.0.11","4.0.0.2323","PSt7-10","170328-019","7/29/2022 11:23:46 AM","0000-00","0","no battery","V","","µV","","µV"
"08/11/2022","10:44:48","6","default","383292078","Oxt_06","60.884","min","92.616","%a.s.","Humid","21.211","deg","41799","µV","27.807","°C","1021.000","hPa","36.4","pmil","0","55.390","deg","20.000","°C","100.000","%a.s.","21.720","deg","20.000","°C","977.000","hPa","0.861","-0.02617","0.00035","0","0","13.56","Humid","26.25","0","44.00","378147.93","SABD0000000001","AAV1.0.0.11","4.0.0.2323","PSt7-10","170328-019","7/29/2022 11:23:46 AM","0000-00","0","no battery","V","","µV","","µV"
"08/11/2022","10:44:49","6","default","383292078","Oxt_06","60.901","min","92.691","%a.s.","Humid","21.203","deg","41804","µV","27.796","°C","1021.000","hPa","36.4","pmil","0","55.390","deg","20.000","°C","100.000","%a.s.","21.720","deg","20.000","°C","977.000","hPa","0.861","-0.02617","0.00035","0","0","13.56","Humid","26.25","0","44.00","378141.60","SABD0000000001","AAV1.0.0.11","4.0.0.2323","PSt7-10","170328-019","7/29/2022 11:23:46 AM","0000-00","0","no battery","V","","µV","","µV"
"08/11/2022","10:44:50","6","default","383292078","Oxt_06","60.918","min","92.657","%a.s.","Humid","21.208","deg","41799","µV","27.789","°C","1021.000","hPa","36.4","pmil","0","55.390","deg","20.000","°C","100.000","%a.s.","21.720","deg","20.000","°C","977.000","hPa","0.861","-0.02617","0.00035","0","0","13.56","Humid","26.25","0","44.00","378144.17","SABD0000000001","AAV1.0.0.11","4.0.0.2323","PSt7-10","170328-019","7/29/2022 11:23:46 AM","0000-00","0","no battery","V","","µV","","µV"
"08/11/2022","10:44:51","6","default","383292078","Oxt_06","60.934","min","92.647","%a.s.","Humid","21.209","deg","41803","µV","27.791","°C","1021.000","hPa","36.4","pmil","0","55.390","deg","20.000","°C","100.000","%a.s.","21.720","deg","20.000","°C","977.000","hPa","0.861","-0.02617","0.00035","0","0","13.56","Humid","26.25","0","44.00","378135.80","SABD0000000001","AAV1.0.0.11","4.0.0.2323","PSt7-10","170328-019","7/29/2022 11:23:46 AM","0000-00","0","no battery","V","","µV","","µV"
"08/11/2022","10:44:52","6","default","383292078","Oxt_06","60.951","min","92.662","%a.s.","Humid","21.207","deg","41802","µV","27.792","°C","1021.000","hPa","36.4","pmil","0","55.390","deg","20.000","°C","100.000","%a.s.","21.720","deg","20.000","°C","977.000","hPa","0.861","-0.02617","0.00035","0","0","13.56","Humid","26.25","0","44.00","378134.13","SABD0000000001","AAV1.0.0.11","4.0.0.2323","PSt7-10","170328-019","7/29/2022 11:23:46 AM","0000-00","0","no battery","V","","µV","","µV"
"08/11/2022","10:44:53","6","default","383292078","Oxt_06","60.968","min","92.635","%a.s.","Humid","21.211","deg","41796","µV","27.786","°C","1021.000","hPa","36.4","pmil","0","55.390","deg","20.000","°C","100.000","%a.s.","21.720","deg","20.000","°C","977.000","hPa","0.861","-0.02617","0.00035","0","0","13.56","Humid","26.25","0","44.00","378133.20","SABD0000000001","AAV1.0.0.11","4.0.0.2323","PSt7-10","170328-019","7/29/2022 11:23:46 AM","0000-00","0","no battery","V","","µV","","µV"
"08/11/2022","10:44:54","6","default","383292078","Oxt_06","60.984","min","92.614","%a.s.","Humid","21.213","deg","41807","µV","27.791","°C","1021.000","hPa","36.4","pmil","0","55.390","deg","20.000","°C","100.000","%a.s.","21.720","deg","20.000","°C","977.000","hPa","0.861","-0.02617","0.00035","0","0","13.56","Humid","26.25","0","44.00","378139.70","SABD0000000001","AAV1.0.0.11","4.0.0.2323","PSt7-10","170328-019","7/29/2022 11:23:46 AM","0000-00","0","no battery","V","","µV","","µV"
"08/11/2022","10:44:55","6","default","383292078","Oxt_06","61.001","min","92.612","%a.s.","Humid","21.213","deg","41800","µV","27.793","°C","1021.000","hPa","36.4","pmil","0","55.390","deg","20.000","°C","100.000","%a.s.","21.720","deg","20.000","°C","977.000","hPa","0.861","-0.02617","0.00035","0","0","13.56","Humid","26.25","0","44.00","378128.34","SABD0000000001","AAV1.0.0.11","4.0.0.2323","PSt7-10","170328-019","7/29/2022 11:23:46 AM","0000-00","0","no battery","V","","µV","","µV"
"08/11/2022","10:44:56","6","default","383292078","Oxt_06","61.017","min","92.660","%a.s.","Humid","21.207","deg","41798","µV","27.795","°C","1021.000","hPa","36.4","pmil","0","55.390","deg","20.000","°C","100.000","%a.s.","21.720","deg","20.000","°C","977.000","hPa","0.861","-0.02617","0.00035","0","0","13.56","Humid","26.25","0","44.00","378142.78","SABD0000000001","AAV1.0.0.11","4.0.0.2323","PSt7-10","170328-019","7/29/2022 11:23:46 AM","0000-00","0","no battery","V","","µV","","µV"
"08/11/2022","10:44:57","6","default","383292078","Oxt_06","61.034","min","92.638","%a.s.","Humid","21.210","deg","41795","µV","27.791","°C","1021.000","hPa","36.4","pmil","0","55.390","deg","20.000","°C","100.000","%a.s.","21.720","deg","20.000","°C","977.000","hPa","0.861","-0.02617","0.00035","0","0","13.56","Humid","26.25","0","44.00","378130.35","SABD0000000001","AAV1.0.0.11","4.0.0.2323","PSt7-10","170328-019","7/29/2022 11:23:46 AM","0000-00","0","no battery","V","","µV","","µV"
"08/11/2022","10:44:58","6","default","383292078","Oxt_06","61.051","min","92.708","%a.s.","Humid","21.203","deg","41798","µV","27.778","°C","1021.000","hPa","36.4","pmil","0","55.390","deg","20.000","°C","100.000","%a.s.","21.720","deg","20.000","°C","977.000","hPa","0.861","-0.02617","0.00035","0","0","13.56","Humid","26.25","0","44.00","378144.45","SABD0000000001","AAV1.0.0.11","4.0.0.2323","PSt7-10","170328-019","7/29/2022 11:23:46 AM","0000-00","0","no battery","V","","µV","","µV"
"08/11/2022","10:44:59","6","default","383292078","Oxt_06","61.067","min","92.605","%a.s.","Humid","21.214","deg","41801","µV","27.792","°C","1021.000","hPa","36.4","pmil","0","55.390","deg","20.000","°C","100.000","%a.s.","21.720","deg","20.000","°C","977.000","hPa","0.861","-0.02617","0.00035","0","0","13.56","Humid","26.25","0","44.00","378135.61","SABD0000000001","AAV1.0.0.11","4.0.0.2323","PSt7-10","170328-019","7/29/2022 11:23:46 AM","0000-00","0","no battery","V","","µV","","µV"
"08/11/2022","10:45:00","6","default","383292078","Oxt_06","61.084","min","92.644","%a.s.","Humid","21.210","deg","41795","µV","27.785","°C","1021.000","hPa","36.4","pmil","0","55.390","deg","20.000","°C","100.000","%a.s.","21.720","deg","20.000","°C","977.000","hPa","0.861","-0.02617","0.00035","0","0","13.56","Humid","26.25","0","44.00","378136.86","SABD0000000001","AAV1.0.0.11","4.0.0.2323","PSt7-10","170328-019","7/29/2022 11:23:46 AM","0000-00","0","no battery","V","","µV","","µV"
"08/11/2022","10:45:01","6","default","383292078","Oxt_06","61.101","min","92.613","%a.s.","Humid","21.214","deg","41796","µV","27.783","°C","1021.000","hPa","36.4","pmil","0","55.390","deg","20.000","°C","100.000","%a.s.","21.720","deg","20.000","°C","977.000","hPa","0.861","-0.02617","0.00035","0","0","13.56","Humid","26.25","0","44.00","378128.33","SABD0000000001","AAV1.0.0.11","4.0.0.2323","PSt7-10","170328-019","7/29/2022 11:23:46 AM","0000-00","0","no battery","V","","µV","","µV"
"08/11/2022","10:45:02","6","default","383292078","Oxt_06","61.117","min","92.629","%a.s.","Humid","21.211","deg","41798","µV","27.793","°C","1021.000","hPa","36.4","pmil","0","55.390","deg","20.000","°C","100.000","%a.s.","21.720","deg","20.000","°C","977.000","hPa","0.861","-0.02617","0.00035","0","0","13.56","Humid","26.25","0","44.00","378128.11","SABD0000000001","AAV1.0.0.11","4.0.0.2323","PSt7-10","170328-019","7/29/2022 11:23:46 AM","0000-00","0","no battery","V","","µV","","µV"
"08/11/2022","10:45:03","6","default","383292078","Oxt_06","61.134","min","92.688","%a.s.","Humid","21.205","deg","41801","µV","27.782","°C","1021.000","hPa","36.4","pmil","0","55.390","deg","20.000","°C","100.000","%a.s.","21.720","deg","20.000","°C","977.000","hPa","0.861","-0.02617","0.00035","0","0","13.56","Humid","26.25","0","44.00","378126.21","SABD0000000001","AAV1.0.0.11","4.0.0.2323","PSt7-10","170328-019","7/29/2022 11:23:46 AM","0000-00","0","no battery","V","","µV","","µV"
"08/11/2022","10:45:04","6","default","383292078","Oxt_06","61.151","min","92.582","%a.s.","Humid","21.218","deg","41804","µV","27.781","°C","1021.000","hPa","36.4","pmil","0","55.390","deg","20.000","°C","100.000","%a.s.","21.720","deg","20.000","°C","977.000","hPa","0.861","-0.02617","0.00035","0","0","13.56","Humid","26.25","0","44.00","378135.29","SABD0000000001","AAV1.0.0.11","4.0.0.2323","PSt7-10","170328-019","7/29/2022 11:23:46 AM","0000-00","0","no battery","V","","µV","","µV"
"08/11/2022","10:45:05","6","default","383292078","Oxt_06","61.168","min","92.674","%a.s.","Humid","21.207","deg","41803","µV","27.779","°C","1021.000","hPa","36.4","pmil","0","55.390","deg","20.000","°C","100.000","%a.s.","21.720","deg","20.000","°C","977.000","hPa","0.861","-0.02617","0.00035","0","0","13.56","Humid","26.25","0","44.00","378136.89","SABD0000000001","AAV1.0.0.11","4.0.0.2323","PSt7-10","170328-019","7/29/2022 11:23:46 AM","0000-00","0","no battery","V","","µV","","µV"
"08/11/2022","10:45:06","6","default","383292078","Oxt_06","61.185","min","92.642","%a.s.","Humid","21.210","deg","41806","µV","27.787","°C","1021.000","hPa","36.4","pmil","0","55.390","deg","20.000","°C","100.000","%a.s.","21.720","deg","20.000","°C","977.000","hPa","0.861","-0.02617","0.00035","0","0","13.56","Humid","26.25","0","44.00","378134.69","SABD0000000001","AAV1.0.0.11","4.0.0.2323","PSt7-10","170328-019","7/29/2022 11:23:46 AM","0000-00","0","no battery","V","","µV","","µV"
"08/11/2022","10:45:07","6","default","383292078","Oxt_06","61.201","min","92.668","%a.s.","Humid","21.207","deg","41809","µV","27.786","°C","1021.000","hPa","36.4","pmil","0","55.390","deg","20.000","°C","100.000","%a.s.","21.720","deg","20.000","°C","977.000","hPa","0.861","-0.02617","0.00035","0","0","13.56","Humid","26.25","0","44.00","378130.88","SABD0000000001","AAV1.0.0.11","4.0.0.2323","PSt7-10","170328-019","7/29/2022 11:23:46 AM","0000-00","0","no battery","V","","µV","","µV"
"08/11/2022","10:45:08","6","default","383292078","Oxt_06","61.218","min","92.625","%a.s.","Humid","21.210","deg","41800","µV","27.806","°C","1021.000","hPa","36.4","pmil","0","55.390","deg","20.000","°C","100.000","%a.s.","21.720","deg","20.000","°C","977.000","hPa","0.861","-0.02617","0.00035","0","0","13.56","Humid","26.25","0","44.00","378132.85","SABD0000000001","AAV1.0.0.11","4.0.0.2323","PSt7-10","170328-019","7/29/2022 11:23:46 AM","0000-00","0","no battery","V","","µV","","µV"
"08/11/2022","10:45:09","6","default","383292078","Oxt_06","61.234","min","92.651","%a.s.","Humid","21.208","deg","41803","µV","27.795","°C","1021.000","hPa","36.4","pmil","0","55.390","deg","20.000","°C","100.000","%a.s.","21.720","deg","20.000","°C","977.000","hPa","0.861","-0.02617","0.00035","0","0","13.56","Humid","26.25","0","44.00","378131.33","SABD0000000001","AAV1.0.0.11","4.0.0.2323","PSt7-10","170328-019","7/29/2022 11:23:46 AM","0000-00","0","no battery","V","","µV","","µV"
"08/11/2022","10:45:10","6","default","383292078","Oxt_06","61.251","min","92.652","%a.s.","Humid","21.208","deg","41799","µV","27.795","°C","1021.000","hPa","36.4","pmil","0","55.390","deg","20.000","°C","100.000","%a.s.","21.720","deg","20.000","°C","977.000","hPa","0.861","-0.02617","0.00035","0","0","13.56","Humid","26.25","0","44.00","378120.29","SABD0000000001","AAV1.0.0.11","4.0.0.2323","PSt7-10","170328-019","7/29/2022 11:23:46 AM","0000-00","0","no battery","V","","µV","","µV"
"08/11/2022","10:45:11","6","default","383292078","Oxt_06","61.268","min","92.576","%a.s.","Humid","21.218","deg","41803","µV","27.787","°C","1021.000","hPa","36.4","pmil","0","55.390","deg","20.000","°C","100.000","%a.s.","21.720","deg","20.000","°C","977.000","hPa","0.861","-0.02617","0.00035","0","0","13.56","Humid","26.25","0","44.00","378139.34","SABD0000000001","AAV1.0.0.11","4.0.0.2323","PSt7-10","170328-019","7/29/2022 11:23:46 AM","0000-00","0","no battery","V","","µV","","µV"
"08/11/2022","10:45:12","6","default","383292078","Oxt_06","61.284","min","92.541","%a.s.","Humid","21.221","deg","41803","µV","27.800","°C","1021.000","hPa","36.4","pmil","0","55.390","deg","20.000","°C","100.000","%a.s.","21.720","deg","20.000","°C","977.000","hPa","0.861","-0.02617","0.00035","0","0","13.56","Humid","26.25","0","44.00","378124.62","SABD0000000001","AAV1.0.0.11","4.0.0.2323","PSt7-10","170328-019","7/29/2022 11:23:46 AM","0000-00","0","no battery","V","","µV","","µV"
"08/11/2022","10:45:13","6","default","383292078","Oxt_06","61.301","min","92.610","%a.s.","Humid","21.213","deg","41800","µV","27.796","°C","1021.000","hPa","36.4","pmil","0","55.390","deg","20.000","°C","100.000","%a.s.","21.720","deg","20.000","°C","977.000","hPa","0.861","-0.02617","0.00035","0","0","13.56","Humid","26.25","0","44.00","378128.52","SABD0000000001","AAV1.0.0.11","4.0.0.2323","PSt7-10","170328-019","7/29/2022 11:23:46 AM","0000-00","0","no battery","V","","µV","","µV"
"08/11/2022","10:45:14","6","default","383292078","Oxt_06","61.318","min","92.565","%a.s.","Humid","21.219","deg","41803","µV","27.791","°C","1021.000","hPa","36.4","pmil","0","55.390","deg","20.000","°C","100.000","%a.s.","21.720","deg","20.000","°C","977.000","hPa","0.861","-0.02617","0.00035","0","0","13.56","Humid","26.25","0","44.00","378119.63","SABD0000000001","AAV1.0.0.11","4.0.0.2323","PSt7-10","170328-019","7/29/2022 11:23:46 AM","0000-00","0","no battery","V","","µV","","µV"
"08/11/2022","10:45:15","6","default","383292078","Oxt_06","61.334","min","92.584","%a.s.","Humid","21.217","deg","41802","µV","27.788","°C","1021.000","hPa","36.4","pmil","0","55.390","deg","20.000","°C","100.000","%a.s.","21.720","deg","20.000","°C","977.000","hPa","0.861","-0.02617","0.00035","0","0","13.56","Humid","26.25","0","44.00","378122.85","SABD0000000001","AAV1.0.0.11","4.0.0.2323","PSt7-10","170328-019","7/29/2022 11:23:46 AM","0000-00","0","no battery","V","","µV","","µV"
"08/11/2022","10:45:16","6","default","383292078","Oxt_06","61.351","min","92.612","%a.s.","Humid","21.212","deg","41808","µV","27.803","°C","1021.000","hPa","36.4","pmil","0","55.390","deg","20.000","°C","100.000","%a.s.","21.720","deg","20.000","°C","977.000","hPa","0.861","-0.02617","0.00035","0","0","13.56","Humid","26.25","0","44.00","378127.63","SABD0000000001","AAV1.0.0.11","4.0.0.2323","PSt7-10","170328-019","7/29/2022 11:23:46 AM","0000-00","0","no battery","V","","µV","","µV"
"08/11/2022","10:45:17","6","default","383292078","Oxt_06","61.367","min","92.637","%a.s.","Humid","21.209","deg","41797","µV","27.802","°C","1021.000","hPa","36.4","pmil","0","55.390","deg","20.000","°C","100.000","%a.s.","21.720","deg","20.000","°C","977.000","hPa","0.861","-0.02617","0.00035","0","0","13.56","Humid","26.25","0","44.00","378114.96","SABD0000000001","AAV1.0.0.11","4.0.0.2323","PSt7-10","170328-019","7/29/2022 11:23:46 AM","0000-00","0","no battery","V","","µV","","µV"
"08/11/2022","10:45:18","6","default","383292078","Oxt_06","61.384","min","92.630","%a.s.","Humid","21.210","deg","41801","µV","27.801","°C","1021.000","hPa","36.4","pmil","0","55.390","deg","20.000","°C","100.000","%a.s.","21.720","deg","20.000","°C","977.000","hPa","0.861","-0.02617","0.00035","0","0","13.56","Humid","26.25","0","44.00","378110.74","SABD0000000001","AAV1.0.0.11","4.0.0.2323","PSt7-10","170328-019","7/29/2022 11:23:46 AM","0000-00","0","no battery","V","","µV","","µV"
"08/11/2022","10:45:19","6","default","383292078","Oxt_06","61.401","min","92.630","%a.s.","Humid","21.211","deg","41809","µV","27.791","°C","1021.000","hPa","36.4","pmil","0","55.390","deg","20.000","°C","100.000","%a.s.","21.720","deg","20.000","°C","977.000","hPa","0.861","-0.02617","0.00035","0","0","13.56","Humid","26.25","0","44.00","378112.84","SABD0000000001","AAV1.0.0.11","4.0.0.2323","PSt7-10","170328-019","7/29/2022 11:23:46 AM","0000-00","0","no battery","V","","µV","","µV"
"08/11/2022","10:45:20","6","default","383292078","Oxt_06","61.417","min","92.535","%a.s.","Humid","21.223","deg","41810","µV","27.788","°C","1021.000","hPa","36.4","pmil","0","55.390","deg","20.000","°C","100.000","%a.s.","21.720","deg","20.000","°C","977.000","hPa","0.861","-0.02617","0.00035","0","0","13.56","Humid","26.25","0","44.00","378120.32","SABD0000000001","AAV1.0.0.11","4.0.0.2323","PSt7-10","170328-019","7/29/2022 11:23:46 AM","0000-00","0","no battery","V","","µV","","µV"
"08/11/2022","10:45:21","6","default","383292078","Oxt_06","61.434","min","92.606","%a.s.","Humid","21.214","deg","41797","µV","27.791","°C","1021.000","hPa","36.4","pmil","0","55.390","deg","20.000","°C","100.000","%a.s.","21.720","deg","20.000","°C","977.000","hPa","0.861","-0.02617","0.00035","0","0","13.56","Humid","26.25","0","44.00","378125.70","SABD0000000001","AAV1.0.0.11","4.0.0.2323","PSt7-10","170328-019","7/29/2022 11:23:46 AM","0000-00","0","no battery","V","","µV","","µV"
"08/11/2022","10:45:22","6","default","383292078","Oxt_06","61.451","min","92.543","%a.s.","Humid","21.222","deg","41808","µV","27.789","°C","1021.000","hPa","36.4","pmil","0","55.390","deg","20.000","°C","100.000","%a.s.","21.720","deg","20.000","°C","977.000","hPa","0.861","-0.02617","0.00035","0","0","13.56","Humid","26.25","0","44.00","378113.07","SABD0000000001","AAV1.0.0.11","4.0.0.2323","PSt7-10","170328-019","7/29/2022 11:23:46 AM","0000-00","0","no battery","V","","µV","","µV"
"08/11/2022","10:45:23","6","default","383292078","Oxt_06","61.468","min","92.703","%a.s.","Humid","21.203","deg","41805","µV","27.784","°C","1021.000","hPa","36.4","pmil","0","55.390","deg","20.000","°C","100.000","%a.s.","21.720","deg","20.000","°C","977.000","hPa","0.861","-0.02617","0.00035","0","0","13.56","Humid","26.25","0","44.00","378127.76","SABD0000000001","AAV1.0.0.11","4.0.0.2323","PSt7-10","170328-019","7/29/2022 11:23:46 AM","0000-00","0","no battery","V","","µV","","µV"

"Date","Time","delta_t","Device_Serial","Channel","User","Annotation"
