"PreSens Measurement Studio 2","4.0.0.2323",""
"Date","Time","Channel","User","SensorID","Sensor_Name","delta_t","Time_Unit","Value","O2_Unit","Mode","Phase","Phase_Unit","Amplitude","Amplitude_Unit","Temp","Temp_Unit","Pressure","Pressure_Unit","Salinity","Salinity_Unit","Error","Cal0","Cal0_Unit","T0","T0_Unit","O2Cal2nd","O2_Unit","Cal2nd","Cal2nd_Unit","T2nd","T2nd_Unit","CalPressure","CalPressure_Unit","f1","dPhi1","dkSv1","dPhi2","dkSv2","m","Cal_Mode","SignalLEDCurrent","User_Signal_Intensity","ReferenceLEDCurrent","Reference_Amplitude","Device_Serial","FwVersion","SwVersion","Sensor_Type","BatchID","Calibration_Date","Sensor_Lot","PreSens_Calibr","Battery_Voltage","Battery_Voltage_Unit","Cal0_Amplitude","Cal0_Amplitude_Unit","Cal2nd_Amplitude","Cal2nd_Amplitude_Unit"
"08/09/2022","10:02:02","6","default","383292078","Oxt_06","0.000","min","90.213","%a.s.","Humid","21.533","deg","42909","µV","28.002","°C","1017.000","hPa","36.4","pmil","0","55.390","deg","20.000","°C","100.000","%a.s.","21.720","deg","20.000","°C","977.000","hPa","0.861","-0.02617","0.00035","0","0","13.56","Humid","26.25","0","44.00","379431.34","SABD0000000001","AAV1.0.0.11","4.0.0.2323","PSt7-10","170328-019","7/29/2022 11:23:46 AM","0000-00","0","no battery","V","","µV","","µV"
"08/09/2022","10:02:03","6","default","383292078","Oxt_06","0.012","min","90.183","%a.s.","Humid","21.536","deg","42898","µV","28.009","°C","1017.000","hPa","36.4","pmil","0","55.390","deg","20.000","°C","100.000","%a.s.","21.720","deg","20.000","°C","977.000","hPa","0.861","-0.02617","0.00035","0","0","13.56","Humid","26.25","0","44.00","379381.24","SABD0000000001","AAV1.0.0.11","4.0.0.2323","PSt7-10","170328-019","7/29/2022 11:23:46 AM","0000-00","0","no battery","V","","µV","","µV"
"08/09/2022","10:02:04","6","default","383292078","Oxt_06","0.029","min","90.142","%a.s.","Humid","21.541","deg","42891","µV","28.011","°C","1017.000","hPa","36.4","pmil","0","55.390","deg","20.000","°C","100.000","%a.s.","21.720","deg","20.000","°C","977.000","hPa","0.861","-0.02617","0.00035","0","0","13.56","Humid","26.25","0","44.00","379370.36","SABD0000000001","AAV1.0.0.11","4.0.0.2323","PSt7-10","170328-019","7/29/2022 11:23:46 AM","0000-00","0","no battery","V","","µV","","µV"
"08/09/2022","10:02:05","6","default","383292078","Oxt_06","0.046","min","90.101","%a.s.","Humid","21.548","deg","42886","µV","27.995","°C","1017.000","hPa","36.4","pmil","0","55.390","deg","20.000","°C","100.000","%a.s.","21.720","deg","20.000","°C","977.000","hPa","0.861","-0.02617","0.00035","0","0","13.56","Humid","26.25","0","44.00","379357.11","SABD0000000001","AAV1.0.0.11","4.0.0.2323","PSt7-10","170328-019","7/29/2022 11:23:46 AM","0000-00","0","no battery","V","","µV","","µV"
"08/09/2022","10:02:06","6","default","383292078","Oxt_06","0.062","min","90.140","%a.s.","Humid","21.544","deg","42881","µV","27.986","°C","1017.000","hPa","36.4","pmil","0","55.390","deg","20.000","°C","100.000","%a.s.","21.720","deg","20.000","°C","977.000","hPa","0.861","-0.02617","0.00035","0","0","13.56","Humid","26.25","0","44.00","379327.83","SABD0000000001","AAV1.0.0.11","4.0.0.2323","PSt7-10","170328-019","7/29/2022 11:23:46 AM","0000-00","0","no battery","V","","µV","","µV"
"08/09/2022","10:02:07","6","default","383292078","Oxt_06","0.079","min","90.160","%a.s.","Humid","21.540","deg","42878","µV","27.999","°C","1017.000","hPa","36.4","pmil","0","55.390","deg","20.000","°C","100.000","%a.s.","21.720","deg","20.000","°C","977.000","hPa","0.861","-0.02617","0.00035","0","0","13.56","Humid","26.25","0","44.00","379333.54","SABD0000000001","AAV1.0.0.11","4.0.0.2323","PSt7-10","170328-019","7/29/2022 11:23:46 AM","0000-00","0","no battery","V","","µV","","µV"
"08/09/2022","10:02:08","6","default","383292078","Oxt_06","0.096","min","90.201","%a.s.","Humid","21.536","deg","42869","µV","27.988","°C","1017.000","hPa","36.4","pmil","0","55.390","deg","20.000","°C","100.000","%a.s.","21.720","deg","20.000","°C","977.000","hPa","0.861","-0.02617","0.00035","0","0","13.56","Humid","26.25","0","44.00","379336.90","SABD0000000001","AAV1.0.0.11","4.0.0.2323","PSt7-10","170328-019","7/29/2022 11:23:46 AM","0000-00","0","no battery","V","","µV","","µV"
"08/09/2022","10:02:09","6","default","383292078","Oxt_06","0.113","min","90.126","%a.s.","Humid","21.544","deg","42864","µV","28.002","°C","1017.000","hPa","36.4","pmil","0","55.390","deg","20.000","°C","100.000","%a.s.","21.720","deg","20.000","°C","977.000","hPa","0.861","-0.02617","0.00035","0","0","13.56","Humid","26.25","0","44.00","379321.12","SABD0000000001","AAV1.0.0.11","4.0.0.2323","PSt7-10","170328-019","7/29/2022 11:23:46 AM","0000-00","0","no battery","V","","µV","","µV"
"08/09/2022","10:02:10","6","default","383292078","Oxt_06","0.129","min","90.178","%a.s.","Humid","21.538","deg","42869","µV","27.997","°C","1017.000","hPa","36.4","pmil","0","55.390","deg","20.000","°C","100.000","%a.s.","21.720","deg","20.000","°C","977.000","hPa","0.861","-0.02617","0.00035","0","0","13.56","Humid","26.25","0","44.00","379307.82","SABD0000000001","AAV1.0.0.11","4.0.0.2323","PSt7-10","170328-019","7/29/2022 11:23:46 AM","0000-00","0","no battery","V","","µV","","µV"
"08/09/2022","10:02:11","6","default","383292078","Oxt_06","0.146","min","90.169","%a.s.","Humid","21.538","deg","42861","µV","28.007","°C","1017.000","hPa","36.4","pmil","0","55.390","deg","20.000","°C","100.000","%a.s.","21.720","deg","20.000","°C","977.000","hPa","0.861","-0.02617","0.00035","0","0","13.56","Humid","26.25","0","44.00","379304.53","SABD0000000001","AAV1.0.0.11","4.0.0.2323","PSt7-10","170328-019","7/29/2022 11:23:46 AM","0000-00","0","no battery","V","","µV","","µV"
"08/09/2022","10:02:12","6","default","383292078","Oxt_06","0.163","min","90.135","%a.s.","Humid","21.543","deg","42861","µV","28.001","°C","1017.000","hPa","36.4","pmil","0","55.390","deg","20.000","°C","100.000","%a.s.","21.720","deg","20.000","°C","977.000","hPa","0.861","-0.02617","0.00035","0","0","13.56","Humid","26.25","0","44.00","379310.59","SABD0000000001","AAV1.0.0.11","4.0.0.2323","PSt7-10","170328-019","7/29/2022 11:23:46 AM","0000-00","0","no battery","V","","µV","","µV"
"08/09/2022","10:02:13","6","default","383292078","Oxt_06","0.179","min","90.103","%a.s.","Humid","21.547","deg","42857","µV","28.000","°C","1017.000","hPa","36.4","pmil","0","55.390","deg","20.000","°C","100.000","%a.s.","21.720","deg","20.000","°C","977.000","hPa","0.861","-0.02617","0.00035","0","0","13.56","Humid","26.25","0","44.00","379301.56","SABD0000000001","AAV1.0.0.11","4.0.0.2323","PSt7-10","170328-019","7/29/2022 11:23:46 AM","0000-00","0","no battery","V","","µV","","µV"
"08/09/2022","10:02:14","6","default","383292078","Oxt_06","0.196","min","90.178","%a.s.","Humid","21.537","deg","42859","µV","28.006","°C","1017.000","hPa","36.4","pmil","0","55.390","deg","20.000","°C","100.000","%a.s.","21.720","deg","20.000","°C","977.000","hPa","0.861","-0.02617","0.00035","0","0","13.56","Humid","26.25","0","44.00","379301.72","SABD0000000001","AAV1.0.0.11","4.0.0.2323","PSt7-10","170328-019","7/29/2022 11:23:46 AM","0000-00","0","no battery","V","","µV","","µV"
"08/09/2022","10:02:15","6","default","383292078","Oxt_06","0.213","min","90.148","%a.s.","Humid","21.542","deg","42859","µV","27.995","°C","1017.000","hPa","36.4","pmil","0","55.390","deg","20.000","°C","100.000","%a.s.","21.720","deg","20.000","°C","977.000","hPa","0.861","-0.02617","0.00035","0","0","13.56","Humid","26.25","0","44.00","379316.77","SABD0000000001","AAV1.0.0.11","4.0.0.2323","PSt7-10","170328-019","7/29/2022 11:23:46 AM","0000-00","0","no battery","V","","µV","","µV"
"08/09/2022","10:02:16","6","default","383292078","Oxt_06","0.229","min","90.165","%a.s.","Humid","21.540","deg","42854","µV","27.993","°C","1017.000","hPa","36.4","pmil","0","55.390","deg","20.000","°C","100.000","%a.s.","21.720","deg","20.000","°C","977.000","hPa","0.861","-0.02617","0.00035","0","0","13.56","Humid","26.25","0","44.00","379299.95","SABD0000000001","AAV1.0.0.11","4.0.0.2323","PSt7-10","170328-019","7/29/2022 11:23:46 AM","0000-00","0","no battery","V","","µV","","µV"
"08/09/2022","10:02:17","6","default","383292078","Oxt_06","0.246","min","90.183","%a.s.","Humid","21.536","deg","42845","µV","28.009","°C","1017.000","hPa","36.4","pmil","0","55.390","deg","20.000","°C","100.000","%a.s.","21.720","deg","20.000","°C","977.000","hPa","0.861","-0.02617","0.00035","0","0","13.56","Humid","26.25","0","44.00","379294.49","SABD0000000001","AAV1.0.0.11","4.0.0.2323","PSt7-10","170328-019","7/29/2022 11:23:46 AM","0000-00","0","no battery","V","","µV","","µV"
"08/09/2022","10:02:18","6","default","383292078","Oxt_06","0.262","min","90.084","%a.s.","Humid","21.548","deg","42843","µV","28.014","°C","1017.000","hPa","36.4","pmil","0","55.390","deg","20.000","°C","100.000","%a.s.","21.720","deg","20.000","°C","977.000","hPa","0.861","-0.02617","0.00035","0","0","13.56","Humid","26.25","0","44.00","379290.56","SABD0000000001","AAV1.0.0.11","4.0.0.2323","PSt7-10","170328-019","7/29/2022 11:23:46 AM","0000-00","0","no battery","V","","µV","","µV"
"08/09/2022","10:02:19","6","default","383292078","Oxt_06","0.279","min","90.152","%a.s.","Humid","21.541","deg","42844","µV","27.999","°C","1017.000","hPa","36.4","pmil","0","55.390","deg","20.000","°C","100.000","%a.s.","21.720","deg","20.000","°C","977.000","hPa","0.861","-0.02617","0.00035","0","0","13.56","Humid","26.25","0","44.00","379295.85","SABD0000000001","AAV1.0.0.11","4.0.0.2323","PSt7-10","170328-019","7/29/2022 11:23:46 AM","0000-00","0","no battery","V","","µV","","µV"
"08/09/2022","10:02:20","6","default","383292078","Oxt_06","0.296","min","90.161","%a.s.","Humid","21.539","deg","42840","µV","28.007","°C","1017.000","hPa","36.4","pmil","0","55.390","deg","20.000","°C","100.000","%a.s.","21.720","deg","20.000","°C","977.000","hPa","0.861","-0.02617","0.00035","0","0","13.56","Humid","26.25","0","44.00","379298.90","SABD0000000001","AAV1.0.0.11","4.0.0.2323","PSt7-10","170328-019","7/29/2022 11:23:46 AM","0000-00","0","no battery","V","","µV","","µV"
"08/09/2022","10:02:21","6","default","383292078","Oxt_06","0.312","min","90.185","%a.s.","Humid","21.536","deg","42837","µV","28.006","°C","1017.000","hPa","36.4","pmil","0","55.390","deg","20.000","°C","100.000","%a.s.","21.720","deg","20.000","°C","977.000","hPa","0.861","-0.02617","0.00035","0","0","13.56","Humid","26.25","0","44.00","379287.80","SABD0000000001","AAV1.0.0.11","4.0.0.2323","PSt7-10","170328-019","7/29/2022 11:23:46 AM","0000-00","0","no battery","V","","µV","","µV"
"08/09/2022","10:02:22","6","default","383292078","Oxt_06","0.329","min","90.113","%a.s.","Humid","21.545","deg","42831","µV","28.008","°C","1017.000","hPa","36.4","pmil","0","55.390","deg","20.000","°C","100.000","%a.s.","21.720","deg","20.000","°C","977.000","hPa","0.861","-0.02617","0.00035","0","0","13.56","Humid","26.25","0","44.00","379280.12","SABD0000000001","AAV1.0.0.11","4.0.0.2323","PSt7-10","170328-019","7/29/2022 11:23:46 AM","0000-00","0","no battery","V","","µV","","µV"
"08/09/2022","10:02:23","6","default","383292078","Oxt_06","0.345","min","90.163","%a.s.","Humid","21.539","deg","42833","µV","28.004","°C","1017.000","hPa","36.4","pmil","0","55.390","deg","20.000","°C","100.000","%a.s.","21.720","deg","20.000","°C","977.000","hPa","0.861","-0.02617","0.00035","0","0","13.56","Humid","26.25","0","44.00","379270.02","SABD0000000001","AAV1.0.0.11","4.0.0.2323","PSt7-10","170328-019","7/29/2022 11:23:46 AM","0000-00","0","no battery","V","","µV","","µV"
"08/09/2022","10:02:24","6","default","383292078","Oxt_06","0.362","min","90.145","%a.s.","Humid","21.542","deg","42828","µV","27.998","°C","1017.000","hPa","36.4","pmil","0","55.390","deg","20.000","°C","100.000","%a.s.","21.720","deg","20.000","°C","977.000","hPa","0.861","-0.02617","0.00035","0","0","13.56","Humid","26.25","0","44.00","379258.57","SABD0000000001","AAV1.0.0.11","4.0.0.2323","PSt7-10","170328-019","7/29/2022 11:23:46 AM","0000-00","0","no battery","V","","µV","","µV"
"08/09/2022","10:02:25","6","default","383292078","Oxt_06","0.379","min","90.165","%a.s.","Humid","21.540","deg","42832","µV","27.993","°C","1017.000","hPa","36.4","pmil","0","55.390","deg","20.000","°C","100.000","%a.s.","21.720","deg","20.000","°C","977.000","hPa","0.861","-0.02617","0.00035","0","0","13.56","Humid","26.25","0","44.00","379267.35","SABD0000000001","AAV1.0.0.11","4.0.0.2323","PSt7-10","170328-019","7/29/2022 11:23:46 AM","0000-00","0","no battery","V","","µV","","µV"
"08/09/2022","10:02:26","6","default","383292078","Oxt_06","0.395","min","90.171","%a.s.","Humid","21.539","deg","42826","µV","27.996","°C","1017.000","hPa","36.4","pmil","0","55.390","deg","20.000","°C","100.000","%a.s.","21.720","deg","20.000","°C","977.000","hPa","0.861","-0.02617","0.00035","0","0","13.56","Humid","26.25","0","44.00","379267.58","SABD0000000001","AAV1.0.0.11","4.0.0.2323","PSt7-10","170328-019","7/29/2022 11:23:46 AM","0000-00","0","no battery","V","","µV","","µV"
"08/09/2022","10:02:27","6","default","383292078","Oxt_06","0.412","min","90.197","%a.s.","Humid","21.534","deg","42827","µV","28.011","°C","1017.000","hPa","36.4","pmil","0","55.390","deg","20.000","°C","100.000","%a.s.","21.720","deg","20.000","°C","977.000","hPa","0.861","-0.02617","0.00035","0","0","13.56","Humid","26.25","0","44.00","379268.68","SABD0000000001","AAV1.0.0.11","4.0.0.2323","PSt7-10","170328-019","7/29/2022 11:23:46 AM","0000-00","0","no battery","V","","µV","","µV"
"08/09/2022","10:02:28","6","default","383292078","Oxt_06","0.429","min","90.122","%a.s.","Humid","21.544","deg","42823","µV","28.007","°C","1017.000","hPa","36.4","pmil","0","55.390","deg","20.000","°C","100.000","%a.s.","21.720","deg","20.000","°C","977.000","hPa","0.861","-0.02617","0.00035","0","0","13.56","Humid","26.25","0","44.00","379254.48","SABD0000000001","AAV1.0.0.11","4.0.0.2323","PSt7-10","170328-019","7/29/2022 11:23:46 AM","0000-00","0","no battery","V","","µV","","µV"
"08/09/2022","10:02:29","6","default","383292078","Oxt_06","0.445","min","90.131","%a.s.","Humid","21.544","deg","42811","µV","27.996","°C","1017.000","hPa","36.4","pmil","0","55.390","deg","20.000","°C","100.000","%a.s.","21.720","deg","20.000","°C","977.000","hPa","0.861","-0.02617","0.00035","0","0","13.56","Humid","26.25","0","44.00","379247.03","SABD0000000001","AAV1.0.0.11","4.0.0.2323","PSt7-10","170328-019","7/29/2022 11:23:46 AM","0000-00","0","no battery","V","","µV","","µV"
"08/09/2022","10:02:30","6","default","383292078","Oxt_06","0.462","min","90.098","%a.s.","Humid","21.546","deg","42815","µV","28.016","°C","1017.000","hPa","36.4","pmil","0","55.390","deg","20.000","°C","100.000","%a.s.","21.720","deg","20.000","°C","977.000","hPa","0.861","-0.02617","0.00035","0","0","13.56","Humid","26.25","0","44.00","379258.99","SABD0000000001","AAV1.0.0.11","4.0.0.2323","PSt7-10","170328-019","7/29/2022 11:23:46 AM","0000-00","0","no battery","V","","µV","","µV"
"08/09/2022","10:02:31","6","default","383292078","Oxt_06","0.479","min","90.186","%a.s.","Humid","21.536","deg","42810","µV","28.005","°C","1017.000","hPa","36.4","pmil","0","55.390","deg","20.000","°C","100.000","%a.s.","21.720","deg","20.000","°C","977.000","hPa","0.861","-0.02617","0.00035","0","0","13.56","Humid","26.25","0","44.00","379246.52","SABD0000000001","AAV1.0.0.11","4.0.0.2323","PSt7-10","170328-019","7/29/2022 11:23:46 AM","0000-00","0","no battery","V","","µV","","µV"
"08/09/2022","10:02:32","6","default","383292078","Oxt_06","0.495","min","90.172","%a.s.","Humid","21.538","deg","42812","µV","28.004","°C","1017.000","hPa","36.4","pmil","0","55.390","deg","20.000","°C","100.000","%a.s.","21.720","deg","20.000","°C","977.000","hPa","0.861","-0.02617","0.00035","0","0","13.56","Humid","26.25","0","44.00","379246.13","SABD0000000001","AAV1.0.0.11","4.0.0.2323","PSt7-10","170328-019","7/29/2022 11:23:46 AM","0000-00","0","no battery","V","","µV","","µV"
"08/09/2022","10:02:33","6","default","383292078","Oxt_06","0.512","min","90.165","%a.s.","Humid","21.542","deg","42799","µV","27.976","°C","1017.000","hPa","36.4","pmil","0","55.390","deg","20.000","°C","100.000","%a.s.","21.720","deg","20.000","°C","977.000","hPa","0.861","-0.02617","0.00035","0","0","13.56","Humid","26.25","0","44.00","379247.04","SABD0000000001","AAV1.0.0.11","4.0.0.2323","PSt7-10","170328-019","7/29/2022 11:23:46 AM","0000-00","0","no battery","V","","µV","","µV"
"08/09/2022","10:02:34","6","default","383292078","Oxt_06","0.529","min","90.150","%a.s.","Humid","21.541","deg","42800","µV","28.001","°C","1017.000","hPa","36.4","pmil","0","55.390","deg","20.000","°C","100.000","%a.s.","21.720","deg","20.000","°C","977.000","hPa","0.861","-0.02617","0.00035","0","0","13.56","Humid","26.25","0","44.00","379249.68","SABD0000000001","AAV1.0.0.11","4.0.0.2323","PSt7-10","170328-019","7/29/2022 11:23:46 AM","0000-00","0","no battery","V","","µV","","µV"
"08/09/2022","10:02:35","6","default","383292078","Oxt_06","0.545","min","90.214","%a.s.","Humid","21.533","deg","42791","µV","28.001","°C","1017.000","hPa","36.4","pmil","0","55.390","deg","20.000","°C","100.000","%a.s.","21.720","deg","20.000","°C","977.000","hPa","0.861","-0.02617","0.00035","0","0","13.56","Humid","26.25","0","44.00","379247.06","SABD0000000001","AAV1.0.0.11","4.0.0.2323","PSt7-10","170328-019","7/29/2022 11:23:46 AM","0000-00","0","no battery","V","","µV","","µV"
"08/09/2022","10:02:36","6","default","383292078","Oxt_06","0.562","min","90.122","%a.s.","Humid","21.545","deg","42795","µV","27.997","°C","1017.000","hPa","36.4","pmil","0","55.390","deg","20.000","°C","100.000","%a.s.","21.720","deg","20.000","°C","977.000","hPa","0.861","-0.02617","0.00035","0","0","13.56","Humid","26.25","0","44.00","379240.75","SABD0000000001","AAV1.0.0.11","4.0.0.2323","PSt7-10","170328-019","7/29/2022 11:23:46 AM","0000-00","0","no battery","V","","µV","","µV"
"08/09/2022","10:02:37","6","default","383292078","Oxt_06","0.579","min","90.158","%a.s.","Humid","21.540","deg","42793","µV","28.001","°C","1017.000","hPa","36.4","pmil","0","55.390","deg","20.000","°C","100.000","%a.s.","21.720","deg","20.000","°C","977.000","hPa","0.861","-0.02617","0.00035","0","0","13.56","Humid","26.25","0","44.00","379230.74","SABD0000000001","AAV1.0.0.11","4.0.0.2323","PSt7-10","170328-019","7/29/2022 11:23:46 AM","0000-00","0","no battery","V","","µV","","µV"
"08/09/2022","10:02:38","6","default","383292078","Oxt_06","0.595","min","90.105","%a.s.","Humid","21.546","deg","42791","µV","28.008","°C","1017.000","hPa","36.4","pmil","0","55.390","deg","20.000","°C","100.000","%a.s.","21.720","deg","20.000","°C","977.000","hPa","0.861","-0.02617","0.00035","0","0","13.56","Humid","26.25","0","44.00","379231.68","SABD0000000001","AAV1.0.0.11","4.0.0.2323","PSt7-10","170328-019","7/29/2022 11:23:46 AM","0000-00","0","no battery","V","","µV","","µV"
"08/09/2022","10:02:39","6","default","383292078","Oxt_06","0.612","min","90.184","%a.s.","Humid","21.537","deg","42791","µV","27.998","°C","1017.000","hPa","36.4","pmil","0","55.390","deg","20.000","°C","100.000","%a.s.","21.720","deg","20.000","°C","977.000","hPa","0.861","-0.02617","0.00035","0","0","13.56","Humid","26.25","0","44.00","379232.23","SABD0000000001","AAV1.0.0.11","4.0.0.2323","PSt7-10","170328-019","7/29/2022 11:23:46 AM","0000-00","0","no battery","V","","µV","","µV"
"08/09/2022","10:02:40","6","default","383292078","Oxt_06","0.629","min","90.193","%a.s.","Humid","21.536","deg","42797","µV","27.997","°C","1017.000","hPa","36.4","pmil","0","55.390","deg","20.000","°C","100.000","%a.s.","21.720","deg","20.000","°C","977.000","hPa","0.861","-0.02617","0.00035","0","0","13.56","Humid","26.25","0","44.00","379227.84","SABD0000000001","AAV1.0.0.11","4.0.0.2323","PSt7-10","170328-019","7/29/2022 11:23:46 AM","0000-00","0","no battery","V","","µV","","µV"
"08/09/2022","10:02:41","6","default","383292078","Oxt_06","0.645","min","90.180","%a.s.","Humid","21.537","deg","42789","µV","28.004","°C","1017.000","hPa","36.4","pmil","0","55.390","deg","20.000","°C","100.000","%a.s.","21.720","deg","20.000","°C","977.000","hPa","0.861","-0.02617","0.00035","0","0","13.56","Humid","26.25","0","44.00","379232.22","SABD0000000001","AAV1.0.0.11","4.0.0.2323","PSt7-10","170328-019","7/29/2022 11:23:46 AM","0000-00","0","no battery","V","","µV","","µV"
"08/09/2022","10:02:42","6","default","383292078","Oxt_06","0.662","min","90.164","%a.s.","Humid","21.539","deg","42788","µV","28.004","°C","1017.000","hPa","36.4","pmil","0","55.390","deg","20.000","°C","100.000","%a.s.","21.720","deg","20.000","°C","977.000","hPa","0.861","-0.02617","0.00035","0","0","13.56","Humid","26.25","0","44.00","379227.46","SABD0000000001","AAV1.0.0.11","4.0.0.2323","PSt7-10","170328-019","7/29/2022 11:23:46 AM","0000-00","0","no battery","V","","µV","","µV"
"08/09/2022","10:02:43","6","default","383292078","Oxt_06","0.679","min","90.236","%a.s.","Humid","21.533","deg","42786","µV","27.975","°C","1017.000","hPa","36.4","pmil","0","55.390","deg","20.000","°C","100.000","%a.s.","21.720","deg","20.000","°C","977.000","hPa","0.861","-0.02617","0.00035","0","0","13.56","Humid","26.25","0","44.00","379228.17","SABD0000000001","AAV1.0.0.11","4.0.0.2323","PSt7-10","170328-019","7/29/2022 11:23:46 AM","0000-00","0","no battery","V","","µV","","µV"
"08/09/2022","10:02:44","6","default","383292078","Oxt_06","0.695","min","90.131","%a.s.","Humid","21.544","deg","42785","µV","27.996","°C","1017.000","hPa","36.4","pmil","0","55.390","deg","20.000","°C","100.000","%a.s.","21.720","deg","20.000","°C","977.000","hPa","0.861","-0.02617","0.00035","0","0","13.56","Humid","26.25","0","44.00","379208.94","SABD0000000001","AAV1.0.0.11","4.0.0.2323","PSt7-10","170328-019","7/29/2022 11:23:46 AM","0000-00","0","no battery","V","","µV","","µV"
"08/09/2022","10:02:45","6","default","383292078","Oxt_06","0.712","min","90.200","%a.s.","Humid","21.534","deg","42785","µV","28.008","°C","1017.000","hPa","36.4","pmil","0","55.390","deg","20.000","°C","100.000","%a.s.","21.720","deg","20.000","°C","977.000","hPa","0.861","-0.02617","0.00035","0","0","13.56","Humid","26.25","0","44.00","379213.70","SABD0000000001","AAV1.0.0.11","4.0.0.2323","PSt7-10","170328-019","7/29/2022 11:23:46 AM","0000-00","0","no battery","V","","µV","","µV"
"08/09/2022","10:02:46","6","default","383292078","Oxt_06","0.729","min","90.266","%a.s.","Humid","21.525","deg","42779","µV","28.014","°C","1017.000","hPa","36.4","pmil","0","55.390","deg","20.000","°C","100.000","%a.s.","21.720","deg","20.000","°C","977.000","hPa","0.861","-0.02617","0.00035","0","0","13.56","Humid","26.25","0","44.00","379203.55","SABD0000000001","AAV1.0.0.11","4.0.0.2323","PSt7-10","170328-019","7/29/2022 11:23:46 AM","0000-00","0","no battery","V","","µV","","µV"
"08/09/2022","10:02:47","6","default","383292078","Oxt_06","0.745","min","90.250","%a.s.","Humid","21.527","deg","42776","µV","28.014","°C","1017.000","hPa","36.4","pmil","0","55.390","deg","20.000","°C","100.000","%a.s.","21.720","deg","20.000","°C","977.000","hPa","0.861","-0.02617","0.00035","0","0","13.56","Humid","26.25","0","44.00","379203.37","SABD0000000001","AAV1.0.0.11","4.0.0.2323","PSt7-10","170328-019","7/29/2022 11:23:46 AM","0000-00","0","no battery","V","","µV","","µV"
"08/09/2022","10:02:48","6","default","383292078","Oxt_06","0.762","min","90.189","%a.s.","Humid","21.535","deg","42775","µV","28.011","°C","1017.000","hPa","36.4","pmil","0","55.390","deg","20.000","°C","100.000","%a.s.","21.720","deg","20.000","°C","977.000","hPa","0.861","-0.02617","0.00035","0","0","13.56","Humid","26.25","0","44.00","379190.40","SABD0000000001","AAV1.0.0.11","4.0.0.2323","PSt7-10","170328-019","7/29/2022 11:23:46 AM","0000-00","0","no battery","V","","µV","","µV"
"08/09/2022","10:02:49","6","default","383292078","Oxt_06","0.779","min","90.175","%a.s.","Humid","21.539","deg","42775","µV","27.991","°C","1017.000","hPa","36.4","pmil","0","55.390","deg","20.000","°C","100.000","%a.s.","21.720","deg","20.000","°C","977.000","hPa","0.861","-0.02617","0.00035","0","0","13.56","Humid","26.25","0","44.00","379192.44","SABD0000000001","AAV1.0.0.11","4.0.0.2323","PSt7-10","170328-019","7/29/2022 11:23:46 AM","0000-00","0","no battery","V","","µV","","µV"
"08/09/2022","10:02:50","6","default","383292078","Oxt_06","0.795","min","90.257","%a.s.","Humid","21.527","deg","42767","µV","28.006","°C","1017.000","hPa","36.4","pmil","0","55.390","deg","20.000","°C","100.000","%a.s.","21.720","deg","20.000","°C","977.000","hPa","0.861","-0.02617","0.00035","0","0","13.56","Humid","26.25","0","44.00","379187.53","SABD0000000001","AAV1.0.0.11","4.0.0.2323","PSt7-10","170328-019","7/29/2022 11:23:46 AM","0000-00","0","no battery","V","","µV","","µV"
"08/09/2022","10:02:51","6","default","383292078","Oxt_06","0.812","min","90.205","%a.s.","Humid","21.534","deg","42773","µV","28.001","°C","1017.000","hPa","36.4","pmil","0","55.390","deg","20.000","°C","100.000","%a.s.","21.720","deg","20.000","°C","977.000","hPa","0.861","-0.02617","0.00035","0","0","13.56","Humid","26.25","0","44.00","379183.01","SABD0000000001","AAV1.0.0.11","4.0.0.2323","PSt7-10","170328-019","7/29/2022 11:23:46 AM","0000-00","0","no battery","V","","µV","","µV"
"08/09/2022","10:02:52","6","default","383292078","Oxt_06","0.829","min","90.260","%a.s.","Humid","21.528","deg","42765","µV","27.993","°C","1017.000","hPa","36.4","pmil","0","55.390","deg","20.000","°C","100.000","%a.s.","21.720","deg","20.000","°C","977.000","hPa","0.861","-0.02617","0.00035","0","0","13.56","Humid","26.25","0","44.00","379182.60","SABD0000000001","AAV1.0.0.11","4.0.0.2323","PSt7-10","170328-019","7/29/2022 11:23:46 AM","0000-00","0","no battery","V","","µV","","µV"
"08/09/2022","10:02:53","6","default","383292078","Oxt_06","0.845","min","90.285","%a.s.","Humid","21.525","deg","42762","µV","27.991","°C","1017.000","hPa","36.4","pmil","0","55.390","deg","20.000","°C","100.000","%a.s.","21.720","deg","20.000","°C","977.000","hPa","0.861","-0.02617","0.00035","0","0","13.56","Humid","26.25","0","44.00","379180.32","SABD0000000001","AAV1.0.0.11","4.0.0.2323","PSt7-10","170328-019","7/29/2022 11:23:46 AM","0000-00","0","no battery","V","","µV","","µV"
"08/09/2022","10:02:54","6","default","383292078","Oxt_06","0.862","min","90.212","%a.s.","Humid","21.533","deg","42763","µV","28.002","°C","1017.000","hPa","36.4","pmil","0","55.390","deg","20.000","°C","100.000","%a.s.","21.720","deg","20.000","°C","977.000","hPa","0.861","-0.02617","0.00035","0","0","13.56","Humid","26.25","0","44.00","379193.28","SABD0000000001","AAV1.0.0.11","4.0.0.2323","PSt7-10","170328-019","7/29/2022 11:23:46 AM","0000-00","0","no battery","V","","µV","","µV"
"08/09/2022","10:02:55","6","default","383292078","Oxt_06","0.879","min","90.242","%a.s.","Humid","21.527","deg","42759","µV","28.023","°C","1017.000","hPa","36.4","pmil","0","55.390","deg","20.000","°C","100.000","%a.s.","21.720","deg","20.000","°C","977.000","hPa","0.861","-0.02617","0.00035","0","0","13.56","Humid","26.25","0","44.00","379187.20","SABD0000000001","AAV1.0.0.11","4.0.0.2323","PSt7-10","170328-019","7/29/2022 11:23:46 AM","0000-00","0","no battery","V","","µV","","µV"
"08/09/2022","10:02:56","6","default","383292078","Oxt_06","0.895","min","90.217","%a.s.","Humid","21.532","deg","42763","µV","28.006","°C","1017.000","hPa","36.4","pmil","0","55.390","deg","20.000","°C","100.000","%a.s.","21.720","deg","20.000","°C","977.000","hPa","0.861","-0.02617","0.00035","0","0","13.56","Humid","26.25","0","44.00","379178.66","SABD0000000001","AAV1.0.0.11","4.0.0.2323","PSt7-10","170328-019","7/29/2022 11:23:46 AM","0000-00","0","no battery","V","","µV","","µV"
"08/09/2022","10:02:57","6","default","383292078","Oxt_06","0.912","min","90.219","%a.s.","Humid","21.533","deg","42761","µV","27.995","°C","1017.000","hPa","36.4","pmil","0","55.390","deg","20.000","°C","100.000","%a.s.","21.720","deg","20.000","°C","977.000","hPa","0.861","-0.02617","0.00035","0","0","13.56","Humid","26.25","0","44.00","379182.51","SABD0000000001","AAV1.0.0.11","4.0.0.2323","PSt7-10","170328-019","7/29/2022 11:23:46 AM","0000-00","0","no battery","V","","µV","","µV"
"08/09/2022","10:02:58","6","default","383292078","Oxt_06","0.929","min","90.184","%a.s.","Humid","21.537","deg","42759","µV","27.999","°C","1017.000","hPa","36.4","pmil","0","55.390","deg","20.000","°C","100.000","%a.s.","21.720","deg","20.000","°C","977.000","hPa","0.861","-0.02617","0.00035","0","0","13.56","Humid","26.25","0","44.00","379176.90","SABD0000000001","AAV1.0.0.11","4.0.0.2323","PSt7-10","170328-019","7/29/2022 11:23:46 AM","0000-00","0","no battery","V","","µV","","µV"
"08/09/2022","10:02:59","6","default","383292078","Oxt_06","0.945","min","90.190","%a.s.","Humid","21.535","deg","42758","µV","28.010","°C","1017.000","hPa","36.4","pmil","0","55.390","deg","20.000","°C","100.000","%a.s.","21.720","deg","20.000","°C","977.000","hPa","0.861","-0.02617","0.00035","0","0","13.56","Humid","26.25","0","44.00","379161.10","SABD0000000001","AAV1.0.0.11","4.0.0.2323","PSt7-10","170328-019","7/29/2022 11:23:46 AM","0000-00","0","no battery","V","","µV","","µV"
"08/09/2022","10:03:00","6","default","383292078","Oxt_06","0.962","min","90.270","%a.s.","Humid","21.526","deg","42753","µV","28.000","°C","1017.000","hPa","36.4","pmil","0","55.390","deg","20.000","°C","100.000","%a.s.","21.720","deg","20.000","°C","977.000","hPa","0.861","-0.02617","0.00035","0","0","13.56","Humid","26.25","0","44.00","379153.41","SABD0000000001","AAV1.0.0.11","4.0.0.2323","PSt7-10","170328-019","7/29/2022 11:23:46 AM","0000-00","0","no battery","V","","µV","","µV"
"08/09/2022","10:03:01","6","default","383292078","Oxt_06","0.979","min","90.203","%a.s.","Humid","21.534","deg","42751","µV","28.004","°C","1017.000","hPa","36.4","pmil","0","55.390","deg","20.000","°C","100.000","%a.s.","21.720","deg","20.000","°C","977.000","hPa","0.861","-0.02617","0.00035","0","0","13.56","Humid","26.25","0","44.00","379163.14","SABD0000000001","AAV1.0.0.11","4.0.0.2323","PSt7-10","170328-019","7/29/2022 11:23:46 AM","0000-00","0","no battery","V","","µV","","µV"
"08/09/2022","10:03:02","6","default","383292078","Oxt_06","0.995","min","90.237","%a.s.","Humid","21.530","deg","42745","µV","28.001","°C","1017.000","hPa","36.4","pmil","0","55.390","deg","20.000","°C","100.000","%a.s.","21.720","deg","20.000","°C","977.000","hPa","0.861","-0.02617","0.00035","0","0","13.56","Humid","26.25","0","44.00","379160.59","SABD0000000001","AAV1.0.0.11","4.0.0.2323","PSt7-10","170328-019","7/29/2022 11:23:46 AM","0000-00","0","no battery","V","","µV","","µV"
"08/09/2022","10:03:03","6","default","383292078","Oxt_06","1.012","min","90.251","%a.s.","Humid","21.527","deg","42740","µV","28.013","°C","1017.000","hPa","36.4","pmil","0","55.390","deg","20.000","°C","100.000","%a.s.","21.720","deg","20.000","°C","977.000","hPa","0.861","-0.02617","0.00035","0","0","13.56","Humid","26.25","0","44.00","379159.39","SABD0000000001","AAV1.0.0.11","4.0.0.2323","PSt7-10","170328-019","7/29/2022 11:23:46 AM","0000-00","0","no battery","V","","µV","","µV"
"08/09/2022","10:03:04","6","default","383292078","Oxt_06","1.029","min","90.238","%a.s.","Humid","21.529","deg","42741","µV","28.010","°C","1017.000","hPa","36.4","pmil","0","55.390","deg","20.000","°C","100.000","%a.s.","21.720","deg","20.000","°C","977.000","hPa","0.861","-0.02617","0.00035","0","0","13.56","Humid","26.25","0","44.00","379146.49","SABD0000000001","AAV1.0.0.11","4.0.0.2323","PSt7-10","170328-019","7/29/2022 11:23:46 AM","0000-00","0","no battery","V","","µV","","µV"
"08/09/2022","10:03:05","6","default","383292078","Oxt_06","1.045","min","90.286","%a.s.","Humid","21.522","deg","42738","µV","28.018","°C","1017.000","hPa","36.4","pmil","0","55.390","deg","20.000","°C","100.000","%a.s.","21.720","deg","20.000","°C","977.000","hPa","0.861","-0.02617","0.00035","0","0","13.56","Humid","26.25","0","44.00","379156.63","SABD0000000001","AAV1.0.0.11","4.0.0.2323","PSt7-10","170328-019","7/29/2022 11:23:46 AM","0000-00","0","no battery","V","","µV","","µV"
"08/09/2022","10:03:06","6","default","383292078","Oxt_06","1.062","min","90.259","%a.s.","Humid","21.527","deg","42736","µV","28.003","°C","1017.000","hPa","36.4","pmil","0","55.390","deg","20.000","°C","100.000","%a.s.","21.720","deg","20.000","°C","977.000","hPa","0.861","-0.02617","0.00035","0","0","13.56","Humid","26.25","0","44.00","379152.31","SABD0000000001","AAV1.0.0.11","4.0.0.2323","PSt7-10","170328-019","7/29/2022 11:23:46 AM","0000-00","0","no battery","V","","µV","","µV"
"08/09/2022","10:03:07","6","default","383292078","Oxt_06","1.079","min","90.301","%a.s.","Humid","21.522","deg","42734","µV","28.001","°C","1017.000","hPa","36.4","pmil","0","55.390","deg","20.000","°C","100.000","%a.s.","21.720","deg","20.000","°C","977.000","hPa","0.861","-0.02617","0.00035","0","0","13.56","Humid","26.25","0","44.00","379158.51","SABD0000000001","AAV1.0.0.11","4.0.0.2323","PSt7-10","170328-019","7/29/2022 11:23:46 AM","0000-00","0","no battery","V","","µV","","µV"
"08/09/2022","10:03:08","6","default","383292078","Oxt_06","1.095","min","90.225","%a.s.","Humid","21.532","deg","42729","µV","27.997","°C","1017.000","hPa","36.4","pmil","0","55.390","deg","20.000","°C","100.000","%a.s.","21.720","deg","20.000","°C","977.000","hPa","0.861","-0.02617","0.00035","0","0","13.56","Humid","26.25","0","44.00","379139.33","SABD0000000001","AAV1.0.0.11","4.0.0.2323","PSt7-10","170328-019","7/29/2022 11:23:46 AM","0000-00","0","no battery","V","","µV","","µV"
"08/09/2022","10:03:09","6","default","383292078","Oxt_06","1.112","min","90.273","%a.s.","Humid","21.525","deg","42732","µV","28.006","°C","1017.000","hPa","36.4","pmil","0","55.390","deg","20.000","°C","100.000","%a.s.","21.720","deg","20.000","°C","977.000","hPa","0.861","-0.02617","0.00035","0","0","13.56","Humid","26.25","0","44.00","379133.81","SABD0000000001","AAV1.0.0.11","4.0.0.2323","PSt7-10","170328-019","7/29/2022 11:23:46 AM","0000-00","0","no battery","V","","µV","","µV"
"08/09/2022","10:03:10","6","default","383292078","Oxt_06","1.129","min","90.245","%a.s.","Humid","21.529","deg","42732","µV","28.001","°C","1017.000","hPa","36.4","pmil","0","55.390","deg","20.000","°C","100.000","%a.s.","21.720","deg","20.000","°C","977.000","hPa","0.861","-0.02617","0.00035","0","0","13.56","Humid","26.25","0","44.00","379139.44","SABD0000000001","AAV1.0.0.11","4.0.0.2323","PSt7-10","170328-019","7/29/2022 11:23:46 AM","0000-00","0","no battery","V","","µV","","µV"
"08/09/2022","10:03:11","6","default","383292078","Oxt_06","1.146","min","90.314","%a.s.","Humid","21.521","deg","42732","µV","27.995","°C","1017.000","hPa","36.4","pmil","0","55.390","deg","20.000","°C","100.000","%a.s.","21.720","deg","20.000","°C","977.000","hPa","0.861","-0.02617","0.00035","0","0","13.56","Humid","26.25","0","44.00","379133.77","SABD0000000001","AAV1.0.0.11","4.0.0.2323","PSt7-10","170328-019","7/29/2022 11:23:46 AM","0000-00","0","no battery","V","","µV","","µV"
"08/09/2022","10:03:12","6","default","383292078","Oxt_06","1.162","min","90.283","%a.s.","Humid","21.525","deg","42727","µV","27.994","°C","1017.000","hPa","36.4","pmil","0","55.390","deg","20.000","°C","100.000","%a.s.","21.720","deg","20.000","°C","977.000","hPa","0.861","-0.02617","0.00035","0","0","13.56","Humid","26.25","0","44.00","379121.09","SABD0000000001","AAV1.0.0.11","4.0.0.2323","PSt7-10","170328-019","7/29/2022 11:23:46 AM","0000-00","0","no battery","V","","µV","","µV"
"08/09/2022","10:03:13","6","default","383292078","Oxt_06","1.179","min","90.297","%a.s.","Humid","21.523","deg","42718","µV","27.996","°C","1017.000","hPa","36.4","pmil","0","55.390","deg","20.000","°C","100.000","%a.s.","21.720","deg","20.000","°C","977.000","hPa","0.861","-0.02617","0.00035","0","0","13.56","Humid","26.25","0","44.00","379119.22","SABD0000000001","AAV1.0.0.11","4.0.0.2323","PSt7-10","170328-019","7/29/2022 11:23:46 AM","0000-00","0","no battery","V","","µV","","µV"
"08/09/2022","10:03:14","6","default","383292078","Oxt_06","1.196","min","90.289","%a.s.","Humid","21.522","deg","42718","µV","28.015","°C","1017.000","hPa","36.4","pmil","0","55.390","deg","20.000","°C","100.000","%a.s.","21.720","deg","20.000","°C","977.000","hPa","0.861","-0.02617","0.00035","0","0","13.56","Humid","26.25","0","44.00","379134.42","SABD0000000001","AAV1.0.0.11","4.0.0.2323","PSt7-10","170328-019","7/29/2022 11:23:46 AM","0000-00","0","no battery","V","","µV","","µV"
"08/09/2022","10:03:15","6","default","383292078","Oxt_06","1.212","min","90.303","%a.s.","Humid","21.520","deg","42716","µV","28.017","°C","1017.000","hPa","36.4","pmil","0","55.390","deg","20.000","°C","100.000","%a.s.","21.720","deg","20.000","°C","977.000","hPa","0.861","-0.02617","0.00035","0","0","13.56","Humid","26.25","0","44.00","379116.63","SABD0000000001","AAV1.0.0.11","4.0.0.2323","PSt7-10","170328-019","7/29/2022 11:23:46 AM","0000-00","0","no battery","V","","µV","","µV"
"08/09/2022","10:03:16","6","default","383292078","Oxt_06","1.229","min","90.257","%a.s.","Humid","21.526","deg","42714","µV","28.015","°C","1017.000","hPa","36.4","pmil","0","55.390","deg","20.000","°C","100.000","%a.s.","21.720","deg","20.000","°C","977.000","hPa","0.861","-0.02617","0.00035","0","0","13.56","Humid","26.25","0","44.00","379114.80","SABD0000000001","AAV1.0.0.11","4.0.0.2323","PSt7-10","170328-019","7/29/2022 11:23:46 AM","0000-00","0","no battery","V","","µV","","µV"
"08/09/2022","10:03:17","6","default","383292078","Oxt_06","1.245","min","90.281","%a.s.","Humid","21.523","deg","42706","µV","28.014","°C","1017.000","hPa","36.4","pmil","0","55.390","deg","20.000","°C","100.000","%a.s.","21.720","deg","20.000","°C","977.000","hPa","0.861","-0.02617","0.00035","0","0","13.56","Humid","26.25","0","44.00","379111.58","SABD0000000001","AAV1.0.0.11","4.0.0.2323","PSt7-10","170328-019","7/29/2022 11:23:46 AM","0000-00","0","no battery","V","","µV","","µV"
"08/09/2022","10:03:18","6","default","383292078","Oxt_06","1.262","min","90.328","%a.s.","Humid","21.518","deg","42707","µV","28.006","°C","1017.000","hPa","36.4","pmil","0","55.390","deg","20.000","°C","100.000","%a.s.","21.720","deg","20.000","°C","977.000","hPa","0.861","-0.02617","0.00035","0","0","13.56","Humid","26.25","0","44.00","379104.44","SABD0000000001","AAV1.0.0.11","4.0.0.2323","PSt7-10","170328-019","7/29/2022 11:23:46 AM","0000-00","0","no battery","V","","µV","","µV"
"08/09/2022","10:03:19","6","default","383292078","Oxt_06","1.279","min","90.265","%a.s.","Humid","21.526","deg","42698","µV","28.006","°C","1017.000","hPa","36.4","pmil","0","55.390","deg","20.000","°C","100.000","%a.s.","21.720","deg","20.000","°C","977.000","hPa","0.861","-0.02617","0.00035","0","0","13.56","Humid","26.25","0","44.00","379107.62","SABD0000000001","AAV1.0.0.11","4.0.0.2323","PSt7-10","170328-019","7/29/2022 11:23:46 AM","0000-00","0","no battery","V","","µV","","µV"
"08/09/2022","10:03:20","6","default","383292078","Oxt_06","1.296","min","90.304","%a.s.","Humid","21.521","deg","42699","µV","28.006","°C","1017.000","hPa","36.4","pmil","0","55.390","deg","20.000","°C","100.000","%a.s.","21.720","deg","20.000","°C","977.000","hPa","0.861","-0.02617","0.00035","0","0","13.56","Humid","26.25","0","44.00","379107.08","SABD0000000001","AAV1.0.0.11","4.0.0.2323","PSt7-10","170328-019","7/29/2022 11:23:46 AM","0000-00","0","no battery","V","","µV","","µV"
"08/09/2022","10:03:21","6","default","383292078","Oxt_06","1.312","min","90.302","%a.s.","Humid","21.521","deg","42704","µV","28.008","°C","1017.000","hPa","36.4","pmil","0","55.390","deg","20.000","°C","100.000","%a.s.","21.720","deg","20.000","°C","977.000","hPa","0.861","-0.02617","0.00035","0","0","13.56","Humid","26.25","0","44.00","379093.64","SABD0000000001","AAV1.0.0.11","4.0.0.2323","PSt7-10","170328-019","7/29/2022 11:23:46 AM","0000-00","0","no battery","V","","µV","","µV"
"08/09/2022","10:03:22","6","default","383292078","Oxt_06","1.329","min","90.342","%a.s.","Humid","21.517","deg","42694","µV","28.000","°C","1017.000","hPa","36.4","pmil","0","55.390","deg","20.000","°C","100.000","%a.s.","21.720","deg","20.000","°C","977.000","hPa","0.861","-0.02617","0.00035","0","0","13.56","Humid","26.25","0","44.00","379104.45","SABD0000000001","AAV1.0.0.11","4.0.0.2323","PSt7-10","170328-019","7/29/2022 11:23:46 AM","0000-00","0","no battery","V","","µV","","µV"
"08/09/2022","10:03:23","6","default","383292078","Oxt_06","1.346","min","90.291","%a.s.","Humid","21.523","deg","42695","µV","28.003","°C","1017.000","hPa","36.4","pmil","0","55.390","deg","20.000","°C","100.000","%a.s.","21.720","deg","20.000","°C","977.000","hPa","0.861","-0.02617","0.00035","0","0","13.56","Humid","26.25","0","44.00","379110.58","SABD0000000001","AAV1.0.0.11","4.0.0.2323","PSt7-10","170328-019","7/29/2022 11:23:46 AM","0000-00","0","no battery","V","","µV","","µV"
"08/09/2022","10:03:24","6","default","383292078","Oxt_06","1.362","min","90.293","%a.s.","Humid","21.523","deg","42696","µV","28.001","°C","1017.000","hPa","36.4","pmil","0","55.390","deg","20.000","°C","100.000","%a.s.","21.720","deg","20.000","°C","977.000","hPa","0.861","-0.02617","0.00035","0","0","13.56","Humid","26.25","0","44.00","379087.61","SABD0000000001","AAV1.0.0.11","4.0.0.2323","PSt7-10","170328-019","7/29/2022 11:23:46 AM","0000-00","0","no battery","V","","µV","","µV"
"08/09/2022","10:03:25","6","default","383292078","Oxt_06","1.379","min","90.275","%a.s.","Humid","21.525","deg","42688","µV","28.003","°C","1017.000","hPa","36.4","pmil","0","55.390","deg","20.000","°C","100.000","%a.s.","21.720","deg","20.000","°C","977.000","hPa","0.861","-0.02617","0.00035","0","0","13.56","Humid","26.25","0","44.00","379094.69","SABD0000000001","AAV1.0.0.11","4.0.0.2323","PSt7-10","170328-019","7/29/2022 11:23:46 AM","0000-00","0","no battery","V","","µV","","µV"
"08/09/2022","10:03:26","6","default","383292078","Oxt_06","1.396","min","90.313","%a.s.","Humid","21.520","deg","42690","µV","28.005","°C","1017.000","hPa","36.4","pmil","0","55.390","deg","20.000","°C","100.000","%a.s.","21.720","deg","20.000","°C","977.000","hPa","0.861","-0.02617","0.00035","0","0","13.56","Humid","26.25","0","44.00","379090.69","SABD0000000001","AAV1.0.0.11","4.0.0.2323","PSt7-10","170328-019","7/29/2022 11:23:46 AM","0000-00","0","no battery","V","","µV","","µV"
"08/09/2022","10:03:27","6","default","383292078","Oxt_06","1.412","min","90.396","%a.s.","Humid","21.510","deg","42682","µV","28.000","°C","1017.000","hPa","36.4","pmil","0","55.390","deg","20.000","°C","100.000","%a.s.","21.720","deg","20.000","°C","977.000","hPa","0.861","-0.02617","0.00035","0","0","13.56","Humid","26.25","0","44.00","379080.34","SABD0000000001","AAV1.0.0.11","4.0.0.2323","PSt7-10","170328-019","7/29/2022 11:23:46 AM","0000-00","0","no battery","V","","µV","","µV"
"08/09/2022","10:03:28","6","default","383292078","Oxt_06","1.429","min","90.317","%a.s.","Humid","21.520","deg","42683","µV","28.000","°C","1017.000","hPa","36.4","pmil","0","55.390","deg","20.000","°C","100.000","%a.s.","21.720","deg","20.000","°C","977.000","hPa","0.861","-0.02617","0.00035","0","0","13.56","Humid","26.25","0","44.00","379074.68","SABD0000000001","AAV1.0.0.11","4.0.0.2323","PSt7-10","170328-019","7/29/2022 11:23:46 AM","0000-00","0","no battery","V","","µV","","µV"
"08/09/2022","10:03:29","6","default","383292078","Oxt_06","1.446","min","90.283","%a.s.","Humid","21.524","deg","42684","µV","28.003","°C","1017.000","hPa","36.4","pmil","0","55.390","deg","20.000","°C","100.000","%a.s.","21.720","deg","20.000","°C","977.000","hPa","0.861","-0.02617","0.00035","0","0","13.56","Humid","26.25","0","44.00","379081.40","SABD0000000001","AAV1.0.0.11","4.0.0.2323","PSt7-10","170328-019","7/29/2022 11:23:46 AM","0000-00","0","no battery","V","","µV","","µV"
"08/09/2022","10:03:30","6","default","383292078","Oxt_06","1.462","min","90.359","%a.s.","Humid","21.516","deg","42677","µV","27.988","°C","1017.000","hPa","36.4","pmil","0","55.390","deg","20.000","°C","100.000","%a.s.","21.720","deg","20.000","°C","977.000","hPa","0.861","-0.02617","0.00035","0","0","13.56","Humid","26.25","0","44.00","379072.94","SABD0000000001","AAV1.0.0.11","4.0.0.2323","PSt7-10","170328-019","7/29/2022 11:23:46 AM","0000-00","0","no battery","V","","µV","","µV"
"08/09/2022","10:03:31","6","default","383292078","Oxt_06","1.479","min","90.335","%a.s.","Humid","21.518","deg","42681","µV","27.998","°C","1017.000","hPa","36.4","pmil","0","55.390","deg","20.000","°C","100.000","%a.s.","21.720","deg","20.000","°C","977.000","hPa","0.861","-0.02617","0.00035","0","0","13.56","Humid","26.25","0","44.00","379073.72","SABD0000000001","AAV1.0.0.11","4.0.0.2323","PSt7-10","170328-019","7/29/2022 11:23:46 AM","0000-00","0","no battery","V","","µV","","µV"
"08/09/2022","10:03:32","6","default","383292078","Oxt_06","1.496","min","90.360","%a.s.","Humid","21.515","deg","42683","µV","27.996","°C","1017.000","hPa","36.4","pmil","0","55.390","deg","20.000","°C","100.000","%a.s.","21.720","deg","20.000","°C","977.000","hPa","0.861","-0.02617","0.00035","0","0","13.56","Humid","26.25","0","44.00","379081.45","SABD0000000001","AAV1.0.0.11","4.0.0.2323","PSt7-10","170328-019","7/29/2022 11:23:46 AM","0000-00","0","no battery","V","","µV","","µV"
"08/09/2022","10:03:33","6","default","383292078","Oxt_06","1.512","min","90.360","%a.s.","Humid","21.514","deg","42679","µV","28.005","°C","1017.000","hPa","36.4","pmil","0","55.390","deg","20.000","°C","100.000","%a.s.","21.720","deg","20.000","°C","977.000","hPa","0.861","-0.02617","0.00035","0","0","13.56","Humid","26.25","0","44.00","379077.28","SABD0000000001","AAV1.0.0.11","4.0.0.2323","PSt7-10","170328-019","7/29/2022 11:23:46 AM","0000-00","0","no battery","V","","µV","","µV"
"08/09/2022","10:03:34","6","default","383292078","Oxt_06","1.529","min","90.351","%a.s.","Humid","21.514","deg","42675","µV","28.016","°C","1017.000","hPa","36.4","pmil","0","55.390","deg","20.000","°C","100.000","%a.s.","21.720","deg","20.000","°C","977.000","hPa","0.861","-0.02617","0.00035","0","0","13.56","Humid","26.25","0","44.00","379067.66","SABD0000000001","AAV1.0.0.11","4.0.0.2323","PSt7-10","170328-019","7/29/2022 11:23:46 AM","0000-00","0","no battery","V","","µV","","µV"
"08/09/2022","10:03:35","6","default","383292078","Oxt_06","1.546","min","90.320","%a.s.","Humid","21.519","deg","42675","µV","28.007","°C","1017.000","hPa","36.4","pmil","0","55.390","deg","20.000","°C","100.000","%a.s.","21.720","deg","20.000","°C","977.000","hPa","0.861","-0.02617","0.00035","0","0","13.56","Humid","26.25","0","44.00","379071.20","SABD0000000001","AAV1.0.0.11","4.0.0.2323","PSt7-10","170328-019","7/29/2022 11:23:46 AM","0000-00","0","no battery","V","","µV","","µV"
"08/09/2022","10:03:36","6","default","383292078","Oxt_06","1.562","min","90.333","%a.s.","Humid","21.517","deg","42670","µV","28.009","°C","1017.000","hPa","36.4","pmil","0","55.390","deg","20.000","°C","100.000","%a.s.","21.720","deg","20.000","°C","977.000","hPa","0.861","-0.02617","0.00035","0","0","13.56","Humid","26.25","0","44.00","379056.95","SABD0000000001","AAV1.0.0.11","4.0.0.2323","PSt7-10","170328-019","7/29/2022 11:23:46 AM","0000-00","0","no battery","V","","µV","","µV"
"08/09/2022","10:03:37","6","default","383292078","Oxt_06","1.579","min","90.328","%a.s.","Humid","21.517","deg","42673","µV","28.015","°C","1017.000","hPa","36.4","pmil","0","55.390","deg","20.000","°C","100.000","%a.s.","21.720","deg","20.000","°C","977.000","hPa","0.861","-0.02617","0.00035","0","0","13.56","Humid","26.25","0","44.00","379059.52","SABD0000000001","AAV1.0.0.11","4.0.0.2323","PSt7-10","170328-019","7/29/2022 11:23:46 AM","0000-00","0","no battery","V","","µV","","µV"
"08/09/2022","10:03:38","6","default","383292078","Oxt_06","1.596","min","90.333","%a.s.","Humid","21.518","deg","42668","µV","28.000","°C","1017.000","hPa","36.4","pmil","0","55.390","deg","20.000","°C","100.000","%a.s.","21.720","deg","20.000","°C","977.000","hPa","0.861","-0.02617","0.00035","0","0","13.56","Humid","26.25","0","44.00","379045.36","SABD0000000001","AAV1.0.0.11","4.0.0.2323","PSt7-10","170328-019","7/29/2022 11:23:46 AM","0000-00","0","no battery","V","","µV","","µV"
"08/09/2022","10:03:39","6","default","383292078","Oxt_06","1.613","min","90.369","%a.s.","Humid","21.514","deg","42667","µV","27.996","°C","1017.000","hPa","36.4","pmil","0","55.390","deg","20.000","°C","100.000","%a.s.","21.720","deg","20.000","°C","977.000","hPa","0.861","-0.02617","0.00035","0","0","13.56","Humid","26.25","0","44.00","379060.56","SABD0000000001","AAV1.0.0.11","4.0.0.2323","PSt7-10","170328-019","7/29/2022 11:23:46 AM","0000-00","0","no battery","V","","µV","","µV"
"08/09/2022","10:03:40","6","default","383292078","Oxt_06","1.629","min","90.382","%a.s.","Humid","21.512","deg","42662","µV","27.998","°C","1017.000","hPa","36.4","pmil","0","55.390","deg","20.000","°C","100.000","%a.s.","21.720","deg","20.000","°C","977.000","hPa","0.861","-0.02617","0.00035","0","0","13.56","Humid","26.25","0","44.00","379052.71","SABD0000000001","AAV1.0.0.11","4.0.0.2323","PSt7-10","170328-019","7/29/2022 11:23:46 AM","0000-00","0","no battery","V","","µV","","µV"
"08/09/2022","10:03:41","6","default","383292078","Oxt_06","1.646","min","90.354","%a.s.","Humid","21.515","deg","42667","µV","28.003","°C","1017.000","hPa","36.4","pmil","0","55.390","deg","20.000","°C","100.000","%a.s.","21.720","deg","20.000","°C","977.000","hPa","0.861","-0.02617","0.00035","0","0","13.56","Humid","26.25","0","44.00","379053.07","SABD0000000001","AAV1.0.0.11","4.0.0.2323","PSt7-10","170328-019","7/29/2022 11:23:46 AM","0000-00","0","no battery","V","","µV","","µV"
"08/09/2022","10:03:42","6","default","383292078","Oxt_06","1.663","min","90.376","%a.s.","Humid","21.512","deg","42659","µV","28.005","°C","1017.000","hPa","36.4","pmil","0","55.390","deg","20.000","°C","100.000","%a.s.","21.720","deg","20.000","°C","977.000","hPa","0.861","-0.02617","0.00035","0","0","13.56","Humid","26.25","0","44.00","379043.43","SABD0000000001","AAV1.0.0.11","4.0.0.2323","PSt7-10","170328-019","7/29/2022 11:23:46 AM","0000-00","0","no battery","V","","µV","","µV"
"08/09/2022","10:03:43","6","default","383292078","Oxt_06","1.679","min","90.371","%a.s.","Humid","21.513","deg","42658","µV","28.002","°C","1017.000","hPa","36.4","pmil","0","55.390","deg","20.000","°C","100.000","%a.s.","21.720","deg","20.000","°C","977.000","hPa","0.861","-0.02617","0.00035","0","0","13.56","Humid","26.25","0","44.00","379035.03","SABD0000000001","AAV1.0.0.11","4.0.0.2323","PSt7-10","170328-019","7/29/2022 11:23:46 AM","0000-00","0","no battery","V","","µV","","µV"
"08/09/2022","10:03:44","6","default","383292078","Oxt_06","1.696","min","90.361","%a.s.","Humid","21.514","deg","42655","µV","28.004","°C","1017.000","hPa","36.4","pmil","0","55.390","deg","20.000","°C","100.000","%a.s.","21.720","deg","20.000","°C","977.000","hPa","0.861","-0.02617","0.00035","0","0","13.56","Humid","26.25","0","44.00","379045.89","SABD0000000001","AAV1.0.0.11","4.0.0.2323","PSt7-10","170328-019","7/29/2022 11:23:46 AM","0000-00","0","no battery","V","","µV","","µV"
"08/09/2022","10:03:45","6","default","383292078","Oxt_06","1.713","min","90.331","%a.s.","Humid","21.518","deg","42660","µV","28.003","°C","1017.000","hPa","36.4","pmil","0","55.390","deg","20.000","°C","100.000","%a.s.","21.720","deg","20.000","°C","977.000","hPa","0.861","-0.02617","0.00035","0","0","13.56","Humid","26.25","0","44.00","379030.50","SABD0000000001","AAV1.0.0.11","4.0.0.2323","PSt7-10","170328-019","7/29/2022 11:23:46 AM","0000-00","0","no battery","V","","µV","","µV"
"08/09/2022","10:03:46","6","default","383292078","Oxt_06","1.729","min","90.423","%a.s.","Humid","21.506","deg","42651","µV","28.007","°C","1017.000","hPa","36.4","pmil","0","55.390","deg","20.000","°C","100.000","%a.s.","21.720","deg","20.000","°C","977.000","hPa","0.861","-0.02617","0.00035","0","0","13.56","Humid","26.25","0","44.00","379034.58","SABD0000000001","AAV1.0.0.11","4.0.0.2323","PSt7-10","170328-019","7/29/2022 11:23:46 AM","0000-00","0","no battery","V","","µV","","µV"
"08/09/2022","10:03:47","6","default","383292078","Oxt_06","1.746","min","90.376","%a.s.","Humid","21.512","deg","42652","µV","28.006","°C","1017.000","hPa","36.4","pmil","0","55.390","deg","20.000","°C","100.000","%a.s.","21.720","deg","20.000","°C","977.000","hPa","0.861","-0.02617","0.00035","0","0","13.56","Humid","26.25","0","44.00","379042.20","SABD0000000001","AAV1.0.0.11","4.0.0.2323","PSt7-10","170328-019","7/29/2022 11:23:46 AM","0000-00","0","no battery","V","","µV","","µV"
"08/09/2022","10:03:48","6","default","383292078","Oxt_06","1.763","min","90.440","%a.s.","Humid","21.504","deg","42659","µV","28.005","°C","1017.000","hPa","36.4","pmil","0","55.390","deg","20.000","°C","100.000","%a.s.","21.720","deg","20.000","°C","977.000","hPa","0.861","-0.02617","0.00035","0","0","13.56","Humid","26.25","0","44.00","379034.16","SABD0000000001","AAV1.0.0.11","4.0.0.2323","PSt7-10","170328-019","7/29/2022 11:23:46 AM","0000-00","0","no battery","V","","µV","","µV"
"08/09/2022","10:03:49","6","default","383292078","Oxt_06","1.779","min","90.390","%a.s.","Humid","21.510","deg","42648","µV","28.008","°C","1017.000","hPa","36.4","pmil","0","55.390","deg","20.000","°C","100.000","%a.s.","21.720","deg","20.000","°C","977.000","hPa","0.861","-0.02617","0.00035","0","0","13.56","Humid","26.25","0","44.00","379043.12","SABD0000000001","AAV1.0.0.11","4.0.0.2323","PSt7-10","170328-019","7/29/2022 11:23:46 AM","0000-00","0","no battery","V","","µV","","µV"
"08/09/2022","10:03:50","6","default","383292078","Oxt_06","1.796","min","90.431","%a.s.","Humid","21.507","deg","42647","µV","27.989","°C","1017.000","hPa","36.4","pmil","0","55.390","deg","20.000","°C","100.000","%a.s.","21.720","deg","20.000","°C","977.000","hPa","0.861","-0.02617","0.00035","0","0","13.56","Humid","26.25","0","44.00","379009.22","SABD0000000001","AAV1.0.0.11","4.0.0.2323","PSt7-10","170328-019","7/29/2022 11:23:46 AM","0000-00","0","no battery","V","","µV","","µV"
"08/09/2022","10:03:51","6","default","383292078","Oxt_06","1.813","min","90.442","%a.s.","Humid","21.505","deg","42640","µV","27.993","°C","1017.000","hPa","36.4","pmil","0","55.390","deg","20.000","°C","100.000","%a.s.","21.720","deg","20.000","°C","977.000","hPa","0.861","-0.02617","0.00035","0","0","13.56","Humid","26.25","0","44.00","379019.71","SABD0000000001","AAV1.0.0.11","4.0.0.2323","PSt7-10","170328-019","7/29/2022 11:23:46 AM","0000-00","0","no battery","V","","µV","","µV"
"08/09/2022","10:03:52","6","default","383292078","Oxt_06","1.829","min","90.440","%a.s.","Humid","21.503","deg","42644","µV","28.014","°C","1017.000","hPa","36.4","pmil","0","55.390","deg","20.000","°C","100.000","%a.s.","21.720","deg","20.000","°C","977.000","hPa","0.861","-0.02617","0.00035","0","0","13.56","Humid","26.25","0","44.00","379025.40","SABD0000000001","AAV1.0.0.11","4.0.0.2323","PSt7-10","170328-019","7/29/2022 11:23:46 AM","0000-00","0","no battery","V","","µV","","µV"
"08/09/2022","10:03:53","6","default","383292078","Oxt_06","1.846","min","90.371","%a.s.","Humid","21.512","deg","42643","µV","28.011","°C","1017.000","hPa","36.4","pmil","0","55.390","deg","20.000","°C","100.000","%a.s.","21.720","deg","20.000","°C","977.000","hPa","0.861","-0.02617","0.00035","0","0","13.56","Humid","26.25","0","44.00","379023.35","SABD0000000001","AAV1.0.0.11","4.0.0.2323","PSt7-10","170328-019","7/29/2022 11:23:46 AM","0000-00","0","no battery","V","","µV","","µV"
"08/09/2022","10:03:54","6","default","383292078","Oxt_06","1.863","min","90.466","%a.s.","Humid","21.501","deg","42646","µV","28.002","°C","1017.000","hPa","36.4","pmil","0","55.390","deg","20.000","°C","100.000","%a.s.","21.720","deg","20.000","°C","977.000","hPa","0.861","-0.02617","0.00035","0","0","13.56","Humid","26.25","0","44.00","379015.74","SABD0000000001","AAV1.0.0.11","4.0.0.2323","PSt7-10","170328-019","7/29/2022 11:23:46 AM","0000-00","0","no battery","V","","µV","","µV"
"08/09/2022","10:03:55","6","default","383292078","Oxt_06","1.879","min","90.397","%a.s.","Humid","21.510","deg","42635","µV","28.000","°C","1017.000","hPa","36.4","pmil","0","55.390","deg","20.000","°C","100.000","%a.s.","21.720","deg","20.000","°C","977.000","hPa","0.861","-0.02617","0.00035","0","0","13.56","Humid","26.25","0","44.00","379018.44","SABD0000000001","AAV1.0.0.11","4.0.0.2323","PSt7-10","170328-019","7/29/2022 11:23:46 AM","0000-00","0","no battery","V","","µV","","µV"
"08/09/2022","10:03:56","6","default","383292078","Oxt_06","1.896","min","90.422","%a.s.","Humid","21.506","deg","42633","µV","28.008","°C","1017.000","hPa","36.4","pmil","0","55.390","deg","20.000","°C","100.000","%a.s.","21.720","deg","20.000","°C","977.000","hPa","0.861","-0.02617","0.00035","0","0","13.56","Humid","26.25","0","44.00","379012.85","SABD0000000001","AAV1.0.0.11","4.0.0.2323","PSt7-10","170328-019","7/29/2022 11:23:46 AM","0000-00","0","no battery","V","","µV","","µV"
"08/09/2022","10:03:57","6","default","383292078","Oxt_06","1.913","min","90.427","%a.s.","Humid","21.505","deg","42634","µV","28.010","°C","1017.000","hPa","36.4","pmil","0","55.390","deg","20.000","°C","100.000","%a.s.","21.720","deg","20.000","°C","977.000","hPa","0.861","-0.02617","0.00035","0","0","13.56","Humid","26.25","0","44.00","379009.37","SABD0000000001","AAV1.0.0.11","4.0.0.2323","PSt7-10","170328-019","7/29/2022 11:23:46 AM","0000-00","0","no battery","V","","µV","","µV"
"08/09/2022","10:03:58","6","default","383292078","Oxt_06","1.929","min","90.388","%a.s.","Humid","21.510","deg","42629","µV","28.010","°C","1017.000","hPa","36.4","pmil","0","55.390","deg","20.000","°C","100.000","%a.s.","21.720","deg","20.000","°C","977.000","hPa","0.861","-0.02617","0.00035","0","0","13.56","Humid","26.25","0","44.00","379010.70","SABD0000000001","AAV1.0.0.11","4.0.0.2323","PSt7-10","170328-019","7/29/2022 11:23:46 AM","0000-00","0","no battery","V","","µV","","µV"
"08/09/2022","10:03:59","6","default","383292078","Oxt_06","1.946","min","90.445","%a.s.","Humid","21.504","deg","42635","µV","28.000","°C","1017.000","hPa","36.4","pmil","0","55.390","deg","20.000","°C","100.000","%a.s.","21.720","deg","20.000","°C","977.000","hPa","0.861","-0.02617","0.00035","0","0","13.56","Humid","26.25","0","44.00","379014.80","SABD0000000001","AAV1.0.0.11","4.0.0.2323","PSt7-10","170328-019","7/29/2022 11:23:46 AM","0000-00","0","no battery","V","","µV","","µV"
"08/09/2022","10:04:00","6","default","383292078","Oxt_06","1.963","min","90.462","%a.s.","Humid","21.502","deg","42629","µV","27.998","°C","1017.000","hPa","36.4","pmil","0","55.390","deg","20.000","°C","100.000","%a.s.","21.720","deg","20.000","°C","977.000","hPa","0.861","-0.02617","0.00035","0","0","13.56","Humid","26.25","0","44.00","379012.44","SABD0000000001","AAV1.0.0.11","4.0.0.2323","PSt7-10","170328-019","7/29/2022 11:23:46 AM","0000-00","0","no battery","V","","µV","","µV"
"08/09/2022","10:04:01","6","default","383292078","Oxt_06","1.979","min","90.457","%a.s.","Humid","21.503","deg","42624","µV","27.994","°C","1017.000","hPa","36.4","pmil","0","55.390","deg","20.000","°C","100.000","%a.s.","21.720","deg","20.000","°C","977.000","hPa","0.861","-0.02617","0.00035","0","0","13.56","Humid","26.25","0","44.00","378999.62","SABD0000000001","AAV1.0.0.11","4.0.0.2323","PSt7-10","170328-019","7/29/2022 11:23:46 AM","0000-00","0","no battery","V","","µV","","µV"
"08/09/2022","10:04:02","6","default","383292078","Oxt_06","1.996","min","90.438","%a.s.","Humid","21.503","deg","42606","µV","28.016","°C","1017.000","hPa","36.4","pmil","0","55.390","deg","20.000","°C","100.000","%a.s.","21.720","deg","20.000","°C","977.000","hPa","0.861","-0.02617","0.00035","0","0","13.56","Humid","26.25","0","44.00","378924.21","SABD0000000001","AAV1.0.0.11","4.0.0.2323","PSt7-10","170328-019","7/29/2022 11:23:46 AM","0000-00","0","no battery","V","","µV","","µV"
"08/09/2022","10:04:03","6","default","383292078","Oxt_06","2.013","min","90.456","%a.s.","Humid","21.502","deg","42608","µV","28.005","°C","1017.000","hPa","36.4","pmil","0","55.390","deg","20.000","°C","100.000","%a.s.","21.720","deg","20.000","°C","977.000","hPa","0.861","-0.02617","0.00035","0","0","13.56","Humid","26.25","0","44.00","378943.01","SABD0000000001","AAV1.0.0.11","4.0.0.2323","PSt7-10","170328-019","7/29/2022 11:23:46 AM","0000-00","0","no battery","V","","µV","","µV"
"08/09/2022","10:04:04","6","default","383292078","Oxt_06","2.029","min","90.441","%a.s.","Humid","21.505","deg","42613","µV","27.994","°C","1017.000","hPa","36.4","pmil","0","55.390","deg","20.000","°C","100.000","%a.s.","21.720","deg","20.000","°C","977.000","hPa","0.861","-0.02617","0.00035","0","0","13.56","Humid","26.25","0","44.00","378951.45","SABD0000000001","AAV1.0.0.11","4.0.0.2323","PSt7-10","170328-019","7/29/2022 11:23:46 AM","0000-00","0","no battery","V","","µV","","µV"
"08/09/2022","10:04:05","6","default","383292078","Oxt_06","2.046","min","90.516","%a.s.","Humid","21.496","deg","42609","µV","27.991","°C","1017.000","hPa","36.4","pmil","0","55.390","deg","20.000","°C","100.000","%a.s.","21.720","deg","20.000","°C","977.000","hPa","0.861","-0.02617","0.00035","0","0","13.56","Humid","26.25","0","44.00","378975.75","SABD0000000001","AAV1.0.0.11","4.0.0.2323","PSt7-10","170328-019","7/29/2022 11:23:46 AM","0000-00","0","no battery","V","","µV","","µV"
"08/09/2022","10:04:06","6","default","383292078","Oxt_06","2.063","min","90.500","%a.s.","Humid","21.498","deg","42605","µV","27.991","°C","1017.000","hPa","36.4","pmil","0","55.390","deg","20.000","°C","100.000","%a.s.","21.720","deg","20.000","°C","977.000","hPa","0.861","-0.02617","0.00035","0","0","13.56","Humid","26.25","0","44.00","378965.48","SABD0000000001","AAV1.0.0.11","4.0.0.2323","PSt7-10","170328-019","7/29/2022 11:23:46 AM","0000-00","0","no battery","V","","µV","","µV"
"08/09/2022","10:04:07","6","default","383292078","Oxt_06","2.079","min","90.539","%a.s.","Humid","21.493","deg","42611","µV","27.992","°C","1017.000","hPa","36.4","pmil","0","55.390","deg","20.000","°C","100.000","%a.s.","21.720","deg","20.000","°C","977.000","hPa","0.861","-0.02617","0.00035","0","0","13.56","Humid","26.25","0","44.00","378970.34","SABD0000000001","AAV1.0.0.11","4.0.0.2323","PSt7-10","170328-019","7/29/2022 11:23:46 AM","0000-00","0","no battery","V","","µV","","µV"
"08/09/2022","10:04:08","6","default","383292078","Oxt_06","2.096","min","90.553","%a.s.","Humid","21.492","deg","42613","µV","27.985","°C","1017.000","hPa","36.4","pmil","0","55.390","deg","20.000","°C","100.000","%a.s.","21.720","deg","20.000","°C","977.000","hPa","0.861","-0.02617","0.00035","0","0","13.56","Humid","26.25","0","44.00","378994.40","SABD0000000001","AAV1.0.0.11","4.0.0.2323","PSt7-10","170328-019","7/29/2022 11:23:46 AM","0000-00","0","no battery","V","","µV","","µV"
"08/09/2022","10:04:09","6","default","383292078","Oxt_06","2.112","min","90.434","%a.s.","Humid","21.506","deg","42604","µV","27.994","°C","1017.000","hPa","36.4","pmil","0","55.390","deg","20.000","°C","100.000","%a.s.","21.720","deg","20.000","°C","977.000","hPa","0.861","-0.02617","0.00035","0","0","13.56","Humid","26.25","0","44.00","378993.45","SABD0000000001","AAV1.0.0.11","4.0.0.2323","PSt7-10","170328-019","7/29/2022 11:23:46 AM","0000-00","0","no battery","V","","µV","","µV"
"08/09/2022","10:04:10","6","default","383292078","Oxt_06","2.129","min","90.528","%a.s.","Humid","21.495","deg","42601","µV","27.986","°C","1017.000","hPa","36.4","pmil","0","55.390","deg","20.000","°C","100.000","%a.s.","21.720","deg","20.000","°C","977.000","hPa","0.861","-0.02617","0.00035","0","0","13.56","Humid","26.25","0","44.00","378968.58","SABD0000000001","AAV1.0.0.11","4.0.0.2323","PSt7-10","170328-019","7/29/2022 11:23:46 AM","0000-00","0","no battery","V","","µV","","µV"
"08/09/2022","10:04:11","6","default","383292078","Oxt_06","2.146","min","90.571","%a.s.","Humid","21.489","deg","42599","µV","27.991","°C","1017.000","hPa","36.4","pmil","0","55.390","deg","20.000","°C","100.000","%a.s.","21.720","deg","20.000","°C","977.000","hPa","0.861","-0.02617","0.00035","0","0","13.56","Humid","26.25","0","44.00","378986.02","SABD0000000001","AAV1.0.0.11","4.0.0.2323","PSt7-10","170328-019","7/29/2022 11:23:46 AM","0000-00","0","no battery","V","","µV","","µV"
"08/09/2022","10:04:12","6","default","383292078","Oxt_06","2.162","min","90.521","%a.s.","Humid","21.493","deg","42605","µV","28.012","°C","1017.000","hPa","36.4","pmil","0","55.390","deg","20.000","°C","100.000","%a.s.","21.720","deg","20.000","°C","977.000","hPa","0.861","-0.02617","0.00035","0","0","13.56","Humid","26.25","0","44.00","378983.80","SABD0000000001","AAV1.0.0.11","4.0.0.2323","PSt7-10","170328-019","7/29/2022 11:23:46 AM","0000-00","0","no battery","V","","µV","","µV"
"08/09/2022","10:04:13","6","default","383292078","Oxt_06","2.179","min","90.507","%a.s.","Humid","21.494","deg","42602","µV","28.019","°C","1017.000","hPa","36.4","pmil","0","55.390","deg","20.000","°C","100.000","%a.s.","21.720","deg","20.000","°C","977.000","hPa","0.861","-0.02617","0.00035","0","0","13.56","Humid","26.25","0","44.00","378944.62","SABD0000000001","AAV1.0.0.11","4.0.0.2323","PSt7-10","170328-019","7/29/2022 11:23:46 AM","0000-00","0","no battery","V","","µV","","µV"
"08/09/2022","10:04:14","6","default","383292078","Oxt_06","2.196","min","90.553","%a.s.","Humid","21.490","deg","42598","µV","28.002","°C","1017.000","hPa","36.4","pmil","0","55.390","deg","20.000","°C","100.000","%a.s.","21.720","deg","20.000","°C","977.000","hPa","0.861","-0.02617","0.00035","0","0","13.56","Humid","26.25","0","44.00","378963.21","SABD0000000001","AAV1.0.0.11","4.0.0.2323","PSt7-10","170328-019","7/29/2022 11:23:46 AM","0000-00","0","no battery","V","","µV","","µV"
"08/09/2022","10:04:15","6","default","383292078","Oxt_06","2.212","min","90.504","%a.s.","Humid","21.496","deg","42597","µV","28.004","°C","1017.000","hPa","36.4","pmil","0","55.390","deg","20.000","°C","100.000","%a.s.","21.720","deg","20.000","°C","977.000","hPa","0.861","-0.02617","0.00035","0","0","13.56","Humid","26.25","0","44.00","378964.80","SABD0000000001","AAV1.0.0.11","4.0.0.2323","PSt7-10","170328-019","7/29/2022 11:23:46 AM","0000-00","0","no battery","V","","µV","","µV"
"08/09/2022","10:04:16","6","default","383292078","Oxt_06","2.229","min","90.503","%a.s.","Humid","21.495","deg","42590","µV","28.015","°C","1017.000","hPa","36.4","pmil","0","55.390","deg","20.000","°C","100.000","%a.s.","21.720","deg","20.000","°C","977.000","hPa","0.861","-0.02617","0.00035","0","0","13.56","Humid","26.25","0","44.00","378961.98","SABD0000000001","AAV1.0.0.11","4.0.0.2323","PSt7-10","170328-019","7/29/2022 11:23:46 AM","0000-00","0","no battery","V","","µV","","µV"
"08/09/2022","10:04:17","6","default","383292078","Oxt_06","2.245","min","90.465","%a.s.","Humid","21.500","deg","42587","µV","28.013","°C","1017.000","hPa","36.4","pmil","0","55.390","deg","20.000","°C","100.000","%a.s.","21.720","deg","20.000","°C","977.000","hPa","0.861","-0.02617","0.00035","0","0","13.56","Humid","26.25","0","44.00","378960.78","SABD0000000001","AAV1.0.0.11","4.0.0.2323","PSt7-10","170328-019","7/29/2022 11:23:46 AM","0000-00","0","no battery","V","","µV","","µV"
"08/09/2022","10:04:18","6","default","383292078","Oxt_06","2.262","min","90.571","%a.s.","Humid","21.489","deg","42585","µV","27.991","°C","1017.000","hPa","36.4","pmil","0","55.390","deg","20.000","°C","100.000","%a.s.","21.720","deg","20.000","°C","977.000","hPa","0.861","-0.02617","0.00035","0","0","13.56","Humid","26.25","0","44.00","378962.18","SABD0000000001","AAV1.0.0.11","4.0.0.2323","PSt7-10","170328-019","7/29/2022 11:23:46 AM","0000-00","0","no battery","V","","µV","","µV"
"08/09/2022","10:04:19","6","default","383292078","Oxt_06","2.279","min","90.521","%a.s.","Humid","21.494","deg","42589","µV","28.003","°C","1017.000","hPa","36.4","pmil","0","55.390","deg","20.000","°C","100.000","%a.s.","21.720","deg","20.000","°C","977.000","hPa","0.861","-0.02617","0.00035","0","0","13.56","Humid","26.25","0","44.00","378955.50","SABD0000000001","AAV1.0.0.11","4.0.0.2323","PSt7-10","170328-019","7/29/2022 11:23:46 AM","0000-00","0","no battery","V","","µV","","µV"
"08/09/2022","10:04:20","6","default","383292078","Oxt_06","2.295","min","90.526","%a.s.","Humid","21.493","deg","42588","µV","28.006","°C","1017.000","hPa","36.4","pmil","0","55.390","deg","20.000","°C","100.000","%a.s.","21.720","deg","20.000","°C","977.000","hPa","0.861","-0.02617","0.00035","0","0","13.56","Humid","26.25","0","44.00","378946.48","SABD0000000001","AAV1.0.0.11","4.0.0.2323","PSt7-10","170328-019","7/29/2022 11:23:46 AM","0000-00","0","no battery","V","","µV","","µV"
"08/09/2022","10:04:21","6","default","383292078","Oxt_06","2.312","min","90.487","%a.s.","Humid","21.498","deg","42583","µV","28.006","°C","1017.000","hPa","36.4","pmil","0","55.390","deg","20.000","°C","100.000","%a.s.","21.720","deg","20.000","°C","977.000","hPa","0.861","-0.02617","0.00035","0","0","13.56","Humid","26.25","0","44.00","378961.26","SABD0000000001","AAV1.0.0.11","4.0.0.2323","PSt7-10","170328-019","7/29/2022 11:23:46 AM","0000-00","0","no battery","V","","µV","","µV"
"08/09/2022","10:04:22","6","default","383292078","Oxt_06","2.328","min","90.521","%a.s.","Humid","21.493","deg","42580","µV","28.012","°C","1017.000","hPa","36.4","pmil","0","55.390","deg","20.000","°C","100.000","%a.s.","21.720","deg","20.000","°C","977.000","hPa","0.861","-0.02617","0.00035","0","0","13.56","Humid","26.25","0","44.00","378943.49","SABD0000000001","AAV1.0.0.11","4.0.0.2323","PSt7-10","170328-019","7/29/2022 11:23:46 AM","0000-00","0","no battery","V","","µV","","µV"
"08/09/2022","10:04:23","6","default","383292078","Oxt_06","2.345","min","90.587","%a.s.","Humid","21.487","deg","42583","µV","27.991","°C","1017.000","hPa","36.4","pmil","0","55.390","deg","20.000","°C","100.000","%a.s.","21.720","deg","20.000","°C","977.000","hPa","0.861","-0.02617","0.00035","0","0","13.56","Humid","26.25","0","44.00","378958.98","SABD0000000001","AAV1.0.0.11","4.0.0.2323","PSt7-10","170328-019","7/29/2022 11:23:46 AM","0000-00","0","no battery","V","","µV","","µV"
"08/09/2022","10:04:24","6","default","383292078","Oxt_06","2.362","min","90.476","%a.s.","Humid","21.499","deg","42576","µV","28.009","°C","1017.000","hPa","36.4","pmil","0","55.390","deg","20.000","°C","100.000","%a.s.","21.720","deg","20.000","°C","977.000","hPa","0.861","-0.02617","0.00035","0","0","13.56","Humid","26.25","0","44.00","378953.27","SABD0000000001","AAV1.0.0.11","4.0.0.2323","PSt7-10","170328-019","7/29/2022 11:23:46 AM","0000-00","0","no battery","V","","µV","","µV"
"08/09/2022","10:04:25","6","default","383292078","Oxt_06","2.379","min","90.590","%a.s.","Humid","21.486","deg","42575","µV","27.997","°C","1017.000","hPa","36.4","pmil","0","55.390","deg","20.000","°C","100.000","%a.s.","21.720","deg","20.000","°C","977.000","hPa","0.861","-0.02617","0.00035","0","0","13.56","Humid","26.25","0","44.00","378941.47","SABD0000000001","AAV1.0.0.11","4.0.0.2323","PSt7-10","170328-019","7/29/2022 11:23:46 AM","0000-00","0","no battery","V","","µV","","µV"
"08/09/2022","10:04:26","6","default","383292078","Oxt_06","2.395","min","90.540","%a.s.","Humid","21.491","deg","42570","µV","28.008","°C","1017.000","hPa","36.4","pmil","0","55.390","deg","20.000","°C","100.000","%a.s.","21.720","deg","20.000","°C","977.000","hPa","0.861","-0.02617","0.00035","0","0","13.56","Humid","26.25","0","44.00","378931.48","SABD0000000001","AAV1.0.0.11","4.0.0.2323","PSt7-10","170328-019","7/29/2022 11:23:46 AM","0000-00","0","no battery","V","","µV","","µV"
"08/09/2022","10:04:27","6","default","383292078","Oxt_06","2.412","min","90.604","%a.s.","Humid","21.483","deg","42567","µV","28.009","°C","1017.000","hPa","36.4","pmil","0","55.390","deg","20.000","°C","100.000","%a.s.","21.720","deg","20.000","°C","977.000","hPa","0.861","-0.02617","0.00035","0","0","13.56","Humid","26.25","0","44.00","378935.48","SABD0000000001","AAV1.0.0.11","4.0.0.2323","PSt7-10","170328-019","7/29/2022 11:23:46 AM","0000-00","0","no battery","V","","µV","","µV"
"08/09/2022","10:04:28","6","default","383292078","Oxt_06","2.428","min","90.584","%a.s.","Humid","21.487","deg","42567","µV","27.995","°C","1017.000","hPa","36.4","pmil","0","55.390","deg","20.000","°C","100.000","%a.s.","21.720","deg","20.000","°C","977.000","hPa","0.861","-0.02617","0.00035","0","0","13.56","Humid","26.25","0","44.00","378929.76","SABD0000000001","AAV1.0.0.11","4.0.0.2323","PSt7-10","170328-019","7/29/2022 11:23:46 AM","0000-00","0","no battery","V","","µV","","µV"
"08/09/2022","10:04:29","6","default","383292078","Oxt_06","2.445","min","90.577","%a.s.","Humid","21.489","deg","42560","µV","27.985","°C","1017.000","hPa","36.4","pmil","0","55.390","deg","20.000","°C","100.000","%a.s.","21.720","deg","20.000","°C","977.000","hPa","0.861","-0.02617","0.00035","0","0","13.56","Humid","26.25","0","44.00","378930.51","SABD0000000001","AAV1.0.0.11","4.0.0.2323","PSt7-10","170328-019","7/29/2022 11:23:46 AM","0000-00","0","no battery","V","","µV","","µV"
"08/09/2022","10:04:30","6","default","383292078","Oxt_06","2.462","min","90.507","%a.s.","Humid","21.493","deg","42567","µV","28.028","°C","1017.000","hPa","36.4","pmil","0","55.390","deg","20.000","°C","100.000","%a.s.","21.720","deg","20.000","°C","977.000","hPa","0.861","-0.02617","0.00035","0","0","13.56","Humid","26.25","0","44.00","378934.13","SABD0000000001","AAV1.0.0.11","4.0.0.2323","PSt7-10","170328-019","7/29/2022 11:23:46 AM","0000-00","0","no battery","V","","µV","","µV"
"08/09/2022","10:04:31","6","default","383292078","Oxt_06","2.479","min","90.617","%a.s.","Humid","21.480","deg","42571","µV","28.021","°C","1017.000","hPa","36.4","pmil","0","55.390","deg","20.000","°C","100.000","%a.s.","21.720","deg","20.000","°C","977.000","hPa","0.861","-0.02617","0.00035","0","0","13.56","Humid","26.25","0","44.00","378924.77","SABD0000000001","AAV1.0.0.11","4.0.0.2323","PSt7-10","170328-019","7/29/2022 11:23:46 AM","0000-00","0","no battery","V","","µV","","µV"
"08/09/2022","10:04:32","6","default","383292078","Oxt_06","2.495","min","90.558","%a.s.","Humid","21.489","deg","42557","µV","28.006","°C","1017.000","hPa","36.4","pmil","0","55.390","deg","20.000","°C","100.000","%a.s.","21.720","deg","20.000","°C","977.000","hPa","0.861","-0.02617","0.00035","0","0","13.56","Humid","26.25","0","44.00","378941.63","SABD0000000001","AAV1.0.0.11","4.0.0.2323","PSt7-10","170328-019","7/29/2022 11:23:46 AM","0000-00","0","no battery","V","","µV","","µV"
"08/09/2022","10:04:33","6","default","383292078","Oxt_06","2.512","min","90.594","%a.s.","Humid","21.484","deg","42560","µV","28.010","°C","1017.000","hPa","36.4","pmil","0","55.390","deg","20.000","°C","100.000","%a.s.","21.720","deg","20.000","°C","977.000","hPa","0.861","-0.02617","0.00035","0","0","13.56","Humid","26.25","0","44.00","378941.04","SABD0000000001","AAV1.0.0.11","4.0.0.2323","PSt7-10","170328-019","7/29/2022 11:23:46 AM","0000-00","0","no battery","V","","µV","","µV"
"08/09/2022","10:04:34","6","default","383292078","Oxt_06","2.529","min","90.513","%a.s.","Humid","21.495","deg","42558","µV","28.004","°C","1017.000","hPa","36.4","pmil","0","55.390","deg","20.000","°C","100.000","%a.s.","21.720","deg","20.000","°C","977.000","hPa","0.861","-0.02617","0.00035","0","0","13.56","Humid","26.25","0","44.00","378931.05","SABD0000000001","AAV1.0.0.11","4.0.0.2323","PSt7-10","170328-019","7/29/2022 11:23:46 AM","0000-00","0","no battery","V","","µV","","µV"
"08/09/2022","10:04:35","6","default","383292078","Oxt_06","2.545","min","90.625","%a.s.","Humid","21.481","deg","42564","µV","28.002","°C","1017.000","hPa","36.4","pmil","0","55.390","deg","20.000","°C","100.000","%a.s.","21.720","deg","20.000","°C","977.000","hPa","0.861","-0.02617","0.00035","0","0","13.56","Humid","26.25","0","44.00","378918.93","SABD0000000001","AAV1.0.0.11","4.0.0.2323","PSt7-10","170328-019","7/29/2022 11:23:46 AM","0000-00","0","no battery","V","","µV","","µV"
"08/09/2022","10:04:36","6","default","383292078","Oxt_06","2.562","min","90.707","%a.s.","Humid","21.471","deg","42558","µV","28.000","°C","1017.000","hPa","36.4","pmil","0","55.390","deg","20.000","°C","100.000","%a.s.","21.720","deg","20.000","°C","977.000","hPa","0.861","-0.02617","0.00035","0","0","13.56","Humid","26.25","0","44.00","378913.85","SABD0000000001","AAV1.0.0.11","4.0.0.2323","PSt7-10","170328-019","7/29/2022 11:23:46 AM","0000-00","0","no battery","V","","µV","","µV"
"08/09/2022","10:04:37","6","default","383292078","Oxt_06","2.579","min","90.571","%a.s.","Humid","21.487","deg","42547","µV","28.009","°C","1017.000","hPa","36.4","pmil","0","55.390","deg","20.000","°C","100.000","%a.s.","21.720","deg","20.000","°C","977.000","hPa","0.861","-0.02617","0.00035","0","0","13.56","Humid","26.25","0","44.00","378907.90","SABD0000000001","AAV1.0.0.11","4.0.0.2323","PSt7-10","170328-019","7/29/2022 11:23:46 AM","0000-00","0","no battery","V","","µV","","µV"
"08/09/2022","10:04:38","6","default","383292078","Oxt_06","2.595","min","90.630","%a.s.","Humid","21.480","deg","42548","µV","28.006","°C","1017.000","hPa","36.4","pmil","0","55.390","deg","20.000","°C","100.000","%a.s.","21.720","deg","20.000","°C","977.000","hPa","0.861","-0.02617","0.00035","0","0","13.56","Humid","26.25","0","44.00","378913.39","SABD0000000001","AAV1.0.0.11","4.0.0.2323","PSt7-10","170328-019","7/29/2022 11:23:46 AM","0000-00","0","no battery","V","","µV","","µV"
"08/09/2022","10:04:39","6","default","383292078","Oxt_06","2.612","min","90.650","%a.s.","Humid","21.478","deg","42542","µV","28.001","°C","1017.000","hPa","36.4","pmil","0","55.390","deg","20.000","°C","100.000","%a.s.","21.720","deg","20.000","°C","977.000","hPa","0.861","-0.02617","0.00035","0","0","13.56","Humid","26.25","0","44.00","378918.95","SABD0000000001","AAV1.0.0.11","4.0.0.2323","PSt7-10","170328-019","7/29/2022 11:23:46 AM","0000-00","0","no battery","V","","µV","","µV"
"08/09/2022","10:04:40","6","default","383292078","Oxt_06","2.629","min","90.614","%a.s.","Humid","21.482","deg","42536","µV","28.005","°C","1017.000","hPa","36.4","pmil","0","55.390","deg","20.000","°C","100.000","%a.s.","21.720","deg","20.000","°C","977.000","hPa","0.861","-0.02617","0.00035","0","0","13.56","Humid","26.25","0","44.00","378906.88","SABD0000000001","AAV1.0.0.11","4.0.0.2323","PSt7-10","170328-019","7/29/2022 11:23:46 AM","0000-00","0","no battery","V","","µV","","µV"
"08/09/2022","10:04:41","6","default","383292078","Oxt_06","2.645","min","90.655","%a.s.","Humid","21.476","deg","42539","µV","28.014","°C","1017.000","hPa","36.4","pmil","0","55.390","deg","20.000","°C","100.000","%a.s.","21.720","deg","20.000","°C","977.000","hPa","0.861","-0.02617","0.00035","0","0","13.56","Humid","26.25","0","44.00","378904.16","SABD0000000001","AAV1.0.0.11","4.0.0.2323","PSt7-10","170328-019","7/29/2022 11:23:46 AM","0000-00","0","no battery","V","","µV","","µV"
"08/09/2022","10:04:42","6","default","383292078","Oxt_06","2.662","min","90.646","%a.s.","Humid","21.478","deg","42530","µV","28.006","°C","1017.000","hPa","36.4","pmil","0","55.390","deg","20.000","°C","100.000","%a.s.","21.720","deg","20.000","°C","977.000","hPa","0.861","-0.02617","0.00035","0","0","13.56","Humid","26.25","0","44.00","378898.86","SABD0000000001","AAV1.0.0.11","4.0.0.2323","PSt7-10","170328-019","7/29/2022 11:23:46 AM","0000-00","0","no battery","V","","µV","","µV"
"08/09/2022","10:04:43","6","default","383292078","Oxt_06","2.679","min","90.618","%a.s.","Humid","21.482","deg","42534","µV","28.001","°C","1017.000","hPa","36.4","pmil","0","55.390","deg","20.000","°C","100.000","%a.s.","21.720","deg","20.000","°C","977.000","hPa","0.861","-0.02617","0.00035","0","0","13.56","Humid","26.25","0","44.00","378909.66","SABD0000000001","AAV1.0.0.11","4.0.0.2323","PSt7-10","170328-019","7/29/2022 11:23:46 AM","0000-00","0","no battery","V","","µV","","µV"
"08/09/2022","10:04:44","6","default","383292078","Oxt_06","2.695","min","90.560","%a.s.","Humid","21.490","deg","42530","µV","27.995","°C","1017.000","hPa","36.4","pmil","0","55.390","deg","20.000","°C","100.000","%a.s.","21.720","deg","20.000","°C","977.000","hPa","0.861","-0.02617","0.00035","0","0","13.56","Humid","26.25","0","44.00","378903.67","SABD0000000001","AAV1.0.0.11","4.0.0.2323","PSt7-10","170328-019","7/29/2022 11:23:46 AM","0000-00","0","no battery","V","","µV","","µV"
"08/09/2022","10:04:45","6","default","383292078","Oxt_06","2.712","min","90.609","%a.s.","Humid","21.483","deg","42533","µV","28.002","°C","1017.000","hPa","36.4","pmil","0","55.390","deg","20.000","°C","100.000","%a.s.","21.720","deg","20.000","°C","977.000","hPa","0.861","-0.02617","0.00035","0","0","13.56","Humid","26.25","0","44.00","378899.54","SABD0000000001","AAV1.0.0.11","4.0.0.2323","PSt7-10","170328-019","7/29/2022 11:23:46 AM","0000-00","0","no battery","V","","µV","","µV"
"08/09/2022","10:04:46","6","default","383292078","Oxt_06","2.729","min","90.597","%a.s.","Humid","21.483","deg","42533","µV","28.016","°C","1017.000","hPa","36.4","pmil","0","55.390","deg","20.000","°C","100.000","%a.s.","21.720","deg","20.000","°C","977.000","hPa","0.861","-0.02617","0.00035","0","0","13.56","Humid","26.25","0","44.00","378900.85","SABD0000000001","AAV1.0.0.11","4.0.0.2323","PSt7-10","170328-019","7/29/2022 11:23:46 AM","0000-00","0","no battery","V","","µV","","µV"
"08/09/2022","10:04:47","6","default","383292078","Oxt_06","2.745","min","90.660","%a.s.","Humid","21.478","deg","42531","µV","27.990","°C","1017.000","hPa","36.4","pmil","0","55.390","deg","20.000","°C","100.000","%a.s.","21.720","deg","20.000","°C","977.000","hPa","0.861","-0.02617","0.00035","0","0","13.56","Humid","26.25","0","44.00","378890.08","SABD0000000001","AAV1.0.0.11","4.0.0.2323","PSt7-10","170328-019","7/29/2022 11:23:46 AM","0000-00","0","no battery","V","","µV","","µV"
"08/09/2022","10:04:48","6","default","383292078","Oxt_06","2.762","min","90.516","%a.s.","Humid","21.495","deg","42530","µV","27.999","°C","1017.000","hPa","36.4","pmil","0","55.390","deg","20.000","°C","100.000","%a.s.","21.720","deg","20.000","°C","977.000","hPa","0.861","-0.02617","0.00035","0","0","13.56","Humid","26.25","0","44.00","378889.37","SABD0000000001","AAV1.0.0.11","4.0.0.2323","PSt7-10","170328-019","7/29/2022 11:23:46 AM","0000-00","0","no battery","V","","µV","","µV"
"08/09/2022","10:04:49","6","default","383292078","Oxt_06","2.779","min","90.605","%a.s.","Humid","21.482","deg","42520","µV","28.016","°C","1017.000","hPa","36.4","pmil","0","55.390","deg","20.000","°C","100.000","%a.s.","21.720","deg","20.000","°C","977.000","hPa","0.861","-0.02617","0.00035","0","0","13.56","Humid","26.25","0","44.00","378881.47","SABD0000000001","AAV1.0.0.11","4.0.0.2323","PSt7-10","170328-019","7/29/2022 11:23:46 AM","0000-00","0","no battery","V","","µV","","µV"
"08/09/2022","10:04:50","6","default","383292078","Oxt_06","2.796","min","90.583","%a.s.","Humid","21.485","deg","42523","µV","28.014","°C","1017.000","hPa","36.4","pmil","0","55.390","deg","20.000","°C","100.000","%a.s.","21.720","deg","20.000","°C","977.000","hPa","0.861","-0.02617","0.00035","0","0","13.56","Humid","26.25","0","44.00","378891.68","SABD0000000001","AAV1.0.0.11","4.0.0.2323","PSt7-10","170328-019","7/29/2022 11:23:46 AM","0000-00","0","no battery","V","","µV","","µV"
"08/09/2022","10:04:51","6","default","383292078","Oxt_06","2.812","min","90.596","%a.s.","Humid","21.483","deg","42528","µV","28.018","°C","1017.000","hPa","36.4","pmil","0","55.390","deg","20.000","°C","100.000","%a.s.","21.720","deg","20.000","°C","977.000","hPa","0.861","-0.02617","0.00035","0","0","13.56","Humid","26.25","0","44.00","378888.48","SABD0000000001","AAV1.0.0.11","4.0.0.2323","PSt7-10","170328-019","7/29/2022 11:23:46 AM","0000-00","0","no battery","V","","µV","","µV"
"08/09/2022","10:04:52","6","default","383292078","Oxt_06","2.829","min","90.652","%a.s.","Humid","21.477","deg","42518","µV","28.008","°C","1017.000","hPa","36.4","pmil","0","55.390","deg","20.000","°C","100.000","%a.s.","21.720","deg","20.000","°C","977.000","hPa","0.861","-0.02617","0.00035","0","0","13.56","Humid","26.25","0","44.00","378891.17","SABD0000000001","AAV1.0.0.11","4.0.0.2323","PSt7-10","170328-019","7/29/2022 11:23:46 AM","0000-00","0","no battery","V","","µV","","µV"
"08/09/2022","10:04:53","6","default","383292078","Oxt_06","2.846","min","90.633","%a.s.","Humid","21.480","deg","42515","µV","28.003","°C","1017.000","hPa","36.4","pmil","0","55.390","deg","20.000","°C","100.000","%a.s.","21.720","deg","20.000","°C","977.000","hPa","0.861","-0.02617","0.00035","0","0","13.56","Humid","26.25","0","44.00","378881.34","SABD0000000001","AAV1.0.0.11","4.0.0.2323","PSt7-10","170328-019","7/29/2022 11:23:46 AM","0000-00","0","no battery","V","","µV","","µV"
"08/09/2022","10:04:54","6","default","383292078","Oxt_06","2.862","min","90.595","%a.s.","Humid","21.484","deg","42518","µV","28.010","°C","1017.000","hPa","36.4","pmil","0","55.390","deg","20.000","°C","100.000","%a.s.","21.720","deg","20.000","°C","977.000","hPa","0.861","-0.02617","0.00035","0","0","13.56","Humid","26.25","0","44.00","378889.99","SABD0000000001","AAV1.0.0.11","4.0.0.2323","PSt7-10","170328-019","7/29/2022 11:23:46 AM","0000-00","0","no battery","V","","µV","","µV"
"08/09/2022","10:04:55","6","default","383292078","Oxt_06","2.879","min","90.651","%a.s.","Humid","21.477","deg","42511","µV","28.009","°C","1017.000","hPa","36.4","pmil","0","55.390","deg","20.000","°C","100.000","%a.s.","21.720","deg","20.000","°C","977.000","hPa","0.861","-0.02617","0.00035","0","0","13.56","Humid","26.25","0","44.00","378880.30","SABD0000000001","AAV1.0.0.11","4.0.0.2323","PSt7-10","170328-019","7/29/2022 11:23:46 AM","0000-00","0","no battery","V","","µV","","µV"
"08/09/2022","10:04:56","6","default","383292078","Oxt_06","2.895","min","90.671","%a.s.","Humid","21.474","deg","42515","µV","28.013","°C","1017.000","hPa","36.4","pmil","0","55.390","deg","20.000","°C","100.000","%a.s.","21.720","deg","20.000","°C","977.000","hPa","0.861","-0.02617","0.00035","0","0","13.56","Humid","26.25","0","44.00","378894.66","SABD0000000001","AAV1.0.0.11","4.0.0.2323","PSt7-10","170328-019","7/29/2022 11:23:46 AM","0000-00","0","no battery","V","","µV","","µV"
"08/09/2022","10:04:57","6","default","383292078","Oxt_06","2.912","min","90.665","%a.s.","Humid","21.475","deg","42510","µV","28.011","°C","1017.000","hPa","36.4","pmil","0","55.390","deg","20.000","°C","100.000","%a.s.","21.720","deg","20.000","°C","977.000","hPa","0.861","-0.02617","0.00035","0","0","13.56","Humid","26.25","0","44.00","378872.19","SABD0000000001","AAV1.0.0.11","4.0.0.2323","PSt7-10","170328-019","7/29/2022 11:23:46 AM","0000-00","0","no battery","V","","µV","","µV"
"08/09/2022","10:04:58","6","default","383292078","Oxt_06","2.929","min","90.573","%a.s.","Humid","21.487","deg","42506","µV","28.008","°C","1017.000","hPa","36.4","pmil","0","55.390","deg","20.000","°C","100.000","%a.s.","21.720","deg","20.000","°C","977.000","hPa","0.861","-0.02617","0.00035","0","0","13.56","Humid","26.25","0","44.00","378876.52","SABD0000000001","AAV1.0.0.11","4.0.0.2323","PSt7-10","170328-019","7/29/2022 11:23:46 AM","0000-00","0","no battery","V","","µV","","µV"
"08/09/2022","10:04:59","6","default","383292078","Oxt_06","2.945","min","90.702","%a.s.","Humid","21.470","deg","42506","µV","28.015","°C","1017.000","hPa","36.4","pmil","0","55.390","deg","20.000","°C","100.000","%a.s.","21.720","deg","20.000","°C","977.000","hPa","0.861","-0.02617","0.00035","0","0","13.56","Humid","26.25","0","44.00","378864.77","SABD0000000001","AAV1.0.0.11","4.0.0.2323","PSt7-10","170328-019","7/29/2022 11:23:46 AM","0000-00","0","no battery","V","","µV","","µV"
"08/09/2022","10:05:00","6","default","383292078","Oxt_06","2.963","min","90.692","%a.s.","Humid","21.471","deg","42507","µV","28.016","°C","1017.000","hPa","36.4","pmil","0","55.390","deg","20.000","°C","100.000","%a.s.","21.720","deg","20.000","°C","977.000","hPa","0.861","-0.02617","0.00035","0","0","13.56","Humid","26.25","0","44.00","378896.87","SABD0000000001","AAV1.0.0.11","4.0.0.2323","PSt7-10","170328-019","7/29/2022 11:23:46 AM","0000-00","0","no battery","V","","µV","","µV"
"08/09/2022","10:05:01","6","default","383292078","Oxt_06","2.979","min","90.611","%a.s.","Humid","21.481","deg","42512","µV","28.019","°C","1017.000","hPa","36.4","pmil","0","55.390","deg","20.000","°C","100.000","%a.s.","21.720","deg","20.000","°C","977.000","hPa","0.861","-0.02617","0.00035","0","0","13.56","Humid","26.25","0","44.00","378860.93","SABD0000000001","AAV1.0.0.11","4.0.0.2323","PSt7-10","170328-019","7/29/2022 11:23:46 AM","0000-00","0","no battery","V","","µV","","µV"
"08/09/2022","10:05:02","6","default","383292078","Oxt_06","2.995","min","90.657","%a.s.","Humid","21.478","deg","42497","µV","27.993","°C","1017.000","hPa","36.4","pmil","0","55.390","deg","20.000","°C","100.000","%a.s.","21.720","deg","20.000","°C","977.000","hPa","0.861","-0.02617","0.00035","0","0","13.56","Humid","26.25","0","44.00","378855.13","SABD0000000001","AAV1.0.0.11","4.0.0.2323","PSt7-10","170328-019","7/29/2022 11:23:46 AM","0000-00","0","no battery","V","","µV","","µV"
"08/09/2022","10:05:03","6","default","383292078","Oxt_06","3.013","min","90.669","%a.s.","Humid","21.475","deg","42507","µV","28.006","°C","1017.000","hPa","36.4","pmil","0","55.390","deg","20.000","°C","100.000","%a.s.","21.720","deg","20.000","°C","977.000","hPa","0.861","-0.02617","0.00035","0","0","13.56","Humid","26.25","0","44.00","378860.24","SABD0000000001","AAV1.0.0.11","4.0.0.2323","PSt7-10","170328-019","7/29/2022 11:23:46 AM","0000-00","0","no battery","V","","µV","","µV"
"08/09/2022","10:05:04","6","default","383292078","Oxt_06","3.029","min","90.666","%a.s.","Humid","21.476","deg","42500","µV","28.001","°C","1017.000","hPa","36.4","pmil","0","55.390","deg","20.000","°C","100.000","%a.s.","21.720","deg","20.000","°C","977.000","hPa","0.861","-0.02617","0.00035","0","0","13.56","Humid","26.25","0","44.00","378854.22","SABD0000000001","AAV1.0.0.11","4.0.0.2323","PSt7-10","170328-019","7/29/2022 11:23:46 AM","0000-00","0","no battery","V","","µV","","µV"
"08/09/2022","10:05:05","6","default","383292078","Oxt_06","3.046","min","90.654","%a.s.","Humid","21.476","deg","42498","µV","28.015","°C","1017.000","hPa","36.4","pmil","0","55.390","deg","20.000","°C","100.000","%a.s.","21.720","deg","20.000","°C","977.000","hPa","0.861","-0.02617","0.00035","0","0","13.56","Humid","26.25","0","44.00","378867.18","SABD0000000001","AAV1.0.0.11","4.0.0.2323","PSt7-10","170328-019","7/29/2022 11:23:46 AM","0000-00","0","no battery","V","","µV","","µV"
"08/09/2022","10:05:06","6","default","383292078","Oxt_06","3.063","min","90.672","%a.s.","Humid","21.476","deg","42494","µV","27.994","°C","1017.000","hPa","36.4","pmil","0","55.390","deg","20.000","°C","100.000","%a.s.","21.720","deg","20.000","°C","977.000","hPa","0.861","-0.02617","0.00035","0","0","13.56","Humid","26.25","0","44.00","378869.40","SABD0000000001","AAV1.0.0.11","4.0.0.2323","PSt7-10","170328-019","7/29/2022 11:23:46 AM","0000-00","0","no battery","V","","µV","","µV"
"08/09/2022","10:05:07","6","default","383292078","Oxt_06","3.079","min","90.704","%a.s.","Humid","21.472","deg","42495","µV","27.994","°C","1017.000","hPa","36.4","pmil","0","55.390","deg","20.000","°C","100.000","%a.s.","21.720","deg","20.000","°C","977.000","hPa","0.861","-0.02617","0.00035","0","0","13.56","Humid","26.25","0","44.00","378862.61","SABD0000000001","AAV1.0.0.11","4.0.0.2323","PSt7-10","170328-019","7/29/2022 11:23:46 AM","0000-00","0","no battery","V","","µV","","µV"
"08/09/2022","10:05:08","6","default","383292078","Oxt_06","3.095","min","90.688","%a.s.","Humid","21.473","deg","42487","µV","28.003","°C","1017.000","hPa","36.4","pmil","0","55.390","deg","20.000","°C","100.000","%a.s.","21.720","deg","20.000","°C","977.000","hPa","0.861","-0.02617","0.00035","0","0","13.56","Humid","26.25","0","44.00","378860.86","SABD0000000001","AAV1.0.0.11","4.0.0.2323","PSt7-10","170328-019","7/29/2022 11:23:46 AM","0000-00","0","no battery","V","","µV","","µV"
"08/09/2022","10:05:09","6","default","383292078","Oxt_06","3.113","min","90.691","%a.s.","Humid","21.471","deg","42491","µV","28.018","°C","1017.000","hPa","36.4","pmil","0","55.390","deg","20.000","°C","100.000","%a.s.","21.720","deg","20.000","°C","977.000","hPa","0.861","-0.02617","0.00035","0","0","13.56","Humid","26.25","0","44.00","378860.07","SABD0000000001","AAV1.0.0.11","4.0.0.2323","PSt7-10","170328-019","7/29/2022 11:23:46 AM","0000-00","0","no battery","V","","µV","","µV"
"08/09/2022","10:05:10","6","default","383292078","Oxt_06","3.129","min","90.689","%a.s.","Humid","21.472","deg","42491","µV","28.012","°C","1017.000","hPa","36.4","pmil","0","55.390","deg","20.000","°C","100.000","%a.s.","21.720","deg","20.000","°C","977.000","hPa","0.861","-0.02617","0.00035","0","0","13.56","Humid","26.25","0","44.00","378840.91","SABD0000000001","AAV1.0.0.11","4.0.0.2323","PSt7-10","170328-019","7/29/2022 11:23:46 AM","0000-00","0","no battery","V","","µV","","µV"
"08/09/2022","10:05:11","6","default","383292078","Oxt_06","3.145","min","90.672","%a.s.","Humid","21.474","deg","42482","µV","28.013","°C","1017.000","hPa","36.4","pmil","0","55.390","deg","20.000","°C","100.000","%a.s.","21.720","deg","20.000","°C","977.000","hPa","0.861","-0.02617","0.00035","0","0","13.56","Humid","26.25","0","44.00","378848.66","SABD0000000001","AAV1.0.0.11","4.0.0.2323","PSt7-10","170328-019","7/29/2022 11:23:46 AM","0000-00","0","no battery","V","","µV","","µV"
"08/09/2022","10:05:12","6","default","383292078","Oxt_06","3.162","min","90.665","%a.s.","Humid","21.475","deg","42484","µV","28.011","°C","1017.000","hPa","36.4","pmil","0","55.390","deg","20.000","°C","100.000","%a.s.","21.720","deg","20.000","°C","977.000","hPa","0.861","-0.02617","0.00035","0","0","13.56","Humid","26.25","0","44.00","378851.12","SABD0000000001","AAV1.0.0.11","4.0.0.2323","PSt7-10","170328-019","7/29/2022 11:23:46 AM","0000-00","0","no battery","V","","µV","","µV"
"08/09/2022","10:05:13","6","default","383292078","Oxt_06","3.179","min","90.686","%a.s.","Humid","21.473","deg","42486","µV","28.006","°C","1017.000","hPa","36.4","pmil","0","55.390","deg","20.000","°C","100.000","%a.s.","21.720","deg","20.000","°C","977.000","hPa","0.861","-0.02617","0.00035","0","0","13.56","Humid","26.25","0","44.00","378850.47","SABD0000000001","AAV1.0.0.11","4.0.0.2323","PSt7-10","170328-019","7/29/2022 11:23:46 AM","0000-00","0","no battery","V","","µV","","µV"
"08/09/2022","10:05:14","6","default","383292078","Oxt_06","3.195","min","90.723","%a.s.","Humid","21.469","deg","42480","µV","28.000","°C","1017.000","hPa","36.4","pmil","0","55.390","deg","20.000","°C","100.000","%a.s.","21.720","deg","20.000","°C","977.000","hPa","0.861","-0.02617","0.00035","0","0","13.56","Humid","26.25","0","44.00","378844.90","SABD0000000001","AAV1.0.0.11","4.0.0.2323","PSt7-10","170328-019","7/29/2022 11:23:46 AM","0000-00","0","no battery","V","","µV","","µV"
"08/09/2022","10:05:15","6","default","383292078","Oxt_06","3.213","min","90.717","%a.s.","Humid","21.470","deg","42477","µV","27.998","°C","1017.000","hPa","36.4","pmil","0","55.390","deg","20.000","°C","100.000","%a.s.","21.720","deg","20.000","°C","977.000","hPa","0.861","-0.02617","0.00035","0","0","13.56","Humid","26.25","0","44.00","378836.72","SABD0000000001","AAV1.0.0.11","4.0.0.2323","PSt7-10","170328-019","7/29/2022 11:23:46 AM","0000-00","0","no battery","V","","µV","","µV"
"08/09/2022","10:05:16","6","default","383292078","Oxt_06","3.229","min","90.751","%a.s.","Humid","21.466","deg","42482","µV","27.995","°C","1017.000","hPa","36.4","pmil","0","55.390","deg","20.000","°C","100.000","%a.s.","21.720","deg","20.000","°C","977.000","hPa","0.861","-0.02617","0.00035","0","0","13.56","Humid","26.25","0","44.00","378850.38","SABD0000000001","AAV1.0.0.11","4.0.0.2323","PSt7-10","170328-019","7/29/2022 11:23:46 AM","0000-00","0","no battery","V","","µV","","µV"
"08/09/2022","10:05:17","6","default","383292078","Oxt_06","3.246","min","90.766","%a.s.","Humid","21.463","deg","42474","µV","28.005","°C","1017.000","hPa","36.4","pmil","0","55.390","deg","20.000","°C","100.000","%a.s.","21.720","deg","20.000","°C","977.000","hPa","0.861","-0.02617","0.00035","0","0","13.56","Humid","26.25","0","44.00","378846.24","SABD0000000001","AAV1.0.0.11","4.0.0.2323","PSt7-10","170328-019","7/29/2022 11:23:46 AM","0000-00","0","no battery","V","","µV","","µV"
"08/09/2022","10:05:18","6","default","383292078","Oxt_06","3.262","min","90.704","%a.s.","Humid","21.470","deg","42470","µV","28.012","°C","1017.000","hPa","36.4","pmil","0","55.390","deg","20.000","°C","100.000","%a.s.","21.720","deg","20.000","°C","977.000","hPa","0.861","-0.02617","0.00035","0","0","13.56","Humid","26.25","0","44.00","378839.12","SABD0000000001","AAV1.0.0.11","4.0.0.2323","PSt7-10","170328-019","7/29/2022 11:23:46 AM","0000-00","0","no battery","V","","µV","","µV"
"08/09/2022","10:05:19","6","default","383292078","Oxt_06","3.279","min","90.758","%a.s.","Humid","21.464","deg","42476","µV","28.005","°C","1017.000","hPa","36.4","pmil","0","55.390","deg","20.000","°C","100.000","%a.s.","21.720","deg","20.000","°C","977.000","hPa","0.861","-0.02617","0.00035","0","0","13.56","Humid","26.25","0","44.00","378846.29","SABD0000000001","AAV1.0.0.11","4.0.0.2323","PSt7-10","170328-019","7/29/2022 11:23:46 AM","0000-00","0","no battery","V","","µV","","µV"
"08/09/2022","10:05:20","6","default","383292078","Oxt_06","3.295","min","90.737","%a.s.","Humid","21.467","deg","42474","µV","28.002","°C","1017.000","hPa","36.4","pmil","0","55.390","deg","20.000","°C","100.000","%a.s.","21.720","deg","20.000","°C","977.000","hPa","0.861","-0.02617","0.00035","0","0","13.56","Humid","26.25","0","44.00","378841.21","SABD0000000001","AAV1.0.0.11","4.0.0.2323","PSt7-10","170328-019","7/29/2022 11:23:46 AM","0000-00","0","no battery","V","","µV","","µV"
"08/09/2022","10:05:21","6","default","383292078","Oxt_06","3.312","min","90.710","%a.s.","Humid","21.470","deg","42466","µV","28.005","°C","1017.000","hPa","36.4","pmil","0","55.390","deg","20.000","°C","100.000","%a.s.","21.720","deg","20.000","°C","977.000","hPa","0.861","-0.02617","0.00035","0","0","13.56","Humid","26.25","0","44.00","378844.76","SABD0000000001","AAV1.0.0.11","4.0.0.2323","PSt7-10","170328-019","7/29/2022 11:23:46 AM","0000-00","0","no battery","V","","µV","","µV"
"08/09/2022","10:05:22","6","default","383292078","Oxt_06","3.329","min","90.718","%a.s.","Humid","21.470","deg","42469","µV","27.996","°C","1017.000","hPa","36.4","pmil","0","55.390","deg","20.000","°C","100.000","%a.s.","21.720","deg","20.000","°C","977.000","hPa","0.861","-0.02617","0.00035","0","0","13.56","Humid","26.25","0","44.00","378836.31","SABD0000000001","AAV1.0.0.11","4.0.0.2323","PSt7-10","170328-019","7/29/2022 11:23:46 AM","0000-00","0","no battery","V","","µV","","µV"
"08/09/2022","10:05:23","6","default","383292078","Oxt_06","3.345","min","90.758","%a.s.","Humid","21.465","deg","42467","µV","27.996","°C","1017.000","hPa","36.4","pmil","0","55.390","deg","20.000","°C","100.000","%a.s.","21.720","deg","20.000","°C","977.000","hPa","0.861","-0.02617","0.00035","0","0","13.56","Humid","26.25","0","44.00","378839.95","SABD0000000001","AAV1.0.0.11","4.0.0.2323","PSt7-10","170328-019","7/29/2022 11:23:46 AM","0000-00","0","no battery","V","","µV","","µV"
"08/09/2022","10:05:24","6","default","383292078","Oxt_06","3.362","min","90.744","%a.s.","Humid","21.465","deg","42460","µV","28.012","°C","1017.000","hPa","36.4","pmil","0","55.390","deg","20.000","°C","100.000","%a.s.","21.720","deg","20.000","°C","977.000","hPa","0.861","-0.02617","0.00035","0","0","13.56","Humid","26.25","0","44.00","378839.09","SABD0000000001","AAV1.0.0.11","4.0.0.2323","PSt7-10","170328-019","7/29/2022 11:23:46 AM","0000-00","0","no battery","V","","µV","","µV"
"08/09/2022","10:05:25","6","default","383292078","Oxt_06","3.379","min","90.787","%a.s.","Humid","21.462","deg","42464","µV","27.990","°C","1017.000","hPa","36.4","pmil","0","55.390","deg","20.000","°C","100.000","%a.s.","21.720","deg","20.000","°C","977.000","hPa","0.861","-0.02617","0.00035","0","0","13.56","Humid","26.25","0","44.00","378857.47","SABD0000000001","AAV1.0.0.11","4.0.0.2323","PSt7-10","170328-019","7/29/2022 11:23:46 AM","0000-00","0","no battery","V","","µV","","µV"
"08/09/2022","10:05:26","6","default","383292078","Oxt_06","3.395","min","90.798","%a.s.","Humid","21.460","deg","42466","µV","27.996","°C","1017.000","hPa","36.4","pmil","0","55.390","deg","20.000","°C","100.000","%a.s.","21.720","deg","20.000","°C","977.000","hPa","0.861","-0.02617","0.00035","0","0","13.56","Humid","26.25","0","44.00","378831.74","SABD0000000001","AAV1.0.0.11","4.0.0.2323","PSt7-10","170328-019","7/29/2022 11:23:46 AM","0000-00","0","no battery","V","","µV","","µV"
"08/09/2022","10:05:27","6","default","383292078","Oxt_06","3.413","min","90.738","%a.s.","Humid","21.466","deg","42463","µV","28.010","°C","1017.000","hPa","36.4","pmil","0","55.390","deg","20.000","°C","100.000","%a.s.","21.720","deg","20.000","°C","977.000","hPa","0.861","-0.02617","0.00035","0","0","13.56","Humid","26.25","0","44.00","378837.60","SABD0000000001","AAV1.0.0.11","4.0.0.2323","PSt7-10","170328-019","7/29/2022 11:23:46 AM","0000-00","0","no battery","V","","µV","","µV"
"08/09/2022","10:05:28","6","default","383292078","Oxt_06","3.429","min","90.767","%a.s.","Humid","21.463","deg","42460","µV","28.003","°C","1017.000","hPa","36.4","pmil","0","55.390","deg","20.000","°C","100.000","%a.s.","21.720","deg","20.000","°C","977.000","hPa","0.861","-0.02617","0.00035","0","0","13.56","Humid","26.25","0","44.00","378830.62","SABD0000000001","AAV1.0.0.11","4.0.0.2323","PSt7-10","170328-019","7/29/2022 11:23:46 AM","0000-00","0","no battery","V","","µV","","µV"
"08/09/2022","10:05:29","6","default","383292078","Oxt_06","3.445","min","90.781","%a.s.","Humid","21.461","deg","42454","µV","28.006","°C","1017.000","hPa","36.4","pmil","0","55.390","deg","20.000","°C","100.000","%a.s.","21.720","deg","20.000","°C","977.000","hPa","0.861","-0.02617","0.00035","0","0","13.56","Humid","26.25","0","44.00","378840.94","SABD0000000001","AAV1.0.0.11","4.0.0.2323","PSt7-10","170328-019","7/29/2022 11:23:46 AM","0000-00","0","no battery","V","","µV","","µV"
"08/09/2022","10:05:30","6","default","383292078","Oxt_06","3.462","min","90.799","%a.s.","Humid","21.460","deg","42460","µV","27.995","°C","1017.000","hPa","36.4","pmil","0","55.390","deg","20.000","°C","100.000","%a.s.","21.720","deg","20.000","°C","977.000","hPa","0.861","-0.02617","0.00035","0","0","13.56","Humid","26.25","0","44.00","378841.82","SABD0000000001","AAV1.0.0.11","4.0.0.2323","PSt7-10","170328-019","7/29/2022 11:23:46 AM","0000-00","0","no battery","V","","µV","","µV"
"08/09/2022","10:05:31","6","default","383292078","Oxt_06","3.479","min","90.792","%a.s.","Humid","21.460","deg","42458","µV","28.003","°C","1017.000","hPa","36.4","pmil","0","55.390","deg","20.000","°C","100.000","%a.s.","21.720","deg","20.000","°C","977.000","hPa","0.861","-0.02617","0.00035","0","0","13.56","Humid","26.25","0","44.00","378846.58","SABD0000000001","AAV1.0.0.11","4.0.0.2323","PSt7-10","170328-019","7/29/2022 11:23:46 AM","0000-00","0","no battery","V","","µV","","µV"
"08/09/2022","10:05:32","6","default","383292078","Oxt_06","3.496","min","90.803","%a.s.","Humid","21.458","deg","42451","µV","28.009","°C","1017.000","hPa","36.4","pmil","0","55.390","deg","20.000","°C","100.000","%a.s.","21.720","deg","20.000","°C","977.000","hPa","0.861","-0.02617","0.00035","0","0","13.56","Humid","26.25","0","44.00","378824.49","SABD0000000001","AAV1.0.0.11","4.0.0.2323","PSt7-10","170328-019","7/29/2022 11:23:46 AM","0000-00","0","no battery","V","","µV","","µV"
"08/09/2022","10:05:33","6","default","383292078","Oxt_06","3.513","min","90.783","%a.s.","Humid","21.461","deg","42452","µV","28.003","°C","1017.000","hPa","36.4","pmil","0","55.390","deg","20.000","°C","100.000","%a.s.","21.720","deg","20.000","°C","977.000","hPa","0.861","-0.02617","0.00035","0","0","13.56","Humid","26.25","0","44.00","378828.49","SABD0000000001","AAV1.0.0.11","4.0.0.2323","PSt7-10","170328-019","7/29/2022 11:23:46 AM","0000-00","0","no battery","V","","µV","","µV"
"08/09/2022","10:05:34","6","default","383292078","Oxt_06","3.529","min","90.742","%a.s.","Humid","21.465","deg","42445","µV","28.014","°C","1017.000","hPa","36.4","pmil","0","55.390","deg","20.000","°C","100.000","%a.s.","21.720","deg","20.000","°C","977.000","hPa","0.861","-0.02617","0.00035","0","0","13.56","Humid","26.25","0","44.00","378829.00","SABD0000000001","AAV1.0.0.11","4.0.0.2323","PSt7-10","170328-019","7/29/2022 11:23:46 AM","0000-00","0","no battery","V","","µV","","µV"
"08/09/2022","10:05:35","6","default","383292078","Oxt_06","3.545","min","90.830","%a.s.","Humid","21.456","deg","42445","µV","27.995","°C","1017.000","hPa","36.4","pmil","0","55.390","deg","20.000","°C","100.000","%a.s.","21.720","deg","20.000","°C","977.000","hPa","0.861","-0.02617","0.00035","0","0","13.56","Humid","26.25","0","44.00","378822.00","SABD0000000001","AAV1.0.0.11","4.0.0.2323","PSt7-10","170328-019","7/29/2022 11:23:46 AM","0000-00","0","no battery","V","","µV","","µV"
"08/09/2022","10:05:36","6","default","383292078","Oxt_06","3.562","min","90.804","%a.s.","Humid","21.458","deg","42450","µV","28.007","°C","1017.000","hPa","36.4","pmil","0","55.390","deg","20.000","°C","100.000","%a.s.","21.720","deg","20.000","°C","977.000","hPa","0.861","-0.02617","0.00035","0","0","13.56","Humid","26.25","0","44.00","378820.02","SABD0000000001","AAV1.0.0.11","4.0.0.2323","PSt7-10","170328-019","7/29/2022 11:23:46 AM","0000-00","0","no battery","V","","µV","","µV"
"08/09/2022","10:05:37","6","default","383292078","Oxt_06","3.579","min","90.751","%a.s.","Humid","21.464","deg","42444","µV","28.013","°C","1017.000","hPa","36.4","pmil","0","55.390","deg","20.000","°C","100.000","%a.s.","21.720","deg","20.000","°C","977.000","hPa","0.861","-0.02617","0.00035","0","0","13.56","Humid","26.25","0","44.00","378826.10","SABD0000000001","AAV1.0.0.11","4.0.0.2323","PSt7-10","170328-019","7/29/2022 11:23:46 AM","0000-00","0","no battery","V","","µV","","µV"
"08/09/2022","10:05:38","6","default","383292078","Oxt_06","3.595","min","90.816","%a.s.","Humid","21.457","deg","42445","µV","28.003","°C","1017.000","hPa","36.4","pmil","0","55.390","deg","20.000","°C","100.000","%a.s.","21.720","deg","20.000","°C","977.000","hPa","0.861","-0.02617","0.00035","0","0","13.56","Humid","26.25","0","44.00","378822.00","SABD0000000001","AAV1.0.0.11","4.0.0.2323","PSt7-10","170328-019","7/29/2022 11:23:46 AM","0000-00","0","no battery","V","","µV","","µV"
"08/09/2022","10:05:39","6","default","383292078","Oxt_06","3.612","min","90.772","%a.s.","Humid","21.462","deg","42444","µV","28.007","°C","1017.000","hPa","36.4","pmil","0","55.390","deg","20.000","°C","100.000","%a.s.","21.720","deg","20.000","°C","977.000","hPa","0.861","-0.02617","0.00035","0","0","13.56","Humid","26.25","0","44.00","378834.25","SABD0000000001","AAV1.0.0.11","4.0.0.2323","PSt7-10","170328-019","7/29/2022 11:23:46 AM","0000-00","0","no battery","V","","µV","","µV"
"08/09/2022","10:05:40","6","default","383292078","Oxt_06","3.629","min","90.804","%a.s.","Humid","21.457","deg","42449","µV","28.016","°C","1017.000","hPa","36.4","pmil","0","55.390","deg","20.000","°C","100.000","%a.s.","21.720","deg","20.000","°C","977.000","hPa","0.861","-0.02617","0.00035","0","0","13.56","Humid","26.25","0","44.00","378830.33","SABD0000000001","AAV1.0.0.11","4.0.0.2323","PSt7-10","170328-019","7/29/2022 11:23:46 AM","0000-00","0","no battery","V","","µV","","µV"
"08/09/2022","10:05:41","6","default","383292078","Oxt_06","3.646","min","90.803","%a.s.","Humid","21.457","deg","42438","µV","28.018","°C","1017.000","hPa","36.4","pmil","0","55.390","deg","20.000","°C","100.000","%a.s.","21.720","deg","20.000","°C","977.000","hPa","0.861","-0.02617","0.00035","0","0","13.56","Humid","26.25","0","44.00","378815.93","SABD0000000001","AAV1.0.0.11","4.0.0.2323","PSt7-10","170328-019","7/29/2022 11:23:46 AM","0000-00","0","no battery","V","","µV","","µV"
"08/09/2022","10:05:42","6","default","383292078","Oxt_06","3.663","min","90.863","%a.s.","Humid","21.450","deg","42436","µV","28.012","°C","1017.000","hPa","36.4","pmil","0","55.390","deg","20.000","°C","100.000","%a.s.","21.720","deg","20.000","°C","977.000","hPa","0.861","-0.02617","0.00035","0","0","13.56","Humid","26.25","0","44.00","378822.20","SABD0000000001","AAV1.0.0.11","4.0.0.2323","PSt7-10","170328-019","7/29/2022 11:23:46 AM","0000-00","0","no battery","V","","µV","","µV"
"08/09/2022","10:05:43","6","default","383292078","Oxt_06","3.679","min","90.848","%a.s.","Humid","21.451","deg","42441","µV","28.021","°C","1017.000","hPa","36.4","pmil","0","55.390","deg","20.000","°C","100.000","%a.s.","21.720","deg","20.000","°C","977.000","hPa","0.861","-0.02617","0.00035","0","0","13.56","Humid","26.25","0","44.00","378810.47","SABD0000000001","AAV1.0.0.11","4.0.0.2323","PSt7-10","170328-019","7/29/2022 11:23:46 AM","0000-00","0","no battery","V","","µV","","µV"
"08/09/2022","10:05:44","6","default","383292078","Oxt_06","3.696","min","90.899","%a.s.","Humid","21.447","deg","42434","µV","27.999","°C","1017.000","hPa","36.4","pmil","0","55.390","deg","20.000","°C","100.000","%a.s.","21.720","deg","20.000","°C","977.000","hPa","0.861","-0.02617","0.00035","0","0","13.56","Humid","26.25","0","44.00","378823.18","SABD0000000001","AAV1.0.0.11","4.0.0.2323","PSt7-10","170328-019","7/29/2022 11:23:46 AM","0000-00","0","no battery","V","","µV","","µV"
"08/09/2022","10:05:45","6","default","383292078","Oxt_06","3.712","min","90.824","%a.s.","Humid","21.457","deg","42435","µV","27.993","°C","1017.000","hPa","36.4","pmil","0","55.390","deg","20.000","°C","100.000","%a.s.","21.720","deg","20.000","°C","977.000","hPa","0.861","-0.02617","0.00035","0","0","13.56","Humid","26.25","0","44.00","378806.47","SABD0000000001","AAV1.0.0.11","4.0.0.2323","PSt7-10","170328-019","7/29/2022 11:23:46 AM","0000-00","0","no battery","V","","µV","","µV"
"08/09/2022","10:05:46","6","default","383292078","Oxt_06","3.729","min","90.853","%a.s.","Humid","21.452","deg","42432","µV","28.006","°C","1017.000","hPa","36.4","pmil","0","55.390","deg","20.000","°C","100.000","%a.s.","21.720","deg","20.000","°C","977.000","hPa","0.861","-0.02617","0.00035","0","0","13.56","Humid","26.25","0","44.00","378819.23","SABD0000000001","AAV1.0.0.11","4.0.0.2323","PSt7-10","170328-019","7/29/2022 11:23:46 AM","0000-00","0","no battery","V","","µV","","µV"
"08/09/2022","10:05:47","6","default","383292078","Oxt_06","3.746","min","90.845","%a.s.","Humid","21.451","deg","42432","µV","28.025","°C","1017.000","hPa","36.4","pmil","0","55.390","deg","20.000","°C","100.000","%a.s.","21.720","deg","20.000","°C","977.000","hPa","0.861","-0.02617","0.00035","0","0","13.56","Humid","26.25","0","44.00","378798.00","SABD0000000001","AAV1.0.0.11","4.0.0.2323","PSt7-10","170328-019","7/29/2022 11:23:46 AM","0000-00","0","no battery","V","","µV","","µV"
"08/09/2022","10:05:48","6","default","383292078","Oxt_06","3.762","min","90.813","%a.s.","Humid","21.456","deg","42427","µV","28.016","°C","1017.000","hPa","36.4","pmil","0","55.390","deg","20.000","°C","100.000","%a.s.","21.720","deg","20.000","°C","977.000","hPa","0.861","-0.02617","0.00035","0","0","13.56","Humid","26.25","0","44.00","378806.34","SABD0000000001","AAV1.0.0.11","4.0.0.2323","PSt7-10","170328-019","7/29/2022 11:23:46 AM","0000-00","0","no battery","V","","µV","","µV"
"08/09/2022","10:05:49","6","default","383292078","Oxt_06","3.779","min","90.811","%a.s.","Humid","21.457","deg","42426","µV","28.008","°C","1017.000","hPa","36.4","pmil","0","55.390","deg","20.000","°C","100.000","%a.s.","21.720","deg","20.000","°C","977.000","hPa","0.861","-0.02617","0.00035","0","0","13.56","Humid","26.25","0","44.00","378799.47","SABD0000000001","AAV1.0.0.11","4.0.0.2323","PSt7-10","170328-019","7/29/2022 11:23:46 AM","0000-00","0","no battery","V","","µV","","µV"
"08/09/2022","10:05:50","6","default","383292078","Oxt_06","3.796","min","90.807","%a.s.","Humid","21.457","deg","42428","µV","28.013","°C","1017.000","hPa","36.4","pmil","0","55.390","deg","20.000","°C","100.000","%a.s.","21.720","deg","20.000","°C","977.000","hPa","0.861","-0.02617","0.00035","0","0","13.56","Humid","26.25","0","44.00","378803.77","SABD0000000001","AAV1.0.0.11","4.0.0.2323","PSt7-10","170328-019","7/29/2022 11:23:46 AM","0000-00","0","no battery","V","","µV","","µV"
"08/09/2022","10:05:51","6","default","383292078","Oxt_06","3.813","min","90.805","%a.s.","Humid","21.457","deg","42428","µV","28.016","°C","1017.000","hPa","36.4","pmil","0","55.390","deg","20.000","°C","100.000","%a.s.","21.720","deg","20.000","°C","977.000","hPa","0.861","-0.02617","0.00035","0","0","13.56","Humid","26.25","0","44.00","378803.99","SABD0000000001","AAV1.0.0.11","4.0.0.2323","PSt7-10","170328-019","7/29/2022 11:23:46 AM","0000-00","0","no battery","V","","µV","","µV"
"08/09/2022","10:05:52","6","default","383292078","Oxt_06","3.829","min","90.818","%a.s.","Humid","21.456","deg","42420","µV","28.009","°C","1017.000","hPa","36.4","pmil","0","55.390","deg","20.000","°C","100.000","%a.s.","21.720","deg","20.000","°C","977.000","hPa","0.861","-0.02617","0.00035","0","0","13.56","Humid","26.25","0","44.00","378796.53","SABD0000000001","AAV1.0.0.11","4.0.0.2323","PSt7-10","170328-019","7/29/2022 11:23:46 AM","0000-00","0","no battery","V","","µV","","µV"
"08/09/2022","10:05:53","6","default","383292078","Oxt_06","3.846","min","90.888","%a.s.","Humid","21.448","deg","42414","µV","28.002","°C","1017.000","hPa","36.4","pmil","0","55.390","deg","20.000","°C","100.000","%a.s.","21.720","deg","20.000","°C","977.000","hPa","0.861","-0.02617","0.00035","0","0","13.56","Humid","26.25","0","44.00","378809.36","SABD0000000001","AAV1.0.0.11","4.0.0.2323","PSt7-10","170328-019","7/29/2022 11:23:46 AM","0000-00","0","no battery","V","","µV","","µV"
"08/09/2022","10:05:54","6","default","383292078","Oxt_06","3.862","min","90.855","%a.s.","Humid","21.452","deg","42417","µV","28.004","°C","1017.000","hPa","36.4","pmil","0","55.390","deg","20.000","°C","100.000","%a.s.","21.720","deg","20.000","°C","977.000","hPa","0.861","-0.02617","0.00035","0","0","13.56","Humid","26.25","0","44.00","378801.92","SABD0000000001","AAV1.0.0.11","4.0.0.2323","PSt7-10","170328-019","7/29/2022 11:23:46 AM","0000-00","0","no battery","V","","µV","","µV"
"08/09/2022","10:05:55","6","default","383292078","Oxt_06","3.879","min","90.911","%a.s.","Humid","21.446","deg","42421","µV","27.994","°C","1017.000","hPa","36.4","pmil","0","55.390","deg","20.000","°C","100.000","%a.s.","21.720","deg","20.000","°C","977.000","hPa","0.861","-0.02617","0.00035","0","0","13.56","Humid","26.25","0","44.00","378800.36","SABD0000000001","AAV1.0.0.11","4.0.0.2323","PSt7-10","170328-019","7/29/2022 11:23:46 AM","0000-00","0","no battery","V","","µV","","µV"
"08/09/2022","10:05:56","6","default","383292078","Oxt_06","3.896","min","90.838","%a.s.","Humid","21.453","deg","42413","µV","28.014","°C","1017.000","hPa","36.4","pmil","0","55.390","deg","20.000","°C","100.000","%a.s.","21.720","deg","20.000","°C","977.000","hPa","0.861","-0.02617","0.00035","0","0","13.56","Humid","26.25","0","44.00","378810.70","SABD0000000001","AAV1.0.0.11","4.0.0.2323","PSt7-10","170328-019","7/29/2022 11:23:46 AM","0000-00","0","no battery","V","","µV","","µV"
"08/09/2022","10:05:57","6","default","383292078","Oxt_06","3.913","min","90.892","%a.s.","Humid","21.447","deg","42414","µV","28.007","°C","1017.000","hPa","36.4","pmil","0","55.390","deg","20.000","°C","100.000","%a.s.","21.720","deg","20.000","°C","977.000","hPa","0.861","-0.02617","0.00035","0","0","13.56","Humid","26.25","0","44.00","378801.12","SABD0000000001","AAV1.0.0.11","4.0.0.2323","PSt7-10","170328-019","7/29/2022 11:23:46 AM","0000-00","0","no battery","V","","µV","","µV"
"08/09/2022","10:05:58","6","default","383292078","Oxt_06","3.929","min","90.874","%a.s.","Humid","21.449","deg","42407","µV","28.010","°C","1017.000","hPa","36.4","pmil","0","55.390","deg","20.000","°C","100.000","%a.s.","21.720","deg","20.000","°C","977.000","hPa","0.861","-0.02617","0.00035","0","0","13.56","Humid","26.25","0","44.00","378794.46","SABD0000000001","AAV1.0.0.11","4.0.0.2323","PSt7-10","170328-019","7/29/2022 11:23:46 AM","0000-00","0","no battery","V","","µV","","µV"
"08/09/2022","10:05:59","6","default","383292078","Oxt_06","3.946","min","90.796","%a.s.","Humid","21.459","deg","42410","µV","28.007","°C","1017.000","hPa","36.4","pmil","0","55.390","deg","20.000","°C","100.000","%a.s.","21.720","deg","20.000","°C","977.000","hPa","0.861","-0.02617","0.00035","0","0","13.56","Humid","26.25","0","44.00","378799.82","SABD0000000001","AAV1.0.0.11","4.0.0.2323","PSt7-10","170328-019","7/29/2022 11:23:46 AM","0000-00","0","no battery","V","","µV","","µV"
"08/09/2022","10:06:00","6","default","383292078","Oxt_06","3.962","min","90.876","%a.s.","Humid","21.449","deg","42409","µV","28.007","°C","1017.000","hPa","36.4","pmil","0","55.390","deg","20.000","°C","100.000","%a.s.","21.720","deg","20.000","°C","977.000","hPa","0.861","-0.02617","0.00035","0","0","13.56","Humid","26.25","0","44.00","378785.78","SABD0000000001","AAV1.0.0.11","4.0.0.2323","PSt7-10","170328-019","7/29/2022 11:23:46 AM","0000-00","0","no battery","V","","µV","","µV"
"08/09/2022","10:06:01","6","default","383292078","Oxt_06","3.979","min","90.921","%a.s.","Humid","21.444","deg","42403","µV","28.001","°C","1017.000","hPa","36.4","pmil","0","55.390","deg","20.000","°C","100.000","%a.s.","21.720","deg","20.000","°C","977.000","hPa","0.861","-0.02617","0.00035","0","0","13.56","Humid","26.25","0","44.00","378786.10","SABD0000000001","AAV1.0.0.11","4.0.0.2323","PSt7-10","170328-019","7/29/2022 11:23:46 AM","0000-00","0","no battery","V","","µV","","µV"
"08/09/2022","10:06:02","6","default","383292078","Oxt_06","3.996","min","90.895","%a.s.","Humid","21.447","deg","42396","µV","28.003","°C","1017.000","hPa","36.4","pmil","0","55.390","deg","20.000","°C","100.000","%a.s.","21.720","deg","20.000","°C","977.000","hPa","0.861","-0.02617","0.00035","0","0","13.56","Humid","26.25","0","44.00","378795.42","SABD0000000001","AAV1.0.0.11","4.0.0.2323","PSt7-10","170328-019","7/29/2022 11:23:46 AM","0000-00","0","no battery","V","","µV","","µV"
"08/09/2022","10:06:03","6","default","383292078","Oxt_06","4.012","min","90.937","%a.s.","Humid","21.441","deg","42399","µV","28.011","°C","1017.000","hPa","36.4","pmil","0","55.390","deg","20.000","°C","100.000","%a.s.","21.720","deg","20.000","°C","977.000","hPa","0.861","-0.02617","0.00035","0","0","13.56","Humid","26.25","0","44.00","378790.01","SABD0000000001","AAV1.0.0.11","4.0.0.2323","PSt7-10","170328-019","7/29/2022 11:23:46 AM","0000-00","0","no battery","V","","µV","","µV"
"08/09/2022","10:06:04","6","default","383292078","Oxt_06","4.029","min","90.913","%a.s.","Humid","21.445","deg","42391","µV","28.001","°C","1017.000","hPa","36.4","pmil","0","55.390","deg","20.000","°C","100.000","%a.s.","21.720","deg","20.000","°C","977.000","hPa","0.861","-0.02617","0.00035","0","0","13.56","Humid","26.25","0","44.00","378786.81","SABD0000000001","AAV1.0.0.11","4.0.0.2323","PSt7-10","170328-019","7/29/2022 11:23:46 AM","0000-00","0","no battery","V","","µV","","µV"
"08/09/2022","10:06:05","6","default","383292078","Oxt_06","4.046","min","90.908","%a.s.","Humid","21.445","deg","42385","µV","28.007","°C","1017.000","hPa","36.4","pmil","0","55.390","deg","20.000","°C","100.000","%a.s.","21.720","deg","20.000","°C","977.000","hPa","0.861","-0.02617","0.00035","0","0","13.56","Humid","26.25","0","44.00","378799.11","SABD0000000001","AAV1.0.0.11","4.0.0.2323","PSt7-10","170328-019","7/29/2022 11:23:46 AM","0000-00","0","no battery","V","","µV","","µV"
"08/09/2022","10:06:06","6","default","383292078","Oxt_06","4.062","min","90.867","%a.s.","Humid","21.449","deg","42387","µV","28.017","°C","1017.000","hPa","36.4","pmil","0","55.390","deg","20.000","°C","100.000","%a.s.","21.720","deg","20.000","°C","977.000","hPa","0.861","-0.02617","0.00035","0","0","13.56","Humid","26.25","0","44.00","378793.51","SABD0000000001","AAV1.0.0.11","4.0.0.2323","PSt7-10","170328-019","7/29/2022 11:23:46 AM","0000-00","0","no battery","V","","µV","","µV"
"08/09/2022","10:06:07","6","default","383292078","Oxt_06","4.079","min","90.933","%a.s.","Humid","21.442","deg","42388","µV","28.006","°C","1017.000","hPa","36.4","pmil","0","55.390","deg","20.000","°C","100.000","%a.s.","21.720","deg","20.000","°C","977.000","hPa","0.861","-0.02617","0.00035","0","0","13.56","Humid","26.25","0","44.00","378793.09","SABD0000000001","AAV1.0.0.11","4.0.0.2323","PSt7-10","170328-019","7/29/2022 11:23:46 AM","0000-00","0","no battery","V","","µV","","µV"
"08/09/2022","10:06:08","6","default","383292078","Oxt_06","4.096","min","90.939","%a.s.","Humid","21.441","deg","42388","µV","28.008","°C","1017.000","hPa","36.4","pmil","0","55.390","deg","20.000","°C","100.000","%a.s.","21.720","deg","20.000","°C","977.000","hPa","0.861","-0.02617","0.00035","0","0","13.56","Humid","26.25","0","44.00","378791.84","SABD0000000001","AAV1.0.0.11","4.0.0.2323","PSt7-10","170328-019","7/29/2022 11:23:46 AM","0000-00","0","no battery","V","","µV","","µV"
"08/09/2022","10:06:09","6","default","383292078","Oxt_06","4.112","min","90.944","%a.s.","Humid","21.440","deg","42387","µV","28.011","°C","1017.000","hPa","36.4","pmil","0","55.390","deg","20.000","°C","100.000","%a.s.","21.720","deg","20.000","°C","977.000","hPa","0.861","-0.02617","0.00035","0","0","13.56","Humid","26.25","0","44.00","378789.32","SABD0000000001","AAV1.0.0.11","4.0.0.2323","PSt7-10","170328-019","7/29/2022 11:23:46 AM","0000-00","0","no battery","V","","µV","","µV"
"08/09/2022","10:06:10","6","default","383292078","Oxt_06","4.129","min","90.964","%a.s.","Humid","21.437","deg","42383","µV","28.016","°C","1017.000","hPa","36.4","pmil","0","55.390","deg","20.000","°C","100.000","%a.s.","21.720","deg","20.000","°C","977.000","hPa","0.861","-0.02617","0.00035","0","0","13.56","Humid","26.25","0","44.00","378787.08","SABD0000000001","AAV1.0.0.11","4.0.0.2323","PSt7-10","170328-019","7/29/2022 11:23:46 AM","0000-00","0","no battery","V","","µV","","µV"
"08/09/2022","10:06:11","6","default","383292078","Oxt_06","4.145","min","90.887","%a.s.","Humid","21.447","deg","42382","µV","28.012","°C","1017.000","hPa","36.4","pmil","0","55.390","deg","20.000","°C","100.000","%a.s.","21.720","deg","20.000","°C","977.000","hPa","0.861","-0.02617","0.00035","0","0","13.56","Humid","26.25","0","44.00","378779.98","SABD0000000001","AAV1.0.0.11","4.0.0.2323","PSt7-10","170328-019","7/29/2022 11:23:46 AM","0000-00","0","no battery","V","","µV","","µV"
"08/09/2022","10:06:12","6","default","383292078","Oxt_06","4.162","min","90.942","%a.s.","Humid","21.441","deg","42381","µV","28.005","°C","1017.000","hPa","36.4","pmil","0","55.390","deg","20.000","°C","100.000","%a.s.","21.720","deg","20.000","°C","977.000","hPa","0.861","-0.02617","0.00035","0","0","13.56","Humid","26.25","0","44.00","378792.14","SABD0000000001","AAV1.0.0.11","4.0.0.2323","PSt7-10","170328-019","7/29/2022 11:23:46 AM","0000-00","0","no battery","V","","µV","","µV"
"08/09/2022","10:06:13","6","default","383292078","Oxt_06","4.179","min","90.939","%a.s.","Humid","21.441","deg","42377","µV","28.008","°C","1017.000","hPa","36.4","pmil","0","55.390","deg","20.000","°C","100.000","%a.s.","21.720","deg","20.000","°C","977.000","hPa","0.861","-0.02617","0.00035","0","0","13.56","Humid","26.25","0","44.00","378784.27","SABD0000000001","AAV1.0.0.11","4.0.0.2323","PSt7-10","170328-019","7/29/2022 11:23:46 AM","0000-00","0","no battery","V","","µV","","µV"
"08/09/2022","10:06:14","6","default","383292078","Oxt_06","4.196","min","90.969","%a.s.","Humid","21.438","deg","42378","µV","28.001","°C","1017.000","hPa","36.4","pmil","0","55.390","deg","20.000","°C","100.000","%a.s.","21.720","deg","20.000","°C","977.000","hPa","0.861","-0.02617","0.00035","0","0","13.56","Humid","26.25","0","44.00","378778.44","SABD0000000001","AAV1.0.0.11","4.0.0.2323","PSt7-10","170328-019","7/29/2022 11:23:46 AM","0000-00","0","no battery","V","","µV","","µV"
"08/09/2022","10:06:15","6","default","383292078","Oxt_06","4.212","min","90.883","%a.s.","Humid","21.448","deg","42373","µV","28.008","°C","1017.000","hPa","36.4","pmil","0","55.390","deg","20.000","°C","100.000","%a.s.","21.720","deg","20.000","°C","977.000","hPa","0.861","-0.02617","0.00035","0","0","13.56","Humid","26.25","0","44.00","378797.04","SABD0000000001","AAV1.0.0.11","4.0.0.2323","PSt7-10","170328-019","7/29/2022 11:23:46 AM","0000-00","0","no battery","V","","µV","","µV"
"08/09/2022","10:06:16","6","default","383292078","Oxt_06","4.229","min","90.944","%a.s.","Humid","21.440","deg","42377","µV","28.011","°C","1017.000","hPa","36.4","pmil","0","55.390","deg","20.000","°C","100.000","%a.s.","21.720","deg","20.000","°C","977.000","hPa","0.861","-0.02617","0.00035","0","0","13.56","Humid","26.25","0","44.00","378794.20","SABD0000000001","AAV1.0.0.11","4.0.0.2323","PSt7-10","170328-019","7/29/2022 11:23:46 AM","0000-00","0","no battery","V","","µV","","µV"
"08/09/2022","10:06:17","6","default","383292078","Oxt_06","4.246","min","90.985","%a.s.","Humid","21.435","deg","42378","µV","28.010","°C","1017.000","hPa","36.4","pmil","0","55.390","deg","20.000","°C","100.000","%a.s.","21.720","deg","20.000","°C","977.000","hPa","0.861","-0.02617","0.00035","0","0","13.56","Humid","26.25","0","44.00","378794.53","SABD0000000001","AAV1.0.0.11","4.0.0.2323","PSt7-10","170328-019","7/29/2022 11:23:46 AM","0000-00","0","no battery","V","","µV","","µV"
"08/09/2022","10:06:18","6","default","383292078","Oxt_06","4.262","min","91.003","%a.s.","Humid","21.434","deg","42375","µV","27.999","°C","1017.000","hPa","36.4","pmil","0","55.390","deg","20.000","°C","100.000","%a.s.","21.720","deg","20.000","°C","977.000","hPa","0.861","-0.02617","0.00035","0","0","13.56","Humid","26.25","0","44.00","378778.76","SABD0000000001","AAV1.0.0.11","4.0.0.2323","PSt7-10","170328-019","7/29/2022 11:23:46 AM","0000-00","0","no battery","V","","µV","","µV"
"08/09/2022","10:06:19","6","default","383292078","Oxt_06","4.279","min","90.930","%a.s.","Humid","21.443","deg","42377","µV","28.000","°C","1017.000","hPa","36.4","pmil","0","55.390","deg","20.000","°C","100.000","%a.s.","21.720","deg","20.000","°C","977.000","hPa","0.861","-0.02617","0.00035","0","0","13.56","Humid","26.25","0","44.00","378767.37","SABD0000000001","AAV1.0.0.11","4.0.0.2323","PSt7-10","170328-019","7/29/2022 11:23:46 AM","0000-00","0","no battery","V","","µV","","µV"
"08/09/2022","10:06:20","6","default","383292078","Oxt_06","4.295","min","90.962","%a.s.","Humid","21.440","deg","42367","µV","27.991","°C","1017.000","hPa","36.4","pmil","0","55.390","deg","20.000","°C","100.000","%a.s.","21.720","deg","20.000","°C","977.000","hPa","0.861","-0.02617","0.00035","0","0","13.56","Humid","26.25","0","44.00","378778.10","SABD0000000001","AAV1.0.0.11","4.0.0.2323","PSt7-10","170328-019","7/29/2022 11:23:46 AM","0000-00","0","no battery","V","","µV","","µV"
"08/09/2022","10:06:21","6","default","383292078","Oxt_06","4.313","min","90.959","%a.s.","Humid","21.439","deg","42375","µV","28.003","°C","1017.000","hPa","36.4","pmil","0","55.390","deg","20.000","°C","100.000","%a.s.","21.720","deg","20.000","°C","977.000","hPa","0.861","-0.02617","0.00035","0","0","13.56","Humid","26.25","0","44.00","378773.35","SABD0000000001","AAV1.0.0.11","4.0.0.2323","PSt7-10","170328-019","7/29/2022 11:23:46 AM","0000-00","0","no battery","V","","µV","","µV"
"08/09/2022","10:06:22","6","default","383292078","Oxt_06","4.329","min","90.977","%a.s.","Humid","21.437","deg","42368","µV","28.001","°C","1017.000","hPa","36.4","pmil","0","55.390","deg","20.000","°C","100.000","%a.s.","21.720","deg","20.000","°C","977.000","hPa","0.861","-0.02617","0.00035","0","0","13.56","Humid","26.25","0","44.00","378781.48","SABD0000000001","AAV1.0.0.11","4.0.0.2323","PSt7-10","170328-019","7/29/2022 11:23:46 AM","0000-00","0","no battery","V","","µV","","µV"
"08/09/2022","10:06:23","6","default","383292078","Oxt_06","4.346","min","90.921","%a.s.","Humid","21.445","deg","42371","µV","27.992","°C","1017.000","hPa","36.4","pmil","0","55.390","deg","20.000","°C","100.000","%a.s.","21.720","deg","20.000","°C","977.000","hPa","0.861","-0.02617","0.00035","0","0","13.56","Humid","26.25","0","44.00","378778.87","SABD0000000001","AAV1.0.0.11","4.0.0.2323","PSt7-10","170328-019","7/29/2022 11:23:46 AM","0000-00","0","no battery","V","","µV","","µV"
"08/09/2022","10:06:24","6","default","383292078","Oxt_06","4.362","min","90.967","%a.s.","Humid","21.439","deg","42366","µV","27.994","°C","1017.000","hPa","36.4","pmil","0","55.390","deg","20.000","°C","100.000","%a.s.","21.720","deg","20.000","°C","977.000","hPa","0.861","-0.02617","0.00035","0","0","13.56","Humid","26.25","0","44.00","378777.09","SABD0000000001","AAV1.0.0.11","4.0.0.2323","PSt7-10","170328-019","7/29/2022 11:23:46 AM","0000-00","0","no battery","V","","µV","","µV"
"08/09/2022","10:06:25","6","default","383292078","Oxt_06","4.379","min","90.943","%a.s.","Humid","21.439","deg","42363","µV","28.022","°C","1017.000","hPa","36.4","pmil","0","55.390","deg","20.000","°C","100.000","%a.s.","21.720","deg","20.000","°C","977.000","hPa","0.861","-0.02617","0.00035","0","0","13.56","Humid","26.25","0","44.00","378763.84","SABD0000000001","AAV1.0.0.11","4.0.0.2323","PSt7-10","170328-019","7/29/2022 11:23:46 AM","0000-00","0","no battery","V","","µV","","µV"
"08/09/2022","10:06:26","6","default","383292078","Oxt_06","4.396","min","90.912","%a.s.","Humid","21.444","deg","42362","µV","28.012","°C","1017.000","hPa","36.4","pmil","0","55.390","deg","20.000","°C","100.000","%a.s.","21.720","deg","20.000","°C","977.000","hPa","0.861","-0.02617","0.00035","0","0","13.56","Humid","26.25","0","44.00","378774.83","SABD0000000001","AAV1.0.0.11","4.0.0.2323","PSt7-10","170328-019","7/29/2022 11:23:46 AM","0000-00","0","no battery","V","","µV","","µV"
"08/09/2022","10:06:27","6","default","383292078","Oxt_06","4.412","min","90.956","%a.s.","Humid","21.439","deg","42362","µV","28.007","°C","1017.000","hPa","36.4","pmil","0","55.390","deg","20.000","°C","100.000","%a.s.","21.720","deg","20.000","°C","977.000","hPa","0.861","-0.02617","0.00035","0","0","13.56","Humid","26.25","0","44.00","378766.20","SABD0000000001","AAV1.0.0.11","4.0.0.2323","PSt7-10","170328-019","7/29/2022 11:23:46 AM","0000-00","0","no battery","V","","µV","","µV"
"08/09/2022","10:06:28","6","default","383292078","Oxt_06","4.429","min","90.972","%a.s.","Humid","21.436","deg","42361","µV","28.015","°C","1017.000","hPa","36.4","pmil","0","55.390","deg","20.000","°C","100.000","%a.s.","21.720","deg","20.000","°C","977.000","hPa","0.861","-0.02617","0.00035","0","0","13.56","Humid","26.25","0","44.00","378785.31","SABD0000000001","AAV1.0.0.11","4.0.0.2323","PSt7-10","170328-019","7/29/2022 11:23:46 AM","0000-00","0","no battery","V","","µV","","µV"
"08/09/2022","10:06:29","6","default","383292078","Oxt_06","4.446","min","90.918","%a.s.","Humid","21.443","deg","42358","µV","28.014","°C","1017.000","hPa","36.4","pmil","0","55.390","deg","20.000","°C","100.000","%a.s.","21.720","deg","20.000","°C","977.000","hPa","0.861","-0.02617","0.00035","0","0","13.56","Humid","26.25","0","44.00","378780.78","SABD0000000001","AAV1.0.0.11","4.0.0.2323","PSt7-10","170328-019","7/29/2022 11:23:46 AM","0000-00","0","no battery","V","","µV","","µV"
"08/09/2022","10:06:30","6","default","383292078","Oxt_06","4.462","min","90.971","%a.s.","Humid","21.437","deg","42360","µV","28.008","°C","1017.000","hPa","36.4","pmil","0","55.390","deg","20.000","°C","100.000","%a.s.","21.720","deg","20.000","°C","977.000","hPa","0.861","-0.02617","0.00035","0","0","13.56","Humid","26.25","0","44.00","378774.39","SABD0000000001","AAV1.0.0.11","4.0.0.2323","PSt7-10","170328-019","7/29/2022 11:23:46 AM","0000-00","0","no battery","V","","µV","","µV"
"08/09/2022","10:06:31","6","default","383292078","Oxt_06","4.479","min","90.948","%a.s.","Humid","21.438","deg","42356","µV","28.024","°C","1017.000","hPa","36.4","pmil","0","55.390","deg","20.000","°C","100.000","%a.s.","21.720","deg","20.000","°C","977.000","hPa","0.861","-0.02617","0.00035","0","0","13.56","Humid","26.25","0","44.00","378783.08","SABD0000000001","AAV1.0.0.11","4.0.0.2323","PSt7-10","170328-019","7/29/2022 11:23:46 AM","0000-00","0","no battery","V","","µV","","µV"
"08/09/2022","10:06:32","6","default","383292078","Oxt_06","4.495","min","90.985","%a.s.","Humid","21.436","deg","42356","µV","28.001","°C","1017.000","hPa","36.4","pmil","0","55.390","deg","20.000","°C","100.000","%a.s.","21.720","deg","20.000","°C","977.000","hPa","0.861","-0.02617","0.00035","0","0","13.56","Humid","26.25","0","44.00","378774.92","SABD0000000001","AAV1.0.0.11","4.0.0.2323","PSt7-10","170328-019","7/29/2022 11:23:46 AM","0000-00","0","no battery","V","","µV","","µV"
"08/09/2022","10:06:33","6","default","383292078","Oxt_06","4.513","min","91.010","%a.s.","Humid","21.433","deg","42359","µV","28.000","°C","1017.000","hPa","36.4","pmil","0","55.390","deg","20.000","°C","100.000","%a.s.","21.720","deg","20.000","°C","977.000","hPa","0.861","-0.02617","0.00035","0","0","13.56","Humid","26.25","0","44.00","378762.11","SABD0000000001","AAV1.0.0.11","4.0.0.2323","PSt7-10","170328-019","7/29/2022 11:23:46 AM","0000-00","0","no battery","V","","µV","","µV"
"08/09/2022","10:06:34","6","default","383292078","Oxt_06","4.529","min","90.991","%a.s.","Humid","21.434","deg","42353","µV","28.013","°C","1017.000","hPa","36.4","pmil","0","55.390","deg","20.000","°C","100.000","%a.s.","21.720","deg","20.000","°C","977.000","hPa","0.861","-0.02617","0.00035","0","0","13.56","Humid","26.25","0","44.00","378781.48","SABD0000000001","AAV1.0.0.11","4.0.0.2323","PSt7-10","170328-019","7/29/2022 11:23:46 AM","0000-00","0","no battery","V","","µV","","µV"
"08/09/2022","10:06:35","6","default","383292078","Oxt_06","4.545","min","91.009","%a.s.","Humid","21.432","deg","42353","µV","28.010","°C","1017.000","hPa","36.4","pmil","0","55.390","deg","20.000","°C","100.000","%a.s.","21.720","deg","20.000","°C","977.000","hPa","0.861","-0.02617","0.00035","0","0","13.56","Humid","26.25","0","44.00","378769.03","SABD0000000001","AAV1.0.0.11","4.0.0.2323","PSt7-10","170328-019","7/29/2022 11:23:46 AM","0000-00","0","no battery","V","","µV","","µV"
"08/09/2022","10:06:36","6","default","383292078","Oxt_06","4.563","min","90.942","%a.s.","Humid","21.440","deg","42351","µV","28.013","°C","1017.000","hPa","36.4","pmil","0","55.390","deg","20.000","°C","100.000","%a.s.","21.720","deg","20.000","°C","977.000","hPa","0.861","-0.02617","0.00035","0","0","13.56","Humid","26.25","0","44.00","378768.95","SABD0000000001","AAV1.0.0.11","4.0.0.2323","PSt7-10","170328-019","7/29/2022 11:23:46 AM","0000-00","0","no battery","V","","µV","","µV"
"08/09/2022","10:06:37","6","default","383292078","Oxt_06","4.579","min","91.086","%a.s.","Humid","21.422","deg","42350","µV","28.013","°C","1017.000","hPa","36.4","pmil","0","55.390","deg","20.000","°C","100.000","%a.s.","21.720","deg","20.000","°C","977.000","hPa","0.861","-0.02617","0.00035","0","0","13.56","Humid","26.25","0","44.00","378779.45","SABD0000000001","AAV1.0.0.11","4.0.0.2323","PSt7-10","170328-019","7/29/2022 11:23:46 AM","0000-00","0","no battery","V","","µV","","µV"
"08/09/2022","10:06:38","6","default","383292078","Oxt_06","4.596","min","91.040","%a.s.","Humid","21.429","deg","42344","µV","28.002","°C","1017.000","hPa","36.4","pmil","0","55.390","deg","20.000","°C","100.000","%a.s.","21.720","deg","20.000","°C","977.000","hPa","0.861","-0.02617","0.00035","0","0","13.56","Humid","26.25","0","44.00","378774.53","SABD0000000001","AAV1.0.0.11","4.0.0.2323","PSt7-10","170328-019","7/29/2022 11:23:46 AM","0000-00","0","no battery","V","","µV","","µV"
"08/09/2022","10:06:39","6","default","383292078","Oxt_06","4.612","min","91.032","%a.s.","Humid","21.430","deg","42340","µV","28.002","°C","1017.000","hPa","36.4","pmil","0","55.390","deg","20.000","°C","100.000","%a.s.","21.720","deg","20.000","°C","977.000","hPa","0.861","-0.02617","0.00035","0","0","13.56","Humid","26.25","0","44.00","378771.30","SABD0000000001","AAV1.0.0.11","4.0.0.2323","PSt7-10","170328-019","7/29/2022 11:23:46 AM","0000-00","0","no battery","V","","µV","","µV"
"08/09/2022","10:06:40","6","default","383292078","Oxt_06","4.629","min","91.022","%a.s.","Humid","21.431","deg","42342","µV","28.005","°C","1017.000","hPa","36.4","pmil","0","55.390","deg","20.000","°C","100.000","%a.s.","21.720","deg","20.000","°C","977.000","hPa","0.861","-0.02617","0.00035","0","0","13.56","Humid","26.25","0","44.00","378763.85","SABD0000000001","AAV1.0.0.11","4.0.0.2323","PSt7-10","170328-019","7/29/2022 11:23:46 AM","0000-00","0","no battery","V","","µV","","µV"
"08/09/2022","10:06:41","6","default","383292078","Oxt_06","4.646","min","91.060","%a.s.","Humid","21.427","deg","42343","µV","27.998","°C","1017.000","hPa","36.4","pmil","0","55.390","deg","20.000","°C","100.000","%a.s.","21.720","deg","20.000","°C","977.000","hPa","0.861","-0.02617","0.00035","0","0","13.56","Humid","26.25","0","44.00","378763.34","SABD0000000001","AAV1.0.0.11","4.0.0.2323","PSt7-10","170328-019","7/29/2022 11:23:46 AM","0000-00","0","no battery","V","","µV","","µV"
"08/09/2022","10:06:42","6","default","383292078","Oxt_06","4.662","min","91.103","%a.s.","Humid","21.421","deg","42341","µV","28.003","°C","1017.000","hPa","36.4","pmil","0","55.390","deg","20.000","°C","100.000","%a.s.","21.720","deg","20.000","°C","977.000","hPa","0.861","-0.02617","0.00035","0","0","13.56","Humid","26.25","0","44.00","378771.65","SABD0000000001","AAV1.0.0.11","4.0.0.2323","PSt7-10","170328-019","7/29/2022 11:23:46 AM","0000-00","0","no battery","V","","µV","","µV"
"08/09/2022","10:06:43","6","default","383292078","Oxt_06","4.679","min","91.116","%a.s.","Humid","21.420","deg","42336","µV","27.998","°C","1017.000","hPa","36.4","pmil","0","55.390","deg","20.000","°C","100.000","%a.s.","21.720","deg","20.000","°C","977.000","hPa","0.861","-0.02617","0.00035","0","0","13.56","Humid","26.25","0","44.00","378762.63","SABD0000000001","AAV1.0.0.11","4.0.0.2323","PSt7-10","170328-019","7/29/2022 11:23:46 AM","0000-00","0","no battery","V","","µV","","µV"
"08/09/2022","10:06:44","6","default","383292078","Oxt_06","4.696","min","91.005","%a.s.","Humid","21.431","deg","42336","µV","28.024","°C","1017.000","hPa","36.4","pmil","0","55.390","deg","20.000","°C","100.000","%a.s.","21.720","deg","20.000","°C","977.000","hPa","0.861","-0.02617","0.00035","0","0","13.56","Humid","26.25","0","44.00","378777.91","SABD0000000001","AAV1.0.0.11","4.0.0.2323","PSt7-10","170328-019","7/29/2022 11:23:46 AM","0000-00","0","no battery","V","","µV","","µV"
"08/09/2022","10:06:45","6","default","383292078","Oxt_06","4.713","min","91.004","%a.s.","Humid","21.432","deg","42336","µV","28.016","°C","1017.000","hPa","36.4","pmil","0","55.390","deg","20.000","°C","100.000","%a.s.","21.720","deg","20.000","°C","977.000","hPa","0.861","-0.02617","0.00035","0","0","13.56","Humid","26.25","0","44.00","378771.75","SABD0000000001","AAV1.0.0.11","4.0.0.2323","PSt7-10","170328-019","7/29/2022 11:23:46 AM","0000-00","0","no battery","V","","µV","","µV"
"08/09/2022","10:06:46","6","default","383292078","Oxt_06","4.729","min","91.018","%a.s.","Humid","21.430","deg","42336","µV","28.019","°C","1017.000","hPa","36.4","pmil","0","55.390","deg","20.000","°C","100.000","%a.s.","21.720","deg","20.000","°C","977.000","hPa","0.861","-0.02617","0.00035","0","0","13.56","Humid","26.25","0","44.00","378772.55","SABD0000000001","AAV1.0.0.11","4.0.0.2323","PSt7-10","170328-019","7/29/2022 11:23:46 AM","0000-00","0","no battery","V","","µV","","µV"
"08/09/2022","10:06:47","6","default","383292078","Oxt_06","4.746","min","91.037","%a.s.","Humid","21.428","deg","42339","µV","28.014","°C","1017.000","hPa","36.4","pmil","0","55.390","deg","20.000","°C","100.000","%a.s.","21.720","deg","20.000","°C","977.000","hPa","0.861","-0.02617","0.00035","0","0","13.56","Humid","26.25","0","44.00","378771.51","SABD0000000001","AAV1.0.0.11","4.0.0.2323","PSt7-10","170328-019","7/29/2022 11:23:46 AM","0000-00","0","no battery","V","","µV","","µV"
"08/09/2022","10:06:48","6","default","383292078","Oxt_06","4.762","min","91.065","%a.s.","Humid","21.425","deg","42331","µV","28.010","°C","1017.000","hPa","36.4","pmil","0","55.390","deg","20.000","°C","100.000","%a.s.","21.720","deg","20.000","°C","977.000","hPa","0.861","-0.02617","0.00035","0","0","13.56","Humid","26.25","0","44.00","378767.94","SABD0000000001","AAV1.0.0.11","4.0.0.2323","PSt7-10","170328-019","7/29/2022 11:23:46 AM","0000-00","0","no battery","V","","µV","","µV"
"08/09/2022","10:06:49","6","default","383292078","Oxt_06","4.779","min","91.029","%a.s.","Humid","21.431","deg","42335","µV","27.996","°C","1017.000","hPa","36.4","pmil","0","55.390","deg","20.000","°C","100.000","%a.s.","21.720","deg","20.000","°C","977.000","hPa","0.861","-0.02617","0.00035","0","0","13.56","Humid","26.25","0","44.00","378781.17","SABD0000000001","AAV1.0.0.11","4.0.0.2323","PSt7-10","170328-019","7/29/2022 11:23:46 AM","0000-00","0","no battery","V","","µV","","µV"
"08/09/2022","10:06:50","6","default","383292078","Oxt_06","4.795","min","91.073","%a.s.","Humid","21.425","deg","42337","µV","28.001","°C","1017.000","hPa","36.4","pmil","0","55.390","deg","20.000","°C","100.000","%a.s.","21.720","deg","20.000","°C","977.000","hPa","0.861","-0.02617","0.00035","0","0","13.56","Humid","26.25","0","44.00","378784.17","SABD0000000001","AAV1.0.0.11","4.0.0.2323","PSt7-10","170328-019","7/29/2022 11:23:46 AM","0000-00","0","no battery","V","","µV","","µV"
"08/09/2022","10:06:51","6","default","383292078","Oxt_06","4.812","min","91.051","%a.s.","Humid","21.428","deg","42333","µV","27.999","°C","1017.000","hPa","36.4","pmil","0","55.390","deg","20.000","°C","100.000","%a.s.","21.720","deg","20.000","°C","977.000","hPa","0.861","-0.02617","0.00035","0","0","13.56","Humid","26.25","0","44.00","378778.31","SABD0000000001","AAV1.0.0.11","4.0.0.2323","PSt7-10","170328-019","7/29/2022 11:23:46 AM","0000-00","0","no battery","V","","µV","","µV"
"08/09/2022","10:06:52","6","default","383292078","Oxt_06","4.829","min","91.110","%a.s.","Humid","21.421","deg","42329","µV","27.996","°C","1017.000","hPa","36.4","pmil","0","55.390","deg","20.000","°C","100.000","%a.s.","21.720","deg","20.000","°C","977.000","hPa","0.861","-0.02617","0.00035","0","0","13.56","Humid","26.25","0","44.00","378778.14","SABD0000000001","AAV1.0.0.11","4.0.0.2323","PSt7-10","170328-019","7/29/2022 11:23:46 AM","0000-00","0","no battery","V","","µV","","µV"
"08/09/2022","10:06:53","6","default","383292078","Oxt_06","4.846","min","91.117","%a.s.","Humid","21.419","deg","42328","µV","28.006","°C","1017.000","hPa","36.4","pmil","0","55.390","deg","20.000","°C","100.000","%a.s.","21.720","deg","20.000","°C","977.000","hPa","0.861","-0.02617","0.00035","0","0","13.56","Humid","26.25","0","44.00","378765.63","SABD0000000001","AAV1.0.0.11","4.0.0.2323","PSt7-10","170328-019","7/29/2022 11:23:46 AM","0000-00","0","no battery","V","","µV","","µV"
"08/09/2022","10:06:54","6","default","383292078","Oxt_06","4.862","min","91.093","%a.s.","Humid","21.421","deg","42322","µV","28.015","°C","1017.000","hPa","36.4","pmil","0","55.390","deg","20.000","°C","100.000","%a.s.","21.720","deg","20.000","°C","977.000","hPa","0.861","-0.02617","0.00035","0","0","13.56","Humid","26.25","0","44.00","378772.40","SABD0000000001","AAV1.0.0.11","4.0.0.2323","PSt7-10","170328-019","7/29/2022 11:23:46 AM","0000-00","0","no battery","V","","µV","","µV"
"08/09/2022","10:06:55","6","default","383292078","Oxt_06","4.879","min","91.022","%a.s.","Humid","21.430","deg","42329","µV","28.014","°C","1017.000","hPa","36.4","pmil","0","55.390","deg","20.000","°C","100.000","%a.s.","21.720","deg","20.000","°C","977.000","hPa","0.861","-0.02617","0.00035","0","0","13.56","Humid","26.25","0","44.00","378775.43","SABD0000000001","AAV1.0.0.11","4.0.0.2323","PSt7-10","170328-019","7/29/2022 11:23:46 AM","0000-00","0","no battery","V","","µV","","µV"
"08/09/2022","10:06:56","6","default","383292078","Oxt_06","4.896","min","91.046","%a.s.","Humid","21.428","deg","42324","µV","28.005","°C","1017.000","hPa","36.4","pmil","0","55.390","deg","20.000","°C","100.000","%a.s.","21.720","deg","20.000","°C","977.000","hPa","0.861","-0.02617","0.00035","0","0","13.56","Humid","26.25","0","44.00","378764.80","SABD0000000001","AAV1.0.0.11","4.0.0.2323","PSt7-10","170328-019","7/29/2022 11:23:46 AM","0000-00","0","no battery","V","","µV","","µV"
"08/09/2022","10:06:57","6","default","383292078","Oxt_06","4.912","min","91.089","%a.s.","Humid","21.423","deg","42321","µV","28.001","°C","1017.000","hPa","36.4","pmil","0","55.390","deg","20.000","°C","100.000","%a.s.","21.720","deg","20.000","°C","977.000","hPa","0.861","-0.02617","0.00035","0","0","13.56","Humid","26.25","0","44.00","378753.36","SABD0000000001","AAV1.0.0.11","4.0.0.2323","PSt7-10","170328-019","7/29/2022 11:23:46 AM","0000-00","0","no battery","V","","µV","","µV"
"08/09/2022","10:06:58","6","default","383292078","Oxt_06","4.929","min","91.085","%a.s.","Humid","21.423","deg","42321","µV","28.006","°C","1017.000","hPa","36.4","pmil","0","55.390","deg","20.000","°C","100.000","%a.s.","21.720","deg","20.000","°C","977.000","hPa","0.861","-0.02617","0.00035","0","0","13.56","Humid","26.25","0","44.00","378755.83","SABD0000000001","AAV1.0.0.11","4.0.0.2323","PSt7-10","170328-019","7/29/2022 11:23:46 AM","0000-00","0","no battery","V","","µV","","µV"
"08/09/2022","10:06:59","6","default","383292078","Oxt_06","4.945","min","91.128","%a.s.","Humid","21.418","deg","42316","µV","28.003","°C","1017.000","hPa","36.4","pmil","0","55.390","deg","20.000","°C","100.000","%a.s.","21.720","deg","20.000","°C","977.000","hPa","0.861","-0.02617","0.00035","0","0","13.56","Humid","26.25","0","44.00","378756.61","SABD0000000001","AAV1.0.0.11","4.0.0.2323","PSt7-10","170328-019","7/29/2022 11:23:46 AM","0000-00","0","no battery","V","","µV","","µV"
"08/09/2022","10:07:00","6","default","383292078","Oxt_06","4.963","min","91.052","%a.s.","Humid","21.428","deg","42317","µV","27.997","°C","1017.000","hPa","36.4","pmil","0","55.390","deg","20.000","°C","100.000","%a.s.","21.720","deg","20.000","°C","977.000","hPa","0.861","-0.02617","0.00035","0","0","13.56","Humid","26.25","0","44.00","378763.89","SABD0000000001","AAV1.0.0.11","4.0.0.2323","PSt7-10","170328-019","7/29/2022 11:23:46 AM","0000-00","0","no battery","V","","µV","","µV"
"08/09/2022","10:07:01","6","default","383292078","Oxt_06","4.979","min","91.132","%a.s.","Humid","21.418","deg","42317","µV","27.998","°C","1017.000","hPa","36.4","pmil","0","55.390","deg","20.000","°C","100.000","%a.s.","21.720","deg","20.000","°C","977.000","hPa","0.861","-0.02617","0.00035","0","0","13.56","Humid","26.25","0","44.00","378772.51","SABD0000000001","AAV1.0.0.11","4.0.0.2323","PSt7-10","170328-019","7/29/2022 11:23:46 AM","0000-00","0","no battery","V","","µV","","µV"
"08/09/2022","10:07:02","6","default","383292078","Oxt_06","4.995","min","91.072","%a.s.","Humid","21.424","deg","42317","µV","28.012","°C","1017.000","hPa","36.4","pmil","0","55.390","deg","20.000","°C","100.000","%a.s.","21.720","deg","20.000","°C","977.000","hPa","0.861","-0.02617","0.00035","0","0","13.56","Humid","26.25","0","44.00","378762.04","SABD0000000001","AAV1.0.0.11","4.0.0.2323","PSt7-10","170328-019","7/29/2022 11:23:46 AM","0000-00","0","no battery","V","","µV","","µV"
"08/09/2022","10:07:03","6","default","383292078","Oxt_06","5.012","min","91.154","%a.s.","Humid","21.415","deg","42313","µV","28.000","°C","1017.000","hPa","36.4","pmil","0","55.390","deg","20.000","°C","100.000","%a.s.","21.720","deg","20.000","°C","977.000","hPa","0.861","-0.02617","0.00035","0","0","13.56","Humid","26.25","0","44.00","378756.85","SABD0000000001","AAV1.0.0.11","4.0.0.2323","PSt7-10","170328-019","7/29/2022 11:23:46 AM","0000-00","0","no battery","V","","µV","","µV"
"08/09/2022","10:07:04","6","default","383292078","Oxt_06","5.029","min","91.158","%a.s.","Humid","21.415","deg","42308","µV","27.996","°C","1017.000","hPa","36.4","pmil","0","55.390","deg","20.000","°C","100.000","%a.s.","21.720","deg","20.000","°C","977.000","hPa","0.861","-0.02617","0.00035","0","0","13.56","Humid","26.25","0","44.00","378770.43","SABD0000000001","AAV1.0.0.11","4.0.0.2323","PSt7-10","170328-019","7/29/2022 11:23:46 AM","0000-00","0","no battery","V","","µV","","µV"
"08/09/2022","10:07:05","6","default","383292078","Oxt_06","5.046","min","91.148","%a.s.","Humid","21.416","deg","42311","µV","27.998","°C","1017.000","hPa","36.4","pmil","0","55.390","deg","20.000","°C","100.000","%a.s.","21.720","deg","20.000","°C","977.000","hPa","0.861","-0.02617","0.00035","0","0","13.56","Humid","26.25","0","44.00","378771.74","SABD0000000001","AAV1.0.0.11","4.0.0.2323","PSt7-10","170328-019","7/29/2022 11:23:46 AM","0000-00","0","no battery","V","","µV","","µV"
"08/09/2022","10:07:06","6","default","383292078","Oxt_06","5.062","min","91.110","%a.s.","Humid","21.420","deg","42314","µV","28.005","°C","1017.000","hPa","36.4","pmil","0","55.390","deg","20.000","°C","100.000","%a.s.","21.720","deg","20.000","°C","977.000","hPa","0.861","-0.02617","0.00035","0","0","13.56","Humid","26.25","0","44.00","378757.30","SABD0000000001","AAV1.0.0.11","4.0.0.2323","PSt7-10","170328-019","7/29/2022 11:23:46 AM","0000-00","0","no battery","V","","µV","","µV"
"08/09/2022","10:07:07","6","default","383292078","Oxt_06","5.079","min","91.123","%a.s.","Humid","21.419","deg","42308","µV","27.999","°C","1017.000","hPa","36.4","pmil","0","55.390","deg","20.000","°C","100.000","%a.s.","21.720","deg","20.000","°C","977.000","hPa","0.861","-0.02617","0.00035","0","0","13.56","Humid","26.25","0","44.00","378763.90","SABD0000000001","AAV1.0.0.11","4.0.0.2323","PSt7-10","170328-019","7/29/2022 11:23:46 AM","0000-00","0","no battery","V","","µV","","µV"
"08/09/2022","10:07:08","6","default","383292078","Oxt_06","5.095","min","91.100","%a.s.","Humid","21.420","deg","42306","µV","28.016","°C","1017.000","hPa","36.4","pmil","0","55.390","deg","20.000","°C","100.000","%a.s.","21.720","deg","20.000","°C","977.000","hPa","0.861","-0.02617","0.00035","0","0","13.56","Humid","26.25","0","44.00","378761.66","SABD0000000001","AAV1.0.0.11","4.0.0.2323","PSt7-10","170328-019","7/29/2022 11:23:46 AM","0000-00","0","no battery","V","","µV","","µV"
"08/09/2022","10:07:09","6","default","383292078","Oxt_06","5.113","min","91.080","%a.s.","Humid","21.423","deg","42306","µV","28.011","°C","1017.000","hPa","36.4","pmil","0","55.390","deg","20.000","°C","100.000","%a.s.","21.720","deg","20.000","°C","977.000","hPa","0.861","-0.02617","0.00035","0","0","13.56","Humid","26.25","0","44.00","378763.52","SABD0000000001","AAV1.0.0.11","4.0.0.2323","PSt7-10","170328-019","7/29/2022 11:23:46 AM","0000-00","0","no battery","V","","µV","","µV"
"08/09/2022","10:07:10","6","default","383292078","Oxt_06","5.129","min","91.133","%a.s.","Humid","21.416","deg","42303","µV","28.015","°C","1017.000","hPa","36.4","pmil","0","55.390","deg","20.000","°C","100.000","%a.s.","21.720","deg","20.000","°C","977.000","hPa","0.861","-0.02617","0.00035","0","0","13.56","Humid","26.25","0","44.00","378766.08","SABD0000000001","AAV1.0.0.11","4.0.0.2323","PSt7-10","170328-019","7/29/2022 11:23:46 AM","0000-00","0","no battery","V","","µV","","µV"
"08/09/2022","10:07:11","6","default","383292078","Oxt_06","5.146","min","91.221","%a.s.","Humid","21.407","deg","42301","µV","27.996","°C","1017.000","hPa","36.4","pmil","0","55.390","deg","20.000","°C","100.000","%a.s.","21.720","deg","20.000","°C","977.000","hPa","0.861","-0.02617","0.00035","0","0","13.56","Humid","26.25","0","44.00","378768.99","SABD0000000001","AAV1.0.0.11","4.0.0.2323","PSt7-10","170328-019","7/29/2022 11:23:46 AM","0000-00","0","no battery","V","","µV","","µV"
"08/09/2022","10:07:12","6","default","383292078","Oxt_06","5.162","min","91.112","%a.s.","Humid","21.420","deg","42298","µV","28.003","°C","1017.000","hPa","36.4","pmil","0","55.390","deg","20.000","°C","100.000","%a.s.","21.720","deg","20.000","°C","977.000","hPa","0.861","-0.02617","0.00035","0","0","13.56","Humid","26.25","0","44.00","378764.17","SABD0000000001","AAV1.0.0.11","4.0.0.2323","PSt7-10","170328-019","7/29/2022 11:23:46 AM","0000-00","0","no battery","V","","µV","","µV"
"08/09/2022","10:07:13","6","default","383292078","Oxt_06","5.179","min","91.100","%a.s.","Humid","21.421","deg","42299","µV","28.007","°C","1017.000","hPa","36.4","pmil","0","55.390","deg","20.000","°C","100.000","%a.s.","21.720","deg","20.000","°C","977.000","hPa","0.861","-0.02617","0.00035","0","0","13.56","Humid","26.25","0","44.00","378757.49","SABD0000000001","AAV1.0.0.11","4.0.0.2323","PSt7-10","170328-019","7/29/2022 11:23:46 AM","0000-00","0","no battery","V","","µV","","µV"
"08/09/2022","10:07:14","6","default","383292078","Oxt_06","5.195","min","91.121","%a.s.","Humid","21.418","deg","42299","µV","28.011","°C","1017.000","hPa","36.4","pmil","0","55.390","deg","20.000","°C","100.000","%a.s.","21.720","deg","20.000","°C","977.000","hPa","0.861","-0.02617","0.00035","0","0","13.56","Humid","26.25","0","44.00","378756.81","SABD0000000001","AAV1.0.0.11","4.0.0.2323","PSt7-10","170328-019","7/29/2022 11:23:46 AM","0000-00","0","no battery","V","","µV","","µV"
"08/09/2022","10:07:15","6","default","383292078","Oxt_06","5.213","min","91.145","%a.s.","Humid","21.416","deg","42299","µV","28.001","°C","1017.000","hPa","36.4","pmil","0","55.390","deg","20.000","°C","100.000","%a.s.","21.720","deg","20.000","°C","977.000","hPa","0.861","-0.02617","0.00035","0","0","13.56","Humid","26.25","0","44.00","378762.03","SABD0000000001","AAV1.0.0.11","4.0.0.2323","PSt7-10","170328-019","7/29/2022 11:23:46 AM","0000-00","0","no battery","V","","µV","","µV"
"08/09/2022","10:07:16","6","default","383292078","Oxt_06","5.229","min","91.197","%a.s.","Humid","21.410","deg","42293","µV","27.997","°C","1017.000","hPa","36.4","pmil","0","55.390","deg","20.000","°C","100.000","%a.s.","21.720","deg","20.000","°C","977.000","hPa","0.861","-0.02617","0.00035","0","0","13.56","Humid","26.25","0","44.00","378771.65","SABD0000000001","AAV1.0.0.11","4.0.0.2323","PSt7-10","170328-019","7/29/2022 11:23:46 AM","0000-00","0","no battery","V","","µV","","µV"
"08/09/2022","10:07:17","6","default","383292078","Oxt_06","5.246","min","91.110","%a.s.","Humid","21.421","deg","42294","µV","27.995","°C","1017.000","hPa","36.4","pmil","0","55.390","deg","20.000","°C","100.000","%a.s.","21.720","deg","20.000","°C","977.000","hPa","0.861","-0.02617","0.00035","0","0","13.56","Humid","26.25","0","44.00","378771.31","SABD0000000001","AAV1.0.0.11","4.0.0.2323","PSt7-10","170328-019","7/29/2022 11:23:46 AM","0000-00","0","no battery","V","","µV","","µV"
"08/09/2022","10:07:18","6","default","383292078","Oxt_06","5.263","min","91.123","%a.s.","Humid","21.418","deg","42302","µV","28.008","°C","1017.000","hPa","36.4","pmil","0","55.390","deg","20.000","°C","100.000","%a.s.","21.720","deg","20.000","°C","977.000","hPa","0.861","-0.02617","0.00035","0","0","13.56","Humid","26.25","0","44.00","378759.28","SABD0000000001","AAV1.0.0.11","4.0.0.2323","PSt7-10","170328-019","7/29/2022 11:23:46 AM","0000-00","0","no battery","V","","µV","","µV"
"08/09/2022","10:07:19","6","default","383292078","Oxt_06","5.279","min","91.143","%a.s.","Humid","21.416","deg","42294","µV","28.003","°C","1017.000","hPa","36.4","pmil","0","55.390","deg","20.000","°C","100.000","%a.s.","21.720","deg","20.000","°C","977.000","hPa","0.861","-0.02617","0.00035","0","0","13.56","Humid","26.25","0","44.00","378753.18","SABD0000000001","AAV1.0.0.11","4.0.0.2323","PSt7-10","170328-019","7/29/2022 11:23:46 AM","0000-00","0","no battery","V","","µV","","µV"
"08/09/2022","10:07:20","6","default","383292078","Oxt_06","5.296","min","91.209","%a.s.","Humid","21.408","deg","42297","µV","28.002","°C","1017.000","hPa","36.4","pmil","0","55.390","deg","20.000","°C","100.000","%a.s.","21.720","deg","20.000","°C","977.000","hPa","0.861","-0.02617","0.00035","0","0","13.56","Humid","26.25","0","44.00","378755.98","SABD0000000001","AAV1.0.0.11","4.0.0.2323","PSt7-10","170328-019","7/29/2022 11:23:46 AM","0000-00","0","no battery","V","","µV","","µV"
"08/09/2022","10:07:21","6","default","383292078","Oxt_06","5.312","min","91.213","%a.s.","Humid","21.408","deg","42291","µV","27.997","°C","1017.000","hPa","36.4","pmil","0","55.390","deg","20.000","°C","100.000","%a.s.","21.720","deg","20.000","°C","977.000","hPa","0.861","-0.02617","0.00035","0","0","13.56","Humid","26.25","0","44.00","378770.79","SABD0000000001","AAV1.0.0.11","4.0.0.2323","PSt7-10","170328-019","7/29/2022 11:23:46 AM","0000-00","0","no battery","V","","µV","","µV"
"08/09/2022","10:07:22","6","default","383292078","Oxt_06","5.329","min","91.143","%a.s.","Humid","21.414","deg","42296","µV","28.021","°C","1017.000","hPa","36.4","pmil","0","55.390","deg","20.000","°C","100.000","%a.s.","21.720","deg","20.000","°C","977.000","hPa","0.861","-0.02617","0.00035","0","0","13.56","Humid","26.25","0","44.00","378768.85","SABD0000000001","AAV1.0.0.11","4.0.0.2323","PSt7-10","170328-019","7/29/2022 11:23:46 AM","0000-00","0","no battery","V","","µV","","µV"
"08/09/2022","10:07:23","6","default","383292078","Oxt_06","5.346","min","91.210","%a.s.","Humid","21.407","deg","42292","µV","28.009","°C","1017.000","hPa","36.4","pmil","0","55.390","deg","20.000","°C","100.000","%a.s.","21.720","deg","20.000","°C","977.000","hPa","0.861","-0.02617","0.00035","0","0","13.56","Humid","26.25","0","44.00","378762.70","SABD0000000001","AAV1.0.0.11","4.0.0.2323","PSt7-10","170328-019","7/29/2022 11:23:46 AM","0000-00","0","no battery","V","","µV","","µV"
"08/09/2022","10:07:24","6","default","383292078","Oxt_06","5.362","min","91.164","%a.s.","Humid","21.413","deg","42284","µV","28.007","°C","1017.000","hPa","36.4","pmil","0","55.390","deg","20.000","°C","100.000","%a.s.","21.720","deg","20.000","°C","977.000","hPa","0.861","-0.02617","0.00035","0","0","13.56","Humid","26.25","0","44.00","378749.53","SABD0000000001","AAV1.0.0.11","4.0.0.2323","PSt7-10","170328-019","7/29/2022 11:23:46 AM","0000-00","0","no battery","V","","µV","","µV"
"08/09/2022","10:07:25","6","default","383292078","Oxt_06","5.379","min","91.180","%a.s.","Humid","21.412","deg","42288","µV","27.997","°C","1017.000","hPa","36.4","pmil","0","55.390","deg","20.000","°C","100.000","%a.s.","21.720","deg","20.000","°C","977.000","hPa","0.861","-0.02617","0.00035","0","0","13.56","Humid","26.25","0","44.00","378752.41","SABD0000000001","AAV1.0.0.11","4.0.0.2323","PSt7-10","170328-019","7/29/2022 11:23:46 AM","0000-00","0","no battery","V","","µV","","µV"
"08/09/2022","10:07:26","6","default","383292078","Oxt_06","5.396","min","91.154","%a.s.","Humid","21.415","deg","42283","µV","28.000","°C","1017.000","hPa","36.4","pmil","0","55.390","deg","20.000","°C","100.000","%a.s.","21.720","deg","20.000","°C","977.000","hPa","0.861","-0.02617","0.00035","0","0","13.56","Humid","26.25","0","44.00","378746.88","SABD0000000001","AAV1.0.0.11","4.0.0.2323","PSt7-10","170328-019","7/29/2022 11:23:46 AM","0000-00","0","no battery","V","","µV","","µV"
"08/09/2022","10:07:27","6","default","383292078","Oxt_06","5.413","min","91.195","%a.s.","Humid","21.410","deg","42283","µV","27.999","°C","1017.000","hPa","36.4","pmil","0","55.390","deg","20.000","°C","100.000","%a.s.","21.720","deg","20.000","°C","977.000","hPa","0.861","-0.02617","0.00035","0","0","13.56","Humid","26.25","0","44.00","378757.93","SABD0000000001","AAV1.0.0.11","4.0.0.2323","PSt7-10","170328-019","7/29/2022 11:23:46 AM","0000-00","0","no battery","V","","µV","","µV"
"08/09/2022","10:07:28","6","default","383292078","Oxt_06","5.429","min","91.244","%a.s.","Humid","21.402","deg","42275","µV","28.017","°C","1017.000","hPa","36.4","pmil","0","55.390","deg","20.000","°C","100.000","%a.s.","21.720","deg","20.000","°C","977.000","hPa","0.861","-0.02617","0.00035","0","0","13.56","Humid","26.25","0","44.00","378753.42","SABD0000000001","AAV1.0.0.11","4.0.0.2323","PSt7-10","170328-019","7/29/2022 11:23:46 AM","0000-00","0","no battery","V","","µV","","µV"
"08/09/2022","10:07:29","6","default","383292078","Oxt_06","5.446","min","91.213","%a.s.","Humid","21.407","deg","42289","µV","28.006","°C","1017.000","hPa","36.4","pmil","0","55.390","deg","20.000","°C","100.000","%a.s.","21.720","deg","20.000","°C","977.000","hPa","0.861","-0.02617","0.00035","0","0","13.56","Humid","26.25","0","44.00","378763.86","SABD0000000001","AAV1.0.0.11","4.0.0.2323","PSt7-10","170328-019","7/29/2022 11:23:46 AM","0000-00","0","no battery","V","","µV","","µV"
"08/09/2022","10:07:30","6","default","383292078","Oxt_06","5.462","min","91.192","%a.s.","Humid","21.409","deg","42272","µV","28.012","°C","1017.000","hPa","36.4","pmil","0","55.390","deg","20.000","°C","100.000","%a.s.","21.720","deg","20.000","°C","977.000","hPa","0.861","-0.02617","0.00035","0","0","13.56","Humid","26.25","0","44.00","378748.86","SABD0000000001","AAV1.0.0.11","4.0.0.2323","PSt7-10","170328-019","7/29/2022 11:23:46 AM","0000-00","0","no battery","V","","µV","","µV"
"08/09/2022","10:07:31","6","default","383292078","Oxt_06","5.479","min","91.192","%a.s.","Humid","21.409","deg","42271","µV","28.012","°C","1017.000","hPa","36.4","pmil","0","55.390","deg","20.000","°C","100.000","%a.s.","21.720","deg","20.000","°C","977.000","hPa","0.861","-0.02617","0.00035","0","0","13.56","Humid","26.25","0","44.00","378746.07","SABD0000000001","AAV1.0.0.11","4.0.0.2323","PSt7-10","170328-019","7/29/2022 11:23:46 AM","0000-00","0","no battery","V","","µV","","µV"
"08/09/2022","10:07:32","6","default","383292078","Oxt_06","5.496","min","91.326","%a.s.","Humid","21.392","deg","42273","µV","28.014","°C","1017.000","hPa","36.4","pmil","0","55.390","deg","20.000","°C","100.000","%a.s.","21.720","deg","20.000","°C","977.000","hPa","0.861","-0.02617","0.00035","0","0","13.56","Humid","26.25","0","44.00","378748.96","SABD0000000001","AAV1.0.0.11","4.0.0.2323","PSt7-10","170328-019","7/29/2022 11:23:46 AM","0000-00","0","no battery","V","","µV","","µV"
"08/09/2022","10:07:33","6","default","383292078","Oxt_06","5.512","min","91.200","%a.s.","Humid","21.408","deg","42270","µV","28.012","°C","1017.000","hPa","36.4","pmil","0","55.390","deg","20.000","°C","100.000","%a.s.","21.720","deg","20.000","°C","977.000","hPa","0.861","-0.02617","0.00035","0","0","13.56","Humid","26.25","0","44.00","378742.75","SABD0000000001","AAV1.0.0.11","4.0.0.2323","PSt7-10","170328-019","7/29/2022 11:23:46 AM","0000-00","0","no battery","V","","µV","","µV"
"08/09/2022","10:07:34","6","default","383292078","Oxt_06","5.529","min","91.244","%a.s.","Humid","21.403","deg","42274","µV","28.007","°C","1017.000","hPa","36.4","pmil","0","55.390","deg","20.000","°C","100.000","%a.s.","21.720","deg","20.000","°C","977.000","hPa","0.861","-0.02617","0.00035","0","0","13.56","Humid","26.25","0","44.00","378751.75","SABD0000000001","AAV1.0.0.11","4.0.0.2323","PSt7-10","170328-019","7/29/2022 11:23:46 AM","0000-00","0","no battery","V","","µV","","µV"
"08/09/2022","10:07:35","6","default","383292078","Oxt_06","5.546","min","91.236","%a.s.","Humid","21.403","deg","42269","µV","28.017","°C","1017.000","hPa","36.4","pmil","0","55.390","deg","20.000","°C","100.000","%a.s.","21.720","deg","20.000","°C","977.000","hPa","0.861","-0.02617","0.00035","0","0","13.56","Humid","26.25","0","44.00","378765.92","SABD0000000001","AAV1.0.0.11","4.0.0.2323","PSt7-10","170328-019","7/29/2022 11:23:46 AM","0000-00","0","no battery","V","","µV","","µV"
"08/09/2022","10:07:36","6","default","383292078","Oxt_06","5.562","min","91.242","%a.s.","Humid","21.404","deg","42271","µV","28.000","°C","1017.000","hPa","36.4","pmil","0","55.390","deg","20.000","°C","100.000","%a.s.","21.720","deg","20.000","°C","977.000","hPa","0.861","-0.02617","0.00035","0","0","13.56","Humid","26.25","0","44.00","378752.39","SABD0000000001","AAV1.0.0.11","4.0.0.2323","PSt7-10","170328-019","7/29/2022 11:23:46 AM","0000-00","0","no battery","V","","µV","","µV"
"08/09/2022","10:07:37","6","default","383292078","Oxt_06","5.579","min","91.237","%a.s.","Humid","21.404","deg","42263","µV","28.006","°C","1017.000","hPa","36.4","pmil","0","55.390","deg","20.000","°C","100.000","%a.s.","21.720","deg","20.000","°C","977.000","hPa","0.861","-0.02617","0.00035","0","0","13.56","Humid","26.25","0","44.00","378757.05","SABD0000000001","AAV1.0.0.11","4.0.0.2323","PSt7-10","170328-019","7/29/2022 11:23:46 AM","0000-00","0","no battery","V","","µV","","µV"
"08/09/2022","10:07:38","6","default","383292078","Oxt_06","5.595","min","91.280","%a.s.","Humid","21.399","deg","42265","µV","28.002","°C","1017.000","hPa","36.4","pmil","0","55.390","deg","20.000","°C","100.000","%a.s.","21.720","deg","20.000","°C","977.000","hPa","0.861","-0.02617","0.00035","0","0","13.56","Humid","26.25","0","44.00","378755.60","SABD0000000001","AAV1.0.0.11","4.0.0.2323","PSt7-10","170328-019","7/29/2022 11:23:46 AM","0000-00","0","no battery","V","","µV","","µV"
"08/09/2022","10:07:39","6","default","383292078","Oxt_06","5.613","min","91.273","%a.s.","Humid","21.400","deg","42265","µV","28.002","°C","1017.000","hPa","36.4","pmil","0","55.390","deg","20.000","°C","100.000","%a.s.","21.720","deg","20.000","°C","977.000","hPa","0.861","-0.02617","0.00035","0","0","13.56","Humid","26.25","0","44.00","378766.15","SABD0000000001","AAV1.0.0.11","4.0.0.2323","PSt7-10","170328-019","7/29/2022 11:23:46 AM","0000-00","0","no battery","V","","µV","","µV"
"08/09/2022","10:07:40","6","default","383292078","Oxt_06","5.629","min","91.342","%a.s.","Humid","21.392","deg","42264","µV","27.996","°C","1017.000","hPa","36.4","pmil","0","55.390","deg","20.000","°C","100.000","%a.s.","21.720","deg","20.000","°C","977.000","hPa","0.861","-0.02617","0.00035","0","0","13.56","Humid","26.25","0","44.00","378763.21","SABD0000000001","AAV1.0.0.11","4.0.0.2323","PSt7-10","170328-019","7/29/2022 11:23:46 AM","0000-00","0","no battery","V","","µV","","µV"
"08/09/2022","10:07:41","6","default","383292078","Oxt_06","5.645","min","91.242","%a.s.","Humid","21.402","deg","42266","µV","28.019","°C","1017.000","hPa","36.4","pmil","0","55.390","deg","20.000","°C","100.000","%a.s.","21.720","deg","20.000","°C","977.000","hPa","0.861","-0.02617","0.00035","0","0","13.56","Humid","26.25","0","44.00","378754.20","SABD0000000001","AAV1.0.0.11","4.0.0.2323","PSt7-10","170328-019","7/29/2022 11:23:46 AM","0000-00","0","no battery","V","","µV","","µV"
"08/09/2022","10:07:42","6","default","383292078","Oxt_06","5.662","min","91.262","%a.s.","Humid","21.399","deg","42262","µV","28.023","°C","1017.000","hPa","36.4","pmil","0","55.390","deg","20.000","°C","100.000","%a.s.","21.720","deg","20.000","°C","977.000","hPa","0.861","-0.02617","0.00035","0","0","13.56","Humid","26.25","0","44.00","378760.32","SABD0000000001","AAV1.0.0.11","4.0.0.2323","PSt7-10","170328-019","7/29/2022 11:23:46 AM","0000-00","0","no battery","V","","µV","","µV"
"08/09/2022","10:07:43","6","default","383292078","Oxt_06","5.679","min","91.303","%a.s.","Humid","21.396","deg","42263","µV","28.004","°C","1017.000","hPa","36.4","pmil","0","55.390","deg","20.000","°C","100.000","%a.s.","21.720","deg","20.000","°C","977.000","hPa","0.861","-0.02617","0.00035","0","0","13.56","Humid","26.25","0","44.00","378759.28","SABD0000000001","AAV1.0.0.11","4.0.0.2323","PSt7-10","170328-019","7/29/2022 11:23:46 AM","0000-00","0","no battery","V","","µV","","µV"
"08/09/2022","10:07:44","6","default","383292078","Oxt_06","5.696","min","91.268","%a.s.","Humid","21.399","deg","42260","µV","28.016","°C","1017.000","hPa","36.4","pmil","0","55.390","deg","20.000","°C","100.000","%a.s.","21.720","deg","20.000","°C","977.000","hPa","0.861","-0.02617","0.00035","0","0","13.56","Humid","26.25","0","44.00","378763.79","SABD0000000001","AAV1.0.0.11","4.0.0.2323","PSt7-10","170328-019","7/29/2022 11:23:46 AM","0000-00","0","no battery","V","","µV","","µV"
"08/09/2022","10:07:45","6","default","383292078","Oxt_06","5.712","min","91.269","%a.s.","Humid","21.400","deg","42255","µV","28.006","°C","1017.000","hPa","36.4","pmil","0","55.390","deg","20.000","°C","100.000","%a.s.","21.720","deg","20.000","°C","977.000","hPa","0.861","-0.02617","0.00035","0","0","13.56","Humid","26.25","0","44.00","378755.84","SABD0000000001","AAV1.0.0.11","4.0.0.2323","PSt7-10","170328-019","7/29/2022 11:23:46 AM","0000-00","0","no battery","V","","µV","","µV"
"08/09/2022","10:07:46","6","default","383292078","Oxt_06","5.729","min","91.254","%a.s.","Humid","21.401","deg","42259","µV","28.015","°C","1017.000","hPa","36.4","pmil","0","55.390","deg","20.000","°C","100.000","%a.s.","21.720","deg","20.000","°C","977.000","hPa","0.861","-0.02617","0.00035","0","0","13.56","Humid","26.25","0","44.00","378751.66","SABD0000000001","AAV1.0.0.11","4.0.0.2323","PSt7-10","170328-019","7/29/2022 11:23:46 AM","0000-00","0","no battery","V","","µV","","µV"
"08/09/2022","10:07:47","6","default","383292078","Oxt_06","5.745","min","91.344","%a.s.","Humid","21.391","deg","42252","µV","28.003","°C","1017.000","hPa","36.4","pmil","0","55.390","deg","20.000","°C","100.000","%a.s.","21.720","deg","20.000","°C","977.000","hPa","0.861","-0.02617","0.00035","0","0","13.56","Humid","26.25","0","44.00","378742.87","SABD0000000001","AAV1.0.0.11","4.0.0.2323","PSt7-10","170328-019","7/29/2022 11:23:46 AM","0000-00","0","no battery","V","","µV","","µV"
"08/09/2022","10:07:48","6","default","383292078","Oxt_06","5.762","min","91.327","%a.s.","Humid","21.394","deg","42248","µV","27.995","°C","1017.000","hPa","36.4","pmil","0","55.390","deg","20.000","°C","100.000","%a.s.","21.720","deg","20.000","°C","977.000","hPa","0.861","-0.02617","0.00035","0","0","13.56","Humid","26.25","0","44.00","378755.67","SABD0000000001","AAV1.0.0.11","4.0.0.2323","PSt7-10","170328-019","7/29/2022 11:23:46 AM","0000-00","0","no battery","V","","µV","","µV"
"08/09/2022","10:07:49","6","default","383292078","Oxt_06","5.779","min","91.308","%a.s.","Humid","21.397","deg","42246","µV","27.989","°C","1017.000","hPa","36.4","pmil","0","55.390","deg","20.000","°C","100.000","%a.s.","21.720","deg","20.000","°C","977.000","hPa","0.861","-0.02617","0.00035","0","0","13.56","Humid","26.25","0","44.00","378756.71","SABD0000000001","AAV1.0.0.11","4.0.0.2323","PSt7-10","170328-019","7/29/2022 11:23:46 AM","0000-00","0","no battery","V","","µV","","µV"
"08/09/2022","10:07:50","6","default","383292078","Oxt_06","5.795","min","91.359","%a.s.","Humid","21.390","deg","42247","µV","27.995","°C","1017.000","hPa","36.4","pmil","0","55.390","deg","20.000","°C","100.000","%a.s.","21.720","deg","20.000","°C","977.000","hPa","0.861","-0.02617","0.00035","0","0","13.56","Humid","26.25","0","44.00","378744.76","SABD0000000001","AAV1.0.0.11","4.0.0.2323","PSt7-10","170328-019","7/29/2022 11:23:46 AM","0000-00","0","no battery","V","","µV","","µV"
"08/09/2022","10:07:51","6","default","383292078","Oxt_06","5.813","min","91.304","%a.s.","Humid","21.396","deg","42250","µV","28.002","°C","1017.000","hPa","36.4","pmil","0","55.390","deg","20.000","°C","100.000","%a.s.","21.720","deg","20.000","°C","977.000","hPa","0.861","-0.02617","0.00035","0","0","13.56","Humid","26.25","0","44.00","378755.44","SABD0000000001","AAV1.0.0.11","4.0.0.2323","PSt7-10","170328-019","7/29/2022 11:23:46 AM","0000-00","0","no battery","V","","µV","","µV"
"08/09/2022","10:07:52","6","default","383292078","Oxt_06","5.829","min","91.320","%a.s.","Humid","21.393","deg","42243","µV","28.012","°C","1017.000","hPa","36.4","pmil","0","55.390","deg","20.000","°C","100.000","%a.s.","21.720","deg","20.000","°C","977.000","hPa","0.861","-0.02617","0.00035","0","0","13.56","Humid","26.25","0","44.00","378766.07","SABD0000000001","AAV1.0.0.11","4.0.0.2323","PSt7-10","170328-019","7/29/2022 11:23:46 AM","0000-00","0","no battery","V","","µV","","µV"
"08/09/2022","10:07:53","6","default","383292078","Oxt_06","5.846","min","91.310","%a.s.","Humid","21.396","deg","42247","µV","27.996","°C","1017.000","hPa","36.4","pmil","0","55.390","deg","20.000","°C","100.000","%a.s.","21.720","deg","20.000","°C","977.000","hPa","0.861","-0.02617","0.00035","0","0","13.56","Humid","26.25","0","44.00","378762.26","SABD0000000001","AAV1.0.0.11","4.0.0.2323","PSt7-10","170328-019","7/29/2022 11:23:46 AM","0000-00","0","no battery","V","","µV","","µV"
"08/09/2022","10:07:54","6","default","383292078","Oxt_06","5.862","min","91.385","%a.s.","Humid","21.387","deg","42242","µV","27.993","°C","1017.000","hPa","36.4","pmil","0","55.390","deg","20.000","°C","100.000","%a.s.","21.720","deg","20.000","°C","977.000","hPa","0.861","-0.02617","0.00035","0","0","13.56","Humid","26.25","0","44.00","378760.16","SABD0000000001","AAV1.0.0.11","4.0.0.2323","PSt7-10","170328-019","7/29/2022 11:23:46 AM","0000-00","0","no battery","V","","µV","","µV"
"08/09/2022","10:07:55","6","default","383292078","Oxt_06","5.879","min","91.291","%a.s.","Humid","21.397","deg","42239","µV","28.009","°C","1017.000","hPa","36.4","pmil","0","55.390","deg","20.000","°C","100.000","%a.s.","21.720","deg","20.000","°C","977.000","hPa","0.861","-0.02617","0.00035","0","0","13.56","Humid","26.25","0","44.00","378745.15","SABD0000000001","AAV1.0.0.11","4.0.0.2323","PSt7-10","170328-019","7/29/2022 11:23:46 AM","0000-00","0","no battery","V","","µV","","µV"
"08/09/2022","10:07:56","6","default","383292078","Oxt_06","5.895","min","91.339","%a.s.","Humid","21.391","deg","42241","µV","28.009","°C","1017.000","hPa","36.4","pmil","0","55.390","deg","20.000","°C","100.000","%a.s.","21.720","deg","20.000","°C","977.000","hPa","0.861","-0.02617","0.00035","0","0","13.56","Humid","26.25","0","44.00","378761.86","SABD0000000001","AAV1.0.0.11","4.0.0.2323","PSt7-10","170328-019","7/29/2022 11:23:46 AM","0000-00","0","no battery","V","","µV","","µV"
"08/09/2022","10:07:57","6","default","383292078","Oxt_06","5.912","min","91.348","%a.s.","Humid","21.391","deg","42237","µV","27.998","°C","1017.000","hPa","36.4","pmil","0","55.390","deg","20.000","°C","100.000","%a.s.","21.720","deg","20.000","°C","977.000","hPa","0.861","-0.02617","0.00035","0","0","13.56","Humid","26.25","0","44.00","378749.29","SABD0000000001","AAV1.0.0.11","4.0.0.2323","PSt7-10","170328-019","7/29/2022 11:23:46 AM","0000-00","0","no battery","V","","µV","","µV"
"08/09/2022","10:07:58","6","default","383292078","Oxt_06","5.929","min","91.277","%a.s.","Humid","21.400","deg","42238","µV","27.996","°C","1017.000","hPa","36.4","pmil","0","55.390","deg","20.000","°C","100.000","%a.s.","21.720","deg","20.000","°C","977.000","hPa","0.861","-0.02617","0.00035","0","0","13.56","Humid","26.25","0","44.00","378755.34","SABD0000000001","AAV1.0.0.11","4.0.0.2323","PSt7-10","170328-019","7/29/2022 11:23:46 AM","0000-00","0","no battery","V","","µV","","µV"
"08/09/2022","10:07:59","6","default","383292078","Oxt_06","5.946","min","91.324","%a.s.","Humid","21.394","deg","42237","µV","27.999","°C","1017.000","hPa","36.4","pmil","0","55.390","deg","20.000","°C","100.000","%a.s.","21.720","deg","20.000","°C","977.000","hPa","0.861","-0.02617","0.00035","0","0","13.56","Humid","26.25","0","44.00","378750.63","SABD0000000001","AAV1.0.0.11","4.0.0.2323","PSt7-10","170328-019","7/29/2022 11:23:46 AM","0000-00","0","no battery","V","","µV","","µV"
"08/09/2022","10:08:00","6","default","383292078","Oxt_06","5.962","min","91.327","%a.s.","Humid","21.392","deg","42236","µV","28.014","°C","1017.000","hPa","36.4","pmil","0","55.390","deg","20.000","°C","100.000","%a.s.","21.720","deg","20.000","°C","977.000","hPa","0.861","-0.02617","0.00035","0","0","13.56","Humid","26.25","0","44.00","378751.05","SABD0000000001","AAV1.0.0.11","4.0.0.2323","PSt7-10","170328-019","7/29/2022 11:23:46 AM","0000-00","0","no battery","V","","µV","","µV"
"08/09/2022","10:08:01","6","default","383292078","Oxt_06","5.979","min","91.340","%a.s.","Humid","21.390","deg","42237","µV","28.017","°C","1017.000","hPa","36.4","pmil","0","55.390","deg","20.000","°C","100.000","%a.s.","21.720","deg","20.000","°C","977.000","hPa","0.861","-0.02617","0.00035","0","0","13.56","Humid","26.25","0","44.00","378748.37","SABD0000000001","AAV1.0.0.11","4.0.0.2323","PSt7-10","170328-019","7/29/2022 11:23:46 AM","0000-00","0","no battery","V","","µV","","µV"
"08/09/2022","10:08:02","6","default","383292078","Oxt_06","5.996","min","91.260","%a.s.","Humid","21.400","deg","42231","µV","28.016","°C","1017.000","hPa","36.4","pmil","0","55.390","deg","20.000","°C","100.000","%a.s.","21.720","deg","20.000","°C","977.000","hPa","0.861","-0.02617","0.00035","0","0","13.56","Humid","26.25","0","44.00","378767.45","SABD0000000001","AAV1.0.0.11","4.0.0.2323","PSt7-10","170328-019","7/29/2022 11:23:46 AM","0000-00","0","no battery","V","","µV","","µV"
"08/09/2022","10:08:03","6","default","383292078","Oxt_06","6.012","min","91.347","%a.s.","Humid","21.391","deg","42233","µV","27.999","°C","1017.000","hPa","36.4","pmil","0","55.390","deg","20.000","°C","100.000","%a.s.","21.720","deg","20.000","°C","977.000","hPa","0.861","-0.02617","0.00035","0","0","13.56","Humid","26.25","0","44.00","378749.16","SABD0000000001","AAV1.0.0.11","4.0.0.2323","PSt7-10","170328-019","7/29/2022 11:23:46 AM","0000-00","0","no battery","V","","µV","","µV"
"08/09/2022","10:08:04","6","default","383292078","Oxt_06","6.029","min","91.310","%a.s.","Humid","21.394","deg","42233","µV","28.014","°C","1017.000","hPa","36.4","pmil","0","55.390","deg","20.000","°C","100.000","%a.s.","21.720","deg","20.000","°C","977.000","hPa","0.861","-0.02617","0.00035","0","0","13.56","Humid","26.25","0","44.00","378762.56","SABD0000000001","AAV1.0.0.11","4.0.0.2323","PSt7-10","170328-019","7/29/2022 11:23:46 AM","0000-00","0","no battery","V","","µV","","µV"
"08/09/2022","10:08:05","6","default","383292078","Oxt_06","6.045","min","91.362","%a.s.","Humid","21.388","deg","42233","µV","28.010","°C","1017.000","hPa","36.4","pmil","0","55.390","deg","20.000","°C","100.000","%a.s.","21.720","deg","20.000","°C","977.000","hPa","0.861","-0.02617","0.00035","0","0","13.56","Humid","26.25","0","44.00","378748.41","SABD0000000001","AAV1.0.0.11","4.0.0.2323","PSt7-10","170328-019","7/29/2022 11:23:46 AM","0000-00","0","no battery","V","","µV","","µV"
"08/09/2022","10:08:06","6","default","383292078","Oxt_06","6.062","min","91.331","%a.s.","Humid","21.392","deg","42235","µV","28.009","°C","1017.000","hPa","36.4","pmil","0","55.390","deg","20.000","°C","100.000","%a.s.","21.720","deg","20.000","°C","977.000","hPa","0.861","-0.02617","0.00035","0","0","13.56","Humid","26.25","0","44.00","378757.86","SABD0000000001","AAV1.0.0.11","4.0.0.2323","PSt7-10","170328-019","7/29/2022 11:23:46 AM","0000-00","0","no battery","V","","µV","","µV"
"08/09/2022","10:08:07","6","default","383292078","Oxt_06","6.079","min","91.387","%a.s.","Humid","21.386","deg","42230","µV","28.000","°C","1017.000","hPa","36.4","pmil","0","55.390","deg","20.000","°C","100.000","%a.s.","21.720","deg","20.000","°C","977.000","hPa","0.861","-0.02617","0.00035","0","0","13.56","Humid","26.25","0","44.00","378758.74","SABD0000000001","AAV1.0.0.11","4.0.0.2323","PSt7-10","170328-019","7/29/2022 11:23:46 AM","0000-00","0","no battery","V","","µV","","µV"
"08/09/2022","10:08:08","6","default","383292078","Oxt_06","6.095","min","91.374","%a.s.","Humid","21.387","deg","42228","µV","28.006","°C","1017.000","hPa","36.4","pmil","0","55.390","deg","20.000","°C","100.000","%a.s.","21.720","deg","20.000","°C","977.000","hPa","0.861","-0.02617","0.00035","0","0","13.56","Humid","26.25","0","44.00","378762.80","SABD0000000001","AAV1.0.0.11","4.0.0.2323","PSt7-10","170328-019","7/29/2022 11:23:46 AM","0000-00","0","no battery","V","","µV","","µV"
"08/09/2022","10:08:09","6","default","383292078","Oxt_06","6.112","min","91.395","%a.s.","Humid","21.384","deg","42224","µV","28.009","°C","1017.000","hPa","36.4","pmil","0","55.390","deg","20.000","°C","100.000","%a.s.","21.720","deg","20.000","°C","977.000","hPa","0.861","-0.02617","0.00035","0","0","13.56","Humid","26.25","0","44.00","378761.84","SABD0000000001","AAV1.0.0.11","4.0.0.2323","PSt7-10","170328-019","7/29/2022 11:23:46 AM","0000-00","0","no battery","V","","µV","","µV"
"08/09/2022","10:08:10","6","default","383292078","Oxt_06","6.129","min","91.335","%a.s.","Humid","21.391","deg","42223","µV","28.013","°C","1017.000","hPa","36.4","pmil","0","55.390","deg","20.000","°C","100.000","%a.s.","21.720","deg","20.000","°C","977.000","hPa","0.861","-0.02617","0.00035","0","0","13.56","Humid","26.25","0","44.00","378748.53","SABD0000000001","AAV1.0.0.11","4.0.0.2323","PSt7-10","170328-019","7/29/2022 11:23:46 AM","0000-00","0","no battery","V","","µV","","µV"
"08/09/2022","10:08:11","6","default","383292078","Oxt_06","6.145","min","91.449","%a.s.","Humid","21.378","deg","42231","µV","28.002","°C","1017.000","hPa","36.4","pmil","0","55.390","deg","20.000","°C","100.000","%a.s.","21.720","deg","20.000","°C","977.000","hPa","0.861","-0.02617","0.00035","0","0","13.56","Humid","26.25","0","44.00","378757.18","SABD0000000001","AAV1.0.0.11","4.0.0.2323","PSt7-10","170328-019","7/29/2022 11:23:46 AM","0000-00","0","no battery","V","","µV","","µV"
"08/09/2022","10:08:12","6","default","383292078","Oxt_06","6.163","min","91.426","%a.s.","Humid","21.381","deg","42225","µV","28.001","°C","1017.000","hPa","36.4","pmil","0","55.390","deg","20.000","°C","100.000","%a.s.","21.720","deg","20.000","°C","977.000","hPa","0.861","-0.02617","0.00035","0","0","13.56","Humid","26.25","0","44.00","378754.21","SABD0000000001","AAV1.0.0.11","4.0.0.2323","PSt7-10","170328-019","7/29/2022 11:23:46 AM","0000-00","0","no battery","V","","µV","","µV"
"08/09/2022","10:08:13","6","default","383292078","Oxt_06","6.179","min","91.341","%a.s.","Humid","21.390","deg","42220","µV","28.015","°C","1017.000","hPa","36.4","pmil","0","55.390","deg","20.000","°C","100.000","%a.s.","21.720","deg","20.000","°C","977.000","hPa","0.861","-0.02617","0.00035","0","0","13.56","Humid","26.25","0","44.00","378746.74","SABD0000000001","AAV1.0.0.11","4.0.0.2323","PSt7-10","170328-019","7/29/2022 11:23:46 AM","0000-00","0","no battery","V","","µV","","µV"
"08/09/2022","10:08:14","6","default","383292078","Oxt_06","6.195","min","91.364","%a.s.","Humid","21.389","deg","42221","µV","27.999","°C","1017.000","hPa","36.4","pmil","0","55.390","deg","20.000","°C","100.000","%a.s.","21.720","deg","20.000","°C","977.000","hPa","0.861","-0.02617","0.00035","0","0","13.56","Humid","26.25","0","44.00","378748.71","SABD0000000001","AAV1.0.0.11","4.0.0.2323","PSt7-10","170328-019","7/29/2022 11:23:46 AM","0000-00","0","no battery","V","","µV","","µV"
"08/09/2022","10:08:15","6","default","383292078","Oxt_06","6.213","min","91.399","%a.s.","Humid","21.383","deg","42220","µV","28.013","°C","1017.000","hPa","36.4","pmil","0","55.390","deg","20.000","°C","100.000","%a.s.","21.720","deg","20.000","°C","977.000","hPa","0.861","-0.02617","0.00035","0","0","13.56","Humid","26.25","0","44.00","378753.46","SABD0000000001","AAV1.0.0.11","4.0.0.2323","PSt7-10","170328-019","7/29/2022 11:23:46 AM","0000-00","0","no battery","V","","µV","","µV"
"08/09/2022","10:08:16","6","default","383292078","Oxt_06","6.229","min","91.348","%a.s.","Humid","21.390","deg","42217","µV","28.008","°C","1017.000","hPa","36.4","pmil","0","55.390","deg","20.000","°C","100.000","%a.s.","21.720","deg","20.000","°C","977.000","hPa","0.861","-0.02617","0.00035","0","0","13.56","Humid","26.25","0","44.00","378758.39","SABD0000000001","AAV1.0.0.11","4.0.0.2323","PSt7-10","170328-019","7/29/2022 11:23:46 AM","0000-00","0","no battery","V","","µV","","µV"
"08/09/2022","10:08:17","6","default","383292078","Oxt_06","6.246","min","91.359","%a.s.","Humid","21.389","deg","42219","µV","28.004","°C","1017.000","hPa","36.4","pmil","0","55.390","deg","20.000","°C","100.000","%a.s.","21.720","deg","20.000","°C","977.000","hPa","0.861","-0.02617","0.00035","0","0","13.56","Humid","26.25","0","44.00","378758.25","SABD0000000001","AAV1.0.0.11","4.0.0.2323","PSt7-10","170328-019","7/29/2022 11:23:46 AM","0000-00","0","no battery","V","","µV","","µV"
"08/09/2022","10:08:18","6","default","383292078","Oxt_06","6.262","min","91.430","%a.s.","Humid","21.381","deg","42217","µV","27.997","°C","1017.000","hPa","36.4","pmil","0","55.390","deg","20.000","°C","100.000","%a.s.","21.720","deg","20.000","°C","977.000","hPa","0.861","-0.02617","0.00035","0","0","13.56","Humid","26.25","0","44.00","378748.62","SABD0000000001","AAV1.0.0.11","4.0.0.2323","PSt7-10","170328-019","7/29/2022 11:23:46 AM","0000-00","0","no battery","V","","µV","","µV"
"08/09/2022","10:08:19","6","default","383292078","Oxt_06","6.279","min","91.433","%a.s.","Humid","21.379","deg","42214","µV","28.011","°C","1017.000","hPa","36.4","pmil","0","55.390","deg","20.000","°C","100.000","%a.s.","21.720","deg","20.000","°C","977.000","hPa","0.861","-0.02617","0.00035","0","0","13.56","Humid","26.25","0","44.00","378743.90","SABD0000000001","AAV1.0.0.11","4.0.0.2323","PSt7-10","170328-019","7/29/2022 11:23:46 AM","0000-00","0","no battery","V","","µV","","µV"
"08/09/2022","10:08:20","6","default","383292078","Oxt_06","6.296","min","91.315","%a.s.","Humid","21.393","deg","42214","µV","28.017","°C","1017.000","hPa","36.4","pmil","0","55.390","deg","20.000","°C","100.000","%a.s.","21.720","deg","20.000","°C","977.000","hPa","0.861","-0.02617","0.00035","0","0","13.56","Humid","26.25","0","44.00","378755.89","SABD0000000001","AAV1.0.0.11","4.0.0.2323","PSt7-10","170328-019","7/29/2022 11:23:46 AM","0000-00","0","no battery","V","","µV","","µV"
"08/09/2022","10:08:21","6","default","383292078","Oxt_06","6.312","min","91.497","%a.s.","Humid","21.371","deg","42221","µV","28.012","°C","1017.000","hPa","36.4","pmil","0","55.390","deg","20.000","°C","100.000","%a.s.","21.720","deg","20.000","°C","977.000","hPa","0.861","-0.02617","0.00035","0","0","13.56","Humid","26.25","0","44.00","378765.80","SABD0000000001","AAV1.0.0.11","4.0.0.2323","PSt7-10","170328-019","7/29/2022 11:23:46 AM","0000-00","0","no battery","V","","µV","","µV"
"08/09/2022","10:08:22","6","default","383292078","Oxt_06","6.329","min","91.423","%a.s.","Humid","21.381","deg","42215","µV","28.005","°C","1017.000","hPa","36.4","pmil","0","55.390","deg","20.000","°C","100.000","%a.s.","21.720","deg","20.000","°C","977.000","hPa","0.861","-0.02617","0.00035","0","0","13.56","Humid","26.25","0","44.00","378758.72","SABD0000000001","AAV1.0.0.11","4.0.0.2323","PSt7-10","170328-019","7/29/2022 11:23:46 AM","0000-00","0","no battery","V","","µV","","µV"
"08/09/2022","10:08:23","6","default","383292078","Oxt_06","6.345","min","91.411","%a.s.","Humid","21.381","deg","42214","µV","28.019","°C","1017.000","hPa","36.4","pmil","0","55.390","deg","20.000","°C","100.000","%a.s.","21.720","deg","20.000","°C","977.000","hPa","0.861","-0.02617","0.00035","0","0","13.56","Humid","26.25","0","44.00","378768.55","SABD0000000001","AAV1.0.0.11","4.0.0.2323","PSt7-10","170328-019","7/29/2022 11:23:46 AM","0000-00","0","no battery","V","","µV","","µV"
"08/09/2022","10:08:24","6","default","383292078","Oxt_06","6.362","min","91.391","%a.s.","Humid","21.385","deg","42213","µV","28.005","°C","1017.000","hPa","36.4","pmil","0","55.390","deg","20.000","°C","100.000","%a.s.","21.720","deg","20.000","°C","977.000","hPa","0.861","-0.02617","0.00035","0","0","13.56","Humid","26.25","0","44.00","378756.85","SABD0000000001","AAV1.0.0.11","4.0.0.2323","PSt7-10","170328-019","7/29/2022 11:23:46 AM","0000-00","0","no battery","V","","µV","","µV"
"08/09/2022","10:08:25","6","default","383292078","Oxt_06","6.379","min","91.398","%a.s.","Humid","21.382","deg","42215","µV","28.024","°C","1017.000","hPa","36.4","pmil","0","55.390","deg","20.000","°C","100.000","%a.s.","21.720","deg","20.000","°C","977.000","hPa","0.861","-0.02617","0.00035","0","0","13.56","Humid","26.25","0","44.00","378766.91","SABD0000000001","AAV1.0.0.11","4.0.0.2323","PSt7-10","170328-019","7/29/2022 11:23:46 AM","0000-00","0","no battery","V","","µV","","µV"
"08/09/2022","10:08:26","6","default","383292078","Oxt_06","6.396","min","91.439","%a.s.","Humid","21.379","deg","42213","µV","28.004","°C","1017.000","hPa","36.4","pmil","0","55.390","deg","20.000","°C","100.000","%a.s.","21.720","deg","20.000","°C","977.000","hPa","0.861","-0.02617","0.00035","0","0","13.56","Humid","26.25","0","44.00","378767.57","SABD0000000001","AAV1.0.0.11","4.0.0.2323","PSt7-10","170328-019","7/29/2022 11:23:46 AM","0000-00","0","no battery","V","","µV","","µV"
"08/09/2022","10:08:27","6","default","383292078","Oxt_06","6.412","min","91.420","%a.s.","Humid","21.382","deg","42210","µV","27.999","°C","1017.000","hPa","36.4","pmil","0","55.390","deg","20.000","°C","100.000","%a.s.","21.720","deg","20.000","°C","977.000","hPa","0.861","-0.02617","0.00035","0","0","13.56","Humid","26.25","0","44.00","378757.79","SABD0000000001","AAV1.0.0.11","4.0.0.2323","PSt7-10","170328-019","7/29/2022 11:23:46 AM","0000-00","0","no battery","V","","µV","","µV"
"08/09/2022","10:08:28","6","default","383292078","Oxt_06","6.429","min","91.418","%a.s.","Humid","21.382","deg","42206","µV","28.001","°C","1017.000","hPa","36.4","pmil","0","55.390","deg","20.000","°C","100.000","%a.s.","21.720","deg","20.000","°C","977.000","hPa","0.861","-0.02617","0.00035","0","0","13.56","Humid","26.25","0","44.00","378753.20","SABD0000000001","AAV1.0.0.11","4.0.0.2323","PSt7-10","170328-019","7/29/2022 11:23:46 AM","0000-00","0","no battery","V","","µV","","µV"
"08/09/2022","10:08:29","6","default","383292078","Oxt_06","6.446","min","91.367","%a.s.","Humid","21.387","deg","42212","µV","28.013","°C","1017.000","hPa","36.4","pmil","0","55.390","deg","20.000","°C","100.000","%a.s.","21.720","deg","20.000","°C","977.000","hPa","0.861","-0.02617","0.00035","0","0","13.56","Humid","26.25","0","44.00","378764.09","SABD0000000001","AAV1.0.0.11","4.0.0.2323","PSt7-10","170328-019","7/29/2022 11:23:46 AM","0000-00","0","no battery","V","","µV","","µV"
"08/09/2022","10:08:30","6","default","383292078","Oxt_06","6.462","min","91.398","%a.s.","Humid","21.384","deg","42210","µV","28.005","°C","1017.000","hPa","36.4","pmil","0","55.390","deg","20.000","°C","100.000","%a.s.","21.720","deg","20.000","°C","977.000","hPa","0.861","-0.02617","0.00035","0","0","13.56","Humid","26.25","0","44.00","378760.17","SABD0000000001","AAV1.0.0.11","4.0.0.2323","PSt7-10","170328-019","7/29/2022 11:23:46 AM","0000-00","0","no battery","V","","µV","","µV"
"08/09/2022","10:08:31","6","default","383292078","Oxt_06","6.479","min","91.484","%a.s.","Humid","21.374","deg","42214","µV","28.000","°C","1017.000","hPa","36.4","pmil","0","55.390","deg","20.000","°C","100.000","%a.s.","21.720","deg","20.000","°C","977.000","hPa","0.861","-0.02617","0.00035","0","0","13.56","Humid","26.25","0","44.00","378758.85","SABD0000000001","AAV1.0.0.11","4.0.0.2323","PSt7-10","170328-019","7/29/2022 11:23:46 AM","0000-00","0","no battery","V","","µV","","µV"
"08/09/2022","10:08:32","6","default","383292078","Oxt_06","6.496","min","91.471","%a.s.","Humid","21.375","deg","42207","µV","28.005","°C","1017.000","hPa","36.4","pmil","0","55.390","deg","20.000","°C","100.000","%a.s.","21.720","deg","20.000","°C","977.000","hPa","0.861","-0.02617","0.00035","0","0","13.56","Humid","26.25","0","44.00","378748.19","SABD0000000001","AAV1.0.0.11","4.0.0.2323","PSt7-10","170328-019","7/29/2022 11:23:46 AM","0000-00","0","no battery","V","","µV","","µV"
"08/09/2022","10:08:33","6","default","383292078","Oxt_06","6.512","min","91.462","%a.s.","Humid","21.376","deg","42203","µV","28.007","°C","1017.000","hPa","36.4","pmil","0","55.390","deg","20.000","°C","100.000","%a.s.","21.720","deg","20.000","°C","977.000","hPa","0.861","-0.02617","0.00035","0","0","13.56","Humid","26.25","0","44.00","378765.62","SABD0000000001","AAV1.0.0.11","4.0.0.2323","PSt7-10","170328-019","7/29/2022 11:23:46 AM","0000-00","0","no battery","V","","µV","","µV"
"08/09/2022","10:08:34","6","default","383292078","Oxt_06","6.529","min","91.421","%a.s.","Humid","21.382","deg","42205","µV","27.998","°C","1017.000","hPa","36.4","pmil","0","55.390","deg","20.000","°C","100.000","%a.s.","21.720","deg","20.000","°C","977.000","hPa","0.861","-0.02617","0.00035","0","0","13.56","Humid","26.25","0","44.00","378759.28","SABD0000000001","AAV1.0.0.11","4.0.0.2323","PSt7-10","170328-019","7/29/2022 11:23:46 AM","0000-00","0","no battery","V","","µV","","µV"
"08/09/2022","10:08:35","6","default","383292078","Oxt_06","6.546","min","91.426","%a.s.","Humid","21.381","deg","42202","µV","28.001","°C","1017.000","hPa","36.4","pmil","0","55.390","deg","20.000","°C","100.000","%a.s.","21.720","deg","20.000","°C","977.000","hPa","0.861","-0.02617","0.00035","0","0","13.56","Humid","26.25","0","44.00","378764.89","SABD0000000001","AAV1.0.0.11","4.0.0.2323","PSt7-10","170328-019","7/29/2022 11:23:46 AM","0000-00","0","no battery","V","","µV","","µV"
"08/09/2022","10:08:36","6","default","383292078","Oxt_06","6.562","min","91.473","%a.s.","Humid","21.375","deg","42200","µV","28.003","°C","1017.000","hPa","36.4","pmil","0","55.390","deg","20.000","°C","100.000","%a.s.","21.720","deg","20.000","°C","977.000","hPa","0.861","-0.02617","0.00035","0","0","13.56","Humid","26.25","0","44.00","378764.62","SABD0000000001","AAV1.0.0.11","4.0.0.2323","PSt7-10","170328-019","7/29/2022 11:23:46 AM","0000-00","0","no battery","V","","µV","","µV"
"08/09/2022","10:08:37","6","default","383292078","Oxt_06","6.578","min","91.454","%a.s.","Humid","21.379","deg","42205","µV","27.987","°C","1017.000","hPa","36.4","pmil","0","55.390","deg","20.000","°C","100.000","%a.s.","21.720","deg","20.000","°C","977.000","hPa","0.861","-0.02617","0.00035","0","0","13.56","Humid","26.25","0","44.00","378756.59","SABD0000000001","AAV1.0.0.11","4.0.0.2323","PSt7-10","170328-019","7/29/2022 11:23:46 AM","0000-00","0","no battery","V","","µV","","µV"
"08/09/2022","10:08:38","6","default","383292078","Oxt_06","6.595","min","91.522","%a.s.","Humid","21.370","deg","42196","µV","27.993","°C","1017.000","hPa","36.4","pmil","0","55.390","deg","20.000","°C","100.000","%a.s.","21.720","deg","20.000","°C","977.000","hPa","0.861","-0.02617","0.00035","0","0","13.56","Humid","26.25","0","44.00","378759.93","SABD0000000001","AAV1.0.0.11","4.0.0.2323","PSt7-10","170328-019","7/29/2022 11:23:46 AM","0000-00","0","no battery","V","","µV","","µV"
"08/09/2022","10:08:39","6","default","383292078","Oxt_06","6.612","min","91.446","%a.s.","Humid","21.377","deg","42197","µV","28.015","°C","1017.000","hPa","36.4","pmil","0","55.390","deg","20.000","°C","100.000","%a.s.","21.720","deg","20.000","°C","977.000","hPa","0.861","-0.02617","0.00035","0","0","13.56","Humid","26.25","0","44.00","378770.09","SABD0000000001","AAV1.0.0.11","4.0.0.2323","PSt7-10","170328-019","7/29/2022 11:23:46 AM","0000-00","0","no battery","V","","µV","","µV"
"08/09/2022","10:08:40","6","default","383292078","Oxt_06","6.629","min","91.453","%a.s.","Humid","21.377","deg","42204","µV","28.007","°C","1017.000","hPa","36.4","pmil","0","55.390","deg","20.000","°C","100.000","%a.s.","21.720","deg","20.000","°C","977.000","hPa","0.861","-0.02617","0.00035","0","0","13.56","Humid","26.25","0","44.00","378775.98","SABD0000000001","AAV1.0.0.11","4.0.0.2323","PSt7-10","170328-019","7/29/2022 11:23:46 AM","0000-00","0","no battery","V","","µV","","µV"
"08/09/2022","10:08:41","6","default","383292078","Oxt_06","6.645","min","91.480","%a.s.","Humid","21.373","deg","42194","µV","28.013","°C","1017.000","hPa","36.4","pmil","0","55.390","deg","20.000","°C","100.000","%a.s.","21.720","deg","20.000","°C","977.000","hPa","0.861","-0.02617","0.00035","0","0","13.56","Humid","26.25","0","44.00","378768.08","SABD0000000001","AAV1.0.0.11","4.0.0.2323","PSt7-10","170328-019","7/29/2022 11:23:46 AM","0000-00","0","no battery","V","","µV","","µV"
"08/09/2022","10:08:42","6","default","383292078","Oxt_06","6.663","min","91.503","%a.s.","Humid","21.371","deg","42196","µV","28.005","°C","1017.000","hPa","36.4","pmil","0","55.390","deg","20.000","°C","100.000","%a.s.","21.720","deg","20.000","°C","977.000","hPa","0.861","-0.02617","0.00035","0","0","13.56","Humid","26.25","0","44.00","378763.06","SABD0000000001","AAV1.0.0.11","4.0.0.2323","PSt7-10","170328-019","7/29/2022 11:23:46 AM","0000-00","0","no battery","V","","µV","","µV"
"08/09/2022","10:08:43","6","default","383292078","Oxt_06","6.679","min","91.520","%a.s.","Humid","21.369","deg","42198","µV","28.004","°C","1017.000","hPa","36.4","pmil","0","55.390","deg","20.000","°C","100.000","%a.s.","21.720","deg","20.000","°C","977.000","hPa","0.861","-0.02617","0.00035","0","0","13.56","Humid","26.25","0","44.00","378775.66","SABD0000000001","AAV1.0.0.11","4.0.0.2323","PSt7-10","170328-019","7/29/2022 11:23:46 AM","0000-00","0","no battery","V","","µV","","µV"
"08/09/2022","10:08:44","6","default","383292078","Oxt_06","6.696","min","91.486","%a.s.","Humid","21.373","deg","42189","µV","28.006","°C","1017.000","hPa","36.4","pmil","0","55.390","deg","20.000","°C","100.000","%a.s.","21.720","deg","20.000","°C","977.000","hPa","0.861","-0.02617","0.00035","0","0","13.56","Humid","26.25","0","44.00","378765.29","SABD0000000001","AAV1.0.0.11","4.0.0.2323","PSt7-10","170328-019","7/29/2022 11:23:46 AM","0000-00","0","no battery","V","","µV","","µV"
"08/09/2022","10:08:45","6","default","383292078","Oxt_06","6.712","min","91.511","%a.s.","Humid","21.371","deg","42183","µV","27.996","°C","1017.000","hPa","36.4","pmil","0","55.390","deg","20.000","°C","100.000","%a.s.","21.720","deg","20.000","°C","977.000","hPa","0.861","-0.02617","0.00035","0","0","13.56","Humid","26.25","0","44.00","378767.56","SABD0000000001","AAV1.0.0.11","4.0.0.2323","PSt7-10","170328-019","7/29/2022 11:23:46 AM","0000-00","0","no battery","V","","µV","","µV"
"08/09/2022","10:08:46","6","default","383292078","Oxt_06","6.729","min","91.550","%a.s.","Humid","21.366","deg","42191","µV","27.997","°C","1017.000","hPa","36.4","pmil","0","55.390","deg","20.000","°C","100.000","%a.s.","21.720","deg","20.000","°C","977.000","hPa","0.861","-0.02617","0.00035","0","0","13.56","Humid","26.25","0","44.00","378765.35","SABD0000000001","AAV1.0.0.11","4.0.0.2323","PSt7-10","170328-019","7/29/2022 11:23:46 AM","0000-00","0","no battery","V","","µV","","µV"
"08/09/2022","10:08:47","6","default","383292078","Oxt_06","6.745","min","91.505","%a.s.","Humid","21.372","deg","42188","µV","27.994","°C","1017.000","hPa","36.4","pmil","0","55.390","deg","20.000","°C","100.000","%a.s.","21.720","deg","20.000","°C","977.000","hPa","0.861","-0.02617","0.00035","0","0","13.56","Humid","26.25","0","44.00","378775.58","SABD0000000001","AAV1.0.0.11","4.0.0.2323","PSt7-10","170328-019","7/29/2022 11:23:46 AM","0000-00","0","no battery","V","","µV","","µV"
"08/09/2022","10:08:48","6","default","383292078","Oxt_06","6.762","min","91.546","%a.s.","Humid","21.366","deg","42193","µV","28.002","°C","1017.000","hPa","36.4","pmil","0","55.390","deg","20.000","°C","100.000","%a.s.","21.720","deg","20.000","°C","977.000","hPa","0.861","-0.02617","0.00035","0","0","13.56","Humid","26.25","0","44.00","378785.46","SABD0000000001","AAV1.0.0.11","4.0.0.2323","PSt7-10","170328-019","7/29/2022 11:23:46 AM","0000-00","0","no battery","V","","µV","","µV"
"08/09/2022","10:08:49","6","default","383292078","Oxt_06","6.779","min","91.523","%a.s.","Humid","21.368","deg","42186","µV","28.010","°C","1017.000","hPa","36.4","pmil","0","55.390","deg","20.000","°C","100.000","%a.s.","21.720","deg","20.000","°C","977.000","hPa","0.861","-0.02617","0.00035","0","0","13.56","Humid","26.25","0","44.00","378775.37","SABD0000000001","AAV1.0.0.11","4.0.0.2323","PSt7-10","170328-019","7/29/2022 11:23:46 AM","0000-00","0","no battery","V","","µV","","µV"
"08/09/2022","10:08:50","6","default","383292078","Oxt_06","6.796","min","91.577","%a.s.","Humid","21.363","deg","42181","µV","27.994","°C","1017.000","hPa","36.4","pmil","0","55.390","deg","20.000","°C","100.000","%a.s.","21.720","deg","20.000","°C","977.000","hPa","0.861","-0.02617","0.00035","0","0","13.56","Humid","26.25","0","44.00","378784.58","SABD0000000001","AAV1.0.0.11","4.0.0.2323","PSt7-10","170328-019","7/29/2022 11:23:46 AM","0000-00","0","no battery","V","","µV","","µV"
"08/09/2022","10:08:51","6","default","383292078","Oxt_06","6.813","min","91.590","%a.s.","Humid","21.361","deg","42187","µV","27.998","°C","1017.000","hPa","36.4","pmil","0","55.390","deg","20.000","°C","100.000","%a.s.","21.720","deg","20.000","°C","977.000","hPa","0.861","-0.02617","0.00035","0","0","13.56","Humid","26.25","0","44.00","378777.76","SABD0000000001","AAV1.0.0.11","4.0.0.2323","PSt7-10","170328-019","7/29/2022 11:23:46 AM","0000-00","0","no battery","V","","µV","","µV"
"08/09/2022","10:08:52","6","default","383292078","Oxt_06","6.829","min","91.547","%a.s.","Humid","21.366","deg","42184","µV","28.001","°C","1017.000","hPa","36.4","pmil","0","55.390","deg","20.000","°C","100.000","%a.s.","21.720","deg","20.000","°C","977.000","hPa","0.861","-0.02617","0.00035","0","0","13.56","Humid","26.25","0","44.00","378769.57","SABD0000000001","AAV1.0.0.11","4.0.0.2323","PSt7-10","170328-019","7/29/2022 11:23:46 AM","0000-00","0","no battery","V","","µV","","µV"
"08/09/2022","10:08:53","6","default","383292078","Oxt_06","6.845","min","91.534","%a.s.","Humid","21.368","deg","42179","µV","27.997","°C","1017.000","hPa","36.4","pmil","0","55.390","deg","20.000","°C","100.000","%a.s.","21.720","deg","20.000","°C","977.000","hPa","0.861","-0.02617","0.00035","0","0","13.56","Humid","26.25","0","44.00","378773.31","SABD0000000001","AAV1.0.0.11","4.0.0.2323","PSt7-10","170328-019","7/29/2022 11:23:46 AM","0000-00","0","no battery","V","","µV","","µV"
"08/09/2022","10:08:54","6","default","383292078","Oxt_06","6.863","min","91.567","%a.s.","Humid","21.365","deg","42176","µV","27.987","°C","1017.000","hPa","36.4","pmil","0","55.390","deg","20.000","°C","100.000","%a.s.","21.720","deg","20.000","°C","977.000","hPa","0.861","-0.02617","0.00035","0","0","13.56","Humid","26.25","0","44.00","378788.67","SABD0000000001","AAV1.0.0.11","4.0.0.2323","PSt7-10","170328-019","7/29/2022 11:23:46 AM","0000-00","0","no battery","V","","µV","","µV"
"08/09/2022","10:08:55","6","default","383292078","Oxt_06","6.879","min","91.576","%a.s.","Humid","21.364","deg","42174","µV","27.986","°C","1017.000","hPa","36.4","pmil","0","55.390","deg","20.000","°C","100.000","%a.s.","21.720","deg","20.000","°C","977.000","hPa","0.861","-0.02617","0.00035","0","0","13.56","Humid","26.25","0","44.00","378776.04","SABD0000000001","AAV1.0.0.11","4.0.0.2323","PSt7-10","170328-019","7/29/2022 11:23:46 AM","0000-00","0","no battery","V","","µV","","µV"
"08/09/2022","10:08:56","6","default","383292078","Oxt_06","6.896","min","91.548","%a.s.","Humid","21.366","deg","42171","µV","27.999","°C","1017.000","hPa","36.4","pmil","0","55.390","deg","20.000","°C","100.000","%a.s.","21.720","deg","20.000","°C","977.000","hPa","0.861","-0.02617","0.00035","0","0","13.56","Humid","26.25","0","44.00","378774.99","SABD0000000001","AAV1.0.0.11","4.0.0.2323","PSt7-10","170328-019","7/29/2022 11:23:46 AM","0000-00","0","no battery","V","","µV","","µV"
"08/09/2022","10:08:57","6","default","383292078","Oxt_06","6.913","min","91.585","%a.s.","Humid","21.359","deg","42173","µV","28.022","°C","1017.000","hPa","36.4","pmil","0","55.390","deg","20.000","°C","100.000","%a.s.","21.720","deg","20.000","°C","977.000","hPa","0.861","-0.02617","0.00035","0","0","13.56","Humid","26.25","0","44.00","378768.59","SABD0000000001","AAV1.0.0.11","4.0.0.2323","PSt7-10","170328-019","7/29/2022 11:23:46 AM","0000-00","0","no battery","V","","µV","","µV"
"08/09/2022","10:08:58","6","default","383292078","Oxt_06","6.929","min","91.559","%a.s.","Humid","21.363","deg","42174","µV","28.015","°C","1017.000","hPa","36.4","pmil","0","55.390","deg","20.000","°C","100.000","%a.s.","21.720","deg","20.000","°C","977.000","hPa","0.861","-0.02617","0.00035","0","0","13.56","Humid","26.25","0","44.00","378765.51","SABD0000000001","AAV1.0.0.11","4.0.0.2323","PSt7-10","170328-019","7/29/2022 11:23:46 AM","0000-00","0","no battery","V","","µV","","µV"
"08/09/2022","10:08:59","6","default","383292078","Oxt_06","6.946","min","91.502","%a.s.","Humid","21.370","deg","42174","µV","28.015","°C","1017.000","hPa","36.4","pmil","0","55.390","deg","20.000","°C","100.000","%a.s.","21.720","deg","20.000","°C","977.000","hPa","0.861","-0.02617","0.00035","0","0","13.56","Humid","26.25","0","44.00","378772.78","SABD0000000001","AAV1.0.0.11","4.0.0.2323","PSt7-10","170328-019","7/29/2022 11:23:46 AM","0000-00","0","no battery","V","","µV","","µV"
"08/09/2022","10:09:00","6","default","383292078","Oxt_06","6.963","min","91.513","%a.s.","Humid","21.369","deg","42172","µV","28.012","°C","1017.000","hPa","36.4","pmil","0","55.390","deg","20.000","°C","100.000","%a.s.","21.720","deg","20.000","°C","977.000","hPa","0.861","-0.02617","0.00035","0","0","13.56","Humid","26.25","0","44.00","378773.56","SABD0000000001","AAV1.0.0.11","4.0.0.2323","PSt7-10","170328-019","7/29/2022 11:23:46 AM","0000-00","0","no battery","V","","µV","","µV"
"08/09/2022","10:09:01","6","default","383292078","Oxt_06","6.979","min","91.589","%a.s.","Humid","21.360","deg","42174","µV","28.008","°C","1017.000","hPa","36.4","pmil","0","55.390","deg","20.000","°C","100.000","%a.s.","21.720","deg","20.000","°C","977.000","hPa","0.861","-0.02617","0.00035","0","0","13.56","Humid","26.25","0","44.00","378773.53","SABD0000000001","AAV1.0.0.11","4.0.0.2323","PSt7-10","170328-019","7/29/2022 11:23:46 AM","0000-00","0","no battery","V","","µV","","µV"
"08/09/2022","10:09:02","6","default","383292078","Oxt_06","6.996","min","91.538","%a.s.","Humid","21.366","deg","42169","µV","28.011","°C","1017.000","hPa","36.4","pmil","0","55.390","deg","20.000","°C","100.000","%a.s.","21.720","deg","20.000","°C","977.000","hPa","0.861","-0.02617","0.00035","0","0","13.56","Humid","26.25","0","44.00","378767.21","SABD0000000001","AAV1.0.0.11","4.0.0.2323","PSt7-10","170328-019","7/29/2022 11:23:46 AM","0000-00","0","no battery","V","","µV","","µV"
"08/09/2022","10:09:03","6","default","383292078","Oxt_06","7.013","min","91.549","%a.s.","Humid","21.367","deg","42168","µV","27.989","°C","1017.000","hPa","36.4","pmil","0","55.390","deg","20.000","°C","100.000","%a.s.","21.720","deg","20.000","°C","977.000","hPa","0.861","-0.02617","0.00035","0","0","13.56","Humid","26.25","0","44.00","378764.46","SABD0000000001","AAV1.0.0.11","4.0.0.2323","PSt7-10","170328-019","7/29/2022 11:23:46 AM","0000-00","0","no battery","V","","µV","","µV"
"08/09/2022","10:09:04","6","default","383292078","Oxt_06","7.029","min","91.634","%a.s.","Humid","21.355","deg","42165","µV","28.003","°C","1017.000","hPa","36.4","pmil","0","55.390","deg","20.000","°C","100.000","%a.s.","21.720","deg","20.000","°C","977.000","hPa","0.861","-0.02617","0.00035","0","0","13.56","Humid","26.25","0","44.00","378768.54","SABD0000000001","AAV1.0.0.11","4.0.0.2323","PSt7-10","170328-019","7/29/2022 11:23:46 AM","0000-00","0","no battery","V","","µV","","µV"
"08/09/2022","10:09:05","6","default","383292078","Oxt_06","7.046","min","91.592","%a.s.","Humid","21.360","deg","42172","µV","28.005","°C","1017.000","hPa","36.4","pmil","0","55.390","deg","20.000","°C","100.000","%a.s.","21.720","deg","20.000","°C","977.000","hPa","0.861","-0.02617","0.00035","0","0","13.56","Humid","26.25","0","44.00","378768.76","SABD0000000001","AAV1.0.0.11","4.0.0.2323","PSt7-10","170328-019","7/29/2022 11:23:46 AM","0000-00","0","no battery","V","","µV","","µV"
"08/09/2022","10:09:06","6","default","383292078","Oxt_06","7.063","min","91.600","%a.s.","Humid","21.359","deg","42169","µV","28.005","°C","1017.000","hPa","36.4","pmil","0","55.390","deg","20.000","°C","100.000","%a.s.","21.720","deg","20.000","°C","977.000","hPa","0.861","-0.02617","0.00035","0","0","13.56","Humid","26.25","0","44.00","378764.73","SABD0000000001","AAV1.0.0.11","4.0.0.2323","PSt7-10","170328-019","7/29/2022 11:23:46 AM","0000-00","0","no battery","V","","µV","","µV"
"08/09/2022","10:09:07","6","default","383292078","Oxt_06","7.079","min","91.503","%a.s.","Humid","21.371","deg","42159","µV","28.005","°C","1017.000","hPa","36.4","pmil","0","55.390","deg","20.000","°C","100.000","%a.s.","21.720","deg","20.000","°C","977.000","hPa","0.861","-0.02617","0.00035","0","0","13.56","Humid","26.25","0","44.00","378772.01","SABD0000000001","AAV1.0.0.11","4.0.0.2323","PSt7-10","170328-019","7/29/2022 11:23:46 AM","0000-00","0","no battery","V","","µV","","µV"
"08/09/2022","10:09:08","6","default","383292078","Oxt_06","7.096","min","91.601","%a.s.","Humid","21.359","deg","42174","µV","28.004","°C","1017.000","hPa","36.4","pmil","0","55.390","deg","20.000","°C","100.000","%a.s.","21.720","deg","20.000","°C","977.000","hPa","0.861","-0.02617","0.00035","0","0","13.56","Humid","26.25","0","44.00","378767.28","SABD0000000001","AAV1.0.0.11","4.0.0.2323","PSt7-10","170328-019","7/29/2022 11:23:46 AM","0000-00","0","no battery","V","","µV","","µV"
"08/09/2022","10:09:09","6","default","383292078","Oxt_06","7.112","min","91.577","%a.s.","Humid","21.363","deg","42165","µV","27.995","°C","1017.000","hPa","36.4","pmil","0","55.390","deg","20.000","°C","100.000","%a.s.","21.720","deg","20.000","°C","977.000","hPa","0.861","-0.02617","0.00035","0","0","13.56","Humid","26.25","0","44.00","378765.45","SABD0000000001","AAV1.0.0.11","4.0.0.2323","PSt7-10","170328-019","7/29/2022 11:23:46 AM","0000-00","0","no battery","V","","µV","","µV"
"08/09/2022","10:09:10","6","default","383292078","Oxt_06","7.130","min","91.628","%a.s.","Humid","21.356","deg","42163","µV","28.000","°C","1017.000","hPa","36.4","pmil","0","55.390","deg","20.000","°C","100.000","%a.s.","21.720","deg","20.000","°C","977.000","hPa","0.861","-0.02617","0.00035","0","0","13.56","Humid","26.25","0","44.00","378780.17","SABD0000000001","AAV1.0.0.11","4.0.0.2323","PSt7-10","170328-019","7/29/2022 11:23:46 AM","0000-00","0","no battery","V","","µV","","µV"
"08/09/2022","10:09:11","6","default","383292078","Oxt_06","7.146","min","91.642","%a.s.","Humid","21.354","deg","42149","µV","28.003","°C","1017.000","hPa","36.4","pmil","0","55.390","deg","20.000","°C","100.000","%a.s.","21.720","deg","20.000","°C","977.000","hPa","0.861","-0.02617","0.00035","0","0","13.56","Humid","26.25","0","44.00","378785.17","SABD0000000001","AAV1.0.0.11","4.0.0.2323","PSt7-10","170328-019","7/29/2022 11:23:46 AM","0000-00","0","no battery","V","","µV","","µV"
"08/09/2022","10:09:12","6","default","383292078","Oxt_06","7.163","min","91.659","%a.s.","Humid","21.352","deg","42148","µV","28.002","°C","1017.000","hPa","36.4","pmil","0","55.390","deg","20.000","°C","100.000","%a.s.","21.720","deg","20.000","°C","977.000","hPa","0.861","-0.02617","0.00035","0","0","13.56","Humid","26.25","0","44.00","378776.02","SABD0000000001","AAV1.0.0.11","4.0.0.2323","PSt7-10","170328-019","7/29/2022 11:23:46 AM","0000-00","0","no battery","V","","µV","","µV"
"08/09/2022","10:09:13","6","default","383292078","Oxt_06","7.179","min","91.641","%a.s.","Humid","21.353","deg","42141","µV","28.014","°C","1017.000","hPa","36.4","pmil","0","55.390","deg","20.000","°C","100.000","%a.s.","21.720","deg","20.000","°C","977.000","hPa","0.861","-0.02617","0.00035","0","0","13.56","Humid","26.25","0","44.00","378781.42","SABD0000000001","AAV1.0.0.11","4.0.0.2323","PSt7-10","170328-019","7/29/2022 11:23:46 AM","0000-00","0","no battery","V","","µV","","µV"
"08/09/2022","10:09:14","6","default","383292078","Oxt_06","7.195","min","91.671","%a.s.","Humid","21.352","deg","42147","µV","27.989","°C","1017.000","hPa","36.4","pmil","0","55.390","deg","20.000","°C","100.000","%a.s.","21.720","deg","20.000","°C","977.000","hPa","0.861","-0.02617","0.00035","0","0","13.56","Humid","26.25","0","44.00","378770.34","SABD0000000001","AAV1.0.0.11","4.0.0.2323","PSt7-10","170328-019","7/29/2022 11:23:46 AM","0000-00","0","no battery","V","","µV","","µV"
"08/09/2022","10:09:15","6","default","383292078","Oxt_06","7.212","min","91.614","%a.s.","Humid","21.358","deg","42142","µV","27.998","°C","1017.000","hPa","36.4","pmil","0","55.390","deg","20.000","°C","100.000","%a.s.","21.720","deg","20.000","°C","977.000","hPa","0.861","-0.02617","0.00035","0","0","13.56","Humid","26.25","0","44.00","378764.93","SABD0000000001","AAV1.0.0.11","4.0.0.2323","PSt7-10","170328-019","7/29/2022 11:23:46 AM","0000-00","0","no battery","V","","µV","","µV"
"08/09/2022","10:09:16","6","default","383292078","Oxt_06","7.229","min","91.592","%a.s.","Humid","21.360","deg","42141","µV","28.005","°C","1017.000","hPa","36.4","pmil","0","55.390","deg","20.000","°C","100.000","%a.s.","21.720","deg","20.000","°C","977.000","hPa","0.861","-0.02617","0.00035","0","0","13.56","Humid","26.25","0","44.00","378771.69","SABD0000000001","AAV1.0.0.11","4.0.0.2323","PSt7-10","170328-019","7/29/2022 11:23:46 AM","0000-00","0","no battery","V","","µV","","µV"
"08/09/2022","10:09:17","6","default","383292078","Oxt_06","7.246","min","91.640","%a.s.","Humid","21.354","deg","42136","µV","28.005","°C","1017.000","hPa","36.4","pmil","0","55.390","deg","20.000","°C","100.000","%a.s.","21.720","deg","20.000","°C","977.000","hPa","0.861","-0.02617","0.00035","0","0","13.56","Humid","26.25","0","44.00","378774.68","SABD0000000001","AAV1.0.0.11","4.0.0.2323","PSt7-10","170328-019","7/29/2022 11:23:46 AM","0000-00","0","no battery","V","","µV","","µV"
"08/09/2022","10:09:18","6","default","383292078","Oxt_06","7.262","min","91.649","%a.s.","Humid","21.353","deg","42143","µV","28.004","°C","1017.000","hPa","36.4","pmil","0","55.390","deg","20.000","°C","100.000","%a.s.","21.720","deg","20.000","°C","977.000","hPa","0.861","-0.02617","0.00035","0","0","13.56","Humid","26.25","0","44.00","378774.20","SABD0000000001","AAV1.0.0.11","4.0.0.2323","PSt7-10","170328-019","7/29/2022 11:23:46 AM","0000-00","0","no battery","V","","µV","","µV"
"08/09/2022","10:09:19","6","default","383292078","Oxt_06","7.279","min","91.635","%a.s.","Humid","21.355","deg","42135","µV","28.002","°C","1017.000","hPa","36.4","pmil","0","55.390","deg","20.000","°C","100.000","%a.s.","21.720","deg","20.000","°C","977.000","hPa","0.861","-0.02617","0.00035","0","0","13.56","Humid","26.25","0","44.00","378789.74","SABD0000000001","AAV1.0.0.11","4.0.0.2323","PSt7-10","170328-019","7/29/2022 11:23:46 AM","0000-00","0","no battery","V","","µV","","µV"
"08/09/2022","10:09:20","6","default","383292078","Oxt_06","7.295","min","91.665","%a.s.","Humid","21.352","deg","42130","µV","27.995","°C","1017.000","hPa","36.4","pmil","0","55.390","deg","20.000","°C","100.000","%a.s.","21.720","deg","20.000","°C","977.000","hPa","0.861","-0.02617","0.00035","0","0","13.56","Humid","26.25","0","44.00","378783.69","SABD0000000001","AAV1.0.0.11","4.0.0.2323","PSt7-10","170328-019","7/29/2022 11:23:46 AM","0000-00","0","no battery","V","","µV","","µV"
"08/09/2022","10:09:21","6","default","383292078","Oxt_06","7.313","min","91.636","%a.s.","Humid","21.355","deg","42138","µV","28.001","°C","1017.000","hPa","36.4","pmil","0","55.390","deg","20.000","°C","100.000","%a.s.","21.720","deg","20.000","°C","977.000","hPa","0.861","-0.02617","0.00035","0","0","13.56","Humid","26.25","0","44.00","378800.88","SABD0000000001","AAV1.0.0.11","4.0.0.2323","PSt7-10","170328-019","7/29/2022 11:23:46 AM","0000-00","0","no battery","V","","µV","","µV"
"08/09/2022","10:09:22","6","default","383292078","Oxt_06","7.329","min","91.667","%a.s.","Humid","21.351","deg","42135","µV","28.002","°C","1017.000","hPa","36.4","pmil","0","55.390","deg","20.000","°C","100.000","%a.s.","21.720","deg","20.000","°C","977.000","hPa","0.861","-0.02617","0.00035","0","0","13.56","Humid","26.25","0","44.00","378776.01","SABD0000000001","AAV1.0.0.11","4.0.0.2323","PSt7-10","170328-019","7/29/2022 11:23:46 AM","0000-00","0","no battery","V","","µV","","µV"
"08/09/2022","10:09:23","6","default","383292078","Oxt_06","7.345","min","91.701","%a.s.","Humid","21.347","deg","42138","µV","28.001","°C","1017.000","hPa","36.4","pmil","0","55.390","deg","20.000","°C","100.000","%a.s.","21.720","deg","20.000","°C","977.000","hPa","0.861","-0.02617","0.00035","0","0","13.56","Humid","26.25","0","44.00","378775.15","SABD0000000001","AAV1.0.0.11","4.0.0.2323","PSt7-10","170328-019","7/29/2022 11:23:46 AM","0000-00","0","no battery","V","","µV","","µV"
"08/09/2022","10:09:24","6","default","383292078","Oxt_06","7.362","min","91.634","%a.s.","Humid","21.356","deg","42138","µV","27.994","°C","1017.000","hPa","36.4","pmil","0","55.390","deg","20.000","°C","100.000","%a.s.","21.720","deg","20.000","°C","977.000","hPa","0.861","-0.02617","0.00035","0","0","13.56","Humid","26.25","0","44.00","378779.67","SABD0000000001","AAV1.0.0.11","4.0.0.2323","PSt7-10","170328-019","7/29/2022 11:23:46 AM","0000-00","0","no battery","V","","µV","","µV"
"08/09/2022","10:09:25","6","default","383292078","Oxt_06","7.379","min","91.662","%a.s.","Humid","21.350","deg","42132","µV","28.016","°C","1017.000","hPa","36.4","pmil","0","55.390","deg","20.000","°C","100.000","%a.s.","21.720","deg","20.000","°C","977.000","hPa","0.861","-0.02617","0.00035","0","0","13.56","Humid","26.25","0","44.00","378785.64","SABD0000000001","AAV1.0.0.11","4.0.0.2323","PSt7-10","170328-019","7/29/2022 11:23:46 AM","0000-00","0","no battery","V","","µV","","µV"
"08/09/2022","10:09:26","6","default","383292078","Oxt_06","7.396","min","91.638","%a.s.","Humid","21.355","deg","42132","µV","27.998","°C","1017.000","hPa","36.4","pmil","0","55.390","deg","20.000","°C","100.000","%a.s.","21.720","deg","20.000","°C","977.000","hPa","0.861","-0.02617","0.00035","0","0","13.56","Humid","26.25","0","44.00","378777.10","SABD0000000001","AAV1.0.0.11","4.0.0.2323","PSt7-10","170328-019","7/29/2022 11:23:46 AM","0000-00","0","no battery","V","","µV","","µV"
"08/09/2022","10:09:27","6","default","383292078","Oxt_06","7.412","min","91.681","%a.s.","Humid","21.349","deg","42130","µV","28.005","°C","1017.000","hPa","36.4","pmil","0","55.390","deg","20.000","°C","100.000","%a.s.","21.720","deg","20.000","°C","977.000","hPa","0.861","-0.02617","0.00035","0","0","13.56","Humid","26.25","0","44.00","378783.96","SABD0000000001","AAV1.0.0.11","4.0.0.2323","PSt7-10","170328-019","7/29/2022 11:23:46 AM","0000-00","0","no battery","V","","µV","","µV"
"08/09/2022","10:09:28","6","default","383292078","Oxt_06","7.429","min","91.716","%a.s.","Humid","21.345","deg","42127","µV","28.002","°C","1017.000","hPa","36.4","pmil","0","55.390","deg","20.000","°C","100.000","%a.s.","21.720","deg","20.000","°C","977.000","hPa","0.861","-0.02617","0.00035","0","0","13.56","Humid","26.25","0","44.00","378783.43","SABD0000000001","AAV1.0.0.11","4.0.0.2323","PSt7-10","170328-019","7/29/2022 11:23:46 AM","0000-00","0","no battery","V","","µV","","µV"
"08/09/2022","10:09:29","6","default","383292078","Oxt_06","7.445","min","91.651","%a.s.","Humid","21.353","deg","42135","µV","28.002","°C","1017.000","hPa","36.4","pmil","0","55.390","deg","20.000","°C","100.000","%a.s.","21.720","deg","20.000","°C","977.000","hPa","0.861","-0.02617","0.00035","0","0","13.56","Humid","26.25","0","44.00","378781.83","SABD0000000001","AAV1.0.0.11","4.0.0.2323","PSt7-10","170328-019","7/29/2022 11:23:46 AM","0000-00","0","no battery","V","","µV","","µV"
"08/09/2022","10:09:30","6","default","383292078","Oxt_06","7.462","min","91.654","%a.s.","Humid","21.354","deg","42121","µV","27.989","°C","1017.000","hPa","36.4","pmil","0","55.390","deg","20.000","°C","100.000","%a.s.","21.720","deg","20.000","°C","977.000","hPa","0.861","-0.02617","0.00035","0","0","13.56","Humid","26.25","0","44.00","378788.59","SABD0000000001","AAV1.0.0.11","4.0.0.2323","PSt7-10","170328-019","7/29/2022 11:23:46 AM","0000-00","0","no battery","V","","µV","","µV"
"08/09/2022","10:09:31","6","default","383292078","Oxt_06","7.479","min","91.672","%a.s.","Humid","21.352","deg","42126","µV","27.987","°C","1017.000","hPa","36.4","pmil","0","55.390","deg","20.000","°C","100.000","%a.s.","21.720","deg","20.000","°C","977.000","hPa","0.861","-0.02617","0.00035","0","0","13.56","Humid","26.25","0","44.00","378783.29","SABD0000000001","AAV1.0.0.11","4.0.0.2323","PSt7-10","170328-019","7/29/2022 11:23:46 AM","0000-00","0","no battery","V","","µV","","µV"
"08/09/2022","10:09:32","6","default","383292078","Oxt_06","7.496","min","91.696","%a.s.","Humid","21.348","deg","42130","µV","27.997","°C","1017.000","hPa","36.4","pmil","0","55.390","deg","20.000","°C","100.000","%a.s.","21.720","deg","20.000","°C","977.000","hPa","0.861","-0.02617","0.00035","0","0","13.56","Humid","26.25","0","44.00","378777.43","SABD0000000001","AAV1.0.0.11","4.0.0.2323","PSt7-10","170328-019","7/29/2022 11:23:46 AM","0000-00","0","no battery","V","","µV","","µV"
"08/09/2022","10:09:33","6","default","383292078","Oxt_06","7.512","min","91.658","%a.s.","Humid","21.354","deg","42124","µV","27.985","°C","1017.000","hPa","36.4","pmil","0","55.390","deg","20.000","°C","100.000","%a.s.","21.720","deg","20.000","°C","977.000","hPa","0.861","-0.02617","0.00035","0","0","13.56","Humid","26.25","0","44.00","378778.81","SABD0000000001","AAV1.0.0.11","4.0.0.2323","PSt7-10","170328-019","7/29/2022 11:23:46 AM","0000-00","0","no battery","V","","µV","","µV"
"08/09/2022","10:09:34","6","default","383292078","Oxt_06","7.529","min","91.678","%a.s.","Humid","21.351","deg","42126","µV","27.990","°C","1017.000","hPa","36.4","pmil","0","55.390","deg","20.000","°C","100.000","%a.s.","21.720","deg","20.000","°C","977.000","hPa","0.861","-0.02617","0.00035","0","0","13.56","Humid","26.25","0","44.00","378781.01","SABD0000000001","AAV1.0.0.11","4.0.0.2323","PSt7-10","170328-019","7/29/2022 11:23:46 AM","0000-00","0","no battery","V","","µV","","µV"
"08/09/2022","10:09:35","6","default","383292078","Oxt_06","7.546","min","91.683","%a.s.","Humid","21.349","deg","42126","µV","28.003","°C","1017.000","hPa","36.4","pmil","0","55.390","deg","20.000","°C","100.000","%a.s.","21.720","deg","20.000","°C","977.000","hPa","0.861","-0.02617","0.00035","0","0","13.56","Humid","26.25","0","44.00","378782.83","SABD0000000001","AAV1.0.0.11","4.0.0.2323","PSt7-10","170328-019","7/29/2022 11:23:46 AM","0000-00","0","no battery","V","","µV","","µV"
"08/09/2022","10:09:36","6","default","383292078","Oxt_06","7.562","min","91.723","%a.s.","Humid","21.343","deg","42121","µV","28.012","°C","1017.000","hPa","36.4","pmil","0","55.390","deg","20.000","°C","100.000","%a.s.","21.720","deg","20.000","°C","977.000","hPa","0.861","-0.02617","0.00035","0","0","13.56","Humid","26.25","0","44.00","378774.83","SABD0000000001","AAV1.0.0.11","4.0.0.2323","PSt7-10","170328-019","7/29/2022 11:23:46 AM","0000-00","0","no battery","V","","µV","","µV"
"08/09/2022","10:09:37","6","default","383292078","Oxt_06","7.579","min","91.698","%a.s.","Humid","21.345","deg","42116","µV","28.022","°C","1017.000","hPa","36.4","pmil","0","55.390","deg","20.000","°C","100.000","%a.s.","21.720","deg","20.000","°C","977.000","hPa","0.861","-0.02617","0.00035","0","0","13.56","Humid","26.25","0","44.00","378784.99","SABD0000000001","AAV1.0.0.11","4.0.0.2323","PSt7-10","170328-019","7/29/2022 11:23:46 AM","0000-00","0","no battery","V","","µV","","µV"
"08/09/2022","10:09:38","6","default","383292078","Oxt_06","7.596","min","91.702","%a.s.","Humid","21.347","deg","42125","µV","27.999","°C","1017.000","hPa","36.4","pmil","0","55.390","deg","20.000","°C","100.000","%a.s.","21.720","deg","20.000","°C","977.000","hPa","0.861","-0.02617","0.00035","0","0","13.56","Humid","26.25","0","44.00","378788.49","SABD0000000001","AAV1.0.0.11","4.0.0.2323","PSt7-10","170328-019","7/29/2022 11:23:46 AM","0000-00","0","no battery","V","","µV","","µV"
"08/09/2022","10:09:39","6","default","383292078","Oxt_06","7.612","min","91.752","%a.s.","Humid","21.341","deg","42122","µV","27.998","°C","1017.000","hPa","36.4","pmil","0","55.390","deg","20.000","°C","100.000","%a.s.","21.720","deg","20.000","°C","977.000","hPa","0.861","-0.02617","0.00035","0","0","13.56","Humid","26.25","0","44.00","378784.56","SABD0000000001","AAV1.0.0.11","4.0.0.2323","PSt7-10","170328-019","7/29/2022 11:23:46 AM","0000-00","0","no battery","V","","µV","","µV"
"08/09/2022","10:09:40","6","default","383292078","Oxt_06","7.629","min","91.712","%a.s.","Humid","21.345","deg","42118","µV","28.006","°C","1017.000","hPa","36.4","pmil","0","55.390","deg","20.000","°C","100.000","%a.s.","21.720","deg","20.000","°C","977.000","hPa","0.861","-0.02617","0.00035","0","0","13.56","Humid","26.25","0","44.00","378792.79","SABD0000000001","AAV1.0.0.11","4.0.0.2323","PSt7-10","170328-019","7/29/2022 11:23:46 AM","0000-00","0","no battery","V","","µV","","µV"
"08/09/2022","10:09:41","6","default","383292078","Oxt_06","7.646","min","91.715","%a.s.","Humid","21.344","deg","42113","µV","28.011","°C","1017.000","hPa","36.4","pmil","0","55.390","deg","20.000","°C","100.000","%a.s.","21.720","deg","20.000","°C","977.000","hPa","0.861","-0.02617","0.00035","0","0","13.56","Humid","26.25","0","44.00","378793.80","SABD0000000001","AAV1.0.0.11","4.0.0.2323","PSt7-10","170328-019","7/29/2022 11:23:46 AM","0000-00","0","no battery","V","","µV","","µV"
"08/09/2022","10:09:42","6","default","383292078","Oxt_06","7.663","min","91.792","%a.s.","Humid","21.335","deg","42114","µV","28.007","°C","1017.000","hPa","36.4","pmil","0","55.390","deg","20.000","°C","100.000","%a.s.","21.720","deg","20.000","°C","977.000","hPa","0.861","-0.02617","0.00035","0","0","13.56","Humid","26.25","0","44.00","378791.71","SABD0000000001","AAV1.0.0.11","4.0.0.2323","PSt7-10","170328-019","7/29/2022 11:23:46 AM","0000-00","0","no battery","V","","µV","","µV"
"08/09/2022","10:09:43","6","default","383292078","Oxt_06","7.679","min","91.749","%a.s.","Humid","21.340","deg","42114","µV","28.010","°C","1017.000","hPa","36.4","pmil","0","55.390","deg","20.000","°C","100.000","%a.s.","21.720","deg","20.000","°C","977.000","hPa","0.861","-0.02617","0.00035","0","0","13.56","Humid","26.25","0","44.00","378792.59","SABD0000000001","AAV1.0.0.11","4.0.0.2323","PSt7-10","170328-019","7/29/2022 11:23:46 AM","0000-00","0","no battery","V","","µV","","µV"
"08/09/2022","10:09:44","6","default","383292078","Oxt_06","7.696","min","91.739","%a.s.","Humid","21.341","deg","42117","µV","28.012","°C","1017.000","hPa","36.4","pmil","0","55.390","deg","20.000","°C","100.000","%a.s.","21.720","deg","20.000","°C","977.000","hPa","0.861","-0.02617","0.00035","0","0","13.56","Humid","26.25","0","44.00","378802.96","SABD0000000001","AAV1.0.0.11","4.0.0.2323","PSt7-10","170328-019","7/29/2022 11:23:46 AM","0000-00","0","no battery","V","","µV","","µV"
"08/09/2022","10:09:45","6","default","383292078","Oxt_06","7.713","min","91.788","%a.s.","Humid","21.335","deg","42113","µV","28.011","°C","1017.000","hPa","36.4","pmil","0","55.390","deg","20.000","°C","100.000","%a.s.","21.720","deg","20.000","°C","977.000","hPa","0.861","-0.02617","0.00035","0","0","13.56","Humid","26.25","0","44.00","378805.30","SABD0000000001","AAV1.0.0.11","4.0.0.2323","PSt7-10","170328-019","7/29/2022 11:23:46 AM","0000-00","0","no battery","V","","µV","","µV"
"08/09/2022","10:09:46","6","default","383292078","Oxt_06","7.729","min","91.728","%a.s.","Humid","21.344","deg","42120","µV","27.997","°C","1017.000","hPa","36.4","pmil","0","55.390","deg","20.000","°C","100.000","%a.s.","21.720","deg","20.000","°C","977.000","hPa","0.861","-0.02617","0.00035","0","0","13.56","Humid","26.25","0","44.00","378801.94","SABD0000000001","AAV1.0.0.11","4.0.0.2323","PSt7-10","170328-019","7/29/2022 11:23:46 AM","0000-00","0","no battery","V","","µV","","µV"
"08/09/2022","10:09:47","6","default","383292078","Oxt_06","7.746","min","91.735","%a.s.","Humid","21.343","deg","42113","µV","27.999","°C","1017.000","hPa","36.4","pmil","0","55.390","deg","20.000","°C","100.000","%a.s.","21.720","deg","20.000","°C","977.000","hPa","0.861","-0.02617","0.00035","0","0","13.56","Humid","26.25","0","44.00","378810.91","SABD0000000001","AAV1.0.0.11","4.0.0.2323","PSt7-10","170328-019","7/29/2022 11:23:46 AM","0000-00","0","no battery","V","","µV","","µV"
"08/09/2022","10:09:48","6","default","383292078","Oxt_06","7.763","min","91.796","%a.s.","Humid","21.335","deg","42115","µV","28.002","°C","1017.000","hPa","36.4","pmil","0","55.390","deg","20.000","°C","100.000","%a.s.","21.720","deg","20.000","°C","977.000","hPa","0.861","-0.02617","0.00035","0","0","13.56","Humid","26.25","0","44.00","378810.83","SABD0000000001","AAV1.0.0.11","4.0.0.2323","PSt7-10","170328-019","7/29/2022 11:23:46 AM","0000-00","0","no battery","V","","µV","","µV"
"08/09/2022","10:09:49","6","default","383292078","Oxt_06","7.779","min","91.811","%a.s.","Humid","21.333","deg","42109","µV","28.004","°C","1017.000","hPa","36.4","pmil","0","55.390","deg","20.000","°C","100.000","%a.s.","21.720","deg","20.000","°C","977.000","hPa","0.861","-0.02617","0.00035","0","0","13.56","Humid","26.25","0","44.00","378798.94","SABD0000000001","AAV1.0.0.11","4.0.0.2323","PSt7-10","170328-019","7/29/2022 11:23:46 AM","0000-00","0","no battery","V","","µV","","µV"
"08/09/2022","10:09:50","6","default","383292078","Oxt_06","7.796","min","91.767","%a.s.","Humid","21.339","deg","42113","µV","27.999","°C","1017.000","hPa","36.4","pmil","0","55.390","deg","20.000","°C","100.000","%a.s.","21.720","deg","20.000","°C","977.000","hPa","0.861","-0.02617","0.00035","0","0","13.56","Humid","26.25","0","44.00","378793.31","SABD0000000001","AAV1.0.0.11","4.0.0.2323","PSt7-10","170328-019","7/29/2022 11:23:46 AM","0000-00","0","no battery","V","","µV","","µV"
"08/09/2022","10:09:51","6","default","383292078","Oxt_06","7.812","min","91.758","%a.s.","Humid","21.340","deg","42110","µV","28.000","°C","1017.000","hPa","36.4","pmil","0","55.390","deg","20.000","°C","100.000","%a.s.","21.720","deg","20.000","°C","977.000","hPa","0.861","-0.02617","0.00035","0","0","13.56","Humid","26.25","0","44.00","378795.10","SABD0000000001","AAV1.0.0.11","4.0.0.2323","PSt7-10","170328-019","7/29/2022 11:23:46 AM","0000-00","0","no battery","V","","µV","","µV"
"08/09/2022","10:09:52","6","default","383292078","Oxt_06","7.829","min","91.811","%a.s.","Humid","21.334","deg","42109","µV","27.995","°C","1017.000","hPa","36.4","pmil","0","55.390","deg","20.000","°C","100.000","%a.s.","21.720","deg","20.000","°C","977.000","hPa","0.861","-0.02617","0.00035","0","0","13.56","Humid","26.25","0","44.00","378783.15","SABD0000000001","AAV1.0.0.11","4.0.0.2323","PSt7-10","170328-019","7/29/2022 11:23:46 AM","0000-00","0","no battery","V","","µV","","µV"
"08/09/2022","10:09:53","6","default","383292078","Oxt_06","7.846","min","91.793","%a.s.","Humid","21.336","deg","42115","µV","27.997","°C","1017.000","hPa","36.4","pmil","0","55.390","deg","20.000","°C","100.000","%a.s.","21.720","deg","20.000","°C","977.000","hPa","0.861","-0.02617","0.00035","0","0","13.56","Humid","26.25","0","44.00","378796.27","SABD0000000001","AAV1.0.0.11","4.0.0.2323","PSt7-10","170328-019","7/29/2022 11:23:46 AM","0000-00","0","no battery","V","","µV","","µV"
"08/09/2022","10:09:54","6","default","383292078","Oxt_06","7.862","min","91.871","%a.s.","Humid","21.325","deg","42110","µV","28.009","°C","1017.000","hPa","36.4","pmil","0","55.390","deg","20.000","°C","100.000","%a.s.","21.720","deg","20.000","°C","977.000","hPa","0.861","-0.02617","0.00035","0","0","13.56","Humid","26.25","0","44.00","378789.65","SABD0000000001","AAV1.0.0.11","4.0.0.2323","PSt7-10","170328-019","7/29/2022 11:23:46 AM","0000-00","0","no battery","V","","µV","","µV"
"08/09/2022","10:09:55","6","default","383292078","Oxt_06","7.879","min","91.771","%a.s.","Humid","21.340","deg","42110","µV","27.985","°C","1017.000","hPa","36.4","pmil","0","55.390","deg","20.000","°C","100.000","%a.s.","21.720","deg","20.000","°C","977.000","hPa","0.861","-0.02617","0.00035","0","0","13.56","Humid","26.25","0","44.00","378793.53","SABD0000000001","AAV1.0.0.11","4.0.0.2323","PSt7-10","170328-019","7/29/2022 11:23:46 AM","0000-00","0","no battery","V","","µV","","µV"
"08/09/2022","10:09:56","6","default","383292078","Oxt_06","7.895","min","91.766","%a.s.","Humid","21.340","deg","42112","µV","27.991","°C","1017.000","hPa","36.4","pmil","0","55.390","deg","20.000","°C","100.000","%a.s.","21.720","deg","20.000","°C","977.000","hPa","0.861","-0.02617","0.00035","0","0","13.56","Humid","26.25","0","44.00","378807.97","SABD0000000001","AAV1.0.0.11","4.0.0.2323","PSt7-10","170328-019","7/29/2022 11:23:46 AM","0000-00","0","no battery","V","","µV","","µV"
"08/09/2022","10:09:57","6","default","383292078","Oxt_06","7.912","min","91.765","%a.s.","Humid","21.337","deg","42107","µV","28.020","°C","1017.000","hPa","36.4","pmil","0","55.390","deg","20.000","°C","100.000","%a.s.","21.720","deg","20.000","°C","977.000","hPa","0.861","-0.02617","0.00035","0","0","13.56","Humid","26.25","0","44.00","378815.92","SABD0000000001","AAV1.0.0.11","4.0.0.2323","PSt7-10","170328-019","7/29/2022 11:23:46 AM","0000-00","0","no battery","V","","µV","","µV"
"08/09/2022","10:09:58","6","default","383292078","Oxt_06","7.929","min","91.783","%a.s.","Humid","21.336","deg","42106","µV","28.008","°C","1017.000","hPa","36.4","pmil","0","55.390","deg","20.000","°C","100.000","%a.s.","21.720","deg","20.000","°C","977.000","hPa","0.861","-0.02617","0.00035","0","0","13.56","Humid","26.25","0","44.00","378800.18","SABD0000000001","AAV1.0.0.11","4.0.0.2323","PSt7-10","170328-019","7/29/2022 11:23:46 AM","0000-00","0","no battery","V","","µV","","µV"
"08/09/2022","10:09:59","6","default","383292078","Oxt_06","7.946","min","91.759","%a.s.","Humid","21.340","deg","42105","µV","27.999","°C","1017.000","hPa","36.4","pmil","0","55.390","deg","20.000","°C","100.000","%a.s.","21.720","deg","20.000","°C","977.000","hPa","0.861","-0.02617","0.00035","0","0","13.56","Humid","26.25","0","44.00","378816.04","SABD0000000001","AAV1.0.0.11","4.0.0.2323","PSt7-10","170328-019","7/29/2022 11:23:46 AM","0000-00","0","no battery","V","","µV","","µV"
"08/09/2022","10:10:00","6","default","383292078","Oxt_06","7.962","min","91.760","%a.s.","Humid","21.339","deg","42105","µV","28.007","°C","1017.000","hPa","36.4","pmil","0","55.390","deg","20.000","°C","100.000","%a.s.","21.720","deg","20.000","°C","977.000","hPa","0.861","-0.02617","0.00035","0","0","13.56","Humid","26.25","0","44.00","378800.26","SABD0000000001","AAV1.0.0.11","4.0.0.2323","PSt7-10","170328-019","7/29/2022 11:23:46 AM","0000-00","0","no battery","V","","µV","","µV"
"08/09/2022","10:10:01","6","default","383292078","Oxt_06","7.979","min","91.834","%a.s.","Humid","21.330","deg","42102","µV","28.005","°C","1017.000","hPa","36.4","pmil","0","55.390","deg","20.000","°C","100.000","%a.s.","21.720","deg","20.000","°C","977.000","hPa","0.861","-0.02617","0.00035","0","0","13.56","Humid","26.25","0","44.00","378807.19","SABD0000000001","AAV1.0.0.11","4.0.0.2323","PSt7-10","170328-019","7/29/2022 11:23:46 AM","0000-00","0","no battery","V","","µV","","µV"
"08/09/2022","10:10:02","6","default","383292078","Oxt_06","7.996","min","91.802","%a.s.","Humid","21.335","deg","42104","µV","27.996","°C","1017.000","hPa","36.4","pmil","0","55.390","deg","20.000","°C","100.000","%a.s.","21.720","deg","20.000","°C","977.000","hPa","0.861","-0.02617","0.00035","0","0","13.56","Humid","26.25","0","44.00","378831.94","SABD0000000001","AAV1.0.0.11","4.0.0.2323","PSt7-10","170328-019","7/29/2022 11:23:46 AM","0000-00","0","no battery","V","","µV","","µV"
"08/09/2022","10:10:03","6","default","383292078","Oxt_06","8.013","min","91.867","%a.s.","Humid","21.329","deg","42103","µV","27.977","°C","1017.000","hPa","36.4","pmil","0","55.390","deg","20.000","°C","100.000","%a.s.","21.720","deg","20.000","°C","977.000","hPa","0.861","-0.02617","0.00035","0","0","13.56","Humid","26.25","0","44.00","378812.20","SABD0000000001","AAV1.0.0.11","4.0.0.2323","PSt7-10","170328-019","7/29/2022 11:23:46 AM","0000-00","0","no battery","V","","µV","","µV"
"08/09/2022","10:10:04","6","default","383292078","Oxt_06","8.029","min","91.811","%a.s.","Humid","21.334","deg","42104","µV","27.994","°C","1017.000","hPa","36.4","pmil","0","55.390","deg","20.000","°C","100.000","%a.s.","21.720","deg","20.000","°C","977.000","hPa","0.861","-0.02617","0.00035","0","0","13.56","Humid","26.25","0","44.00","378816.16","SABD0000000001","AAV1.0.0.11","4.0.0.2323","PSt7-10","170328-019","7/29/2022 11:23:46 AM","0000-00","0","no battery","V","","µV","","µV"
"08/09/2022","10:10:05","6","default","383292078","Oxt_06","8.045","min","91.827","%a.s.","Humid","21.332","deg","42105","µV","27.995","°C","1017.000","hPa","36.4","pmil","0","55.390","deg","20.000","°C","100.000","%a.s.","21.720","deg","20.000","°C","977.000","hPa","0.861","-0.02617","0.00035","0","0","13.56","Humid","26.25","0","44.00","378812.62","SABD0000000001","AAV1.0.0.11","4.0.0.2323","PSt7-10","170328-019","7/29/2022 11:23:46 AM","0000-00","0","no battery","V","","µV","","µV"
"08/09/2022","10:10:06","6","default","383292078","Oxt_06","8.062","min","91.790","%a.s.","Humid","21.336","deg","42104","µV","28.001","°C","1017.000","hPa","36.4","pmil","0","55.390","deg","20.000","°C","100.000","%a.s.","21.720","deg","20.000","°C","977.000","hPa","0.861","-0.02617","0.00035","0","0","13.56","Humid","26.25","0","44.00","378816.74","SABD0000000001","AAV1.0.0.11","4.0.0.2323","PSt7-10","170328-019","7/29/2022 11:23:46 AM","0000-00","0","no battery","V","","µV","","µV"
"08/09/2022","10:10:07","6","default","383292078","Oxt_06","8.079","min","91.806","%a.s.","Humid","21.334","deg","42100","µV","28.001","°C","1017.000","hPa","36.4","pmil","0","55.390","deg","20.000","°C","100.000","%a.s.","21.720","deg","20.000","°C","977.000","hPa","0.861","-0.02617","0.00035","0","0","13.56","Humid","26.25","0","44.00","378805.49","SABD0000000001","AAV1.0.0.11","4.0.0.2323","PSt7-10","170328-019","7/29/2022 11:23:46 AM","0000-00","0","no battery","V","","µV","","µV"
"08/09/2022","10:10:08","6","default","383292078","Oxt_06","8.095","min","91.872","%a.s.","Humid","21.327","deg","42100","µV","27.989","°C","1017.000","hPa","36.4","pmil","0","55.390","deg","20.000","°C","100.000","%a.s.","21.720","deg","20.000","°C","977.000","hPa","0.861","-0.02617","0.00035","0","0","13.56","Humid","26.25","0","44.00","378815.77","SABD0000000001","AAV1.0.0.11","4.0.0.2323","PSt7-10","170328-019","7/29/2022 11:23:46 AM","0000-00","0","no battery","V","","µV","","µV"
"08/09/2022","10:10:09","6","default","383292078","Oxt_06","8.112","min","91.869","%a.s.","Humid","21.326","deg","42100","µV","28.002","°C","1017.000","hPa","36.4","pmil","0","55.390","deg","20.000","°C","100.000","%a.s.","21.720","deg","20.000","°C","977.000","hPa","0.861","-0.02617","0.00035","0","0","13.56","Humid","26.25","0","44.00","378817.69","SABD0000000001","AAV1.0.0.11","4.0.0.2323","PSt7-10","170328-019","7/29/2022 11:23:46 AM","0000-00","0","no battery","V","","µV","","µV"
"08/09/2022","10:10:10","6","default","383292078","Oxt_06","8.129","min","91.853","%a.s.","Humid","21.329","deg","42100","µV","27.993","°C","1017.000","hPa","36.4","pmil","0","55.390","deg","20.000","°C","100.000","%a.s.","21.720","deg","20.000","°C","977.000","hPa","0.861","-0.02617","0.00035","0","0","13.56","Humid","26.25","0","44.00","378809.84","SABD0000000001","AAV1.0.0.11","4.0.0.2323","PSt7-10","170328-019","7/29/2022 11:23:46 AM","0000-00","0","no battery","V","","µV","","µV"
"08/09/2022","10:10:11","6","default","383292078","Oxt_06","8.146","min","91.821","%a.s.","Humid","21.333","deg","42097","µV","27.993","°C","1017.000","hPa","36.4","pmil","0","55.390","deg","20.000","°C","100.000","%a.s.","21.720","deg","20.000","°C","977.000","hPa","0.861","-0.02617","0.00035","0","0","13.56","Humid","26.25","0","44.00","378811.59","SABD0000000001","AAV1.0.0.11","4.0.0.2323","PSt7-10","170328-019","7/29/2022 11:23:46 AM","0000-00","0","no battery","V","","µV","","µV"
"08/09/2022","10:10:12","6","default","383292078","Oxt_06","8.163","min","91.826","%a.s.","Humid","21.332","deg","42102","µV","27.996","°C","1017.000","hPa","36.4","pmil","0","55.390","deg","20.000","°C","100.000","%a.s.","21.720","deg","20.000","°C","977.000","hPa","0.861","-0.02617","0.00035","0","0","13.56","Humid","26.25","0","44.00","378817.40","SABD0000000001","AAV1.0.0.11","4.0.0.2323","PSt7-10","170328-019","7/29/2022 11:23:46 AM","0000-00","0","no battery","V","","µV","","µV"
"08/09/2022","10:10:13","6","default","383292078","Oxt_06","8.179","min","91.801","%a.s.","Humid","21.335","deg","42092","µV","27.997","°C","1017.000","hPa","36.4","pmil","0","55.390","deg","20.000","°C","100.000","%a.s.","21.720","deg","20.000","°C","977.000","hPa","0.861","-0.02617","0.00035","0","0","13.56","Humid","26.25","0","44.00","378811.10","SABD0000000001","AAV1.0.0.11","4.0.0.2323","PSt7-10","170328-019","7/29/2022 11:23:46 AM","0000-00","0","no battery","V","","µV","","µV"
"08/09/2022","10:10:14","6","default","383292078","Oxt_06","8.196","min","91.868","%a.s.","Humid","21.326","deg","42090","µV","28.004","°C","1017.000","hPa","36.4","pmil","0","55.390","deg","20.000","°C","100.000","%a.s.","21.720","deg","20.000","°C","977.000","hPa","0.861","-0.02617","0.00035","0","0","13.56","Humid","26.25","0","44.00","378819.17","SABD0000000001","AAV1.0.0.11","4.0.0.2323","PSt7-10","170328-019","7/29/2022 11:23:46 AM","0000-00","0","no battery","V","","µV","","µV"
"08/09/2022","10:10:15","6","default","383292078","Oxt_06","8.213","min","91.821","%a.s.","Humid","21.331","deg","42094","µV","28.011","°C","1017.000","hPa","36.4","pmil","0","55.390","deg","20.000","°C","100.000","%a.s.","21.720","deg","20.000","°C","977.000","hPa","0.861","-0.02617","0.00035","0","0","13.56","Humid","26.25","0","44.00","378811.17","SABD0000000001","AAV1.0.0.11","4.0.0.2323","PSt7-10","170328-019","7/29/2022 11:23:46 AM","0000-00","0","no battery","V","","µV","","µV"
"08/09/2022","10:10:16","6","default","383292078","Oxt_06","8.229","min","91.910","%a.s.","Humid","21.321","deg","42094","µV","28.001","°C","1017.000","hPa","36.4","pmil","0","55.390","deg","20.000","°C","100.000","%a.s.","21.720","deg","20.000","°C","977.000","hPa","0.861","-0.02617","0.00035","0","0","13.56","Humid","26.25","0","44.00","378802.98","SABD0000000001","AAV1.0.0.11","4.0.0.2323","PSt7-10","170328-019","7/29/2022 11:23:46 AM","0000-00","0","no battery","V","","µV","","µV"
"08/09/2022","10:10:17","6","default","383292078","Oxt_06","8.245","min","91.786","%a.s.","Humid","21.337","deg","42096","µV","27.995","°C","1017.000","hPa","36.4","pmil","0","55.390","deg","20.000","°C","100.000","%a.s.","21.720","deg","20.000","°C","977.000","hPa","0.861","-0.02617","0.00035","0","0","13.56","Humid","26.25","0","44.00","378811.87","SABD0000000001","AAV1.0.0.11","4.0.0.2323","PSt7-10","170328-019","7/29/2022 11:23:46 AM","0000-00","0","no battery","V","","µV","","µV"
"08/09/2022","10:10:18","6","default","383292078","Oxt_06","8.263","min","91.845","%a.s.","Humid","21.329","deg","42089","µV","28.001","°C","1017.000","hPa","36.4","pmil","0","55.390","deg","20.000","°C","100.000","%a.s.","21.720","deg","20.000","°C","977.000","hPa","0.861","-0.02617","0.00035","0","0","13.56","Humid","26.25","0","44.00","378825.27","SABD0000000001","AAV1.0.0.11","4.0.0.2323","PSt7-10","170328-019","7/29/2022 11:23:46 AM","0000-00","0","no battery","V","","µV","","µV"
"08/09/2022","10:10:19","6","default","383292078","Oxt_06","8.279","min","91.886","%a.s.","Humid","21.324","deg","42092","µV","28.001","°C","1017.000","hPa","36.4","pmil","0","55.390","deg","20.000","°C","100.000","%a.s.","21.720","deg","20.000","°C","977.000","hPa","0.861","-0.02617","0.00035","0","0","13.56","Humid","26.25","0","44.00","378824.89","SABD0000000001","AAV1.0.0.11","4.0.0.2323","PSt7-10","170328-019","7/29/2022 11:23:46 AM","0000-00","0","no battery","V","","µV","","µV"
"08/09/2022","10:10:20","6","default","383292078","Oxt_06","8.296","min","91.829","%a.s.","Humid","21.330","deg","42085","µV","28.011","°C","1017.000","hPa","36.4","pmil","0","55.390","deg","20.000","°C","100.000","%a.s.","21.720","deg","20.000","°C","977.000","hPa","0.861","-0.02617","0.00035","0","0","13.56","Humid","26.25","0","44.00","378800.31","SABD0000000001","AAV1.0.0.11","4.0.0.2323","PSt7-10","170328-019","7/29/2022 11:23:46 AM","0000-00","0","no battery","V","","µV","","µV"
"08/09/2022","10:10:21","6","default","383292078","Oxt_06","8.312","min","91.897","%a.s.","Humid","21.323","deg","42081","µV","27.998","°C","1017.000","hPa","36.4","pmil","0","55.390","deg","20.000","°C","100.000","%a.s.","21.720","deg","20.000","°C","977.000","hPa","0.861","-0.02617","0.00035","0","0","13.56","Humid","26.25","0","44.00","378795.81","SABD0000000001","AAV1.0.0.11","4.0.0.2323","PSt7-10","170328-019","7/29/2022 11:23:46 AM","0000-00","0","no battery","V","","µV","","µV"
"08/09/2022","10:10:22","6","default","383292078","Oxt_06","8.329","min","91.884","%a.s.","Humid","21.325","deg","42084","µV","27.994","°C","1017.000","hPa","36.4","pmil","0","55.390","deg","20.000","°C","100.000","%a.s.","21.720","deg","20.000","°C","977.000","hPa","0.861","-0.02617","0.00035","0","0","13.56","Humid","26.25","0","44.00","378820.56","SABD0000000001","AAV1.0.0.11","4.0.0.2323","PSt7-10","170328-019","7/29/2022 11:23:46 AM","0000-00","0","no battery","V","","µV","","µV"
"08/09/2022","10:10:23","6","default","383292078","Oxt_06","8.346","min","91.828","%a.s.","Humid","21.331","deg","42080","µV","28.003","°C","1017.000","hPa","36.4","pmil","0","55.390","deg","20.000","°C","100.000","%a.s.","21.720","deg","20.000","°C","977.000","hPa","0.861","-0.02617","0.00035","0","0","13.56","Humid","26.25","0","44.00","378817.96","SABD0000000001","AAV1.0.0.11","4.0.0.2323","PSt7-10","170328-019","7/29/2022 11:23:46 AM","0000-00","0","no battery","V","","µV","","µV"
"08/09/2022","10:10:24","6","default","383292078","Oxt_06","8.362","min","91.844","%a.s.","Humid","21.329","deg","42085","µV","28.003","°C","1017.000","hPa","36.4","pmil","0","55.390","deg","20.000","°C","100.000","%a.s.","21.720","deg","20.000","°C","977.000","hPa","0.861","-0.02617","0.00035","0","0","13.56","Humid","26.25","0","44.00","378821.61","SABD0000000001","AAV1.0.0.11","4.0.0.2323","PSt7-10","170328-019","7/29/2022 11:23:46 AM","0000-00","0","no battery","V","","µV","","µV"
"08/09/2022","10:10:25","6","default","383292078","Oxt_06","8.379","min","91.924","%a.s.","Humid","21.319","deg","42084","µV","28.004","°C","1017.000","hPa","36.4","pmil","0","55.390","deg","20.000","°C","100.000","%a.s.","21.720","deg","20.000","°C","977.000","hPa","0.861","-0.02617","0.00035","0","0","13.56","Humid","26.25","0","44.00","378800.30","SABD0000000001","AAV1.0.0.11","4.0.0.2323","PSt7-10","170328-019","7/29/2022 11:23:46 AM","0000-00","0","no battery","V","","µV","","µV"
"08/09/2022","10:10:26","6","default","383292078","Oxt_06","8.396","min","91.904","%a.s.","Humid","21.323","deg","42086","µV","27.990","°C","1017.000","hPa","36.4","pmil","0","55.390","deg","20.000","°C","100.000","%a.s.","21.720","deg","20.000","°C","977.000","hPa","0.861","-0.02617","0.00035","0","0","13.56","Humid","26.25","0","44.00","378812.09","SABD0000000001","AAV1.0.0.11","4.0.0.2323","PSt7-10","170328-019","7/29/2022 11:23:46 AM","0000-00","0","no battery","V","","µV","","µV"
"08/09/2022","10:10:27","6","default","383292078","Oxt_06","8.412","min","91.967","%a.s.","Humid","21.314","deg","42082","µV","28.001","°C","1017.000","hPa","36.4","pmil","0","55.390","deg","20.000","°C","100.000","%a.s.","21.720","deg","20.000","°C","977.000","hPa","0.861","-0.02617","0.00035","0","0","13.56","Humid","26.25","0","44.00","378811.32","SABD0000000001","AAV1.0.0.11","4.0.0.2323","PSt7-10","170328-019","7/29/2022 11:23:46 AM","0000-00","0","no battery","V","","µV","","µV"
"08/09/2022","10:10:28","6","default","383292078","Oxt_06","8.429","min","91.919","%a.s.","Humid","21.321","deg","42080","µV","27.991","°C","1017.000","hPa","36.4","pmil","0","55.390","deg","20.000","°C","100.000","%a.s.","21.720","deg","20.000","°C","977.000","hPa","0.861","-0.02617","0.00035","0","0","13.56","Humid","26.25","0","44.00","378812.92","SABD0000000001","AAV1.0.0.11","4.0.0.2323","PSt7-10","170328-019","7/29/2022 11:23:46 AM","0000-00","0","no battery","V","","µV","","µV"
"08/09/2022","10:10:29","6","default","383292078","Oxt_06","8.446","min","91.917","%a.s.","Humid","21.321","deg","42077","µV","27.994","°C","1017.000","hPa","36.4","pmil","0","55.390","deg","20.000","°C","100.000","%a.s.","21.720","deg","20.000","°C","977.000","hPa","0.861","-0.02617","0.00035","0","0","13.56","Humid","26.25","0","44.00","378820.84","SABD0000000001","AAV1.0.0.11","4.0.0.2323","PSt7-10","170328-019","7/29/2022 11:23:46 AM","0000-00","0","no battery","V","","µV","","µV"
"08/09/2022","10:10:30","6","default","383292078","Oxt_06","8.462","min","91.869","%a.s.","Humid","21.326","deg","42075","µV","28.002","°C","1017.000","hPa","36.4","pmil","0","55.390","deg","20.000","°C","100.000","%a.s.","21.720","deg","20.000","°C","977.000","hPa","0.861","-0.02617","0.00035","0","0","13.56","Humid","26.25","0","44.00","378810.35","SABD0000000001","AAV1.0.0.11","4.0.0.2323","PSt7-10","170328-019","7/29/2022 11:23:46 AM","0000-00","0","no battery","V","","µV","","µV"
"08/09/2022","10:10:31","6","default","383292078","Oxt_06","8.479","min","91.923","%a.s.","Humid","21.322","deg","42075","µV","27.978","°C","1017.000","hPa","36.4","pmil","0","55.390","deg","20.000","°C","100.000","%a.s.","21.720","deg","20.000","°C","977.000","hPa","0.861","-0.02617","0.00035","0","0","13.56","Humid","26.25","0","44.00","378799.50","SABD0000000001","AAV1.0.0.11","4.0.0.2323","PSt7-10","170328-019","7/29/2022 11:23:46 AM","0000-00","0","no battery","V","","µV","","µV"
"08/09/2022","10:10:32","6","default","383292078","Oxt_06","8.496","min","91.961","%a.s.","Humid","21.316","deg","42075","µV","27.990","°C","1017.000","hPa","36.4","pmil","0","55.390","deg","20.000","°C","100.000","%a.s.","21.720","deg","20.000","°C","977.000","hPa","0.861","-0.02617","0.00035","0","0","13.56","Humid","26.25","0","44.00","378813.93","SABD0000000001","AAV1.0.0.11","4.0.0.2323","PSt7-10","170328-019","7/29/2022 11:23:46 AM","0000-00","0","no battery","V","","µV","","µV"
"08/09/2022","10:10:33","6","default","383292078","Oxt_06","8.512","min","91.905","%a.s.","Humid","21.320","deg","42076","µV","28.017","°C","1017.000","hPa","36.4","pmil","0","55.390","deg","20.000","°C","100.000","%a.s.","21.720","deg","20.000","°C","977.000","hPa","0.861","-0.02617","0.00035","0","0","13.56","Humid","26.25","0","44.00","378817.05","SABD0000000001","AAV1.0.0.11","4.0.0.2323","PSt7-10","170328-019","7/29/2022 11:23:46 AM","0000-00","0","no battery","V","","µV","","µV"
"08/09/2022","10:10:34","6","default","383292078","Oxt_06","8.529","min","91.970","%a.s.","Humid","21.314","deg","42074","µV","27.998","°C","1017.000","hPa","36.4","pmil","0","55.390","deg","20.000","°C","100.000","%a.s.","21.720","deg","20.000","°C","977.000","hPa","0.861","-0.02617","0.00035","0","0","13.56","Humid","26.25","0","44.00","378814.89","SABD0000000001","AAV1.0.0.11","4.0.0.2323","PSt7-10","170328-019","7/29/2022 11:23:46 AM","0000-00","0","no battery","V","","µV","","µV"
"08/09/2022","10:10:35","6","default","383292078","Oxt_06","8.545","min","91.959","%a.s.","Humid","21.315","deg","42072","µV","28.001","°C","1017.000","hPa","36.4","pmil","0","55.390","deg","20.000","°C","100.000","%a.s.","21.720","deg","20.000","°C","977.000","hPa","0.861","-0.02617","0.00035","0","0","13.56","Humid","26.25","0","44.00","378803.56","SABD0000000001","AAV1.0.0.11","4.0.0.2323","PSt7-10","170328-019","7/29/2022 11:23:46 AM","0000-00","0","no battery","V","","µV","","µV"
"08/09/2022","10:10:36","6","default","383292078","Oxt_06","8.563","min","91.987","%a.s.","Humid","21.313","deg","42080","µV","27.988","°C","1017.000","hPa","36.4","pmil","0","55.390","deg","20.000","°C","100.000","%a.s.","21.720","deg","20.000","°C","977.000","hPa","0.861","-0.02617","0.00035","0","0","13.56","Humid","26.25","0","44.00","378809.99","SABD0000000001","AAV1.0.0.11","4.0.0.2323","PSt7-10","170328-019","7/29/2022 11:23:46 AM","0000-00","0","no battery","V","","µV","","µV"
"08/09/2022","10:10:37","6","default","383292078","Oxt_06","8.579","min","91.886","%a.s.","Humid","21.325","deg","42072","µV","27.992","°C","1017.000","hPa","36.4","pmil","0","55.390","deg","20.000","°C","100.000","%a.s.","21.720","deg","20.000","°C","977.000","hPa","0.861","-0.02617","0.00035","0","0","13.56","Humid","26.25","0","44.00","378822.71","SABD0000000001","AAV1.0.0.11","4.0.0.2323","PSt7-10","170328-019","7/29/2022 11:23:46 AM","0000-00","0","no battery","V","","µV","","µV"
"08/09/2022","10:10:38","6","default","383292078","Oxt_06","8.595","min","91.990","%a.s.","Humid","21.312","deg","42070","µV","27.994","°C","1017.000","hPa","36.4","pmil","0","55.390","deg","20.000","°C","100.000","%a.s.","21.720","deg","20.000","°C","977.000","hPa","0.861","-0.02617","0.00035","0","0","13.56","Humid","26.25","0","44.00","378807.56","SABD0000000001","AAV1.0.0.11","4.0.0.2323","PSt7-10","170328-019","7/29/2022 11:23:46 AM","0000-00","0","no battery","V","","µV","","µV"
"08/09/2022","10:10:39","6","default","383292078","Oxt_06","8.612","min","91.903","%a.s.","Humid","21.323","deg","42073","µV","27.992","°C","1017.000","hPa","36.4","pmil","0","55.390","deg","20.000","°C","100.000","%a.s.","21.720","deg","20.000","°C","977.000","hPa","0.861","-0.02617","0.00035","0","0","13.56","Humid","26.25","0","44.00","378816.98","SABD0000000001","AAV1.0.0.11","4.0.0.2323","PSt7-10","170328-019","7/29/2022 11:23:46 AM","0000-00","0","no battery","V","","µV","","µV"
"08/09/2022","10:10:40","6","default","383292078","Oxt_06","8.629","min","91.989","%a.s.","Humid","21.312","deg","42067","µV","27.995","°C","1017.000","hPa","36.4","pmil","0","55.390","deg","20.000","°C","100.000","%a.s.","21.720","deg","20.000","°C","977.000","hPa","0.861","-0.02617","0.00035","0","0","13.56","Humid","26.25","0","44.00","378805.00","SABD0000000001","AAV1.0.0.11","4.0.0.2323","PSt7-10","170328-019","7/29/2022 11:23:46 AM","0000-00","0","no battery","V","","µV","","µV"
"08/09/2022","10:10:41","6","default","383292078","Oxt_06","8.646","min","92.040","%a.s.","Humid","21.306","deg","42068","µV","27.992","°C","1017.000","hPa","36.4","pmil","0","55.390","deg","20.000","°C","100.000","%a.s.","21.720","deg","20.000","°C","977.000","hPa","0.861","-0.02617","0.00035","0","0","13.56","Humid","26.25","0","44.00","378806.72","SABD0000000001","AAV1.0.0.11","4.0.0.2323","PSt7-10","170328-019","7/29/2022 11:23:46 AM","0000-00","0","no battery","V","","µV","","µV"
"08/09/2022","10:10:42","6","default","383292078","Oxt_06","8.662","min","91.968","%a.s.","Humid","21.314","deg","42069","µV","28.001","°C","1017.000","hPa","36.4","pmil","0","55.390","deg","20.000","°C","100.000","%a.s.","21.720","deg","20.000","°C","977.000","hPa","0.861","-0.02617","0.00035","0","0","13.56","Humid","26.25","0","44.00","378802.94","SABD0000000001","AAV1.0.0.11","4.0.0.2323","PSt7-10","170328-019","7/29/2022 11:23:46 AM","0000-00","0","no battery","V","","µV","","µV"
"08/09/2022","10:10:43","6","default","383292078","Oxt_06","8.679","min","91.973","%a.s.","Humid","21.313","deg","42065","µV","28.004","°C","1017.000","hPa","36.4","pmil","0","55.390","deg","20.000","°C","100.000","%a.s.","21.720","deg","20.000","°C","977.000","hPa","0.861","-0.02617","0.00035","0","0","13.56","Humid","26.25","0","44.00","378804.14","SABD0000000001","AAV1.0.0.11","4.0.0.2323","PSt7-10","170328-019","7/29/2022 11:23:46 AM","0000-00","0","no battery","V","","µV","","µV"
"08/09/2022","10:10:44","6","default","383292078","Oxt_06","8.696","min","91.962","%a.s.","Humid","21.316","deg","42064","µV","27.989","°C","1017.000","hPa","36.4","pmil","0","55.390","deg","20.000","°C","100.000","%a.s.","21.720","deg","20.000","°C","977.000","hPa","0.861","-0.02617","0.00035","0","0","13.56","Humid","26.25","0","44.00","378817.13","SABD0000000001","AAV1.0.0.11","4.0.0.2323","PSt7-10","170328-019","7/29/2022 11:23:46 AM","0000-00","0","no battery","V","","µV","","µV"
"08/09/2022","10:10:45","6","default","383292078","Oxt_06","8.712","min","91.989","%a.s.","Humid","21.312","deg","42062","µV","27.995","°C","1017.000","hPa","36.4","pmil","0","55.390","deg","20.000","°C","100.000","%a.s.","21.720","deg","20.000","°C","977.000","hPa","0.861","-0.02617","0.00035","0","0","13.56","Humid","26.25","0","44.00","378808.60","SABD0000000001","AAV1.0.0.11","4.0.0.2323","PSt7-10","170328-019","7/29/2022 11:23:46 AM","0000-00","0","no battery","V","","µV","","µV"
"08/09/2022","10:10:46","6","default","383292078","Oxt_06","8.729","min","91.990","%a.s.","Humid","21.312","deg","42064","µV","27.994","°C","1017.000","hPa","36.4","pmil","0","55.390","deg","20.000","°C","100.000","%a.s.","21.720","deg","20.000","°C","977.000","hPa","0.861","-0.02617","0.00035","0","0","13.56","Humid","26.25","0","44.00","378814.25","SABD0000000001","AAV1.0.0.11","4.0.0.2323","PSt7-10","170328-019","7/29/2022 11:23:46 AM","0000-00","0","no battery","V","","µV","","µV"
"08/09/2022","10:10:47","6","default","383292078","Oxt_06","8.746","min","91.953","%a.s.","Humid","21.317","deg","42061","µV","27.990","°C","1017.000","hPa","36.4","pmil","0","55.390","deg","20.000","°C","100.000","%a.s.","21.720","deg","20.000","°C","977.000","hPa","0.861","-0.02617","0.00035","0","0","13.56","Humid","26.25","0","44.00","378827.37","SABD0000000001","AAV1.0.0.11","4.0.0.2323","PSt7-10","170328-019","7/29/2022 11:23:46 AM","0000-00","0","no battery","V","","µV","","µV"
"08/09/2022","10:10:48","6","default","383292078","Oxt_06","8.762","min","91.966","%a.s.","Humid","21.314","deg","42058","µV","28.002","°C","1017.000","hPa","36.4","pmil","0","55.390","deg","20.000","°C","100.000","%a.s.","21.720","deg","20.000","°C","977.000","hPa","0.861","-0.02617","0.00035","0","0","13.56","Humid","26.25","0","44.00","378808.64","SABD0000000001","AAV1.0.0.11","4.0.0.2323","PSt7-10","170328-019","7/29/2022 11:23:46 AM","0000-00","0","no battery","V","","µV","","µV"
"08/09/2022","10:10:49","6","default","383292078","Oxt_06","8.779","min","91.984","%a.s.","Humid","21.313","deg","42056","µV","27.991","°C","1017.000","hPa","36.4","pmil","0","55.390","deg","20.000","°C","100.000","%a.s.","21.720","deg","20.000","°C","977.000","hPa","0.861","-0.02617","0.00035","0","0","13.56","Humid","26.25","0","44.00","378799.05","SABD0000000001","AAV1.0.0.11","4.0.0.2323","PSt7-10","170328-019","7/29/2022 11:23:46 AM","0000-00","0","no battery","V","","µV","","µV"
"08/09/2022","10:10:50","6","default","383292078","Oxt_06","8.795","min","92.056","%a.s.","Humid","21.305","deg","42052","µV","27.984","°C","1017.000","hPa","36.4","pmil","0","55.390","deg","20.000","°C","100.000","%a.s.","21.720","deg","20.000","°C","977.000","hPa","0.861","-0.02617","0.00035","0","0","13.56","Humid","26.25","0","44.00","378795.88","SABD0000000001","AAV1.0.0.11","4.0.0.2323","PSt7-10","170328-019","7/29/2022 11:23:46 AM","0000-00","0","no battery","V","","µV","","µV"
"08/09/2022","10:10:51","6","default","383292078","Oxt_06","8.812","min","92.040","%a.s.","Humid","21.304","deg","42060","µV","28.010","°C","1017.000","hPa","36.4","pmil","0","55.390","deg","20.000","°C","100.000","%a.s.","21.720","deg","20.000","°C","977.000","hPa","0.861","-0.02617","0.00035","0","0","13.56","Humid","26.25","0","44.00","378813.12","SABD0000000001","AAV1.0.0.11","4.0.0.2323","PSt7-10","170328-019","7/29/2022 11:23:46 AM","0000-00","0","no battery","V","","µV","","µV"
"08/09/2022","10:10:52","6","default","383292078","Oxt_06","8.829","min","92.039","%a.s.","Humid","21.304","deg","42052","µV","28.012","°C","1017.000","hPa","36.4","pmil","0","55.390","deg","20.000","°C","100.000","%a.s.","21.720","deg","20.000","°C","977.000","hPa","0.861","-0.02617","0.00035","0","0","13.56","Humid","26.25","0","44.00","378806.63","SABD0000000001","AAV1.0.0.11","4.0.0.2323","PSt7-10","170328-019","7/29/2022 11:23:46 AM","0000-00","0","no battery","V","","µV","","µV"
"08/09/2022","10:10:53","6","default","383292078","Oxt_06","8.846","min","92.017","%a.s.","Humid","21.307","deg","42057","µV","28.009","°C","1017.000","hPa","36.4","pmil","0","55.390","deg","20.000","°C","100.000","%a.s.","21.720","deg","20.000","°C","977.000","hPa","0.861","-0.02617","0.00035","0","0","13.56","Humid","26.25","0","44.00","378810.83","SABD0000000001","AAV1.0.0.11","4.0.0.2323","PSt7-10","170328-019","7/29/2022 11:23:46 AM","0000-00","0","no battery","V","","µV","","µV"
"08/09/2022","10:10:54","6","default","383292078","Oxt_06","8.862","min","92.010","%a.s.","Humid","21.308","deg","42051","µV","28.007","°C","1017.000","hPa","36.4","pmil","0","55.390","deg","20.000","°C","100.000","%a.s.","21.720","deg","20.000","°C","977.000","hPa","0.861","-0.02617","0.00035","0","0","13.56","Humid","26.25","0","44.00","378811.51","SABD0000000001","AAV1.0.0.11","4.0.0.2323","PSt7-10","170328-019","7/29/2022 11:23:46 AM","0000-00","0","no battery","V","","µV","","µV"
"08/09/2022","10:10:55","6","default","383292078","Oxt_06","8.879","min","91.915","%a.s.","Humid","21.320","deg","42051","µV","28.005","°C","1017.000","hPa","36.4","pmil","0","55.390","deg","20.000","°C","100.000","%a.s.","21.720","deg","20.000","°C","977.000","hPa","0.861","-0.02617","0.00035","0","0","13.56","Humid","26.25","0","44.00","378817.53","SABD0000000001","AAV1.0.0.11","4.0.0.2323","PSt7-10","170328-019","7/29/2022 11:23:46 AM","0000-00","0","no battery","V","","µV","","µV"
"08/09/2022","10:10:56","6","default","383292078","Oxt_06","8.895","min","92.039","%a.s.","Humid","21.305","deg","42052","µV","28.003","°C","1017.000","hPa","36.4","pmil","0","55.390","deg","20.000","°C","100.000","%a.s.","21.720","deg","20.000","°C","977.000","hPa","0.861","-0.02617","0.00035","0","0","13.56","Humid","26.25","0","44.00","378817.80","SABD0000000001","AAV1.0.0.11","4.0.0.2323","PSt7-10","170328-019","7/29/2022 11:23:46 AM","0000-00","0","no battery","V","","µV","","µV"
"08/09/2022","10:10:57","6","default","383292078","Oxt_06","8.912","min","91.994","%a.s.","Humid","21.311","deg","42048","µV","27.999","°C","1017.000","hPa","36.4","pmil","0","55.390","deg","20.000","°C","100.000","%a.s.","21.720","deg","20.000","°C","977.000","hPa","0.861","-0.02617","0.00035","0","0","13.56","Humid","26.25","0","44.00","378814.09","SABD0000000001","AAV1.0.0.11","4.0.0.2323","PSt7-10","170328-019","7/29/2022 11:23:46 AM","0000-00","0","no battery","V","","µV","","µV"
"08/09/2022","10:10:58","6","default","383292078","Oxt_06","8.929","min","92.065","%a.s.","Humid","21.302","deg","42045","µV","28.001","°C","1017.000","hPa","36.4","pmil","0","55.390","deg","20.000","°C","100.000","%a.s.","21.720","deg","20.000","°C","977.000","hPa","0.861","-0.02617","0.00035","0","0","13.56","Humid","26.25","0","44.00","378818.36","SABD0000000001","AAV1.0.0.11","4.0.0.2323","PSt7-10","170328-019","7/29/2022 11:23:46 AM","0000-00","0","no battery","V","","µV","","µV"
"08/09/2022","10:10:59","6","default","383292078","Oxt_06","8.945","min","92.011","%a.s.","Humid","21.309","deg","42045","µV","27.998","°C","1017.000","hPa","36.4","pmil","0","55.390","deg","20.000","°C","100.000","%a.s.","21.720","deg","20.000","°C","977.000","hPa","0.861","-0.02617","0.00035","0","0","13.56","Humid","26.25","0","44.00","378820.43","SABD0000000001","AAV1.0.0.11","4.0.0.2323","PSt7-10","170328-019","7/29/2022 11:23:46 AM","0000-00","0","no battery","V","","µV","","µV"
"08/09/2022","10:11:00","6","default","383292078","Oxt_06","8.962","min","92.004","%a.s.","Humid","21.310","deg","42048","µV","27.996","°C","1017.000","hPa","36.4","pmil","0","55.390","deg","20.000","°C","100.000","%a.s.","21.720","deg","20.000","°C","977.000","hPa","0.861","-0.02617","0.00035","0","0","13.56","Humid","26.25","0","44.00","378806.94","SABD0000000001","AAV1.0.0.11","4.0.0.2323","PSt7-10","170328-019","7/29/2022 11:23:46 AM","0000-00","0","no battery","V","","µV","","µV"
"08/09/2022","10:11:01","6","default","383292078","Oxt_06","8.979","min","92.018","%a.s.","Humid","21.307","deg","42041","µV","28.008","°C","1017.000","hPa","36.4","pmil","0","55.390","deg","20.000","°C","100.000","%a.s.","21.720","deg","20.000","°C","977.000","hPa","0.861","-0.02617","0.00035","0","0","13.56","Humid","26.25","0","44.00","378819.69","SABD0000000001","AAV1.0.0.11","4.0.0.2323","PSt7-10","170328-019","7/29/2022 11:23:46 AM","0000-00","0","no battery","V","","µV","","µV"
"08/09/2022","10:11:02","6","default","383292078","Oxt_06","8.996","min","92.068","%a.s.","Humid","21.302","deg","42046","µV","27.997","°C","1017.000","hPa","36.4","pmil","0","55.390","deg","20.000","°C","100.000","%a.s.","21.720","deg","20.000","°C","977.000","hPa","0.861","-0.02617","0.00035","0","0","13.56","Humid","26.25","0","44.00","378818.56","SABD0000000001","AAV1.0.0.11","4.0.0.2323","PSt7-10","170328-019","7/29/2022 11:23:46 AM","0000-00","0","no battery","V","","µV","","µV"
"08/09/2022","10:11:03","6","default","383292078","Oxt_06","9.013","min","92.097","%a.s.","Humid","21.300","deg","42044","µV","27.983","°C","1017.000","hPa","36.4","pmil","0","55.390","deg","20.000","°C","100.000","%a.s.","21.720","deg","20.000","°C","977.000","hPa","0.861","-0.02617","0.00035","0","0","13.56","Humid","26.25","0","44.00","378807.29","SABD0000000001","AAV1.0.0.11","4.0.0.2323","PSt7-10","170328-019","7/29/2022 11:23:46 AM","0000-00","0","no battery","V","","µV","","µV"
"08/09/2022","10:11:04","6","default","383292078","Oxt_06","9.029","min","92.084","%a.s.","Humid","21.301","deg","42044","µV","27.988","°C","1017.000","hPa","36.4","pmil","0","55.390","deg","20.000","°C","100.000","%a.s.","21.720","deg","20.000","°C","977.000","hPa","0.861","-0.02617","0.00035","0","0","13.56","Humid","26.25","0","44.00","378802.99","SABD0000000001","AAV1.0.0.11","4.0.0.2323","PSt7-10","170328-019","7/29/2022 11:23:46 AM","0000-00","0","no battery","V","","µV","","µV"
"08/09/2022","10:11:05","6","default","383292078","Oxt_06","9.046","min","92.028","%a.s.","Humid","21.307","deg","42043","µV","27.996","°C","1017.000","hPa","36.4","pmil","0","55.390","deg","20.000","°C","100.000","%a.s.","21.720","deg","20.000","°C","977.000","hPa","0.861","-0.02617","0.00035","0","0","13.56","Humid","26.25","0","44.00","378813.38","SABD0000000001","AAV1.0.0.11","4.0.0.2323","PSt7-10","170328-019","7/29/2022 11:23:46 AM","0000-00","0","no battery","V","","µV","","µV"
"08/09/2022","10:11:06","6","default","383292078","Oxt_06","9.063","min","92.168","%a.s.","Humid","21.291","deg","42043","µV","27.985","°C","1017.000","hPa","36.4","pmil","0","55.390","deg","20.000","°C","100.000","%a.s.","21.720","deg","20.000","°C","977.000","hPa","0.861","-0.02617","0.00035","0","0","13.56","Humid","26.25","0","44.00","378823.87","SABD0000000001","AAV1.0.0.11","4.0.0.2323","PSt7-10","170328-019","7/29/2022 11:23:46 AM","0000-00","0","no battery","V","","µV","","µV"
"08/09/2022","10:11:07","6","default","383292078","Oxt_06","9.079","min","92.092","%a.s.","Humid","21.299","deg","42042","µV","27.998","°C","1017.000","hPa","36.4","pmil","0","55.390","deg","20.000","°C","100.000","%a.s.","21.720","deg","20.000","°C","977.000","hPa","0.861","-0.02617","0.00035","0","0","13.56","Humid","26.25","0","44.00","378811.41","SABD0000000001","AAV1.0.0.11","4.0.0.2323","PSt7-10","170328-019","7/29/2022 11:23:46 AM","0000-00","0","no battery","V","","µV","","µV"
"08/09/2022","10:11:08","6","default","383292078","Oxt_06","9.096","min","92.099","%a.s.","Humid","21.299","deg","42036","µV","27.990","°C","1017.000","hPa","36.4","pmil","0","55.390","deg","20.000","°C","100.000","%a.s.","21.720","deg","20.000","°C","977.000","hPa","0.861","-0.02617","0.00035","0","0","13.56","Humid","26.25","0","44.00","378819.36","SABD0000000001","AAV1.0.0.11","4.0.0.2323","PSt7-10","170328-019","7/29/2022 11:23:46 AM","0000-00","0","no battery","V","","µV","","µV"
"08/09/2022","10:11:09","6","default","383292078","Oxt_06","9.112","min","92.117","%a.s.","Humid","21.296","deg","42036","µV","27.996","°C","1017.000","hPa","36.4","pmil","0","55.390","deg","20.000","°C","100.000","%a.s.","21.720","deg","20.000","°C","977.000","hPa","0.861","-0.02617","0.00035","0","0","13.56","Humid","26.25","0","44.00","378810.01","SABD0000000001","AAV1.0.0.11","4.0.0.2323","PSt7-10","170328-019","7/29/2022 11:23:46 AM","0000-00","0","no battery","V","","µV","","µV"
"08/09/2022","10:11:10","6","default","383292078","Oxt_06","9.129","min","92.101","%a.s.","Humid","21.298","deg","42032","µV","27.996","°C","1017.000","hPa","36.4","pmil","0","55.390","deg","20.000","°C","100.000","%a.s.","21.720","deg","20.000","°C","977.000","hPa","0.861","-0.02617","0.00035","0","0","13.56","Humid","26.25","0","44.00","378817.09","SABD0000000001","AAV1.0.0.11","4.0.0.2323","PSt7-10","170328-019","7/29/2022 11:23:46 AM","0000-00","0","no battery","V","","µV","","µV"
"08/09/2022","10:11:11","6","default","383292078","Oxt_06","9.146","min","92.111","%a.s.","Humid","21.295","deg","42041","µV","28.013","°C","1017.000","hPa","36.4","pmil","0","55.390","deg","20.000","°C","100.000","%a.s.","21.720","deg","20.000","°C","977.000","hPa","0.861","-0.02617","0.00035","0","0","13.56","Humid","26.25","0","44.00","378828.70","SABD0000000001","AAV1.0.0.11","4.0.0.2323","PSt7-10","170328-019","7/29/2022 11:23:46 AM","0000-00","0","no battery","V","","µV","","µV"
"08/09/2022","10:11:12","6","default","383292078","Oxt_06","9.162","min","92.059","%a.s.","Humid","21.302","deg","42039","µV","28.007","°C","1017.000","hPa","36.4","pmil","0","55.390","deg","20.000","°C","100.000","%a.s.","21.720","deg","20.000","°C","977.000","hPa","0.861","-0.02617","0.00035","0","0","13.56","Humid","26.25","0","44.00","378814.52","SABD0000000001","AAV1.0.0.11","4.0.0.2323","PSt7-10","170328-019","7/29/2022 11:23:46 AM","0000-00","0","no battery","V","","µV","","µV"
"08/09/2022","10:11:13","6","default","383292078","Oxt_06","9.179","min","92.105","%a.s.","Humid","21.297","deg","42039","µV","28.002","°C","1017.000","hPa","36.4","pmil","0","55.390","deg","20.000","°C","100.000","%a.s.","21.720","deg","20.000","°C","977.000","hPa","0.861","-0.02617","0.00035","0","0","13.56","Humid","26.25","0","44.00","378824.38","SABD0000000001","AAV1.0.0.11","4.0.0.2323","PSt7-10","170328-019","7/29/2022 11:23:46 AM","0000-00","0","no battery","V","","µV","","µV"
"08/09/2022","10:11:14","6","default","383292078","Oxt_06","9.196","min","92.073","%a.s.","Humid","21.301","deg","42038","µV","28.001","°C","1017.000","hPa","36.4","pmil","0","55.390","deg","20.000","°C","100.000","%a.s.","21.720","deg","20.000","°C","977.000","hPa","0.861","-0.02617","0.00035","0","0","13.56","Humid","26.25","0","44.00","378820.78","SABD0000000001","AAV1.0.0.11","4.0.0.2323","PSt7-10","170328-019","7/29/2022 11:23:46 AM","0000-00","0","no battery","V","","µV","","µV"
"08/09/2022","10:11:15","6","default","383292078","Oxt_06","9.213","min","92.067","%a.s.","Humid","21.303","deg","42033","µV","27.990","°C","1017.000","hPa","36.4","pmil","0","55.390","deg","20.000","°C","100.000","%a.s.","21.720","deg","20.000","°C","977.000","hPa","0.861","-0.02617","0.00035","0","0","13.56","Humid","26.25","0","44.00","378814.61","SABD0000000001","AAV1.0.0.11","4.0.0.2323","PSt7-10","170328-019","7/29/2022 11:23:46 AM","0000-00","0","no battery","V","","µV","","µV"
"08/09/2022","10:11:16","6","default","383292078","Oxt_06","9.229","min","92.052","%a.s.","Humid","21.304","deg","42029","µV","27.997","°C","1017.000","hPa","36.4","pmil","0","55.390","deg","20.000","°C","100.000","%a.s.","21.720","deg","20.000","°C","977.000","hPa","0.861","-0.02617","0.00035","0","0","13.56","Humid","26.25","0","44.00","378823.28","SABD0000000001","AAV1.0.0.11","4.0.0.2323","PSt7-10","170328-019","7/29/2022 11:23:46 AM","0000-00","0","no battery","V","","µV","","µV"
"08/09/2022","10:11:17","6","default","383292078","Oxt_06","9.246","min","92.079","%a.s.","Humid","21.301","deg","42030","µV","27.994","°C","1017.000","hPa","36.4","pmil","0","55.390","deg","20.000","°C","100.000","%a.s.","21.720","deg","20.000","°C","977.000","hPa","0.861","-0.02617","0.00035","0","0","13.56","Humid","26.25","0","44.00","378808.67","SABD0000000001","AAV1.0.0.11","4.0.0.2323","PSt7-10","170328-019","7/29/2022 11:23:46 AM","0000-00","0","no battery","V","","µV","","µV"
"08/09/2022","10:11:18","6","default","383292078","Oxt_06","9.263","min","92.065","%a.s.","Humid","21.303","deg","42030","µV","27.992","°C","1017.000","hPa","36.4","pmil","0","55.390","deg","20.000","°C","100.000","%a.s.","21.720","deg","20.000","°C","977.000","hPa","0.861","-0.02617","0.00035","0","0","13.56","Humid","26.25","0","44.00","378818.12","SABD0000000001","AAV1.0.0.11","4.0.0.2323","PSt7-10","170328-019","7/29/2022 11:23:46 AM","0000-00","0","no battery","V","","µV","","µV"
"08/09/2022","10:11:19","6","default","383292078","Oxt_06","9.279","min","92.059","%a.s.","Humid","21.303","deg","42024","µV","27.998","°C","1017.000","hPa","36.4","pmil","0","55.390","deg","20.000","°C","100.000","%a.s.","21.720","deg","20.000","°C","977.000","hPa","0.861","-0.02617","0.00035","0","0","13.56","Humid","26.25","0","44.00","378800.40","SABD0000000001","AAV1.0.0.11","4.0.0.2323","PSt7-10","170328-019","7/29/2022 11:23:46 AM","0000-00","0","no battery","V","","µV","","µV"
"08/09/2022","10:11:20","6","default","383292078","Oxt_06","9.296","min","92.133","%a.s.","Humid","21.294","deg","42025","µV","27.997","°C","1017.000","hPa","36.4","pmil","0","55.390","deg","20.000","°C","100.000","%a.s.","21.720","deg","20.000","°C","977.000","hPa","0.861","-0.02617","0.00035","0","0","13.56","Humid","26.25","0","44.00","378812.28","SABD0000000001","AAV1.0.0.11","4.0.0.2323","PSt7-10","170328-019","7/29/2022 11:23:46 AM","0000-00","0","no battery","V","","µV","","µV"
"08/09/2022","10:11:21","6","default","383292078","Oxt_06","9.312","min","92.144","%a.s.","Humid","21.293","deg","42027","µV","27.994","°C","1017.000","hPa","36.4","pmil","0","55.390","deg","20.000","°C","100.000","%a.s.","21.720","deg","20.000","°C","977.000","hPa","0.861","-0.02617","0.00035","0","0","13.56","Humid","26.25","0","44.00","378803.57","SABD0000000001","AAV1.0.0.11","4.0.0.2323","PSt7-10","170328-019","7/29/2022 11:23:46 AM","0000-00","0","no battery","V","","µV","","µV"
"08/09/2022","10:11:22","6","default","383292078","Oxt_06","9.329","min","92.105","%a.s.","Humid","21.296","deg","42030","µV","28.010","°C","1017.000","hPa","36.4","pmil","0","55.390","deg","20.000","°C","100.000","%a.s.","21.720","deg","20.000","°C","977.000","hPa","0.861","-0.02617","0.00035","0","0","13.56","Humid","26.25","0","44.00","378801.05","SABD0000000001","AAV1.0.0.11","4.0.0.2323","PSt7-10","170328-019","7/29/2022 11:23:46 AM","0000-00","0","no battery","V","","µV","","µV"
"08/09/2022","10:11:23","6","default","383292078","Oxt_06","9.346","min","92.131","%a.s.","Humid","21.294","deg","42025","µV","28.000","°C","1017.000","hPa","36.4","pmil","0","55.390","deg","20.000","°C","100.000","%a.s.","21.720","deg","20.000","°C","977.000","hPa","0.861","-0.02617","0.00035","0","0","13.56","Humid","26.25","0","44.00","378805.96","SABD0000000001","AAV1.0.0.11","4.0.0.2323","PSt7-10","170328-019","7/29/2022 11:23:46 AM","0000-00","0","no battery","V","","µV","","µV"
"08/09/2022","10:11:24","6","default","383292078","Oxt_06","9.363","min","92.116","%a.s.","Humid","21.297","deg","42022","µV","27.988","°C","1017.000","hPa","36.4","pmil","0","55.390","deg","20.000","°C","100.000","%a.s.","21.720","deg","20.000","°C","977.000","hPa","0.861","-0.02617","0.00035","0","0","13.56","Humid","26.25","0","44.00","378804.66","SABD0000000001","AAV1.0.0.11","4.0.0.2323","PSt7-10","170328-019","7/29/2022 11:23:46 AM","0000-00","0","no battery","V","","µV","","µV"
"08/09/2022","10:11:25","6","default","383292078","Oxt_06","9.379","min","92.079","%a.s.","Humid","21.301","deg","42020","µV","27.993","°C","1017.000","hPa","36.4","pmil","0","55.390","deg","20.000","°C","100.000","%a.s.","21.720","deg","20.000","°C","977.000","hPa","0.861","-0.02617","0.00035","0","0","13.56","Humid","26.25","0","44.00","378807.94","SABD0000000001","AAV1.0.0.11","4.0.0.2323","PSt7-10","170328-019","7/29/2022 11:23:46 AM","0000-00","0","no battery","V","","µV","","µV"
"08/09/2022","10:11:26","6","default","383292078","Oxt_06","9.396","min","92.151","%a.s.","Humid","21.293","deg","42018","µV","27.986","°C","1017.000","hPa","36.4","pmil","0","55.390","deg","20.000","°C","100.000","%a.s.","21.720","deg","20.000","°C","977.000","hPa","0.861","-0.02617","0.00035","0","0","13.56","Humid","26.25","0","44.00","378806.81","SABD0000000001","AAV1.0.0.11","4.0.0.2323","PSt7-10","170328-019","7/29/2022 11:23:46 AM","0000-00","0","no battery","V","","µV","","µV"
"08/09/2022","10:11:27","6","default","383292078","Oxt_06","9.412","min","92.140","%a.s.","Humid","21.293","deg","42019","µV","27.998","°C","1017.000","hPa","36.4","pmil","0","55.390","deg","20.000","°C","100.000","%a.s.","21.720","deg","20.000","°C","977.000","hPa","0.861","-0.02617","0.00035","0","0","13.56","Humid","26.25","0","44.00","378798.69","SABD0000000001","AAV1.0.0.11","4.0.0.2323","PSt7-10","170328-019","7/29/2022 11:23:46 AM","0000-00","0","no battery","V","","µV","","µV"
"08/09/2022","10:11:28","6","default","383292078","Oxt_06","9.429","min","92.179","%a.s.","Humid","21.290","deg","42018","µV","27.981","°C","1017.000","hPa","36.4","pmil","0","55.390","deg","20.000","°C","100.000","%a.s.","21.720","deg","20.000","°C","977.000","hPa","0.861","-0.02617","0.00035","0","0","13.56","Humid","26.25","0","44.00","378797.61","SABD0000000001","AAV1.0.0.11","4.0.0.2323","PSt7-10","170328-019","7/29/2022 11:23:46 AM","0000-00","0","no battery","V","","µV","","µV"
"08/09/2022","10:11:29","6","default","383292078","Oxt_06","9.445","min","92.114","%a.s.","Humid","21.296","deg","42016","µV","28.001","°C","1017.000","hPa","36.4","pmil","0","55.390","deg","20.000","°C","100.000","%a.s.","21.720","deg","20.000","°C","977.000","hPa","0.861","-0.02617","0.00035","0","0","13.56","Humid","26.25","0","44.00","378809.27","SABD0000000001","AAV1.0.0.11","4.0.0.2323","PSt7-10","170328-019","7/29/2022 11:23:46 AM","0000-00","0","no battery","V","","µV","","µV"
"08/09/2022","10:11:30","6","default","383292078","Oxt_06","9.462","min","92.114","%a.s.","Humid","21.297","deg","42015","µV","27.992","°C","1017.000","hPa","36.4","pmil","0","55.390","deg","20.000","°C","100.000","%a.s.","21.720","deg","20.000","°C","977.000","hPa","0.861","-0.02617","0.00035","0","0","13.56","Humid","26.25","0","44.00","378807.86","SABD0000000001","AAV1.0.0.11","4.0.0.2323","PSt7-10","170328-019","7/29/2022 11:23:46 AM","0000-00","0","no battery","V","","µV","","µV"
"08/09/2022","10:11:31","6","default","383292078","Oxt_06","9.479","min","92.155","%a.s.","Humid","21.292","deg","42016","µV","27.990","°C","1017.000","hPa","36.4","pmil","0","55.390","deg","20.000","°C","100.000","%a.s.","21.720","deg","20.000","°C","977.000","hPa","0.861","-0.02617","0.00035","0","0","13.56","Humid","26.25","0","44.00","378812.18","SABD0000000001","AAV1.0.0.11","4.0.0.2323","PSt7-10","170328-019","7/29/2022 11:23:46 AM","0000-00","0","no battery","V","","µV","","µV"
"08/09/2022","10:11:32","6","default","383292078","Oxt_06","9.495","min","92.132","%a.s.","Humid","21.294","deg","42013","µV","27.998","°C","1017.000","hPa","36.4","pmil","0","55.390","deg","20.000","°C","100.000","%a.s.","21.720","deg","20.000","°C","977.000","hPa","0.861","-0.02617","0.00035","0","0","13.56","Humid","26.25","0","44.00","378798.69","SABD0000000001","AAV1.0.0.11","4.0.0.2323","PSt7-10","170328-019","7/29/2022 11:23:46 AM","0000-00","0","no battery","V","","µV","","µV"
"08/09/2022","10:11:33","6","default","383292078","Oxt_06","9.512","min","92.078","%a.s.","Humid","21.301","deg","42009","µV","27.995","°C","1017.000","hPa","36.4","pmil","0","55.390","deg","20.000","°C","100.000","%a.s.","21.720","deg","20.000","°C","977.000","hPa","0.861","-0.02617","0.00035","0","0","13.56","Humid","26.25","0","44.00","378797.72","SABD0000000001","AAV1.0.0.11","4.0.0.2323","PSt7-10","170328-019","7/29/2022 11:23:46 AM","0000-00","0","no battery","V","","µV","","µV"
"08/09/2022","10:11:34","6","default","383292078","Oxt_06","9.529","min","92.184","%a.s.","Humid","21.287","deg","42015","µV","28.004","°C","1017.000","hPa","36.4","pmil","0","55.390","deg","20.000","°C","100.000","%a.s.","21.720","deg","20.000","°C","977.000","hPa","0.861","-0.02617","0.00035","0","0","13.56","Humid","26.25","0","44.00","378811.63","SABD0000000001","AAV1.0.0.11","4.0.0.2323","PSt7-10","170328-019","7/29/2022 11:23:46 AM","0000-00","0","no battery","V","","µV","","µV"
"08/09/2022","10:11:35","6","default","383292078","Oxt_06","9.545","min","92.209","%a.s.","Humid","21.284","deg","42007","µV","28.003","°C","1017.000","hPa","36.4","pmil","0","55.390","deg","20.000","°C","100.000","%a.s.","21.720","deg","20.000","°C","977.000","hPa","0.861","-0.02617","0.00035","0","0","13.56","Humid","26.25","0","44.00","378809.57","SABD0000000001","AAV1.0.0.11","4.0.0.2323","PSt7-10","170328-019","7/29/2022 11:23:46 AM","0000-00","0","no battery","V","","µV","","µV"
"08/09/2022","10:11:36","6","default","383292078","Oxt_06","9.562","min","92.144","%a.s.","Humid","21.292","deg","42011","µV","28.003","°C","1017.000","hPa","36.4","pmil","0","55.390","deg","20.000","°C","100.000","%a.s.","21.720","deg","20.000","°C","977.000","hPa","0.861","-0.02617","0.00035","0","0","13.56","Humid","26.25","0","44.00","378811.21","SABD0000000001","AAV1.0.0.11","4.0.0.2323","PSt7-10","170328-019","7/29/2022 11:23:46 AM","0000-00","0","no battery","V","","µV","","µV"
"08/09/2022","10:11:37","6","default","383292078","Oxt_06","9.579","min","92.187","%a.s.","Humid","21.288","deg","42010","µV","27.991","°C","1017.000","hPa","36.4","pmil","0","55.390","deg","20.000","°C","100.000","%a.s.","21.720","deg","20.000","°C","977.000","hPa","0.861","-0.02617","0.00035","0","0","13.56","Humid","26.25","0","44.00","378798.42","SABD0000000001","AAV1.0.0.11","4.0.0.2323","PSt7-10","170328-019","7/29/2022 11:23:46 AM","0000-00","0","no battery","V","","µV","","µV"
"08/09/2022","10:11:38","6","default","383292078","Oxt_06","9.595","min","92.185","%a.s.","Humid","21.287","deg","42009","µV","28.003","°C","1017.000","hPa","36.4","pmil","0","55.390","deg","20.000","°C","100.000","%a.s.","21.720","deg","20.000","°C","977.000","hPa","0.861","-0.02617","0.00035","0","0","13.56","Humid","26.25","0","44.00","378801.38","SABD0000000001","AAV1.0.0.11","4.0.0.2323","PSt7-10","170328-019","7/29/2022 11:23:46 AM","0000-00","0","no battery","V","","µV","","µV"
"08/09/2022","10:11:39","6","default","383292078","Oxt_06","9.612","min","92.175","%a.s.","Humid","21.289","deg","42002","µV","27.996","°C","1017.000","hPa","36.4","pmil","0","55.390","deg","20.000","°C","100.000","%a.s.","21.720","deg","20.000","°C","977.000","hPa","0.861","-0.02617","0.00035","0","0","13.56","Humid","26.25","0","44.00","378804.98","SABD0000000001","AAV1.0.0.11","4.0.0.2323","PSt7-10","170328-019","7/29/2022 11:23:46 AM","0000-00","0","no battery","V","","µV","","µV"
"08/09/2022","10:11:40","6","default","383292078","Oxt_06","9.629","min","92.138","%a.s.","Humid","21.294","deg","42004","µV","27.991","°C","1017.000","hPa","36.4","pmil","0","55.390","deg","20.000","°C","100.000","%a.s.","21.720","deg","20.000","°C","977.000","hPa","0.861","-0.02617","0.00035","0","0","13.56","Humid","26.25","0","44.00","378806.78","SABD0000000001","AAV1.0.0.11","4.0.0.2323","PSt7-10","170328-019","7/29/2022 11:23:46 AM","0000-00","0","no battery","V","","µV","","µV"
"08/09/2022","10:11:41","6","default","383292078","Oxt_06","9.646","min","92.218","%a.s.","Humid","21.283","deg","42004","µV","28.002","°C","1017.000","hPa","36.4","pmil","0","55.390","deg","20.000","°C","100.000","%a.s.","21.720","deg","20.000","°C","977.000","hPa","0.861","-0.02617","0.00035","0","0","13.56","Humid","26.25","0","44.00","378811.62","SABD0000000001","AAV1.0.0.11","4.0.0.2323","PSt7-10","170328-019","7/29/2022 11:23:46 AM","0000-00","0","no battery","V","","µV","","µV"
"08/09/2022","10:11:42","6","default","383292078","Oxt_06","9.662","min","92.202","%a.s.","Humid","21.286","deg","42001","µV","27.993","°C","1017.000","hPa","36.4","pmil","0","55.390","deg","20.000","°C","100.000","%a.s.","21.720","deg","20.000","°C","977.000","hPa","0.861","-0.02617","0.00035","0","0","13.56","Humid","26.25","0","44.00","378796.90","SABD0000000001","AAV1.0.0.11","4.0.0.2323","PSt7-10","170328-019","7/29/2022 11:23:46 AM","0000-00","0","no battery","V","","µV","","µV"
"08/09/2022","10:11:43","6","default","383292078","Oxt_06","9.679","min","92.199","%a.s.","Humid","21.285","deg","42000","µV","28.005","°C","1017.000","hPa","36.4","pmil","0","55.390","deg","20.000","°C","100.000","%a.s.","21.720","deg","20.000","°C","977.000","hPa","0.861","-0.02617","0.00035","0","0","13.56","Humid","26.25","0","44.00","378806.69","SABD0000000001","AAV1.0.0.11","4.0.0.2323","PSt7-10","170328-019","7/29/2022 11:23:46 AM","0000-00","0","no battery","V","","µV","","µV"
"08/09/2022","10:11:44","6","default","383292078","Oxt_06","9.696","min","92.242","%a.s.","Humid","21.281","deg","42000","µV","27.993","°C","1017.000","hPa","36.4","pmil","0","55.390","deg","20.000","°C","100.000","%a.s.","21.720","deg","20.000","°C","977.000","hPa","0.861","-0.02617","0.00035","0","0","13.56","Humid","26.25","0","44.00","378798.76","SABD0000000001","AAV1.0.0.11","4.0.0.2323","PSt7-10","170328-019","7/29/2022 11:23:46 AM","0000-00","0","no battery","V","","µV","","µV"
"08/09/2022","10:11:45","6","default","383292078","Oxt_06","9.712","min","92.200","%a.s.","Humid","21.287","deg","41990","µV","27.986","°C","1017.000","hPa","36.4","pmil","0","55.390","deg","20.000","°C","100.000","%a.s.","21.720","deg","20.000","°C","977.000","hPa","0.861","-0.02617","0.00035","0","0","13.56","Humid","26.25","0","44.00","378777.81","SABD0000000001","AAV1.0.0.11","4.0.0.2323","PSt7-10","170328-019","7/29/2022 11:23:46 AM","0000-00","0","no battery","V","","µV","","µV"
"08/09/2022","10:11:46","6","default","383292078","Oxt_06","9.729","min","92.231","%a.s.","Humid","21.283","deg","41996","µV","27.988","°C","1017.000","hPa","36.4","pmil","0","55.390","deg","20.000","°C","100.000","%a.s.","21.720","deg","20.000","°C","977.000","hPa","0.861","-0.02617","0.00035","0","0","13.56","Humid","26.25","0","44.00","378785.40","SABD0000000001","AAV1.0.0.11","4.0.0.2323","PSt7-10","170328-019","7/29/2022 11:23:46 AM","0000-00","0","no battery","V","","µV","","µV"
"08/09/2022","10:11:47","6","default","383292078","Oxt_06","9.746","min","92.249","%a.s.","Humid","21.281","deg","41995","µV","27.986","°C","1017.000","hPa","36.4","pmil","0","55.390","deg","20.000","°C","100.000","%a.s.","21.720","deg","20.000","°C","977.000","hPa","0.861","-0.02617","0.00035","0","0","13.56","Humid","26.25","0","44.00","378790.49","SABD0000000001","AAV1.0.0.11","4.0.0.2323","PSt7-10","170328-019","7/29/2022 11:23:46 AM","0000-00","0","no battery","V","","µV","","µV"
"08/09/2022","10:11:48","6","default","383292078","Oxt_06","9.762","min","92.181","%a.s.","Humid","21.290","deg","41995","µV","27.980","°C","1017.000","hPa","36.4","pmil","0","55.390","deg","20.000","°C","100.000","%a.s.","21.720","deg","20.000","°C","977.000","hPa","0.861","-0.02617","0.00035","0","0","13.56","Humid","26.25","0","44.00","378797.15","SABD0000000001","AAV1.0.0.11","4.0.0.2323","PSt7-10","170328-019","7/29/2022 11:23:46 AM","0000-00","0","no battery","V","","µV","","µV"
"08/09/2022","10:11:49","6","default","383292078","Oxt_06","9.779","min","92.230","%a.s.","Humid","21.282","deg","41994","µV","27.998","°C","1017.000","hPa","36.4","pmil","0","55.390","deg","20.000","°C","100.000","%a.s.","21.720","deg","20.000","°C","977.000","hPa","0.861","-0.02617","0.00035","0","0","13.56","Humid","26.25","0","44.00","378798.81","SABD0000000001","AAV1.0.0.11","4.0.0.2323","PSt7-10","170328-019","7/29/2022 11:23:46 AM","0000-00","0","no battery","V","","µV","","µV"
"08/09/2022","10:11:50","6","default","383292078","Oxt_06","9.796","min","92.288","%a.s.","Humid","21.275","deg","41991","µV","27.997","°C","1017.000","hPa","36.4","pmil","0","55.390","deg","20.000","°C","100.000","%a.s.","21.720","deg","20.000","°C","977.000","hPa","0.861","-0.02617","0.00035","0","0","13.56","Humid","26.25","0","44.00","378791.15","SABD0000000001","AAV1.0.0.11","4.0.0.2323","PSt7-10","170328-019","7/29/2022 11:23:46 AM","0000-00","0","no battery","V","","µV","","µV"
"08/09/2022","10:11:51","6","default","383292078","Oxt_06","9.812","min","92.218","%a.s.","Humid","21.283","deg","41996","µV","28.002","°C","1017.000","hPa","36.4","pmil","0","55.390","deg","20.000","°C","100.000","%a.s.","21.720","deg","20.000","°C","977.000","hPa","0.861","-0.02617","0.00035","0","0","13.56","Humid","26.25","0","44.00","378805.04","SABD0000000001","AAV1.0.0.11","4.0.0.2323","PSt7-10","170328-019","7/29/2022 11:23:46 AM","0000-00","0","no battery","V","","µV","","µV"
"08/09/2022","10:11:52","6","default","383292078","Oxt_06","9.829","min","92.267","%a.s.","Humid","21.277","deg","41983","µV","28.002","°C","1017.000","hPa","36.4","pmil","0","55.390","deg","20.000","°C","100.000","%a.s.","21.720","deg","20.000","°C","977.000","hPa","0.861","-0.02617","0.00035","0","0","13.56","Humid","26.25","0","44.00","378796.82","SABD0000000001","AAV1.0.0.11","4.0.0.2323","PSt7-10","170328-019","7/29/2022 11:23:46 AM","0000-00","0","no battery","V","","µV","","µV"
"08/09/2022","10:11:53","6","default","383292078","Oxt_06","9.845","min","92.224","%a.s.","Humid","21.283","deg","41985","µV","27.996","°C","1017.000","hPa","36.4","pmil","0","55.390","deg","20.000","°C","100.000","%a.s.","21.720","deg","20.000","°C","977.000","hPa","0.861","-0.02617","0.00035","0","0","13.56","Humid","26.25","0","44.00","378800.83","SABD0000000001","AAV1.0.0.11","4.0.0.2323","PSt7-10","170328-019","7/29/2022 11:23:46 AM","0000-00","0","no battery","V","","µV","","µV"
"08/09/2022","10:11:54","6","default","383292078","Oxt_06","9.862","min","92.208","%a.s.","Humid","21.284","deg","41991","µV","28.004","°C","1017.000","hPa","36.4","pmil","0","55.390","deg","20.000","°C","100.000","%a.s.","21.720","deg","20.000","°C","977.000","hPa","0.861","-0.02617","0.00035","0","0","13.56","Humid","26.25","0","44.00","378802.95","SABD0000000001","AAV1.0.0.11","4.0.0.2323","PSt7-10","170328-019","7/29/2022 11:23:46 AM","0000-00","0","no battery","V","","µV","","µV"
"08/09/2022","10:11:55","6","default","383292078","Oxt_06","9.879","min","92.250","%a.s.","Humid","21.281","deg","41984","µV","27.985","°C","1017.000","hPa","36.4","pmil","0","55.390","deg","20.000","°C","100.000","%a.s.","21.720","deg","20.000","°C","977.000","hPa","0.861","-0.02617","0.00035","0","0","13.56","Humid","26.25","0","44.00","378793.76","SABD0000000001","AAV1.0.0.11","4.0.0.2323","PSt7-10","170328-019","7/29/2022 11:23:46 AM","0000-00","0","no battery","V","","µV","","µV"
"08/09/2022","10:11:56","6","default","383292078","Oxt_06","9.895","min","92.318","%a.s.","Humid","21.272","deg","41986","µV","27.990","°C","1017.000","hPa","36.4","pmil","0","55.390","deg","20.000","°C","100.000","%a.s.","21.720","deg","20.000","°C","977.000","hPa","0.861","-0.02617","0.00035","0","0","13.56","Humid","26.25","0","44.00","378792.79","SABD0000000001","AAV1.0.0.11","4.0.0.2323","PSt7-10","170328-019","7/29/2022 11:23:46 AM","0000-00","0","no battery","V","","µV","","µV"
"08/09/2022","10:11:57","6","default","383292078","Oxt_06","9.913","min","92.215","%a.s.","Humid","21.285","deg","41982","µV","27.987","°C","1017.000","hPa","36.4","pmil","0","55.390","deg","20.000","°C","100.000","%a.s.","21.720","deg","20.000","°C","977.000","hPa","0.861","-0.02617","0.00035","0","0","13.56","Humid","26.25","0","44.00","378793.00","SABD0000000001","AAV1.0.0.11","4.0.0.2323","PSt7-10","170328-019","7/29/2022 11:23:46 AM","0000-00","0","no battery","V","","µV","","µV"
"08/09/2022","10:11:58","6","default","383292078","Oxt_06","9.929","min","92.205","%a.s.","Humid","21.285","deg","41989","µV","27.998","°C","1017.000","hPa","36.4","pmil","0","55.390","deg","20.000","°C","100.000","%a.s.","21.720","deg","20.000","°C","977.000","hPa","0.861","-0.02617","0.00035","0","0","13.56","Humid","26.25","0","44.00","378802.37","SABD0000000001","AAV1.0.0.11","4.0.0.2323","PSt7-10","170328-019","7/29/2022 11:23:46 AM","0000-00","0","no battery","V","","µV","","µV"
"08/09/2022","10:11:59","6","default","383292078","Oxt_06","9.946","min","92.190","%a.s.","Humid","21.288","deg","41983","µV","27.988","°C","1017.000","hPa","36.4","pmil","0","55.390","deg","20.000","°C","100.000","%a.s.","21.720","deg","20.000","°C","977.000","hPa","0.861","-0.02617","0.00035","0","0","13.56","Humid","26.25","0","44.00","378783.14","SABD0000000001","AAV1.0.0.11","4.0.0.2323","PSt7-10","170328-019","7/29/2022 11:23:46 AM","0000-00","0","no battery","V","","µV","","µV"
"08/09/2022","10:12:00","6","default","383292078","Oxt_06","9.963","min","92.191","%a.s.","Humid","21.287","deg","41977","µV","27.996","°C","1017.000","hPa","36.4","pmil","0","55.390","deg","20.000","°C","100.000","%a.s.","21.720","deg","20.000","°C","977.000","hPa","0.861","-0.02617","0.00035","0","0","13.56","Humid","26.25","0","44.00","378783.73","SABD0000000001","AAV1.0.0.11","4.0.0.2323","PSt7-10","170328-019","7/29/2022 11:23:46 AM","0000-00","0","no battery","V","","µV","","µV"
"08/09/2022","10:12:01","6","default","383292078","Oxt_06","9.979","min","92.262","%a.s.","Humid","21.279","deg","41980","µV","27.989","°C","1017.000","hPa","36.4","pmil","0","55.390","deg","20.000","°C","100.000","%a.s.","21.720","deg","20.000","°C","977.000","hPa","0.861","-0.02617","0.00035","0","0","13.56","Humid","26.25","0","44.00","378790.13","SABD0000000001","AAV1.0.0.11","4.0.0.2323","PSt7-10","170328-019","7/29/2022 11:23:46 AM","0000-00","0","no battery","V","","µV","","µV"
"08/09/2022","10:12:02","6","default","383292078","Oxt_06","9.996","min","92.440","%a.s.","Humid","21.269","deg","41979","µV","27.983","°C","1016.000","hPa","36.4","pmil","0","55.390","deg","20.000","°C","100.000","%a.s.","21.720","deg","20.000","°C","977.000","hPa","0.861","-0.02617","0.00035","0","0","13.56","Humid","26.25","0","44.00","378790.35","SABD0000000001","AAV1.0.0.11","4.0.0.2323","PSt7-10","170328-019","7/29/2022 11:23:46 AM","0000-00","0","no battery","V","","µV","","µV"
"08/09/2022","10:12:03","6","default","383292078","Oxt_06","10.012","min","92.251","%a.s.","Humid","21.279","deg","41975","µV","28.002","°C","1017.000","hPa","36.4","pmil","0","55.390","deg","20.000","°C","100.000","%a.s.","21.720","deg","20.000","°C","977.000","hPa","0.861","-0.02617","0.00035","0","0","13.56","Humid","26.25","0","44.00","378794.54","SABD0000000001","AAV1.0.0.11","4.0.0.2323","PSt7-10","170328-019","7/29/2022 11:23:46 AM","0000-00","0","no battery","V","","µV","","µV"
"08/09/2022","10:12:04","6","default","383292078","Oxt_06","10.029","min","92.223","%a.s.","Humid","21.282","deg","41976","µV","28.006","°C","1017.000","hPa","36.4","pmil","0","55.390","deg","20.000","°C","100.000","%a.s.","21.720","deg","20.000","°C","977.000","hPa","0.861","-0.02617","0.00035","0","0","13.56","Humid","26.25","0","44.00","378793.41","SABD0000000001","AAV1.0.0.11","4.0.0.2323","PSt7-10","170328-019","7/29/2022 11:23:46 AM","0000-00","0","no battery","V","","µV","","µV"
"08/09/2022","10:12:05","6","default","383292078","Oxt_06","10.046","min","92.230","%a.s.","Humid","21.284","deg","41971","µV","27.980","°C","1017.000","hPa","36.4","pmil","0","55.390","deg","20.000","°C","100.000","%a.s.","21.720","deg","20.000","°C","977.000","hPa","0.861","-0.02617","0.00035","0","0","13.56","Humid","26.25","0","44.00","378796.62","SABD0000000001","AAV1.0.0.11","4.0.0.2323","PSt7-10","170328-019","7/29/2022 11:23:46 AM","0000-00","0","no battery","V","","µV","","µV"
"08/09/2022","10:12:06","6","default","383292078","Oxt_06","10.062","min","92.285","%a.s.","Humid","21.276","deg","41974","µV","27.991","°C","1017.000","hPa","36.4","pmil","0","55.390","deg","20.000","°C","100.000","%a.s.","21.720","deg","20.000","°C","977.000","hPa","0.861","-0.02617","0.00035","0","0","13.56","Humid","26.25","0","44.00","378790.61","SABD0000000001","AAV1.0.0.11","4.0.0.2323","PSt7-10","170328-019","7/29/2022 11:23:46 AM","0000-00","0","no battery","V","","µV","","µV"
"08/09/2022","10:12:07","6","default","383292078","Oxt_06","10.079","min","92.245","%a.s.","Humid","21.282","deg","41969","µV","27.981","°C","1017.000","hPa","36.4","pmil","0","55.390","deg","20.000","°C","100.000","%a.s.","21.720","deg","20.000","°C","977.000","hPa","0.861","-0.02617","0.00035","0","0","13.56","Humid","26.25","0","44.00","378785.99","SABD0000000001","AAV1.0.0.11","4.0.0.2323","PSt7-10","170328-019","7/29/2022 11:23:46 AM","0000-00","0","no battery","V","","µV","","µV"
"08/09/2022","10:12:08","6","default","383292078","Oxt_06","10.096","min","92.289","%a.s.","Humid","21.274","deg","41974","µV","28.005","°C","1017.000","hPa","36.4","pmil","0","55.390","deg","20.000","°C","100.000","%a.s.","21.720","deg","20.000","°C","977.000","hPa","0.861","-0.02617","0.00035","0","0","13.56","Humid","26.25","0","44.00","378781.59","SABD0000000001","AAV1.0.0.11","4.0.0.2323","PSt7-10","170328-019","7/29/2022 11:23:46 AM","0000-00","0","no battery","V","","µV","","µV"
"08/09/2022","10:12:09","6","default","383292078","Oxt_06","10.112","min","92.362","%a.s.","Humid","21.265","deg","41967","µV","28.005","°C","1017.000","hPa","36.4","pmil","0","55.390","deg","20.000","°C","100.000","%a.s.","21.720","deg","20.000","°C","977.000","hPa","0.861","-0.02617","0.00035","0","0","13.56","Humid","26.25","0","44.00","378780.16","SABD0000000001","AAV1.0.0.11","4.0.0.2323","PSt7-10","170328-019","7/29/2022 11:23:46 AM","0000-00","0","no battery","V","","µV","","µV"
"08/09/2022","10:12:10","6","default","383292078","Oxt_06","10.129","min","92.312","%a.s.","Humid","21.271","deg","41966","µV","28.006","°C","1017.000","hPa","36.4","pmil","0","55.390","deg","20.000","°C","100.000","%a.s.","21.720","deg","20.000","°C","977.000","hPa","0.861","-0.02617","0.00035","0","0","13.56","Humid","26.25","0","44.00","378778.64","SABD0000000001","AAV1.0.0.11","4.0.0.2323","PSt7-10","170328-019","7/29/2022 11:23:46 AM","0000-00","0","no battery","V","","µV","","µV"
"08/09/2022","10:12:11","6","default","383292078","Oxt_06","10.145","min","92.304","%a.s.","Humid","21.273","deg","41963","µV","27.997","°C","1017.000","hPa","36.4","pmil","0","55.390","deg","20.000","°C","100.000","%a.s.","21.720","deg","20.000","°C","977.000","hPa","0.861","-0.02617","0.00035","0","0","13.56","Humid","26.25","0","44.00","378784.02","SABD0000000001","AAV1.0.0.11","4.0.0.2323","PSt7-10","170328-019","7/29/2022 11:23:46 AM","0000-00","0","no battery","V","","µV","","µV"
"08/09/2022","10:12:12","6","default","383292078","Oxt_06","10.162","min","92.288","%a.s.","Humid","21.276","deg","41969","µV","27.988","°C","1017.000","hPa","36.4","pmil","0","55.390","deg","20.000","°C","100.000","%a.s.","21.720","deg","20.000","°C","977.000","hPa","0.861","-0.02617","0.00035","0","0","13.56","Humid","26.25","0","44.00","378795.05","SABD0000000001","AAV1.0.0.11","4.0.0.2323","PSt7-10","170328-019","7/29/2022 11:23:46 AM","0000-00","0","no battery","V","","µV","","µV"
"08/09/2022","10:12:13","6","default","383292078","Oxt_06","10.179","min","92.281","%a.s.","Humid","21.277","deg","41962","µV","27.986","°C","1017.000","hPa","36.4","pmil","0","55.390","deg","20.000","°C","100.000","%a.s.","21.720","deg","20.000","°C","977.000","hPa","0.861","-0.02617","0.00035","0","0","13.56","Humid","26.25","0","44.00","378794.41","SABD0000000001","AAV1.0.0.11","4.0.0.2323","PSt7-10","170328-019","7/29/2022 11:23:46 AM","0000-00","0","no battery","V","","µV","","µV"
"08/09/2022","10:12:14","6","default","383292078","Oxt_06","10.195","min","92.308","%a.s.","Humid","21.273","deg","41960","µV","27.992","°C","1017.000","hPa","36.4","pmil","0","55.390","deg","20.000","°C","100.000","%a.s.","21.720","deg","20.000","°C","977.000","hPa","0.861","-0.02617","0.00035","0","0","13.56","Humid","26.25","0","44.00","378787.97","SABD0000000001","AAV1.0.0.11","4.0.0.2323","PSt7-10","170328-019","7/29/2022 11:23:46 AM","0000-00","0","no battery","V","","µV","","µV"
"08/09/2022","10:12:15","6","default","383292078","Oxt_06","10.212","min","92.348","%a.s.","Humid","21.267","deg","41963","µV","28.002","°C","1017.000","hPa","36.4","pmil","0","55.390","deg","20.000","°C","100.000","%a.s.","21.720","deg","20.000","°C","977.000","hPa","0.861","-0.02617","0.00035","0","0","13.56","Humid","26.25","0","44.00","378773.94","SABD0000000001","AAV1.0.0.11","4.0.0.2323","PSt7-10","170328-019","7/29/2022 11:23:46 AM","0000-00","0","no battery","V","","µV","","µV"
"08/09/2022","10:12:16","6","default","383292078","Oxt_06","10.229","min","92.330","%a.s.","Humid","21.270","deg","41962","µV","27.995","°C","1017.000","hPa","36.4","pmil","0","55.390","deg","20.000","°C","100.000","%a.s.","21.720","deg","20.000","°C","977.000","hPa","0.861","-0.02617","0.00035","0","0","13.56","Humid","26.25","0","44.00","378787.67","SABD0000000001","AAV1.0.0.11","4.0.0.2323","PSt7-10","170328-019","7/29/2022 11:23:46 AM","0000-00","0","no battery","V","","µV","","µV"
"08/09/2022","10:12:17","6","default","383292078","Oxt_06","10.245","min","92.288","%a.s.","Humid","21.276","deg","41961","µV","27.988","°C","1017.000","hPa","36.4","pmil","0","55.390","deg","20.000","°C","100.000","%a.s.","21.720","deg","20.000","°C","977.000","hPa","0.861","-0.02617","0.00035","0","0","13.56","Humid","26.25","0","44.00","378787.05","SABD0000000001","AAV1.0.0.11","4.0.0.2323","PSt7-10","170328-019","7/29/2022 11:23:46 AM","0000-00","0","no battery","V","","µV","","µV"
"08/09/2022","10:12:18","6","default","383292078","Oxt_06","10.262","min","92.368","%a.s.","Humid","21.265","deg","41952","µV","27.998","°C","1017.000","hPa","36.4","pmil","0","55.390","deg","20.000","°C","100.000","%a.s.","21.720","deg","20.000","°C","977.000","hPa","0.861","-0.02617","0.00035","0","0","13.56","Humid","26.25","0","44.00","378772.31","SABD0000000001","AAV1.0.0.11","4.0.0.2323","PSt7-10","170328-019","7/29/2022 11:23:46 AM","0000-00","0","no battery","V","","µV","","µV"
"08/09/2022","10:12:19","6","default","383292078","Oxt_06","10.279","min","92.365","%a.s.","Humid","21.266","deg","41952","µV","27.992","°C","1017.000","hPa","36.4","pmil","0","55.390","deg","20.000","°C","100.000","%a.s.","21.720","deg","20.000","°C","977.000","hPa","0.861","-0.02617","0.00035","0","0","13.56","Humid","26.25","0","44.00","378781.40","SABD0000000001","AAV1.0.0.11","4.0.0.2323","PSt7-10","170328-019","7/29/2022 11:23:46 AM","0000-00","0","no battery","V","","µV","","µV"
"08/09/2022","10:12:20","6","default","383292078","Oxt_06","10.295","min","92.340","%a.s.","Humid","21.268","deg","41955","µV","28.002","°C","1017.000","hPa","36.4","pmil","0","55.390","deg","20.000","°C","100.000","%a.s.","21.720","deg","20.000","°C","977.000","hPa","0.861","-0.02617","0.00035","0","0","13.56","Humid","26.25","0","44.00","378779.27","SABD0000000001","AAV1.0.0.11","4.0.0.2323","PSt7-10","170328-019","7/29/2022 11:23:46 AM","0000-00","0","no battery","V","","µV","","µV"
"08/09/2022","10:12:21","6","default","383292078","Oxt_06","10.312","min","92.346","%a.s.","Humid","21.268","deg","41954","µV","27.996","°C","1017.000","hPa","36.4","pmil","0","55.390","deg","20.000","°C","100.000","%a.s.","21.720","deg","20.000","°C","977.000","hPa","0.861","-0.02617","0.00035","0","0","13.56","Humid","26.25","0","44.00","378780.87","SABD0000000001","AAV1.0.0.11","4.0.0.2323","PSt7-10","170328-019","7/29/2022 11:23:46 AM","0000-00","0","no battery","V","","µV","","µV"
"08/09/2022","10:12:22","6","default","383292078","Oxt_06","10.329","min","92.355","%a.s.","Humid","21.268","deg","41952","µV","27.985","°C","1017.000","hPa","36.4","pmil","0","55.390","deg","20.000","°C","100.000","%a.s.","21.720","deg","20.000","°C","977.000","hPa","0.861","-0.02617","0.00035","0","0","13.56","Humid","26.25","0","44.00","378765.35","SABD0000000001","AAV1.0.0.11","4.0.0.2323","PSt7-10","170328-019","7/29/2022 11:23:46 AM","0000-00","0","no battery","V","","µV","","µV"
"08/09/2022","10:12:23","6","default","383292078","Oxt_06","10.345","min","92.317","%a.s.","Humid","21.272","deg","41941","µV","27.992","°C","1017.000","hPa","36.4","pmil","0","55.390","deg","20.000","°C","100.000","%a.s.","21.720","deg","20.000","°C","977.000","hPa","0.861","-0.02617","0.00035","0","0","13.56","Humid","26.25","0","44.00","378746.58","SABD0000000001","AAV1.0.0.11","4.0.0.2323","PSt7-10","170328-019","7/29/2022 11:23:46 AM","0000-00","0","no battery","V","","µV","","µV"
"08/09/2022","10:12:24","6","default","383292078","Oxt_06","10.362","min","92.429","%a.s.","Humid","21.258","deg","41942","µV","27.993","°C","1017.000","hPa","36.4","pmil","0","55.390","deg","20.000","°C","100.000","%a.s.","21.720","deg","20.000","°C","977.000","hPa","0.861","-0.02617","0.00035","0","0","13.56","Humid","26.25","0","44.00","378767.39","SABD0000000001","AAV1.0.0.11","4.0.0.2323","PSt7-10","170328-019","7/29/2022 11:23:46 AM","0000-00","0","no battery","V","","µV","","µV"
"08/09/2022","10:12:25","6","default","383292078","Oxt_06","10.379","min","92.362","%a.s.","Humid","21.268","deg","41945","µV","27.978","°C","1017.000","hPa","36.4","pmil","0","55.390","deg","20.000","°C","100.000","%a.s.","21.720","deg","20.000","°C","977.000","hPa","0.861","-0.02617","0.00035","0","0","13.56","Humid","26.25","0","44.00","378771.62","SABD0000000001","AAV1.0.0.11","4.0.0.2323","PSt7-10","170328-019","7/29/2022 11:23:46 AM","0000-00","0","no battery","V","","µV","","µV"
"08/09/2022","10:12:26","6","default","383292078","Oxt_06","10.395","min","92.405","%a.s.","Humid","21.262","deg","41945","µV","27.984","°C","1017.000","hPa","36.4","pmil","0","55.390","deg","20.000","°C","100.000","%a.s.","21.720","deg","20.000","°C","977.000","hPa","0.861","-0.02617","0.00035","0","0","13.56","Humid","26.25","0","44.00","378770.53","SABD0000000001","AAV1.0.0.11","4.0.0.2323","PSt7-10","170328-019","7/29/2022 11:23:46 AM","0000-00","0","no battery","V","","µV","","µV"
"08/09/2022","10:12:27","6","default","383292078","Oxt_06","10.413","min","92.346","%a.s.","Humid","21.267","deg","41949","µV","28.005","°C","1017.000","hPa","36.4","pmil","0","55.390","deg","20.000","°C","100.000","%a.s.","21.720","deg","20.000","°C","977.000","hPa","0.861","-0.02617","0.00035","0","0","13.56","Humid","26.25","0","44.00","378768.99","SABD0000000001","AAV1.0.0.11","4.0.0.2323","PSt7-10","170328-019","7/29/2022 11:23:46 AM","0000-00","0","no battery","V","","µV","","µV"
"08/09/2022","10:12:28","6","default","383292078","Oxt_06","10.429","min","92.478","%a.s.","Humid","21.251","deg","41941","µV","28.003","°C","1017.000","hPa","36.4","pmil","0","55.390","deg","20.000","°C","100.000","%a.s.","21.720","deg","20.000","°C","977.000","hPa","0.861","-0.02617","0.00035","0","0","13.56","Humid","26.25","0","44.00","378767.40","SABD0000000001","AAV1.0.0.11","4.0.0.2323","PSt7-10","170328-019","7/29/2022 11:23:46 AM","0000-00","0","no battery","V","","µV","","µV"
"08/09/2022","10:12:29","6","default","383292078","Oxt_06","10.446","min","92.423","%a.s.","Humid","21.258","deg","41934","µV","28.000","°C","1017.000","hPa","36.4","pmil","0","55.390","deg","20.000","°C","100.000","%a.s.","21.720","deg","20.000","°C","977.000","hPa","0.861","-0.02617","0.00035","0","0","13.56","Humid","26.25","0","44.00","378785.19","SABD0000000001","AAV1.0.0.11","4.0.0.2323","PSt7-10","170328-019","7/29/2022 11:23:46 AM","0000-00","0","no battery","V","","µV","","µV"
"08/09/2022","10:12:30","6","default","383292078","Oxt_06","10.463","min","92.386","%a.s.","Humid","21.263","deg","41938","µV","27.996","°C","1017.000","hPa","36.4","pmil","0","55.390","deg","20.000","°C","100.000","%a.s.","21.720","deg","20.000","°C","977.000","hPa","0.861","-0.02617","0.00035","0","0","13.56","Humid","26.25","0","44.00","378770.39","SABD0000000001","AAV1.0.0.11","4.0.0.2323","PSt7-10","170328-019","7/29/2022 11:23:46 AM","0000-00","0","no battery","V","","µV","","µV"
"08/09/2022","10:12:31","6","default","383292078","Oxt_06","10.479","min","92.471","%a.s.","Humid","21.253","deg","41931","µV","27.993","°C","1017.000","hPa","36.4","pmil","0","55.390","deg","20.000","°C","100.000","%a.s.","21.720","deg","20.000","°C","977.000","hPa","0.861","-0.02617","0.00035","0","0","13.56","Humid","26.25","0","44.00","378776.22","SABD0000000001","AAV1.0.0.11","4.0.0.2323","PSt7-10","170328-019","7/29/2022 11:23:46 AM","0000-00","0","no battery","V","","µV","","µV"
"08/09/2022","10:12:32","6","default","383292078","Oxt_06","10.496","min","92.424","%a.s.","Humid","21.259","deg","41931","µV","27.990","°C","1017.000","hPa","36.4","pmil","0","55.390","deg","20.000","°C","100.000","%a.s.","21.720","deg","20.000","°C","977.000","hPa","0.861","-0.02617","0.00035","0","0","13.56","Humid","26.25","0","44.00","378761.29","SABD0000000001","AAV1.0.0.11","4.0.0.2323","PSt7-10","170328-019","7/29/2022 11:23:46 AM","0000-00","0","no battery","V","","µV","","µV"
"08/09/2022","10:12:33","6","default","383292078","Oxt_06","10.512","min","92.396","%a.s.","Humid","21.262","deg","41936","µV","27.994","°C","1017.000","hPa","36.4","pmil","0","55.390","deg","20.000","°C","100.000","%a.s.","21.720","deg","20.000","°C","977.000","hPa","0.861","-0.02617","0.00035","0","0","13.56","Humid","26.25","0","44.00","378770.80","SABD0000000001","AAV1.0.0.11","4.0.0.2323","PSt7-10","170328-019","7/29/2022 11:23:46 AM","0000-00","0","no battery","V","","µV","","µV"
"08/09/2022","10:12:34","6","default","383292078","Oxt_06","10.529","min","92.423","%a.s.","Humid","21.259","deg","41932","µV","27.991","°C","1017.000","hPa","36.4","pmil","0","55.390","deg","20.000","°C","100.000","%a.s.","21.720","deg","20.000","°C","977.000","hPa","0.861","-0.02617","0.00035","0","0","13.56","Humid","26.25","0","44.00","378770.90","SABD0000000001","AAV1.0.0.11","4.0.0.2323","PSt7-10","170328-019","7/29/2022 11:23:46 AM","0000-00","0","no battery","V","","µV","","µV"
"08/09/2022","10:12:35","6","default","383292078","Oxt_06","10.546","min","92.459","%a.s.","Humid","21.254","deg","41928","µV","27.996","°C","1017.000","hPa","36.4","pmil","0","55.390","deg","20.000","°C","100.000","%a.s.","21.720","deg","20.000","°C","977.000","hPa","0.861","-0.02617","0.00035","0","0","13.56","Humid","26.25","0","44.00","378776.35","SABD0000000001","AAV1.0.0.11","4.0.0.2323","PSt7-10","170328-019","7/29/2022 11:23:46 AM","0000-00","0","no battery","V","","µV","","µV"
"08/09/2022","10:12:36","6","default","383292078","Oxt_06","10.562","min","92.418","%a.s.","Humid","21.260","deg","41924","µV","27.988","°C","1017.000","hPa","36.4","pmil","0","55.390","deg","20.000","°C","100.000","%a.s.","21.720","deg","20.000","°C","977.000","hPa","0.861","-0.02617","0.00035","0","0","13.56","Humid","26.25","0","44.00","378760.35","SABD0000000001","AAV1.0.0.11","4.0.0.2323","PSt7-10","170328-019","7/29/2022 11:23:46 AM","0000-00","0","no battery","V","","µV","","µV"
"08/09/2022","10:12:37","6","default","383292078","Oxt_06","10.579","min","92.543","%a.s.","Humid","21.256","deg","41925","µV","27.986","°C","1016.000","hPa","36.4","pmil","0","55.390","deg","20.000","°C","100.000","%a.s.","21.720","deg","20.000","°C","977.000","hPa","0.861","-0.02617","0.00035","0","0","13.56","Humid","26.25","0","44.00","378768.38","SABD0000000001","AAV1.0.0.11","4.0.0.2323","PSt7-10","170328-019","7/29/2022 11:23:46 AM","0000-00","0","no battery","V","","µV","","µV"
"08/09/2022","10:12:38","6","default","383292078","Oxt_06","10.596","min","92.419","%a.s.","Humid","21.258","deg","41922","µV","28.005","°C","1017.000","hPa","36.4","pmil","0","55.390","deg","20.000","°C","100.000","%a.s.","21.720","deg","20.000","°C","977.000","hPa","0.861","-0.02617","0.00035","0","0","13.56","Humid","26.25","0","44.00","378757.52","SABD0000000001","AAV1.0.0.11","4.0.0.2323","PSt7-10","170328-019","7/29/2022 11:23:46 AM","0000-00","0","no battery","V","","µV","","µV"
"08/09/2022","10:12:39","6","default","383292078","Oxt_06","10.612","min","92.408","%a.s.","Humid","21.262","deg","41922","µV","27.981","°C","1017.000","hPa","36.4","pmil","0","55.390","deg","20.000","°C","100.000","%a.s.","21.720","deg","20.000","°C","977.000","hPa","0.861","-0.02617","0.00035","0","0","13.56","Humid","26.25","0","44.00","378766.08","SABD0000000001","AAV1.0.0.11","4.0.0.2323","PSt7-10","170328-019","7/29/2022 11:23:46 AM","0000-00","0","no battery","V","","µV","","µV"
"08/09/2022","10:12:40","6","default","383292078","Oxt_06","10.629","min","92.390","%a.s.","Humid","21.262","deg","41930","µV","28.001","°C","1017.000","hPa","36.4","pmil","0","55.390","deg","20.000","°C","100.000","%a.s.","21.720","deg","20.000","°C","977.000","hPa","0.861","-0.02617","0.00035","0","0","13.56","Humid","26.25","0","44.00","378759.27","SABD0000000001","AAV1.0.0.11","4.0.0.2323","PSt7-10","170328-019","7/29/2022 11:23:46 AM","0000-00","0","no battery","V","","µV","","µV"
"08/09/2022","10:12:41","6","default","383292078","Oxt_06","10.646","min","92.431","%a.s.","Humid","21.257","deg","41918","µV","28.001","°C","1017.000","hPa","36.4","pmil","0","55.390","deg","20.000","°C","100.000","%a.s.","21.720","deg","20.000","°C","977.000","hPa","0.861","-0.02617","0.00035","0","0","13.56","Humid","26.25","0","44.00","378757.39","SABD0000000001","AAV1.0.0.11","4.0.0.2323","PSt7-10","170328-019","7/29/2022 11:23:46 AM","0000-00","0","no battery","V","","µV","","µV"
"08/09/2022","10:12:42","6","default","383292078","Oxt_06","10.662","min","92.423","%a.s.","Humid","21.258","deg","41917","µV","28.001","°C","1017.000","hPa","36.4","pmil","0","55.390","deg","20.000","°C","100.000","%a.s.","21.720","deg","20.000","°C","977.000","hPa","0.861","-0.02617","0.00035","0","0","13.56","Humid","26.25","0","44.00","378759.94","SABD0000000001","AAV1.0.0.11","4.0.0.2323","PSt7-10","170328-019","7/29/2022 11:23:46 AM","0000-00","0","no battery","V","","µV","","µV"
"08/09/2022","10:12:43","6","default","383292078","Oxt_06","10.679","min","92.433","%a.s.","Humid","21.257","deg","41916","µV","27.998","°C","1017.000","hPa","36.4","pmil","0","55.390","deg","20.000","°C","100.000","%a.s.","21.720","deg","20.000","°C","977.000","hPa","0.861","-0.02617","0.00035","0","0","13.56","Humid","26.25","0","44.00","378764.89","SABD0000000001","AAV1.0.0.11","4.0.0.2323","PSt7-10","170328-019","7/29/2022 11:23:46 AM","0000-00","0","no battery","V","","µV","","µV"
"08/09/2022","10:12:44","6","default","383292078","Oxt_06","10.696","min","92.498","%a.s.","Humid","21.251","deg","41922","µV","27.981","°C","1017.000","hPa","36.4","pmil","0","55.390","deg","20.000","°C","100.000","%a.s.","21.720","deg","20.000","°C","977.000","hPa","0.861","-0.02617","0.00035","0","0","13.56","Humid","26.25","0","44.00","378764.52","SABD0000000001","AAV1.0.0.11","4.0.0.2323","PSt7-10","170328-019","7/29/2022 11:23:46 AM","0000-00","0","no battery","V","","µV","","µV"
"08/09/2022","10:12:45","6","default","383292078","Oxt_06","10.712","min","92.426","%a.s.","Humid","21.258","deg","41920","µV","27.997","°C","1017.000","hPa","36.4","pmil","0","55.390","deg","20.000","°C","100.000","%a.s.","21.720","deg","20.000","°C","977.000","hPa","0.861","-0.02617","0.00035","0","0","13.56","Humid","26.25","0","44.00","378746.83","SABD0000000001","AAV1.0.0.11","4.0.0.2323","PSt7-10","170328-019","7/29/2022 11:23:46 AM","0000-00","0","no battery","V","","µV","","µV"
"08/09/2022","10:12:46","6","default","383292078","Oxt_06","10.729","min","92.523","%a.s.","Humid","21.245","deg","41915","µV","28.008","°C","1017.000","hPa","36.4","pmil","0","55.390","deg","20.000","°C","100.000","%a.s.","21.720","deg","20.000","°C","977.000","hPa","0.861","-0.02617","0.00035","0","0","13.56","Humid","26.25","0","44.00","378758.07","SABD0000000001","AAV1.0.0.11","4.0.0.2323","PSt7-10","170328-019","7/29/2022 11:23:46 AM","0000-00","0","no battery","V","","µV","","µV"
"08/09/2022","10:12:47","6","default","383292078","Oxt_06","10.746","min","92.442","%a.s.","Humid","21.255","deg","41916","µV","28.007","°C","1017.000","hPa","36.4","pmil","0","55.390","deg","20.000","°C","100.000","%a.s.","21.720","deg","20.000","°C","977.000","hPa","0.861","-0.02617","0.00035","0","0","13.56","Humid","26.25","0","44.00","378755.83","SABD0000000001","AAV1.0.0.11","4.0.0.2323","PSt7-10","170328-019","7/29/2022 11:23:46 AM","0000-00","0","no battery","V","","µV","","µV"
"08/09/2022","10:12:48","6","default","383292078","Oxt_06","10.762","min","92.436","%a.s.","Humid","21.256","deg","41907","µV","28.005","°C","1017.000","hPa","36.4","pmil","0","55.390","deg","20.000","°C","100.000","%a.s.","21.720","deg","20.000","°C","977.000","hPa","0.861","-0.02617","0.00035","0","0","13.56","Humid","26.25","0","44.00","378744.84","SABD0000000001","AAV1.0.0.11","4.0.0.2323","PSt7-10","170328-019","7/29/2022 11:23:46 AM","0000-00","0","no battery","V","","µV","","µV"
"08/09/2022","10:12:49","6","default","383292078","Oxt_06","10.779","min","92.454","%a.s.","Humid","21.254","deg","41909","µV","28.003","°C","1017.000","hPa","36.4","pmil","0","55.390","deg","20.000","°C","100.000","%a.s.","21.720","deg","20.000","°C","977.000","hPa","0.861","-0.02617","0.00035","0","0","13.56","Humid","26.25","0","44.00","378752.75","SABD0000000001","AAV1.0.0.11","4.0.0.2323","PSt7-10","170328-019","7/29/2022 11:23:46 AM","0000-00","0","no battery","V","","µV","","µV"
"08/09/2022","10:12:50","6","default","383292078","Oxt_06","10.796","min","92.463","%a.s.","Humid","21.253","deg","41905","µV","28.002","°C","1017.000","hPa","36.4","pmil","0","55.390","deg","20.000","°C","100.000","%a.s.","21.720","deg","20.000","°C","977.000","hPa","0.861","-0.02617","0.00035","0","0","13.56","Humid","26.25","0","44.00","378749.52","SABD0000000001","AAV1.0.0.11","4.0.0.2323","PSt7-10","170328-019","7/29/2022 11:23:46 AM","0000-00","0","no battery","V","","µV","","µV"
"08/09/2022","10:12:51","6","default","383292078","Oxt_06","10.812","min","92.538","%a.s.","Humid","21.245","deg","41907","µV","27.991","°C","1017.000","hPa","36.4","pmil","0","55.390","deg","20.000","°C","100.000","%a.s.","21.720","deg","20.000","°C","977.000","hPa","0.861","-0.02617","0.00035","0","0","13.56","Humid","26.25","0","44.00","378744.18","SABD0000000001","AAV1.0.0.11","4.0.0.2323","PSt7-10","170328-019","7/29/2022 11:23:46 AM","0000-00","0","no battery","V","","µV","","µV"
"08/09/2022","10:12:52","6","default","383292078","Oxt_06","10.829","min","92.562","%a.s.","Humid","21.241","deg","41895","µV","28.000","°C","1017.000","hPa","36.4","pmil","0","55.390","deg","20.000","°C","100.000","%a.s.","21.720","deg","20.000","°C","977.000","hPa","0.861","-0.02617","0.00035","0","0","13.56","Humid","26.25","0","44.00","378734.21","SABD0000000001","AAV1.0.0.11","4.0.0.2323","PSt7-10","170328-019","7/29/2022 11:23:46 AM","0000-00","0","no battery","V","","µV","","µV"
"08/09/2022","10:12:53","6","default","383292078","Oxt_06","10.846","min","92.475","%a.s.","Humid","21.253","deg","41899","µV","27.988","°C","1017.000","hPa","36.4","pmil","0","55.390","deg","20.000","°C","100.000","%a.s.","21.720","deg","20.000","°C","977.000","hPa","0.861","-0.02617","0.00035","0","0","13.56","Humid","26.25","0","44.00","378745.86","SABD0000000001","AAV1.0.0.11","4.0.0.2323","PSt7-10","170328-019","7/29/2022 11:23:46 AM","0000-00","0","no battery","V","","µV","","µV"
"08/09/2022","10:12:54","6","default","383292078","Oxt_06","10.862","min","92.491","%a.s.","Humid","21.251","deg","41905","µV","27.988","°C","1017.000","hPa","36.4","pmil","0","55.390","deg","20.000","°C","100.000","%a.s.","21.720","deg","20.000","°C","977.000","hPa","0.861","-0.02617","0.00035","0","0","13.56","Humid","26.25","0","44.00","378733.11","SABD0000000001","AAV1.0.0.11","4.0.0.2323","PSt7-10","170328-019","7/29/2022 11:23:46 AM","0000-00","0","no battery","V","","µV","","µV"
"08/09/2022","10:12:55","6","default","383292078","Oxt_06","10.879","min","92.580","%a.s.","Humid","21.240","deg","41904","µV","27.989","°C","1017.000","hPa","36.4","pmil","0","55.390","deg","20.000","°C","100.000","%a.s.","21.720","deg","20.000","°C","977.000","hPa","0.861","-0.02617","0.00035","0","0","13.56","Humid","26.25","0","44.00","378744.28","SABD0000000001","AAV1.0.0.11","4.0.0.2323","PSt7-10","170328-019","7/29/2022 11:23:46 AM","0000-00","0","no battery","V","","µV","","µV"
"08/09/2022","10:12:56","6","default","383292078","Oxt_06","10.895","min","92.472","%a.s.","Humid","21.251","deg","41901","µV","28.009","°C","1017.000","hPa","36.4","pmil","0","55.390","deg","20.000","°C","100.000","%a.s.","21.720","deg","20.000","°C","977.000","hPa","0.861","-0.02617","0.00035","0","0","13.56","Humid","26.25","0","44.00","378745.39","SABD0000000001","AAV1.0.0.11","4.0.0.2323","PSt7-10","170328-019","7/29/2022 11:23:46 AM","0000-00","0","no battery","V","","µV","","µV"
"08/09/2022","10:12:57","6","default","383292078","Oxt_06","10.912","min","92.505","%a.s.","Humid","21.248","deg","41899","µV","28.000","°C","1017.000","hPa","36.4","pmil","0","55.390","deg","20.000","°C","100.000","%a.s.","21.720","deg","20.000","°C","977.000","hPa","0.861","-0.02617","0.00035","0","0","13.56","Humid","26.25","0","44.00","378738.79","SABD0000000001","AAV1.0.0.11","4.0.0.2323","PSt7-10","170328-019","7/29/2022 11:23:46 AM","0000-00","0","no battery","V","","µV","","µV"
"08/09/2022","10:12:58","6","default","383292078","Oxt_06","10.929","min","92.549","%a.s.","Humid","21.244","deg","41896","µV","27.988","°C","1017.000","hPa","36.4","pmil","0","55.390","deg","20.000","°C","100.000","%a.s.","21.720","deg","20.000","°C","977.000","hPa","0.861","-0.02617","0.00035","0","0","13.56","Humid","26.25","0","44.00","378739.39","SABD0000000001","AAV1.0.0.11","4.0.0.2323","PSt7-10","170328-019","7/29/2022 11:23:46 AM","0000-00","0","no battery","V","","µV","","µV"
"08/09/2022","10:12:59","6","default","383292078","Oxt_06","10.945","min","92.513","%a.s.","Humid","21.248","deg","41890","µV","27.991","°C","1017.000","hPa","36.4","pmil","0","55.390","deg","20.000","°C","100.000","%a.s.","21.720","deg","20.000","°C","977.000","hPa","0.861","-0.02617","0.00035","0","0","13.56","Humid","26.25","0","44.00","378737.68","SABD0000000001","AAV1.0.0.11","4.0.0.2323","PSt7-10","170328-019","7/29/2022 11:23:46 AM","0000-00","0","no battery","V","","µV","","µV"
"08/09/2022","10:13:00","6","default","383292078","Oxt_06","10.962","min","92.590","%a.s.","Humid","21.239","deg","41896","µV","27.987","°C","1017.000","hPa","36.4","pmil","0","55.390","deg","20.000","°C","100.000","%a.s.","21.720","deg","20.000","°C","977.000","hPa","0.861","-0.02617","0.00035","0","0","13.56","Humid","26.25","0","44.00","378736.65","SABD0000000001","AAV1.0.0.11","4.0.0.2323","PSt7-10","170328-019","7/29/2022 11:23:46 AM","0000-00","0","no battery","V","","µV","","µV"
"08/09/2022","10:13:01","6","default","383292078","Oxt_06","10.979","min","92.550","%a.s.","Humid","21.244","deg","41892","µV","27.986","°C","1017.000","hPa","36.4","pmil","0","55.390","deg","20.000","°C","100.000","%a.s.","21.720","deg","20.000","°C","977.000","hPa","0.861","-0.02617","0.00035","0","0","13.56","Humid","26.25","0","44.00","378738.68","SABD0000000001","AAV1.0.0.11","4.0.0.2323","PSt7-10","170328-019","7/29/2022 11:23:46 AM","0000-00","0","no battery","V","","µV","","µV"
"08/09/2022","10:13:02","6","default","383292078","Oxt_06","10.996","min","92.620","%a.s.","Humid","21.245","deg","41891","µV","28.000","°C","1016.000","hPa","36.4","pmil","0","55.390","deg","20.000","°C","100.000","%a.s.","21.720","deg","20.000","°C","977.000","hPa","0.861","-0.02617","0.00035","0","0","13.56","Humid","26.25","0","44.00","378737.08","SABD0000000001","AAV1.0.0.11","4.0.0.2323","PSt7-10","170328-019","7/29/2022 11:23:46 AM","0000-00","0","no battery","V","","µV","","µV"
"08/09/2022","10:13:03","6","default","383292078","Oxt_06","11.012","min","92.567","%a.s.","Humid","21.241","deg","41893","µV","27.994","°C","1017.000","hPa","36.4","pmil","0","55.390","deg","20.000","°C","100.000","%a.s.","21.720","deg","20.000","°C","977.000","hPa","0.861","-0.02617","0.00035","0","0","13.56","Humid","26.25","0","44.00","378746.57","SABD0000000001","AAV1.0.0.11","4.0.0.2323","PSt7-10","170328-019","7/29/2022 11:23:46 AM","0000-00","0","no battery","V","","µV","","µV"
"08/09/2022","10:13:04","6","default","383292078","Oxt_06","11.029","min","92.539","%a.s.","Humid","21.245","deg","41889","µV","27.990","°C","1017.000","hPa","36.4","pmil","0","55.390","deg","20.000","°C","100.000","%a.s.","21.720","deg","20.000","°C","977.000","hPa","0.861","-0.02617","0.00035","0","0","13.56","Humid","26.25","0","44.00","378737.12","SABD0000000001","AAV1.0.0.11","4.0.0.2323","PSt7-10","170328-019","7/29/2022 11:23:46 AM","0000-00","0","no battery","V","","µV","","µV"
"08/09/2022","10:13:05","6","default","383292078","Oxt_06","11.046","min","92.594","%a.s.","Humid","21.239","deg","41890","µV","27.983","°C","1017.000","hPa","36.4","pmil","0","55.390","deg","20.000","°C","100.000","%a.s.","21.720","deg","20.000","°C","977.000","hPa","0.861","-0.02617","0.00035","0","0","13.56","Humid","26.25","0","44.00","378739.66","SABD0000000001","AAV1.0.0.11","4.0.0.2323","PSt7-10","170328-019","7/29/2022 11:23:46 AM","0000-00","0","no battery","V","","µV","","µV"
"08/09/2022","10:13:06","6","default","383292078","Oxt_06","11.062","min","92.544","%a.s.","Humid","21.243","deg","41888","µV","28.003","°C","1017.000","hPa","36.4","pmil","0","55.390","deg","20.000","°C","100.000","%a.s.","21.720","deg","20.000","°C","977.000","hPa","0.861","-0.02617","0.00035","0","0","13.56","Humid","26.25","0","44.00","378735.71","SABD0000000001","AAV1.0.0.11","4.0.0.2323","PSt7-10","170328-019","7/29/2022 11:23:46 AM","0000-00","0","no battery","V","","µV","","µV"
"08/09/2022","10:13:07","6","default","383292078","Oxt_06","11.079","min","92.474","%a.s.","Humid","21.251","deg","41888","µV","28.007","°C","1017.000","hPa","36.4","pmil","0","55.390","deg","20.000","°C","100.000","%a.s.","21.720","deg","20.000","°C","977.000","hPa","0.861","-0.02617","0.00035","0","0","13.56","Humid","26.25","0","44.00","378746.48","SABD0000000001","AAV1.0.0.11","4.0.0.2323","PSt7-10","170328-019","7/29/2022 11:23:46 AM","0000-00","0","no battery","V","","µV","","µV"
"08/09/2022","10:13:08","6","default","383292078","Oxt_06","11.096","min","92.629","%a.s.","Humid","21.244","deg","41886","µV","28.000","°C","1016.000","hPa","36.4","pmil","0","55.390","deg","20.000","°C","100.000","%a.s.","21.720","deg","20.000","°C","977.000","hPa","0.861","-0.02617","0.00035","0","0","13.56","Humid","26.25","0","44.00","378735.59","SABD0000000001","AAV1.0.0.11","4.0.0.2323","PSt7-10","170328-019","7/29/2022 11:23:46 AM","0000-00","0","no battery","V","","µV","","µV"
"08/09/2022","10:13:09","6","default","383292078","Oxt_06","11.112","min","92.578","%a.s.","Humid","21.239","deg","41879","µV","28.001","°C","1017.000","hPa","36.4","pmil","0","55.390","deg","20.000","°C","100.000","%a.s.","21.720","deg","20.000","°C","977.000","hPa","0.861","-0.02617","0.00035","0","0","13.56","Humid","26.25","0","44.00","378740.37","SABD0000000001","AAV1.0.0.11","4.0.0.2323","PSt7-10","170328-019","7/29/2022 11:23:46 AM","0000-00","0","no battery","V","","µV","","µV"
"08/09/2022","10:13:10","6","default","383292078","Oxt_06","11.129","min","92.574","%a.s.","Humid","21.239","deg","41884","µV","28.005","°C","1017.000","hPa","36.4","pmil","0","55.390","deg","20.000","°C","100.000","%a.s.","21.720","deg","20.000","°C","977.000","hPa","0.861","-0.02617","0.00035","0","0","13.56","Humid","26.25","0","44.00","378731.70","SABD0000000001","AAV1.0.0.11","4.0.0.2323","PSt7-10","170328-019","7/29/2022 11:23:46 AM","0000-00","0","no battery","V","","µV","","µV"
"08/09/2022","10:13:11","6","default","383292078","Oxt_06","11.146","min","92.517","%a.s.","Humid","21.246","deg","41874","µV","28.005","°C","1017.000","hPa","36.4","pmil","0","55.390","deg","20.000","°C","100.000","%a.s.","21.720","deg","20.000","°C","977.000","hPa","0.861","-0.02617","0.00035","0","0","13.56","Humid","26.25","0","44.00","378724.10","SABD0000000001","AAV1.0.0.11","4.0.0.2323","PSt7-10","170328-019","7/29/2022 11:23:46 AM","0000-00","0","no battery","V","","µV","","µV"
"08/09/2022","10:13:12","6","default","383292078","Oxt_06","11.162","min","92.557","%a.s.","Humid","21.241","deg","41880","µV","28.006","°C","1017.000","hPa","36.4","pmil","0","55.390","deg","20.000","°C","100.000","%a.s.","21.720","deg","20.000","°C","977.000","hPa","0.861","-0.02617","0.00035","0","0","13.56","Humid","26.25","0","44.00","378738.61","SABD0000000001","AAV1.0.0.11","4.0.0.2323","PSt7-10","170328-019","7/29/2022 11:23:46 AM","0000-00","0","no battery","V","","µV","","µV"
"08/09/2022","10:13:13","6","default","383292078","Oxt_06","11.179","min","92.518","%a.s.","Humid","21.248","deg","41873","µV","27.986","°C","1017.000","hPa","36.4","pmil","0","55.390","deg","20.000","°C","100.000","%a.s.","21.720","deg","20.000","°C","977.000","hPa","0.861","-0.02617","0.00035","0","0","13.56","Humid","26.25","0","44.00","378729.23","SABD0000000001","AAV1.0.0.11","4.0.0.2323","PSt7-10","170328-019","7/29/2022 11:23:46 AM","0000-00","0","no battery","V","","µV","","µV"
"08/09/2022","10:13:14","6","default","383292078","Oxt_06","11.196","min","92.573","%a.s.","Humid","21.240","deg","41873","µV","27.998","°C","1017.000","hPa","36.4","pmil","0","55.390","deg","20.000","°C","100.000","%a.s.","21.720","deg","20.000","°C","977.000","hPa","0.861","-0.02617","0.00035","0","0","13.56","Humid","26.25","0","44.00","378722.59","SABD0000000001","AAV1.0.0.11","4.0.0.2323","PSt7-10","170328-019","7/29/2022 11:23:46 AM","0000-00","0","no battery","V","","µV","","µV"
"08/09/2022","10:13:15","6","default","383292078","Oxt_06","11.212","min","92.546","%a.s.","Humid","21.243","deg","41879","µV","28.000","°C","1017.000","hPa","36.4","pmil","0","55.390","deg","20.000","°C","100.000","%a.s.","21.720","deg","20.000","°C","977.000","hPa","0.861","-0.02617","0.00035","0","0","13.56","Humid","26.25","0","44.00","378731.67","SABD0000000001","AAV1.0.0.11","4.0.0.2323","PSt7-10","170328-019","7/29/2022 11:23:46 AM","0000-00","0","no battery","V","","µV","","µV"
"08/09/2022","10:13:16","6","default","383292078","Oxt_06","11.229","min","92.579","%a.s.","Humid","21.239","deg","41874","µV","27.999","°C","1017.000","hPa","36.4","pmil","0","55.390","deg","20.000","°C","100.000","%a.s.","21.720","deg","20.000","°C","977.000","hPa","0.861","-0.02617","0.00035","0","0","13.56","Humid","26.25","0","44.00","378732.46","SABD0000000001","AAV1.0.0.11","4.0.0.2323","PSt7-10","170328-019","7/29/2022 11:23:46 AM","0000-00","0","no battery","V","","µV","","µV"
"08/09/2022","10:13:17","6","default","383292078","Oxt_06","11.246","min","92.586","%a.s.","Humid","21.238","deg","41874","µV","28.001","°C","1017.000","hPa","36.4","pmil","0","55.390","deg","20.000","°C","100.000","%a.s.","21.720","deg","20.000","°C","977.000","hPa","0.861","-0.02617","0.00035","0","0","13.56","Humid","26.25","0","44.00","378719.98","SABD0000000001","AAV1.0.0.11","4.0.0.2323","PSt7-10","170328-019","7/29/2022 11:23:46 AM","0000-00","0","no battery","V","","µV","","µV"
"08/09/2022","10:13:18","6","default","383292078","Oxt_06","11.262","min","92.593","%a.s.","Humid","21.238","deg","41869","µV","27.993","°C","1017.000","hPa","36.4","pmil","0","55.390","deg","20.000","°C","100.000","%a.s.","21.720","deg","20.000","°C","977.000","hPa","0.861","-0.02617","0.00035","0","0","13.56","Humid","26.25","0","44.00","378734.46","SABD0000000001","AAV1.0.0.11","4.0.0.2323","PSt7-10","170328-019","7/29/2022 11:23:46 AM","0000-00","0","no battery","V","","µV","","µV"
"08/09/2022","10:13:19","6","default","383292078","Oxt_06","11.279","min","92.603","%a.s.","Humid","21.236","deg","41870","µV","28.000","°C","1017.000","hPa","36.4","pmil","0","55.390","deg","20.000","°C","100.000","%a.s.","21.720","deg","20.000","°C","977.000","hPa","0.861","-0.02617","0.00035","0","0","13.56","Humid","26.25","0","44.00","378737.11","SABD0000000001","AAV1.0.0.11","4.0.0.2323","PSt7-10","170328-019","7/29/2022 11:23:46 AM","0000-00","0","no battery","V","","µV","","µV"
"08/09/2022","10:13:20","6","default","383292078","Oxt_06","11.296","min","92.588","%a.s.","Humid","21.238","deg","41862","µV","27.999","°C","1017.000","hPa","36.4","pmil","0","55.390","deg","20.000","°C","100.000","%a.s.","21.720","deg","20.000","°C","977.000","hPa","0.861","-0.02617","0.00035","0","0","13.56","Humid","26.25","0","44.00","378720.47","SABD0000000001","AAV1.0.0.11","4.0.0.2323","PSt7-10","170328-019","7/29/2022 11:23:46 AM","0000-00","0","no battery","V","","µV","","µV"
"08/09/2022","10:13:21","6","default","383292078","Oxt_06","11.312","min","92.715","%a.s.","Humid","21.234","deg","41868","µV","27.996","°C","1016.000","hPa","36.4","pmil","0","55.390","deg","20.000","°C","100.000","%a.s.","21.720","deg","20.000","°C","977.000","hPa","0.861","-0.02617","0.00035","0","0","13.56","Humid","26.25","0","44.00","378723.72","SABD0000000001","AAV1.0.0.11","4.0.0.2323","PSt7-10","170328-019","7/29/2022 11:23:46 AM","0000-00","0","no battery","V","","µV","","µV"
"08/09/2022","10:13:22","6","default","383292078","Oxt_06","11.329","min","92.624","%a.s.","Humid","21.234","deg","41856","µV","27.995","°C","1017.000","hPa","36.4","pmil","0","55.390","deg","20.000","°C","100.000","%a.s.","21.720","deg","20.000","°C","977.000","hPa","0.861","-0.02617","0.00035","0","0","13.56","Humid","26.25","0","44.00","378733.08","SABD0000000001","AAV1.0.0.11","4.0.0.2323","PSt7-10","170328-019","7/29/2022 11:23:46 AM","0000-00","0","no battery","V","","µV","","µV"
"08/09/2022","10:13:23","6","default","383292078","Oxt_06","11.346","min","92.642","%a.s.","Humid","21.233","deg","41867","µV","27.984","°C","1017.000","hPa","36.4","pmil","0","55.390","deg","20.000","°C","100.000","%a.s.","21.720","deg","20.000","°C","977.000","hPa","0.861","-0.02617","0.00035","0","0","13.56","Humid","26.25","0","44.00","378727.26","SABD0000000001","AAV1.0.0.11","4.0.0.2323","PSt7-10","170328-019","7/29/2022 11:23:46 AM","0000-00","0","no battery","V","","µV","","µV"
"08/09/2022","10:13:24","6","default","383292078","Oxt_06","11.363","min","92.501","%a.s.","Humid","21.248","deg","41859","µV","28.005","°C","1017.000","hPa","36.4","pmil","0","55.390","deg","20.000","°C","100.000","%a.s.","21.720","deg","20.000","°C","977.000","hPa","0.861","-0.02617","0.00035","0","0","13.56","Humid","26.25","0","44.00","378714.83","SABD0000000001","AAV1.0.0.11","4.0.0.2323","PSt7-10","170328-019","7/29/2022 11:23:46 AM","0000-00","0","no battery","V","","µV","","µV"
"08/09/2022","10:13:25","6","default","383292078","Oxt_06","11.379","min","92.570","%a.s.","Humid","21.238","deg","41857","µV","28.018","°C","1017.000","hPa","36.4","pmil","0","55.390","deg","20.000","°C","100.000","%a.s.","21.720","deg","20.000","°C","977.000","hPa","0.861","-0.02617","0.00035","0","0","13.56","Humid","26.25","0","44.00","378723.95","SABD0000000001","AAV1.0.0.11","4.0.0.2323","PSt7-10","170328-019","7/29/2022 11:23:46 AM","0000-00","0","no battery","V","","µV","","µV"
"08/09/2022","10:13:26","6","default","383292078","Oxt_06","11.396","min","92.639","%a.s.","Humid","21.231","deg","41858","µV","28.005","°C","1017.000","hPa","36.4","pmil","0","55.390","deg","20.000","°C","100.000","%a.s.","21.720","deg","20.000","°C","977.000","hPa","0.861","-0.02617","0.00035","0","0","13.56","Humid","26.25","0","44.00","378719.99","SABD0000000001","AAV1.0.0.11","4.0.0.2323","PSt7-10","170328-019","7/29/2022 11:23:46 AM","0000-00","0","no battery","V","","µV","","µV"
"08/09/2022","10:13:27","6","default","383292078","Oxt_06","11.413","min","92.614","%a.s.","Humid","21.235","deg","41859","µV","27.997","°C","1017.000","hPa","36.4","pmil","0","55.390","deg","20.000","°C","100.000","%a.s.","21.720","deg","20.000","°C","977.000","hPa","0.861","-0.02617","0.00035","0","0","13.56","Humid","26.25","0","44.00","378711.69","SABD0000000001","AAV1.0.0.11","4.0.0.2323","PSt7-10","170328-019","7/29/2022 11:23:46 AM","0000-00","0","no battery","V","","µV","","µV"
"08/09/2022","10:13:28","6","default","383292078","Oxt_06","11.429","min","92.672","%a.s.","Humid","21.228","deg","41853","µV","27.996","°C","1017.000","hPa","36.4","pmil","0","55.390","deg","20.000","°C","100.000","%a.s.","21.720","deg","20.000","°C","977.000","hPa","0.861","-0.02617","0.00035","0","0","13.56","Humid","26.25","0","44.00","378711.81","SABD0000000001","AAV1.0.0.11","4.0.0.2323","PSt7-10","170328-019","7/29/2022 11:23:46 AM","0000-00","0","no battery","V","","µV","","µV"
"08/09/2022","10:13:29","6","default","383292078","Oxt_06","11.446","min","92.661","%a.s.","Humid","21.229","deg","41851","µV","28.000","°C","1017.000","hPa","36.4","pmil","0","55.390","deg","20.000","°C","100.000","%a.s.","21.720","deg","20.000","°C","977.000","hPa","0.861","-0.02617","0.00035","0","0","13.56","Humid","26.25","0","44.00","378714.30","SABD0000000001","AAV1.0.0.11","4.0.0.2323","PSt7-10","170328-019","7/29/2022 11:23:46 AM","0000-00","0","no battery","V","","µV","","µV"
"08/09/2022","10:13:30","6","default","383292078","Oxt_06","11.463","min","92.640","%a.s.","Humid","21.232","deg","41849","µV","27.995","°C","1017.000","hPa","36.4","pmil","0","55.390","deg","20.000","°C","100.000","%a.s.","21.720","deg","20.000","°C","977.000","hPa","0.861","-0.02617","0.00035","0","0","13.56","Humid","26.25","0","44.00","378709.83","SABD0000000001","AAV1.0.0.11","4.0.0.2323","PSt7-10","170328-019","7/29/2022 11:23:46 AM","0000-00","0","no battery","V","","µV","","µV"
"08/09/2022","10:13:31","6","default","383292078","Oxt_06","11.479","min","92.766","%a.s.","Humid","21.217","deg","41844","µV","27.992","°C","1017.000","hPa","36.4","pmil","0","55.390","deg","20.000","°C","100.000","%a.s.","21.720","deg","20.000","°C","977.000","hPa","0.861","-0.02617","0.00035","0","0","13.56","Humid","26.25","0","44.00","378706.77","SABD0000000001","AAV1.0.0.11","4.0.0.2323","PSt7-10","170328-019","7/29/2022 11:23:46 AM","0000-00","0","no battery","V","","µV","","µV"
"08/09/2022","10:13:32","6","default","383292078","Oxt_06","11.496","min","92.685","%a.s.","Humid","21.228","deg","41846","µV","27.982","°C","1017.000","hPa","36.4","pmil","0","55.390","deg","20.000","°C","100.000","%a.s.","21.720","deg","20.000","°C","977.000","hPa","0.861","-0.02617","0.00035","0","0","13.56","Humid","26.25","0","44.00","378711.04","SABD0000000001","AAV1.0.0.11","4.0.0.2323","PSt7-10","170328-019","7/29/2022 11:23:46 AM","0000-00","0","no battery","V","","µV","","µV"
"08/09/2022","10:13:33","6","default","383292078","Oxt_06","11.513","min","92.685","%a.s.","Humid","21.228","deg","41844","µV","27.982","°C","1017.000","hPa","36.4","pmil","0","55.390","deg","20.000","°C","100.000","%a.s.","21.720","deg","20.000","°C","977.000","hPa","0.861","-0.02617","0.00035","0","0","13.56","Humid","26.25","0","44.00","378719.48","SABD0000000001","AAV1.0.0.11","4.0.0.2323","PSt7-10","170328-019","7/29/2022 11:23:46 AM","0000-00","0","no battery","V","","µV","","µV"
"08/09/2022","10:13:34","6","default","383292078","Oxt_06","11.529","min","92.746","%a.s.","Humid","21.218","deg","41843","µV","28.005","°C","1017.000","hPa","36.4","pmil","0","55.390","deg","20.000","°C","100.000","%a.s.","21.720","deg","20.000","°C","977.000","hPa","0.861","-0.02617","0.00035","0","0","13.56","Humid","26.25","0","44.00","378708.26","SABD0000000001","AAV1.0.0.11","4.0.0.2323","PSt7-10","170328-019","7/29/2022 11:23:46 AM","0000-00","0","no battery","V","","µV","","µV"
"08/09/2022","10:13:35","6","default","383292078","Oxt_06","11.546","min","92.692","%a.s.","Humid","21.225","deg","41843","µV","28.001","°C","1017.000","hPa","36.4","pmil","0","55.390","deg","20.000","°C","100.000","%a.s.","21.720","deg","20.000","°C","977.000","hPa","0.861","-0.02617","0.00035","0","0","13.56","Humid","26.25","0","44.00","378710.17","SABD0000000001","AAV1.0.0.11","4.0.0.2323","PSt7-10","170328-019","7/29/2022 11:23:46 AM","0000-00","0","no battery","V","","µV","","µV"
"08/09/2022","10:13:36","6","default","383292078","Oxt_06","11.563","min","92.605","%a.s.","Humid","21.236","deg","41849","µV","27.998","°C","1017.000","hPa","36.4","pmil","0","55.390","deg","20.000","°C","100.000","%a.s.","21.720","deg","20.000","°C","977.000","hPa","0.861","-0.02617","0.00035","0","0","13.56","Humid","26.25","0","44.00","378697.70","SABD0000000001","AAV1.0.0.11","4.0.0.2323","PSt7-10","170328-019","7/29/2022 11:23:46 AM","0000-00","0","no battery","V","","µV","","µV"
"08/09/2022","10:13:37","6","default","383292078","Oxt_06","11.579","min","92.652","%a.s.","Humid","21.231","deg","41841","µV","27.991","°C","1017.000","hPa","36.4","pmil","0","55.390","deg","20.000","°C","100.000","%a.s.","21.720","deg","20.000","°C","977.000","hPa","0.861","-0.02617","0.00035","0","0","13.56","Humid","26.25","0","44.00","378698.70","SABD0000000001","AAV1.0.0.11","4.0.0.2323","PSt7-10","170328-019","7/29/2022 11:23:46 AM","0000-00","0","no battery","V","","µV","","µV"
"08/09/2022","10:13:38","6","default","383292078","Oxt_06","11.596","min","92.658","%a.s.","Humid","21.231","deg","41844","µV","27.984","°C","1017.000","hPa","36.4","pmil","0","55.390","deg","20.000","°C","100.000","%a.s.","21.720","deg","20.000","°C","977.000","hPa","0.861","-0.02617","0.00035","0","0","13.56","Humid","26.25","0","44.00","378703.17","SABD0000000001","AAV1.0.0.11","4.0.0.2323","PSt7-10","170328-019","7/29/2022 11:23:46 AM","0000-00","0","no battery","V","","µV","","µV"
"08/09/2022","10:13:39","6","default","383292078","Oxt_06","11.613","min","92.686","%a.s.","Humid","21.227","deg","41841","µV","27.990","°C","1017.000","hPa","36.4","pmil","0","55.390","deg","20.000","°C","100.000","%a.s.","21.720","deg","20.000","°C","977.000","hPa","0.861","-0.02617","0.00035","0","0","13.56","Humid","26.25","0","44.00","378704.09","SABD0000000001","AAV1.0.0.11","4.0.0.2323","PSt7-10","170328-019","7/29/2022 11:23:46 AM","0000-00","0","no battery","V","","µV","","µV"
"08/09/2022","10:13:40","6","default","383292078","Oxt_06","11.629","min","92.685","%a.s.","Humid","21.226","deg","41830","µV","28.000","°C","1017.000","hPa","36.4","pmil","0","55.390","deg","20.000","°C","100.000","%a.s.","21.720","deg","20.000","°C","977.000","hPa","0.861","-0.02617","0.00035","0","0","13.56","Humid","26.25","0","44.00","378692.03","SABD0000000001","AAV1.0.0.11","4.0.0.2323","PSt7-10","170328-019","7/29/2022 11:23:46 AM","0000-00","0","no battery","V","","µV","","µV"
"08/09/2022","10:13:41","6","default","383292078","Oxt_06","11.646","min","92.677","%a.s.","Humid","21.228","deg","41832","µV","27.990","°C","1017.000","hPa","36.4","pmil","0","55.390","deg","20.000","°C","100.000","%a.s.","21.720","deg","20.000","°C","977.000","hPa","0.861","-0.02617","0.00035","0","0","13.56","Humid","26.25","0","44.00","378709.26","SABD0000000001","AAV1.0.0.11","4.0.0.2323","PSt7-10","170328-019","7/29/2022 11:23:46 AM","0000-00","0","no battery","V","","µV","","µV"
"08/09/2022","10:13:42","6","default","383292078","Oxt_06","11.663","min","92.740","%a.s.","Humid","21.220","deg","41834","µV","27.994","°C","1017.000","hPa","36.4","pmil","0","55.390","deg","20.000","°C","100.000","%a.s.","21.720","deg","20.000","°C","977.000","hPa","0.861","-0.02617","0.00035","0","0","13.56","Humid","26.25","0","44.00","378696.41","SABD0000000001","AAV1.0.0.11","4.0.0.2323","PSt7-10","170328-019","7/29/2022 11:23:46 AM","0000-00","0","no battery","V","","µV","","µV"
"08/09/2022","10:13:43","6","default","383292078","Oxt_06","11.679","min","92.739","%a.s.","Humid","21.219","deg","41838","µV","28.004","°C","1017.000","hPa","36.4","pmil","0","55.390","deg","20.000","°C","100.000","%a.s.","21.720","deg","20.000","°C","977.000","hPa","0.861","-0.02617","0.00035","0","0","13.56","Humid","26.25","0","44.00","378699.83","SABD0000000001","AAV1.0.0.11","4.0.0.2323","PSt7-10","170328-019","7/29/2022 11:23:46 AM","0000-00","0","no battery","V","","µV","","µV"
"08/09/2022","10:13:44","6","default","383292078","Oxt_06","11.696","min","92.645","%a.s.","Humid","21.230","deg","41834","µV","28.008","°C","1017.000","hPa","36.4","pmil","0","55.390","deg","20.000","°C","100.000","%a.s.","21.720","deg","20.000","°C","977.000","hPa","0.861","-0.02617","0.00035","0","0","13.56","Humid","26.25","0","44.00","378685.89","SABD0000000001","AAV1.0.0.11","4.0.0.2323","PSt7-10","170328-019","7/29/2022 11:23:46 AM","0000-00","0","no battery","V","","µV","","µV"
"08/09/2022","10:13:45","6","default","383292078","Oxt_06","11.713","min","92.752","%a.s.","Humid","21.218","deg","41831","µV","27.999","°C","1017.000","hPa","36.4","pmil","0","55.390","deg","20.000","°C","100.000","%a.s.","21.720","deg","20.000","°C","977.000","hPa","0.861","-0.02617","0.00035","0","0","13.56","Humid","26.25","0","44.00","378697.24","SABD0000000001","AAV1.0.0.11","4.0.0.2323","PSt7-10","170328-019","7/29/2022 11:23:46 AM","0000-00","0","no battery","V","","µV","","µV"
"08/09/2022","10:13:46","6","default","383292078","Oxt_06","11.729","min","92.654","%a.s.","Humid","21.230","deg","41828","µV","27.998","°C","1017.000","hPa","36.4","pmil","0","55.390","deg","20.000","°C","100.000","%a.s.","21.720","deg","20.000","°C","977.000","hPa","0.861","-0.02617","0.00035","0","0","13.56","Humid","26.25","0","44.00","378700.12","SABD0000000001","AAV1.0.0.11","4.0.0.2323","PSt7-10","170328-019","7/29/2022 11:23:46 AM","0000-00","0","no battery","V","","µV","","µV"
"08/09/2022","10:13:47","6","default","383292078","Oxt_06","11.746","min","92.776","%a.s.","Humid","21.215","deg","41827","µV","27.999","°C","1017.000","hPa","36.4","pmil","0","55.390","deg","20.000","°C","100.000","%a.s.","21.720","deg","20.000","°C","977.000","hPa","0.861","-0.02617","0.00035","0","0","13.56","Humid","26.25","0","44.00","378700.63","SABD0000000001","AAV1.0.0.11","4.0.0.2323","PSt7-10","170328-019","7/29/2022 11:23:46 AM","0000-00","0","no battery","V","","µV","","µV"
"08/09/2022","10:13:48","6","default","383292078","Oxt_06","11.762","min","92.731","%a.s.","Humid","21.221","deg","41834","µV","27.995","°C","1017.000","hPa","36.4","pmil","0","55.390","deg","20.000","°C","100.000","%a.s.","21.720","deg","20.000","°C","977.000","hPa","0.861","-0.02617","0.00035","0","0","13.56","Humid","26.25","0","44.00","378706.12","SABD0000000001","AAV1.0.0.11","4.0.0.2323","PSt7-10","170328-019","7/29/2022 11:23:46 AM","0000-00","0","no battery","V","","µV","","µV"
"08/09/2022","10:13:49","6","default","383292078","Oxt_06","11.779","min","92.721","%a.s.","Humid","21.221","deg","41825","µV","28.006","°C","1017.000","hPa","36.4","pmil","0","55.390","deg","20.000","°C","100.000","%a.s.","21.720","deg","20.000","°C","977.000","hPa","0.861","-0.02617","0.00035","0","0","13.56","Humid","26.25","0","44.00","378698.68","SABD0000000001","AAV1.0.0.11","4.0.0.2323","PSt7-10","170328-019","7/29/2022 11:23:46 AM","0000-00","0","no battery","V","","µV","","µV"
"08/09/2022","10:13:50","6","default","383292078","Oxt_06","11.796","min","92.720","%a.s.","Humid","21.221","deg","41833","µV","28.007","°C","1017.000","hPa","36.4","pmil","0","55.390","deg","20.000","°C","100.000","%a.s.","21.720","deg","20.000","°C","977.000","hPa","0.861","-0.02617","0.00035","0","0","13.56","Humid","26.25","0","44.00","378694.16","SABD0000000001","AAV1.0.0.11","4.0.0.2323","PSt7-10","170328-019","7/29/2022 11:23:46 AM","0000-00","0","no battery","V","","µV","","µV"
"08/09/2022","10:13:51","6","default","383292078","Oxt_06","11.812","min","92.719","%a.s.","Humid","21.223","deg","41825","µV","27.989","°C","1017.000","hPa","36.4","pmil","0","55.390","deg","20.000","°C","100.000","%a.s.","21.720","deg","20.000","°C","977.000","hPa","0.861","-0.02617","0.00035","0","0","13.56","Humid","26.25","0","44.00","378680.97","SABD0000000001","AAV1.0.0.11","4.0.0.2323","PSt7-10","170328-019","7/29/2022 11:23:46 AM","0000-00","0","no battery","V","","µV","","µV"
"08/09/2022","10:13:52","6","default","383292078","Oxt_06","11.829","min","92.744","%a.s.","Humid","21.219","deg","41825","µV","27.999","°C","1017.000","hPa","36.4","pmil","0","55.390","deg","20.000","°C","100.000","%a.s.","21.720","deg","20.000","°C","977.000","hPa","0.861","-0.02617","0.00035","0","0","13.56","Humid","26.25","0","44.00","378681.42","SABD0000000001","AAV1.0.0.11","4.0.0.2323","PSt7-10","170328-019","7/29/2022 11:23:46 AM","0000-00","0","no battery","V","","µV","","µV"
"08/09/2022","10:13:53","6","default","383292078","Oxt_06","11.846","min","92.695","%a.s.","Humid","21.226","deg","41819","µV","27.989","°C","1017.000","hPa","36.4","pmil","0","55.390","deg","20.000","°C","100.000","%a.s.","21.720","deg","20.000","°C","977.000","hPa","0.861","-0.02617","0.00035","0","0","13.56","Humid","26.25","0","44.00","378683.94","SABD0000000001","AAV1.0.0.11","4.0.0.2323","PSt7-10","170328-019","7/29/2022 11:23:46 AM","0000-00","0","no battery","V","","µV","","µV"
"08/09/2022","10:13:54","6","default","383292078","Oxt_06","11.862","min","92.739","%a.s.","Humid","21.219","deg","41820","µV","28.004","°C","1017.000","hPa","36.4","pmil","0","55.390","deg","20.000","°C","100.000","%a.s.","21.720","deg","20.000","°C","977.000","hPa","0.861","-0.02617","0.00035","0","0","13.56","Humid","26.25","0","44.00","378687.05","SABD0000000001","AAV1.0.0.11","4.0.0.2323","PSt7-10","170328-019","7/29/2022 11:23:46 AM","0000-00","0","no battery","V","","µV","","µV"
"08/09/2022","10:13:55","6","default","383292078","Oxt_06","11.879","min","92.828","%a.s.","Humid","21.220","deg","41814","µV","27.997","°C","1016.000","hPa","36.4","pmil","0","55.390","deg","20.000","°C","100.000","%a.s.","21.720","deg","20.000","°C","977.000","hPa","0.861","-0.02617","0.00035","0","0","13.56","Humid","26.25","0","44.00","378688.05","SABD0000000001","AAV1.0.0.11","4.0.0.2323","PSt7-10","170328-019","7/29/2022 11:23:46 AM","0000-00","0","no battery","V","","µV","","µV"
"08/09/2022","10:13:56","6","default","383292078","Oxt_06","11.895","min","92.743","%a.s.","Humid","21.218","deg","41815","µV","28.009","°C","1017.000","hPa","36.4","pmil","0","55.390","deg","20.000","°C","100.000","%a.s.","21.720","deg","20.000","°C","977.000","hPa","0.861","-0.02617","0.00035","0","0","13.56","Humid","26.25","0","44.00","378682.47","SABD0000000001","AAV1.0.0.11","4.0.0.2323","PSt7-10","170328-019","7/29/2022 11:23:46 AM","0000-00","0","no battery","V","","µV","","µV"
"08/09/2022","10:13:57","6","default","383292078","Oxt_06","11.912","min","92.751","%a.s.","Humid","21.217","deg","41816","µV","28.009","°C","1017.000","hPa","36.4","pmil","0","55.390","deg","20.000","°C","100.000","%a.s.","21.720","deg","20.000","°C","977.000","hPa","0.861","-0.02617","0.00035","0","0","13.56","Humid","26.25","0","44.00","378672.34","SABD0000000001","AAV1.0.0.11","4.0.0.2323","PSt7-10","170328-019","7/29/2022 11:23:46 AM","0000-00","0","no battery","V","","µV","","µV"
"08/09/2022","10:13:58","6","default","383292078","Oxt_06","11.929","min","92.742","%a.s.","Humid","21.218","deg","41812","µV","28.010","°C","1017.000","hPa","36.4","pmil","0","55.390","deg","20.000","°C","100.000","%a.s.","21.720","deg","20.000","°C","977.000","hPa","0.861","-0.02617","0.00035","0","0","13.56","Humid","26.25","0","44.00","378672.13","SABD0000000001","AAV1.0.0.11","4.0.0.2323","PSt7-10","170328-019","7/29/2022 11:23:46 AM","0000-00","0","no battery","V","","µV","","µV"
"08/09/2022","10:13:59","6","default","383292078","Oxt_06","11.945","min","92.847","%a.s.","Humid","21.218","deg","41808","µV","27.994","°C","1016.000","hPa","36.4","pmil","0","55.390","deg","20.000","°C","100.000","%a.s.","21.720","deg","20.000","°C","977.000","hPa","0.861","-0.02617","0.00035","0","0","13.56","Humid","26.25","0","44.00","378671.06","SABD0000000001","AAV1.0.0.11","4.0.0.2323","PSt7-10","170328-019","7/29/2022 11:23:46 AM","0000-00","0","no battery","V","","µV","","µV"
"08/09/2022","10:14:00","6","default","383292078","Oxt_06","11.962","min","92.779","%a.s.","Humid","21.217","deg","41809","µV","27.977","°C","1017.000","hPa","36.4","pmil","0","55.390","deg","20.000","°C","100.000","%a.s.","21.720","deg","20.000","°C","977.000","hPa","0.861","-0.02617","0.00035","0","0","13.56","Humid","26.25","0","44.00","378680.48","SABD0000000001","AAV1.0.0.11","4.0.0.2323","PSt7-10","170328-019","7/29/2022 11:23:46 AM","0000-00","0","no battery","V","","µV","","µV"
"08/09/2022","10:14:01","6","default","383292078","Oxt_06","11.979","min","92.842","%a.s.","Humid","21.210","deg","41802","µV","27.971","°C","1017.000","hPa","36.4","pmil","0","55.390","deg","20.000","°C","100.000","%a.s.","21.720","deg","20.000","°C","977.000","hPa","0.861","-0.02617","0.00035","0","0","13.56","Humid","26.25","0","44.00","378665.25","SABD0000000001","AAV1.0.0.11","4.0.0.2323","PSt7-10","170328-019","7/29/2022 11:23:46 AM","0000-00","0","no battery","V","","µV","","µV"
"08/09/2022","10:14:02","6","default","383292078","Oxt_06","11.995","min","92.833","%a.s.","Humid","21.208","deg","41803","µV","28.000","°C","1017.000","hPa","36.4","pmil","0","55.390","deg","20.000","°C","100.000","%a.s.","21.720","deg","20.000","°C","977.000","hPa","0.861","-0.02617","0.00035","0","0","13.56","Humid","26.25","0","44.00","378674.83","SABD0000000001","AAV1.0.0.11","4.0.0.2323","PSt7-10","170328-019","7/29/2022 11:23:46 AM","0000-00","0","no battery","V","","µV","","µV"
"08/09/2022","10:14:03","6","default","383292078","Oxt_06","12.012","min","92.729","%a.s.","Humid","21.220","deg","41805","µV","28.006","°C","1017.000","hPa","36.4","pmil","0","55.390","deg","20.000","°C","100.000","%a.s.","21.720","deg","20.000","°C","977.000","hPa","0.861","-0.02617","0.00035","0","0","13.56","Humid","26.25","0","44.00","378651.75","SABD0000000001","AAV1.0.0.11","4.0.0.2323","PSt7-10","170328-019","7/29/2022 11:23:46 AM","0000-00","0","no battery","V","","µV","","µV"
"08/09/2022","10:14:04","6","default","383292078","Oxt_06","12.029","min","92.812","%a.s.","Humid","21.210","deg","41802","µV","28.004","°C","1017.000","hPa","36.4","pmil","0","55.390","deg","20.000","°C","100.000","%a.s.","21.720","deg","20.000","°C","977.000","hPa","0.861","-0.02617","0.00035","0","0","13.56","Humid","26.25","0","44.00","378666.45","SABD0000000001","AAV1.0.0.11","4.0.0.2323","PSt7-10","170328-019","7/29/2022 11:23:46 AM","0000-00","0","no battery","V","","µV","","µV"
"08/09/2022","10:14:05","6","default","383292078","Oxt_06","12.045","min","92.860","%a.s.","Humid","21.216","deg","41798","µV","27.998","°C","1016.000","hPa","36.4","pmil","0","55.390","deg","20.000","°C","100.000","%a.s.","21.720","deg","20.000","°C","977.000","hPa","0.861","-0.02617","0.00035","0","0","13.56","Humid","26.25","0","44.00","378657.33","SABD0000000001","AAV1.0.0.11","4.0.0.2323","PSt7-10","170328-019","7/29/2022 11:23:46 AM","0000-00","0","no battery","V","","µV","","µV"
"08/09/2022","10:14:06","6","default","383292078","Oxt_06","12.062","min","92.893","%a.s.","Humid","21.212","deg","41797","µV","27.998","°C","1016.000","hPa","36.4","pmil","0","55.390","deg","20.000","°C","100.000","%a.s.","21.720","deg","20.000","°C","977.000","hPa","0.861","-0.02617","0.00035","0","0","13.56","Humid","26.25","0","44.00","378663.46","SABD0000000001","AAV1.0.0.11","4.0.0.2323","PSt7-10","170328-019","7/29/2022 11:23:46 AM","0000-00","0","no battery","V","","µV","","µV"
"08/09/2022","10:14:07","6","default","383292078","Oxt_06","12.079","min","92.769","%a.s.","Humid","21.216","deg","41804","µV","27.997","°C","1017.000","hPa","36.4","pmil","0","55.390","deg","20.000","°C","100.000","%a.s.","21.720","deg","20.000","°C","977.000","hPa","0.861","-0.02617","0.00035","0","0","13.56","Humid","26.25","0","44.00","378665.91","SABD0000000001","AAV1.0.0.11","4.0.0.2323","PSt7-10","170328-019","7/29/2022 11:23:46 AM","0000-00","0","no battery","V","","µV","","µV"
"08/09/2022","10:14:08","6","default","383292078","Oxt_06","12.095","min","92.826","%a.s.","Humid","21.208","deg","41800","µV","28.008","°C","1017.000","hPa","36.4","pmil","0","55.390","deg","20.000","°C","100.000","%a.s.","21.720","deg","20.000","°C","977.000","hPa","0.861","-0.02617","0.00035","0","0","13.56","Humid","26.25","0","44.00","378649.08","SABD0000000001","AAV1.0.0.11","4.0.0.2323","PSt7-10","170328-019","7/29/2022 11:23:46 AM","0000-00","0","no battery","V","","µV","","µV"
"08/09/2022","10:14:09","6","default","383292078","Oxt_06","12.112","min","92.775","%a.s.","Humid","21.215","deg","41800","µV","28.000","°C","1017.000","hPa","36.4","pmil","0","55.390","deg","20.000","°C","100.000","%a.s.","21.720","deg","20.000","°C","977.000","hPa","0.861","-0.02617","0.00035","0","0","13.56","Humid","26.25","0","44.00","378654.22","SABD0000000001","AAV1.0.0.11","4.0.0.2323","PSt7-10","170328-019","7/29/2022 11:23:46 AM","0000-00","0","no battery","V","","µV","","µV"
"08/09/2022","10:14:10","6","default","383292078","Oxt_06","12.129","min","92.807","%a.s.","Humid","21.211","deg","41793","µV","28.001","°C","1017.000","hPa","36.4","pmil","0","55.390","deg","20.000","°C","100.000","%a.s.","21.720","deg","20.000","°C","977.000","hPa","0.861","-0.02617","0.00035","0","0","13.56","Humid","26.25","0","44.00","378661.62","SABD0000000001","AAV1.0.0.11","4.0.0.2323","PSt7-10","170328-019","7/29/2022 11:23:46 AM","0000-00","0","no battery","V","","µV","","µV"
"08/09/2022","10:14:11","6","default","383292078","Oxt_06","12.145","min","92.877","%a.s.","Humid","21.213","deg","41795","µV","28.007","°C","1016.000","hPa","36.4","pmil","0","55.390","deg","20.000","°C","100.000","%a.s.","21.720","deg","20.000","°C","977.000","hPa","0.861","-0.02617","0.00035","0","0","13.56","Humid","26.25","0","44.00","378658.69","SABD0000000001","AAV1.0.0.11","4.0.0.2323","PSt7-10","170328-019","7/29/2022 11:23:46 AM","0000-00","0","no battery","V","","µV","","µV"
"08/09/2022","10:14:12","6","default","383292078","Oxt_06","12.162","min","92.861","%a.s.","Humid","21.203","deg","41796","µV","28.014","°C","1017.000","hPa","36.4","pmil","0","55.390","deg","20.000","°C","100.000","%a.s.","21.720","deg","20.000","°C","977.000","hPa","0.861","-0.02617","0.00035","0","0","13.56","Humid","26.25","0","44.00","378665.34","SABD0000000001","AAV1.0.0.11","4.0.0.2323","PSt7-10","170328-019","7/29/2022 11:23:46 AM","0000-00","0","no battery","V","","µV","","µV"
"08/09/2022","10:14:13","6","default","383292078","Oxt_06","12.179","min","92.725","%a.s.","Humid","21.222","deg","41791","µV","27.991","°C","1017.000","hPa","36.4","pmil","0","55.390","deg","20.000","°C","100.000","%a.s.","21.720","deg","20.000","°C","977.000","hPa","0.861","-0.02617","0.00035","0","0","13.56","Humid","26.25","0","44.00","378664.20","SABD0000000001","AAV1.0.0.11","4.0.0.2323","PSt7-10","170328-019","7/29/2022 11:23:46 AM","0000-00","0","no battery","V","","µV","","µV"
"08/09/2022","10:14:14","6","default","383292078","Oxt_06","12.195","min","92.867","%a.s.","Humid","21.205","deg","41787","µV","27.990","°C","1017.000","hPa","36.4","pmil","0","55.390","deg","20.000","°C","100.000","%a.s.","21.720","deg","20.000","°C","977.000","hPa","0.861","-0.02617","0.00035","0","0","13.56","Humid","26.25","0","44.00","378637.35","SABD0000000001","AAV1.0.0.11","4.0.0.2323","PSt7-10","170328-019","7/29/2022 11:23:46 AM","0000-00","0","no battery","V","","µV","","µV"
"08/09/2022","10:14:15","6","default","383292078","Oxt_06","12.212","min","92.801","%a.s.","Humid","21.212","deg","41791","µV","27.999","°C","1017.000","hPa","36.4","pmil","0","55.390","deg","20.000","°C","100.000","%a.s.","21.720","deg","20.000","°C","977.000","hPa","0.861","-0.02617","0.00035","0","0","13.56","Humid","26.25","0","44.00","378652.15","SABD0000000001","AAV1.0.0.11","4.0.0.2323","PSt7-10","170328-019","7/29/2022 11:23:46 AM","0000-00","0","no battery","V","","µV","","µV"
"08/09/2022","10:14:16","6","default","383292078","Oxt_06","12.229","min","92.869","%a.s.","Humid","21.215","deg","41790","µV","27.997","°C","1016.000","hPa","36.4","pmil","0","55.390","deg","20.000","°C","100.000","%a.s.","21.720","deg","20.000","°C","977.000","hPa","0.861","-0.02617","0.00035","0","0","13.56","Humid","26.25","0","44.00","378648.00","SABD0000000001","AAV1.0.0.11","4.0.0.2323","PSt7-10","170328-019","7/29/2022 11:23:46 AM","0000-00","0","no battery","V","","µV","","µV"
"08/09/2022","10:14:17","6","default","383292078","Oxt_06","12.245","min","92.858","%a.s.","Humid","21.205","deg","41788","µV","27.999","°C","1017.000","hPa","36.4","pmil","0","55.390","deg","20.000","°C","100.000","%a.s.","21.720","deg","20.000","°C","977.000","hPa","0.861","-0.02617","0.00035","0","0","13.56","Humid","26.25","0","44.00","378654.94","SABD0000000001","AAV1.0.0.11","4.0.0.2323","PSt7-10","170328-019","7/29/2022 11:23:46 AM","0000-00","0","no battery","V","","µV","","µV"
"08/09/2022","10:14:18","6","default","383292078","Oxt_06","12.262","min","92.827","%a.s.","Humid","21.209","deg","41786","µV","27.997","°C","1017.000","hPa","36.4","pmil","0","55.390","deg","20.000","°C","100.000","%a.s.","21.720","deg","20.000","°C","977.000","hPa","0.861","-0.02617","0.00035","0","0","13.56","Humid","26.25","0","44.00","378644.18","SABD0000000001","AAV1.0.0.11","4.0.0.2323","PSt7-10","170328-019","7/29/2022 11:23:46 AM","0000-00","0","no battery","V","","µV","","µV"
"08/09/2022","10:14:19","6","default","383292078","Oxt_06","12.279","min","92.819","%a.s.","Humid","21.210","deg","41782","µV","27.996","°C","1017.000","hPa","36.4","pmil","0","55.390","deg","20.000","°C","100.000","%a.s.","21.720","deg","20.000","°C","977.000","hPa","0.861","-0.02617","0.00035","0","0","13.56","Humid","26.25","0","44.00","378652.23","SABD0000000001","AAV1.0.0.11","4.0.0.2323","PSt7-10","170328-019","7/29/2022 11:23:46 AM","0000-00","0","no battery","V","","µV","","µV"
"08/09/2022","10:14:20","6","default","383292078","Oxt_06","12.295","min","92.989","%a.s.","Humid","21.202","deg","41780","µV","27.982","°C","1016.000","hPa","36.4","pmil","0","55.390","deg","20.000","°C","100.000","%a.s.","21.720","deg","20.000","°C","977.000","hPa","0.861","-0.02617","0.00035","0","0","13.56","Humid","26.25","0","44.00","378649.08","SABD0000000001","AAV1.0.0.11","4.0.0.2323","PSt7-10","170328-019","7/29/2022 11:23:46 AM","0000-00","0","no battery","V","","µV","","µV"
"08/09/2022","10:14:21","6","default","383292078","Oxt_06","12.312","min","92.912","%a.s.","Humid","21.209","deg","41781","µV","28.004","°C","1016.000","hPa","36.4","pmil","0","55.390","deg","20.000","°C","100.000","%a.s.","21.720","deg","20.000","°C","977.000","hPa","0.861","-0.02617","0.00035","0","0","13.56","Humid","26.25","0","44.00","378659.88","SABD0000000001","AAV1.0.0.11","4.0.0.2323","PSt7-10","170328-019","7/29/2022 11:23:46 AM","0000-00","0","no battery","V","","µV","","µV"
"08/09/2022","10:14:22","6","default","383292078","Oxt_06","12.329","min","92.810","%a.s.","Humid","21.210","deg","41779","µV","28.007","°C","1017.000","hPa","36.4","pmil","0","55.390","deg","20.000","°C","100.000","%a.s.","21.720","deg","20.000","°C","977.000","hPa","0.861","-0.02617","0.00035","0","0","13.56","Humid","26.25","0","44.00","378653.88","SABD0000000001","AAV1.0.0.11","4.0.0.2323","PSt7-10","170328-019","7/29/2022 11:23:46 AM","0000-00","0","no battery","V","","µV","","µV"
"08/09/2022","10:14:23","6","default","383292078","Oxt_06","12.345","min","92.940","%a.s.","Humid","21.206","deg","41778","µV","28.000","°C","1016.000","hPa","36.4","pmil","0","55.390","deg","20.000","°C","100.000","%a.s.","21.720","deg","20.000","°C","977.000","hPa","0.861","-0.02617","0.00035","0","0","13.56","Humid","26.25","0","44.00","378648.18","SABD0000000001","AAV1.0.0.11","4.0.0.2323","PSt7-10","170328-019","7/29/2022 11:23:46 AM","0000-00","0","no battery","V","","µV","","µV"
"08/09/2022","10:14:24","6","default","383292078","Oxt_06","12.362","min","92.850","%a.s.","Humid","21.206","deg","41778","µV","27.999","°C","1017.000","hPa","36.4","pmil","0","55.390","deg","20.000","°C","100.000","%a.s.","21.720","deg","20.000","°C","977.000","hPa","0.861","-0.02617","0.00035","0","0","13.56","Humid","26.25","0","44.00","378643.93","SABD0000000001","AAV1.0.0.11","4.0.0.2323","PSt7-10","170328-019","7/29/2022 11:23:46 AM","0000-00","0","no battery","V","","µV","","µV"
"08/09/2022","10:14:25","6","default","383292078","Oxt_06","12.379","min","92.982","%a.s.","Humid","21.202","deg","41775","µV","27.991","°C","1016.000","hPa","36.4","pmil","0","55.390","deg","20.000","°C","100.000","%a.s.","21.720","deg","20.000","°C","977.000","hPa","0.861","-0.02617","0.00035","0","0","13.56","Humid","26.25","0","44.00","378657.67","SABD0000000001","AAV1.0.0.11","4.0.0.2323","PSt7-10","170328-019","7/29/2022 11:23:46 AM","0000-00","0","no battery","V","","µV","","µV"
"08/09/2022","10:14:26","6","default","383292078","Oxt_06","12.395","min","92.889","%a.s.","Humid","21.201","deg","41771","µV","28.001","°C","1017.000","hPa","36.4","pmil","0","55.390","deg","20.000","°C","100.000","%a.s.","21.720","deg","20.000","°C","977.000","hPa","0.861","-0.02617","0.00035","0","0","13.56","Humid","26.25","0","44.00","378657.02","SABD0000000001","AAV1.0.0.11","4.0.0.2323","PSt7-10","170328-019","7/29/2022 11:23:46 AM","0000-00","0","no battery","V","","µV","","µV"
"08/09/2022","10:14:27","6","default","383292078","Oxt_06","12.412","min","92.828","%a.s.","Humid","21.208","deg","41773","µV","28.005","°C","1017.000","hPa","36.4","pmil","0","55.390","deg","20.000","°C","100.000","%a.s.","21.720","deg","20.000","°C","977.000","hPa","0.861","-0.02617","0.00035","0","0","13.56","Humid","26.25","0","44.00","378652.62","SABD0000000001","AAV1.0.0.11","4.0.0.2323","PSt7-10","170328-019","7/29/2022 11:23:46 AM","0000-00","0","no battery","V","","µV","","µV"
"08/09/2022","10:14:28","6","default","383292078","Oxt_06","12.429","min","92.829","%a.s.","Humid","21.208","deg","41772","µV","28.004","°C","1017.000","hPa","36.4","pmil","0","55.390","deg","20.000","°C","100.000","%a.s.","21.720","deg","20.000","°C","977.000","hPa","0.861","-0.02617","0.00035","0","0","13.56","Humid","26.25","0","44.00","378644.36","SABD0000000001","AAV1.0.0.11","4.0.0.2323","PSt7-10","170328-019","7/29/2022 11:23:46 AM","0000-00","0","no battery","V","","µV","","µV"
"08/09/2022","10:14:29","6","default","383292078","Oxt_06","12.445","min","92.848","%a.s.","Humid","21.206","deg","41770","µV","28.002","°C","1017.000","hPa","36.4","pmil","0","55.390","deg","20.000","°C","100.000","%a.s.","21.720","deg","20.000","°C","977.000","hPa","0.861","-0.02617","0.00035","0","0","13.56","Humid","26.25","0","44.00","378646.58","SABD0000000001","AAV1.0.0.11","4.0.0.2323","PSt7-10","170328-019","7/29/2022 11:23:46 AM","0000-00","0","no battery","V","","µV","","µV"
"08/09/2022","10:14:30","6","default","383292078","Oxt_06","12.462","min","92.978","%a.s.","Humid","21.202","deg","41766","µV","27.995","°C","1016.000","hPa","36.4","pmil","0","55.390","deg","20.000","°C","100.000","%a.s.","21.720","deg","20.000","°C","977.000","hPa","0.861","-0.02617","0.00035","0","0","13.56","Humid","26.25","0","44.00","378647.77","SABD0000000001","AAV1.0.0.11","4.0.0.2323","PSt7-10","170328-019","7/29/2022 11:23:46 AM","0000-00","0","no battery","V","","µV","","µV"
"08/09/2022","10:14:31","6","default","383292078","Oxt_06","12.479","min","92.987","%a.s.","Humid","21.199","deg","41767","µV","28.012","°C","1016.000","hPa","36.4","pmil","0","55.390","deg","20.000","°C","100.000","%a.s.","21.720","deg","20.000","°C","977.000","hPa","0.861","-0.02617","0.00035","0","0","13.56","Humid","26.25","0","44.00","378649.90","SABD0000000001","AAV1.0.0.11","4.0.0.2323","PSt7-10","170328-019","7/29/2022 11:23:46 AM","0000-00","0","no battery","V","","µV","","µV"
"08/09/2022","10:14:32","6","default","383292078","Oxt_06","12.495","min","92.964","%a.s.","Humid","21.202","deg","41766","µV","28.010","°C","1016.000","hPa","36.4","pmil","0","55.390","deg","20.000","°C","100.000","%a.s.","21.720","deg","20.000","°C","977.000","hPa","0.861","-0.02617","0.00035","0","0","13.56","Humid","26.25","0","44.00","378622.02","SABD0000000001","AAV1.0.0.11","4.0.0.2323","PSt7-10","170328-019","7/29/2022 11:23:46 AM","0000-00","0","no battery","V","","µV","","µV"
"08/09/2022","10:14:33","6","default","383292078","Oxt_06","12.512","min","92.953","%a.s.","Humid","21.194","deg","41763","µV","27.994","°C","1017.000","hPa","36.4","pmil","0","55.390","deg","20.000","°C","100.000","%a.s.","21.720","deg","20.000","°C","977.000","hPa","0.861","-0.02617","0.00035","0","0","13.56","Humid","26.25","0","44.00","378645.08","SABD0000000001","AAV1.0.0.11","4.0.0.2323","PSt7-10","170328-019","7/29/2022 11:23:46 AM","0000-00","0","no battery","V","","µV","","µV"
"08/09/2022","10:14:34","6","default","383292078","Oxt_06","12.529","min","92.935","%a.s.","Humid","21.196","deg","41757","µV","27.996","°C","1017.000","hPa","36.4","pmil","0","55.390","deg","20.000","°C","100.000","%a.s.","21.720","deg","20.000","°C","977.000","hPa","0.861","-0.02617","0.00035","0","0","13.56","Humid","26.25","0","44.00","378627.65","SABD0000000001","AAV1.0.0.11","4.0.0.2323","PSt7-10","170328-019","7/29/2022 11:23:46 AM","0000-00","0","no battery","V","","µV","","µV"
"08/09/2022","10:14:35","6","default","383292078","Oxt_06","12.545","min","92.897","%a.s.","Humid","21.200","deg","41761","µV","28.002","°C","1017.000","hPa","36.4","pmil","0","55.390","deg","20.000","°C","100.000","%a.s.","21.720","deg","20.000","°C","977.000","hPa","0.861","-0.02617","0.00035","0","0","13.56","Humid","26.25","0","44.00","378635.03","SABD0000000001","AAV1.0.0.11","4.0.0.2323","PSt7-10","170328-019","7/29/2022 11:23:46 AM","0000-00","0","no battery","V","","µV","","µV"
"08/09/2022","10:14:36","6","default","383292078","Oxt_06","12.562","min","92.881","%a.s.","Humid","21.202","deg","41759","µV","28.001","°C","1017.000","hPa","36.4","pmil","0","55.390","deg","20.000","°C","100.000","%a.s.","21.720","deg","20.000","°C","977.000","hPa","0.861","-0.02617","0.00035","0","0","13.56","Humid","26.25","0","44.00","378639.38","SABD0000000001","AAV1.0.0.11","4.0.0.2323","PSt7-10","170328-019","7/29/2022 11:23:46 AM","0000-00","0","no battery","V","","µV","","µV"
"08/09/2022","10:14:37","6","default","383292078","Oxt_06","12.579","min","93.018","%a.s.","Humid","21.196","deg","41764","µV","28.005","°C","1016.000","hPa","36.4","pmil","0","55.390","deg","20.000","°C","100.000","%a.s.","21.720","deg","20.000","°C","977.000","hPa","0.861","-0.02617","0.00035","0","0","13.56","Humid","26.25","0","44.00","378637.25","SABD0000000001","AAV1.0.0.11","4.0.0.2323","PSt7-10","170328-019","7/29/2022 11:23:46 AM","0000-00","0","no battery","V","","µV","","µV"
"08/09/2022","10:14:38","6","default","383292078","Oxt_06","12.595","min","93.009","%a.s.","Humid","21.198","deg","41759","µV","27.996","°C","1016.000","hPa","36.4","pmil","0","55.390","deg","20.000","°C","100.000","%a.s.","21.720","deg","20.000","°C","977.000","hPa","0.861","-0.02617","0.00035","0","0","13.56","Humid","26.25","0","44.00","378621.14","SABD0000000001","AAV1.0.0.11","4.0.0.2323","PSt7-10","170328-019","7/29/2022 11:23:46 AM","0000-00","0","no battery","V","","µV","","µV"
"08/09/2022","10:14:39","6","default","383292078","Oxt_06","12.612","min","92.973","%a.s.","Humid","21.203","deg","41758","µV","27.991","°C","1016.000","hPa","36.4","pmil","0","55.390","deg","20.000","°C","100.000","%a.s.","21.720","deg","20.000","°C","977.000","hPa","0.861","-0.02617","0.00035","0","0","13.56","Humid","26.25","0","44.00","378640.53","SABD0000000001","AAV1.0.0.11","4.0.0.2323","PSt7-10","170328-019","7/29/2022 11:23:46 AM","0000-00","0","no battery","V","","µV","","µV"
"08/09/2022","10:14:40","6","default","383292078","Oxt_06","12.629","min","92.904","%a.s.","Humid","21.200","deg","41754","µV","27.994","°C","1017.000","hPa","36.4","pmil","0","55.390","deg","20.000","°C","100.000","%a.s.","21.720","deg","20.000","°C","977.000","hPa","0.861","-0.02617","0.00035","0","0","13.56","Humid","26.25","0","44.00","378624.03","SABD0000000001","AAV1.0.0.11","4.0.0.2323","PSt7-10","170328-019","7/29/2022 11:23:46 AM","0000-00","0","no battery","V","","µV","","µV"
"08/09/2022","10:14:41","6","default","383292078","Oxt_06","12.645","min","93.081","%a.s.","Humid","21.189","deg","41744","µV","27.999","°C","1016.000","hPa","36.4","pmil","0","55.390","deg","20.000","°C","100.000","%a.s.","21.720","deg","20.000","°C","977.000","hPa","0.861","-0.02617","0.00035","0","0","13.56","Humid","26.25","0","44.00","378628.90","SABD0000000001","AAV1.0.0.11","4.0.0.2323","PSt7-10","170328-019","7/29/2022 11:23:46 AM","0000-00","0","no battery","V","","µV","","µV"
"08/09/2022","10:14:42","6","default","383292078","Oxt_06","12.662","min","93.029","%a.s.","Humid","21.193","deg","41752","µV","28.020","°C","1016.000","hPa","36.4","pmil","0","55.390","deg","20.000","°C","100.000","%a.s.","21.720","deg","20.000","°C","977.000","hPa","0.861","-0.02617","0.00035","0","0","13.56","Humid","26.25","0","44.00","378619.39","SABD0000000001","AAV1.0.0.11","4.0.0.2323","PSt7-10","170328-019","7/29/2022 11:23:46 AM","0000-00","0","no battery","V","","µV","","µV"
"08/09/2022","10:14:43","6","default","383292078","Oxt_06","12.679","min","93.040","%a.s.","Humid","21.194","deg","41747","µV","27.999","°C","1016.000","hPa","36.4","pmil","0","55.390","deg","20.000","°C","100.000","%a.s.","21.720","deg","20.000","°C","977.000","hPa","0.861","-0.02617","0.00035","0","0","13.56","Humid","26.25","0","44.00","378633.38","SABD0000000001","AAV1.0.0.11","4.0.0.2323","PSt7-10","170328-019","7/29/2022 11:23:46 AM","0000-00","0","no battery","V","","µV","","µV"
"08/09/2022","10:14:44","6","default","383292078","Oxt_06","12.696","min","92.998","%a.s.","Humid","21.199","deg","41745","µV","28.000","°C","1016.000","hPa","36.4","pmil","0","55.390","deg","20.000","°C","100.000","%a.s.","21.720","deg","20.000","°C","977.000","hPa","0.861","-0.02617","0.00035","0","0","13.56","Humid","26.25","0","44.00","378626.19","SABD0000000001","AAV1.0.0.11","4.0.0.2323","PSt7-10","170328-019","7/29/2022 11:23:46 AM","0000-00","0","no battery","V","","µV","","µV"
"08/09/2022","10:14:45","6","default","383292078","Oxt_06","12.712","min","93.033","%a.s.","Humid","21.194","deg","41741","µV","28.006","°C","1016.000","hPa","36.4","pmil","0","55.390","deg","20.000","°C","100.000","%a.s.","21.720","deg","20.000","°C","977.000","hPa","0.861","-0.02617","0.00035","0","0","13.56","Humid","26.25","0","44.00","378614.89","SABD0000000001","AAV1.0.0.11","4.0.0.2323","PSt7-10","170328-019","7/29/2022 11:23:46 AM","0000-00","0","no battery","V","","µV","","µV"
"08/09/2022","10:14:46","6","default","383292078","Oxt_06","12.729","min","92.923","%a.s.","Humid","21.196","deg","41746","µV","28.009","°C","1017.000","hPa","36.4","pmil","0","55.390","deg","20.000","°C","100.000","%a.s.","21.720","deg","20.000","°C","977.000","hPa","0.861","-0.02617","0.00035","0","0","13.56","Humid","26.25","0","44.00","378621.22","SABD0000000001","AAV1.0.0.11","4.0.0.2323","PSt7-10","170328-019","7/29/2022 11:23:46 AM","0000-00","0","no battery","V","","µV","","µV"
"08/09/2022","10:14:47","6","default","383292078","Oxt_06","12.746","min","93.136","%a.s.","Humid","21.183","deg","41744","µV","27.993","°C","1016.000","hPa","36.4","pmil","0","55.390","deg","20.000","°C","100.000","%a.s.","21.720","deg","20.000","°C","977.000","hPa","0.861","-0.02617","0.00035","0","0","13.56","Humid","26.25","0","44.00","378617.96","SABD0000000001","AAV1.0.0.11","4.0.0.2323","PSt7-10","170328-019","7/29/2022 11:23:46 AM","0000-00","0","no battery","V","","µV","","µV"
"08/09/2022","10:14:48","6","default","383292078","Oxt_06","12.762","min","92.979","%a.s.","Humid","21.201","deg","41745","µV","28.003","°C","1016.000","hPa","36.4","pmil","0","55.390","deg","20.000","°C","100.000","%a.s.","21.720","deg","20.000","°C","977.000","hPa","0.861","-0.02617","0.00035","0","0","13.56","Humid","26.25","0","44.00","378617.95","SABD0000000001","AAV1.0.0.11","4.0.0.2323","PSt7-10","170328-019","7/29/2022 11:23:46 AM","0000-00","0","no battery","V","","µV","","µV"
"08/09/2022","10:14:49","6","default","383292078","Oxt_06","12.779","min","92.949","%a.s.","Humid","21.194","deg","41742","µV","27.998","°C","1017.000","hPa","36.4","pmil","0","55.390","deg","20.000","°C","100.000","%a.s.","21.720","deg","20.000","°C","977.000","hPa","0.861","-0.02617","0.00035","0","0","13.56","Humid","26.25","0","44.00","378625.86","SABD0000000001","AAV1.0.0.11","4.0.0.2323","PSt7-10","170328-019","7/29/2022 11:23:46 AM","0000-00","0","no battery","V","","µV","","µV"
"08/09/2022","10:14:50","6","default","383292078","Oxt_06","12.795","min","93.050","%a.s.","Humid","21.192","deg","41743","µV","28.006","°C","1016.000","hPa","36.4","pmil","0","55.390","deg","20.000","°C","100.000","%a.s.","21.720","deg","20.000","°C","977.000","hPa","0.861","-0.02617","0.00035","0","0","13.56","Humid","26.25","0","44.00","378616.97","SABD0000000001","AAV1.0.0.11","4.0.0.2323","PSt7-10","170328-019","7/29/2022 11:23:46 AM","0000-00","0","no battery","V","","µV","","µV"
"08/09/2022","10:14:51","6","default","383292078","Oxt_06","12.812","min","93.026","%a.s.","Humid","21.195","deg","41742","µV","28.006","°C","1016.000","hPa","36.4","pmil","0","55.390","deg","20.000","°C","100.000","%a.s.","21.720","deg","20.000","°C","977.000","hPa","0.861","-0.02617","0.00035","0","0","13.56","Humid","26.25","0","44.00","378627.94","SABD0000000001","AAV1.0.0.11","4.0.0.2323","PSt7-10","170328-019","7/29/2022 11:23:46 AM","0000-00","0","no battery","V","","µV","","µV"
"08/09/2022","10:14:52","6","default","383292078","Oxt_06","12.829","min","93.090","%a.s.","Humid","21.187","deg","41738","µV","28.008","°C","1016.000","hPa","36.4","pmil","0","55.390","deg","20.000","°C","100.000","%a.s.","21.720","deg","20.000","°C","977.000","hPa","0.861","-0.02617","0.00035","0","0","13.56","Humid","26.25","0","44.00","378611.09","SABD0000000001","AAV1.0.0.11","4.0.0.2323","PSt7-10","170328-019","7/29/2022 11:23:46 AM","0000-00","0","no battery","V","","µV","","µV"
"08/09/2022","10:14:53","6","default","383292078","Oxt_06","12.846","min","93.065","%a.s.","Humid","21.190","deg","41737","µV","28.007","°C","1016.000","hPa","36.4","pmil","0","55.390","deg","20.000","°C","100.000","%a.s.","21.720","deg","20.000","°C","977.000","hPa","0.861","-0.02617","0.00035","0","0","13.56","Humid","26.25","0","44.00","378618.14","SABD0000000001","AAV1.0.0.11","4.0.0.2323","PSt7-10","170328-019","7/29/2022 11:23:46 AM","0000-00","0","no battery","V","","µV","","µV"
"08/09/2022","10:14:54","6","default","383292078","Oxt_06","12.862","min","93.030","%a.s.","Humid","21.185","deg","41733","µV","27.990","°C","1017.000","hPa","36.4","pmil","0","55.390","deg","20.000","°C","100.000","%a.s.","21.720","deg","20.000","°C","977.000","hPa","0.861","-0.02617","0.00035","0","0","13.56","Humid","26.25","0","44.00","378613.38","SABD0000000001","AAV1.0.0.11","4.0.0.2323","PSt7-10","170328-019","7/29/2022 11:23:46 AM","0000-00","0","no battery","V","","µV","","µV"
"08/09/2022","10:14:55","6","default","383292078","Oxt_06","12.879","min","92.947","%a.s.","Humid","21.195","deg","41742","µV","27.991","°C","1017.000","hPa","36.4","pmil","0","55.390","deg","20.000","°C","100.000","%a.s.","21.720","deg","20.000","°C","977.000","hPa","0.861","-0.02617","0.00035","0","0","13.56","Humid","26.25","0","44.00","378617.95","SABD0000000001","AAV1.0.0.11","4.0.0.2323","PSt7-10","170328-019","7/29/2022 11:23:46 AM","0000-00","0","no battery","V","","µV","","µV"
"08/09/2022","10:14:56","6","default","383292078","Oxt_06","12.896","min","92.998","%a.s.","Humid","21.188","deg","41731","µV","27.998","°C","1017.000","hPa","36.4","pmil","0","55.390","deg","20.000","°C","100.000","%a.s.","21.720","deg","20.000","°C","977.000","hPa","0.861","-0.02617","0.00035","0","0","13.56","Humid","26.25","0","44.00","378616.82","SABD0000000001","AAV1.0.0.11","4.0.0.2323","PSt7-10","170328-019","7/29/2022 11:23:46 AM","0000-00","0","no battery","V","","µV","","µV"
"08/09/2022","10:14:57","6","default","383292078","Oxt_06","12.912","min","93.049","%a.s.","Humid","21.193","deg","41738","µV","27.999","°C","1016.000","hPa","36.4","pmil","0","55.390","deg","20.000","°C","100.000","%a.s.","21.720","deg","20.000","°C","977.000","hPa","0.861","-0.02617","0.00035","0","0","13.56","Humid","26.25","0","44.00","378599.85","SABD0000000001","AAV1.0.0.11","4.0.0.2323","PSt7-10","170328-019","7/29/2022 11:23:46 AM","0000-00","0","no battery","V","","µV","","µV"
"08/09/2022","10:14:58","6","default","383292078","Oxt_06","12.929","min","93.037","%a.s.","Humid","21.195","deg","41727","µV","27.993","°C","1016.000","hPa","36.4","pmil","0","55.390","deg","20.000","°C","100.000","%a.s.","21.720","deg","20.000","°C","977.000","hPa","0.861","-0.02617","0.00035","0","0","13.56","Humid","26.25","0","44.00","378601.15","SABD0000000001","AAV1.0.0.11","4.0.0.2323","PSt7-10","170328-019","7/29/2022 11:23:46 AM","0000-00","0","no battery","V","","µV","","µV"
"08/09/2022","10:14:59","6","default","383292078","Oxt_06","12.946","min","93.153","%a.s.","Humid","21.182","deg","41725","µV","27.983","°C","1016.000","hPa","36.4","pmil","0","55.390","deg","20.000","°C","100.000","%a.s.","21.720","deg","20.000","°C","977.000","hPa","0.861","-0.02617","0.00035","0","0","13.56","Humid","26.25","0","44.00","378610.80","SABD0000000001","AAV1.0.0.11","4.0.0.2323","PSt7-10","170328-019","7/29/2022 11:23:46 AM","0000-00","0","no battery","V","","µV","","µV"
"08/09/2022","10:15:00","6","default","383292078","Oxt_06","12.962","min","93.001","%a.s.","Humid","21.186","deg","41730","µV","28.014","°C","1017.000","hPa","36.4","pmil","0","55.390","deg","20.000","°C","100.000","%a.s.","21.720","deg","20.000","°C","977.000","hPa","0.861","-0.02617","0.00035","0","0","13.56","Humid","26.25","0","44.00","378596.16","SABD0000000001","AAV1.0.0.11","4.0.0.2323","PSt7-10","170328-019","7/29/2022 11:23:46 AM","0000-00","0","no battery","V","","µV","","µV"
"08/09/2022","10:15:01","6","default","383292078","Oxt_06","12.979","min","93.190","%a.s.","Humid","21.174","deg","41730","µV","28.015","°C","1016.000","hPa","36.4","pmil","0","55.390","deg","20.000","°C","100.000","%a.s.","21.720","deg","20.000","°C","977.000","hPa","0.861","-0.02617","0.00035","0","0","13.56","Humid","26.25","0","44.00","378619.25","SABD0000000001","AAV1.0.0.11","4.0.0.2323","PSt7-10","170328-019","7/29/2022 11:23:46 AM","0000-00","0","no battery","V","","µV","","µV"
"08/09/2022","10:15:02","6","default","383292078","Oxt_06","12.996","min","93.054","%a.s.","Humid","21.190","deg","41727","µV","28.020","°C","1016.000","hPa","36.4","pmil","0","55.390","deg","20.000","°C","100.000","%a.s.","21.720","deg","20.000","°C","977.000","hPa","0.861","-0.02617","0.00035","0","0","13.56","Humid","26.25","0","44.00","378596.12","SABD0000000001","AAV1.0.0.11","4.0.0.2323","PSt7-10","170328-019","7/29/2022 11:23:46 AM","0000-00","0","no battery","V","","µV","","µV"
"08/09/2022","10:15:03","6","default","383292078","Oxt_06","13.012","min","92.990","%a.s.","Humid","21.189","deg","41727","µV","27.998","°C","1017.000","hPa","36.4","pmil","0","55.390","deg","20.000","°C","100.000","%a.s.","21.720","deg","20.000","°C","977.000","hPa","0.861","-0.02617","0.00035","0","0","13.56","Humid","26.25","0","44.00","378603.48","SABD0000000001","AAV1.0.0.11","4.0.0.2323","PSt7-10","170328-019","7/29/2022 11:23:46 AM","0000-00","0","no battery","V","","µV","","µV"
"08/09/2022","10:15:04","6","default","383292078","Oxt_06","13.029","min","92.974","%a.s.","Humid","21.190","deg","41723","µV","28.007","°C","1017.000","hPa","36.4","pmil","0","55.390","deg","20.000","°C","100.000","%a.s.","21.720","deg","20.000","°C","977.000","hPa","0.861","-0.02617","0.00035","0","0","13.56","Humid","26.25","0","44.00","378597.57","SABD0000000001","AAV1.0.0.11","4.0.0.2323","PSt7-10","170328-019","7/29/2022 11:23:46 AM","0000-00","0","no battery","V","","µV","","µV"
"08/09/2022","10:15:05","6","default","383292078","Oxt_06","13.046","min","93.070","%a.s.","Humid","21.179","deg","41719","µV","28.001","°C","1017.000","hPa","36.4","pmil","0","55.390","deg","20.000","°C","100.000","%a.s.","21.720","deg","20.000","°C","977.000","hPa","0.861","-0.02617","0.00035","0","0","13.56","Humid","26.25","0","44.00","378594.52","SABD0000000001","AAV1.0.0.11","4.0.0.2323","PSt7-10","170328-019","7/29/2022 11:23:46 AM","0000-00","0","no battery","V","","µV","","µV"
"08/09/2022","10:15:06","6","default","383292078","Oxt_06","13.062","min","92.953","%a.s.","Humid","21.193","deg","41724","µV","28.003","°C","1017.000","hPa","36.4","pmil","0","55.390","deg","20.000","°C","100.000","%a.s.","21.720","deg","20.000","°C","977.000","hPa","0.861","-0.02617","0.00035","0","0","13.56","Humid","26.25","0","44.00","378599.46","SABD0000000001","AAV1.0.0.11","4.0.0.2323","PSt7-10","170328-019","7/29/2022 11:23:46 AM","0000-00","0","no battery","V","","µV","","µV"
"08/09/2022","10:15:07","6","default","383292078","Oxt_06","13.079","min","93.154","%a.s.","Humid","21.180","deg","41721","µV","28.000","°C","1016.000","hPa","36.4","pmil","0","55.390","deg","20.000","°C","100.000","%a.s.","21.720","deg","20.000","°C","977.000","hPa","0.861","-0.02617","0.00035","0","0","13.56","Humid","26.25","0","44.00","378591.01","SABD0000000001","AAV1.0.0.11","4.0.0.2323","PSt7-10","170328-019","7/29/2022 11:23:46 AM","0000-00","0","no battery","V","","µV","","µV"
"08/09/2022","10:15:08","6","default","383292078","Oxt_06","13.096","min","93.140","%a.s.","Humid","21.182","deg","41719","µV","27.997","°C","1016.000","hPa","36.4","pmil","0","55.390","deg","20.000","°C","100.000","%a.s.","21.720","deg","20.000","°C","977.000","hPa","0.861","-0.02617","0.00035","0","0","13.56","Humid","26.25","0","44.00","378598.73","SABD0000000001","AAV1.0.0.11","4.0.0.2323","PSt7-10","170328-019","7/29/2022 11:23:46 AM","0000-00","0","no battery","V","","µV","","µV"
"08/09/2022","10:15:09","6","default","383292078","Oxt_06","13.112","min","93.041","%a.s.","Humid","21.182","deg","41715","µV","28.005","°C","1017.000","hPa","36.4","pmil","0","55.390","deg","20.000","°C","100.000","%a.s.","21.720","deg","20.000","°C","977.000","hPa","0.861","-0.02617","0.00035","0","0","13.56","Humid","26.25","0","44.00","378595.66","SABD0000000001","AAV1.0.0.11","4.0.0.2323","PSt7-10","170328-019","7/29/2022 11:23:46 AM","0000-00","0","no battery","V","","µV","","µV"
"08/09/2022","10:15:10","6","default","383292078","Oxt_06","13.129","min","93.101","%a.s.","Humid","21.185","deg","41710","µV","28.013","°C","1016.000","hPa","36.4","pmil","0","55.390","deg","20.000","°C","100.000","%a.s.","21.720","deg","20.000","°C","977.000","hPa","0.861","-0.02617","0.00035","0","0","13.56","Humid","26.25","0","44.00","378589.90","SABD0000000001","AAV1.0.0.11","4.0.0.2323","PSt7-10","170328-019","7/29/2022 11:23:46 AM","0000-00","0","no battery","V","","µV","","µV"
"08/09/2022","10:15:11","6","default","383292078","Oxt_06","13.146","min","93.125","%a.s.","Humid","21.184","deg","41714","µV","27.996","°C","1016.000","hPa","36.4","pmil","0","55.390","deg","20.000","°C","100.000","%a.s.","21.720","deg","20.000","°C","977.000","hPa","0.861","-0.02617","0.00035","0","0","13.56","Humid","26.25","0","44.00","378592.30","SABD0000000001","AAV1.0.0.11","4.0.0.2323","PSt7-10","170328-019","7/29/2022 11:23:46 AM","0000-00","0","no battery","V","","µV","","µV"
"08/09/2022","10:15:12","6","default","383292078","Oxt_06","13.162","min","93.055","%a.s.","Humid","21.180","deg","41712","µV","28.009","°C","1017.000","hPa","36.4","pmil","0","55.390","deg","20.000","°C","100.000","%a.s.","21.720","deg","20.000","°C","977.000","hPa","0.861","-0.02617","0.00035","0","0","13.56","Humid","26.25","0","44.00","378590.18","SABD0000000001","AAV1.0.0.11","4.0.0.2323","PSt7-10","170328-019","7/29/2022 11:23:46 AM","0000-00","0","no battery","V","","µV","","µV"
"08/09/2022","10:15:13","6","default","383292078","Oxt_06","13.179","min","93.158","%a.s.","Humid","21.179","deg","41709","µV","28.005","°C","1016.000","hPa","36.4","pmil","0","55.390","deg","20.000","°C","100.000","%a.s.","21.720","deg","20.000","°C","977.000","hPa","0.861","-0.02617","0.00035","0","0","13.56","Humid","26.25","0","44.00","378593.63","SABD0000000001","AAV1.0.0.11","4.0.0.2323","PSt7-10","170328-019","7/29/2022 11:23:46 AM","0000-00","0","no battery","V","","µV","","µV"
"08/09/2022","10:15:14","6","default","383292078","Oxt_06","13.196","min","93.116","%a.s.","Humid","21.183","deg","41707","µV","28.015","°C","1016.000","hPa","36.4","pmil","0","55.390","deg","20.000","°C","100.000","%a.s.","21.720","deg","20.000","°C","977.000","hPa","0.861","-0.02617","0.00035","0","0","13.56","Humid","26.25","0","44.00","378576.70","SABD0000000001","AAV1.0.0.11","4.0.0.2323","PSt7-10","170328-019","7/29/2022 11:23:46 AM","0000-00","0","no battery","V","","µV","","µV"
"08/09/2022","10:15:15","6","default","383292078","Oxt_06","13.212","min","93.103","%a.s.","Humid","21.174","deg","41709","µV","28.010","°C","1017.000","hPa","36.4","pmil","0","55.390","deg","20.000","°C","100.000","%a.s.","21.720","deg","20.000","°C","977.000","hPa","0.861","-0.02617","0.00035","0","0","13.56","Humid","26.25","0","44.00","378579.67","SABD0000000001","AAV1.0.0.11","4.0.0.2323","PSt7-10","170328-019","7/29/2022 11:23:46 AM","0000-00","0","no battery","V","","µV","","µV"
"08/09/2022","10:15:16","6","default","383292078","Oxt_06","13.229","min","93.191","%a.s.","Humid","21.175","deg","41710","µV","28.005","°C","1016.000","hPa","36.4","pmil","0","55.390","deg","20.000","°C","100.000","%a.s.","21.720","deg","20.000","°C","977.000","hPa","0.861","-0.02617","0.00035","0","0","13.56","Humid","26.25","0","44.00","378588.06","SABD0000000001","AAV1.0.0.11","4.0.0.2323","PSt7-10","170328-019","7/29/2022 11:23:46 AM","0000-00","0","no battery","V","","µV","","µV"
"08/09/2022","10:15:17","6","default","383292078","Oxt_06","13.246","min","93.109","%a.s.","Humid","21.175","deg","41709","µV","27.995","°C","1017.000","hPa","36.4","pmil","0","55.390","deg","20.000","°C","100.000","%a.s.","21.720","deg","20.000","°C","977.000","hPa","0.861","-0.02617","0.00035","0","0","13.56","Humid","26.25","0","44.00","378580.64","SABD0000000001","AAV1.0.0.11","4.0.0.2323","PSt7-10","170328-019","7/29/2022 11:23:46 AM","0000-00","0","no battery","V","","µV","","µV"
"08/09/2022","10:15:18","6","default","383292078","Oxt_06","13.262","min","93.080","%a.s.","Humid","21.177","deg","41704","µV","28.008","°C","1017.000","hPa","36.4","pmil","0","55.390","deg","20.000","°C","100.000","%a.s.","21.720","deg","20.000","°C","977.000","hPa","0.861","-0.02617","0.00035","0","0","13.56","Humid","26.25","0","44.00","378572.74","SABD0000000001","AAV1.0.0.11","4.0.0.2323","PSt7-10","170328-019","7/29/2022 11:23:46 AM","0000-00","0","no battery","V","","µV","","µV"
"08/09/2022","10:15:19","6","default","383292078","Oxt_06","13.279","min","93.178","%a.s.","Humid","21.175","deg","41698","µV","28.019","°C","1016.000","hPa","36.4","pmil","0","55.390","deg","20.000","°C","100.000","%a.s.","21.720","deg","20.000","°C","977.000","hPa","0.861","-0.02617","0.00035","0","0","13.56","Humid","26.25","0","44.00","378596.49","SABD0000000001","AAV1.0.0.11","4.0.0.2323","PSt7-10","170328-019","7/29/2022 11:23:46 AM","0000-00","0","no battery","V","","µV","","µV"
"08/09/2022","10:15:20","6","default","383292078","Oxt_06","13.296","min","93.090","%a.s.","Humid","21.176","deg","41701","µV","28.006","°C","1017.000","hPa","36.4","pmil","0","55.390","deg","20.000","°C","100.000","%a.s.","21.720","deg","20.000","°C","977.000","hPa","0.861","-0.02617","0.00035","0","0","13.56","Humid","26.25","0","44.00","378582.20","SABD0000000001","AAV1.0.0.11","4.0.0.2323","PSt7-10","170328-019","7/29/2022 11:23:46 AM","0000-00","0","no battery","V","","µV","","µV"
"08/09/2022","10:15:21","6","default","383292078","Oxt_06","13.312","min","93.174","%a.s.","Humid","21.176","deg","41697","µV","28.015","°C","1016.000","hPa","36.4","pmil","0","55.390","deg","20.000","°C","100.000","%a.s.","21.720","deg","20.000","°C","977.000","hPa","0.861","-0.02617","0.00035","0","0","13.56","Humid","26.25","0","44.00","378578.75","SABD0000000001","AAV1.0.0.11","4.0.0.2323","PSt7-10","170328-019","7/29/2022 11:23:46 AM","0000-00","0","no battery","V","","µV","","µV"
"08/09/2022","10:15:22","6","default","383292078","Oxt_06","13.329","min","93.210","%a.s.","Humid","21.173","deg","41691","µV","28.002","°C","1016.000","hPa","36.4","pmil","0","55.390","deg","20.000","°C","100.000","%a.s.","21.720","deg","20.000","°C","977.000","hPa","0.861","-0.02617","0.00035","0","0","13.56","Humid","26.25","0","44.00","378578.48","SABD0000000001","AAV1.0.0.11","4.0.0.2323","PSt7-10","170328-019","7/29/2022 11:23:46 AM","0000-00","0","no battery","V","","µV","","µV"
"08/09/2022","10:15:23","6","default","383292078","Oxt_06","13.346","min","93.173","%a.s.","Humid","21.178","deg","41699","µV","27.998","°C","1016.000","hPa","36.4","pmil","0","55.390","deg","20.000","°C","100.000","%a.s.","21.720","deg","20.000","°C","977.000","hPa","0.861","-0.02617","0.00035","0","0","13.56","Humid","26.25","0","44.00","378576.04","SABD0000000001","AAV1.0.0.11","4.0.0.2323","PSt7-10","170328-019","7/29/2022 11:23:46 AM","0000-00","0","no battery","V","","µV","","µV"
"08/09/2022","10:15:24","6","default","383292078","Oxt_06","13.362","min","93.136","%a.s.","Humid","21.171","deg","41693","µV","28.001","°C","1017.000","hPa","36.4","pmil","0","55.390","deg","20.000","°C","100.000","%a.s.","21.720","deg","20.000","°C","977.000","hPa","0.861","-0.02617","0.00035","0","0","13.56","Humid","26.25","0","44.00","378582.85","SABD0000000001","AAV1.0.0.11","4.0.0.2323","PSt7-10","170328-019","7/29/2022 11:23:46 AM","0000-00","0","no battery","V","","µV","","µV"
"08/09/2022","10:15:25","6","default","383292078","Oxt_06","13.379","min","93.128","%a.s.","Humid","21.182","deg","41687","µV","28.011","°C","1016.000","hPa","36.4","pmil","0","55.390","deg","20.000","°C","100.000","%a.s.","21.720","deg","20.000","°C","977.000","hPa","0.861","-0.02617","0.00035","0","0","13.56","Humid","26.25","0","44.00","378576.42","SABD0000000001","AAV1.0.0.11","4.0.0.2323","PSt7-10","170328-019","7/29/2022 11:23:46 AM","0000-00","0","no battery","V","","µV","","µV"
"08/09/2022","10:15:26","6","default","383292078","Oxt_06","13.396","min","93.180","%a.s.","Humid","21.165","deg","41686","µV","28.007","°C","1017.000","hPa","36.4","pmil","0","55.390","deg","20.000","°C","100.000","%a.s.","21.720","deg","20.000","°C","977.000","hPa","0.861","-0.02617","0.00035","0","0","13.56","Humid","26.25","0","44.00","378575.73","SABD0000000001","AAV1.0.0.11","4.0.0.2323","PSt7-10","170328-019","7/29/2022 11:23:46 AM","0000-00","0","no battery","V","","µV","","µV"
"08/09/2022","10:15:27","6","default","383292078","Oxt_06","13.412","min","93.287","%a.s.","Humid","21.165","deg","41686","µV","27.990","°C","1016.000","hPa","36.4","pmil","0","55.390","deg","20.000","°C","100.000","%a.s.","21.720","deg","20.000","°C","977.000","hPa","0.861","-0.02617","0.00035","0","0","13.56","Humid","26.25","0","44.00","378576.02","SABD0000000001","AAV1.0.0.11","4.0.0.2323","PSt7-10","170328-019","7/29/2022 11:23:46 AM","0000-00","0","no battery","V","","µV","","µV"
"08/09/2022","10:15:28","6","default","383292078","Oxt_06","13.429","min","93.189","%a.s.","Humid","21.174","deg","41689","µV","28.017","°C","1016.000","hPa","36.4","pmil","0","55.390","deg","20.000","°C","100.000","%a.s.","21.720","deg","20.000","°C","977.000","hPa","0.861","-0.02617","0.00035","0","0","13.56","Humid","26.25","0","44.00","378567.91","SABD0000000001","AAV1.0.0.11","4.0.0.2323","PSt7-10","170328-019","7/29/2022 11:23:46 AM","0000-00","0","no battery","V","","µV","","µV"
"08/09/2022","10:15:29","6","default","383292078","Oxt_06","13.446","min","93.154","%a.s.","Humid","21.179","deg","41684","µV","28.010","°C","1016.000","hPa","36.4","pmil","0","55.390","deg","20.000","°C","100.000","%a.s.","21.720","deg","20.000","°C","977.000","hPa","0.861","-0.02617","0.00035","0","0","13.56","Humid","26.25","0","44.00","378578.74","SABD0000000001","AAV1.0.0.11","4.0.0.2323","PSt7-10","170328-019","7/29/2022 11:23:46 AM","0000-00","0","no battery","V","","µV","","µV"
"08/09/2022","10:15:30","6","default","383292078","Oxt_06","13.462","min","93.246","%a.s.","Humid","21.168","deg","41690","µV","28.008","°C","1016.000","hPa","36.4","pmil","0","55.390","deg","20.000","°C","100.000","%a.s.","21.720","deg","20.000","°C","977.000","hPa","0.861","-0.02617","0.00035","0","0","13.56","Humid","26.25","0","44.00","378581.04","SABD0000000001","AAV1.0.0.11","4.0.0.2323","PSt7-10","170328-019","7/29/2022 11:23:46 AM","0000-00","0","no battery","V","","µV","","µV"
"08/09/2022","10:15:31","6","default","383292078","Oxt_06","13.479","min","93.200","%a.s.","Humid","21.175","deg","41679","µV","27.995","°C","1016.000","hPa","36.4","pmil","0","55.390","deg","20.000","°C","100.000","%a.s.","21.720","deg","20.000","°C","977.000","hPa","0.861","-0.02617","0.00035","0","0","13.56","Humid","26.25","0","44.00","378567.89","SABD0000000001","AAV1.0.0.11","4.0.0.2323","PSt7-10","170328-019","7/29/2022 11:23:46 AM","0000-00","0","no battery","V","","µV","","µV"
"08/09/2022","10:15:32","6","default","383292078","Oxt_06","13.496","min","93.234","%a.s.","Humid","21.169","deg","41679","µV","28.012","°C","1016.000","hPa","36.4","pmil","0","55.390","deg","20.000","°C","100.000","%a.s.","21.720","deg","20.000","°C","977.000","hPa","0.861","-0.02617","0.00035","0","0","13.56","Humid","26.25","0","44.00","378568.56","SABD0000000001","AAV1.0.0.11","4.0.0.2323","PSt7-10","170328-019","7/29/2022 11:23:46 AM","0000-00","0","no battery","V","","µV","","µV"
"08/09/2022","10:15:33","6","default","383292078","Oxt_06","13.512","min","93.192","%a.s.","Humid","21.164","deg","41677","µV","28.003","°C","1017.000","hPa","36.4","pmil","0","55.390","deg","20.000","°C","100.000","%a.s.","21.720","deg","20.000","°C","977.000","hPa","0.861","-0.02617","0.00035","0","0","13.56","Humid","26.25","0","44.00","378566.33","SABD0000000001","AAV1.0.0.11","4.0.0.2323","PSt7-10","170328-019","7/29/2022 11:23:46 AM","0000-00","0","no battery","V","","µV","","µV"
"08/09/2022","10:15:34","6","default","383292078","Oxt_06","13.529","min","93.206","%a.s.","Humid","21.163","deg","41682","µV","27.996","°C","1017.000","hPa","36.4","pmil","0","55.390","deg","20.000","°C","100.000","%a.s.","21.720","deg","20.000","°C","977.000","hPa","0.861","-0.02617","0.00035","0","0","13.56","Humid","26.25","0","44.00","378571.34","SABD0000000001","AAV1.0.0.11","4.0.0.2323","PSt7-10","170328-019","7/29/2022 11:23:46 AM","0000-00","0","no battery","V","","µV","","µV"
"08/09/2022","10:15:35","6","default","383292078","Oxt_06","13.546","min","93.160","%a.s.","Humid","21.168","deg","41675","µV","28.002","°C","1017.000","hPa","36.4","pmil","0","55.390","deg","20.000","°C","100.000","%a.s.","21.720","deg","20.000","°C","977.000","hPa","0.861","-0.02617","0.00035","0","0","13.56","Humid","26.25","0","44.00","378571.78","SABD0000000001","AAV1.0.0.11","4.0.0.2323","PSt7-10","170328-019","7/29/2022 11:23:46 AM","0000-00","0","no battery","V","","µV","","µV"
"08/09/2022","10:15:36","6","default","383292078","Oxt_06","13.563","min","93.134","%a.s.","Humid","21.172","deg","41678","µV","27.993","°C","1017.000","hPa","36.4","pmil","0","55.390","deg","20.000","°C","100.000","%a.s.","21.720","deg","20.000","°C","977.000","hPa","0.861","-0.02617","0.00035","0","0","13.56","Humid","26.25","0","44.00","378573.58","SABD0000000001","AAV1.0.0.11","4.0.0.2323","PSt7-10","170328-019","7/29/2022 11:23:46 AM","0000-00","0","no battery","V","","µV","","µV"
"08/09/2022","10:15:37","6","default","383292078","Oxt_06","13.579","min","93.282","%a.s.","Humid","21.165","deg","41673","µV","27.995","°C","1016.000","hPa","36.4","pmil","0","55.390","deg","20.000","°C","100.000","%a.s.","21.720","deg","20.000","°C","977.000","hPa","0.861","-0.02617","0.00035","0","0","13.56","Humid","26.25","0","44.00","378578.60","SABD0000000001","AAV1.0.0.11","4.0.0.2323","PSt7-10","170328-019","7/29/2022 11:23:46 AM","0000-00","0","no battery","V","","µV","","µV"
"08/09/2022","10:15:38","6","default","383292078","Oxt_06","13.596","min","93.190","%a.s.","Humid","21.173","deg","41675","µV","28.025","°C","1016.000","hPa","36.4","pmil","0","55.390","deg","20.000","°C","100.000","%a.s.","21.720","deg","20.000","°C","977.000","hPa","0.861","-0.02617","0.00035","0","0","13.56","Humid","26.25","0","44.00","378554.58","SABD0000000001","AAV1.0.0.11","4.0.0.2323","PSt7-10","170328-019","7/29/2022 11:23:46 AM","0000-00","0","no battery","V","","µV","","µV"
"08/09/2022","10:15:39","6","default","383292078","Oxt_06","13.613","min","93.170","%a.s.","Humid","21.165","deg","41677","µV","28.019","°C","1017.000","hPa","36.4","pmil","0","55.390","deg","20.000","°C","100.000","%a.s.","21.720","deg","20.000","°C","977.000","hPa","0.861","-0.02617","0.00035","0","0","13.56","Humid","26.25","0","44.00","378559.59","SABD0000000001","AAV1.0.0.11","4.0.0.2323","PSt7-10","170328-019","7/29/2022 11:23:46 AM","0000-00","0","no battery","V","","µV","","µV"
"08/09/2022","10:15:40","6","default","383292078","Oxt_06","13.629","min","93.156","%a.s.","Humid","21.168","deg","41671","µV","28.006","°C","1017.000","hPa","36.4","pmil","0","55.390","deg","20.000","°C","100.000","%a.s.","21.720","deg","20.000","°C","977.000","hPa","0.861","-0.02617","0.00035","0","0","13.56","Humid","26.25","0","44.00","378552.89","SABD0000000001","AAV1.0.0.11","4.0.0.2323","PSt7-10","170328-019","7/29/2022 11:23:46 AM","0000-00","0","no battery","V","","µV","","µV"
"08/09/2022","10:15:41","6","default","383292078","Oxt_06","13.646","min","93.151","%a.s.","Humid","21.169","deg","41669","µV","28.003","°C","1017.000","hPa","36.4","pmil","0","55.390","deg","20.000","°C","100.000","%a.s.","21.720","deg","20.000","°C","977.000","hPa","0.861","-0.02617","0.00035","0","0","13.56","Humid","26.25","0","44.00","378553.68","SABD0000000001","AAV1.0.0.11","4.0.0.2323","PSt7-10","170328-019","7/29/2022 11:23:46 AM","0000-00","0","no battery","V","","µV","","µV"
"08/09/2022","10:15:42","6","default","383292078","Oxt_06","13.663","min","93.142","%a.s.","Humid","21.169","deg","41673","µV","28.012","°C","1017.000","hPa","36.4","pmil","0","55.390","deg","20.000","°C","100.000","%a.s.","21.720","deg","20.000","°C","977.000","hPa","0.861","-0.02617","0.00035","0","0","13.56","Humid","26.25","0","44.00","378561.59","SABD0000000001","AAV1.0.0.11","4.0.0.2323","PSt7-10","170328-019","7/29/2022 11:23:46 AM","0000-00","0","no battery","V","","µV","","µV"
"08/09/2022","10:15:43","6","default","383292078","Oxt_06","13.679","min","93.206","%a.s.","Humid","21.163","deg","41668","µV","27.996","°C","1017.000","hPa","36.4","pmil","0","55.390","deg","20.000","°C","100.000","%a.s.","21.720","deg","20.000","°C","977.000","hPa","0.861","-0.02617","0.00035","0","0","13.56","Humid","26.25","0","44.00","378553.40","SABD0000000001","AAV1.0.0.11","4.0.0.2323","PSt7-10","170328-019","7/29/2022 11:23:46 AM","0000-00","0","no battery","V","","µV","","µV"
"08/09/2022","10:15:44","6","default","383292078","Oxt_06","13.696","min","93.190","%a.s.","Humid","21.164","deg","41665","µV","28.005","°C","1017.000","hPa","36.4","pmil","0","55.390","deg","20.000","°C","100.000","%a.s.","21.720","deg","20.000","°C","977.000","hPa","0.861","-0.02617","0.00035","0","0","13.56","Humid","26.25","0","44.00","378550.24","SABD0000000001","AAV1.0.0.11","4.0.0.2323","PSt7-10","170328-019","7/29/2022 11:23:46 AM","0000-00","0","no battery","V","","µV","","µV"
"08/09/2022","10:15:45","6","default","383292078","Oxt_06","13.713","min","93.216","%a.s.","Humid","21.160","deg","41662","µV","28.012","°C","1017.000","hPa","36.4","pmil","0","55.390","deg","20.000","°C","100.000","%a.s.","21.720","deg","20.000","°C","977.000","hPa","0.861","-0.02617","0.00035","0","0","13.56","Humid","26.25","0","44.00","378542.68","SABD0000000001","AAV1.0.0.11","4.0.0.2323","PSt7-10","170328-019","7/29/2022 11:23:46 AM","0000-00","0","no battery","V","","µV","","µV"
"08/09/2022","10:15:46","6","default","383292078","Oxt_06","13.729","min","93.264","%a.s.","Humid","21.166","deg","41661","µV","28.007","°C","1016.000","hPa","36.4","pmil","0","55.390","deg","20.000","°C","100.000","%a.s.","21.720","deg","20.000","°C","977.000","hPa","0.861","-0.02617","0.00035","0","0","13.56","Humid","26.25","0","44.00","378549.42","SABD0000000001","AAV1.0.0.11","4.0.0.2323","PSt7-10","170328-019","7/29/2022 11:23:46 AM","0000-00","0","no battery","V","","µV","","µV"
"08/09/2022","10:15:47","6","default","383292078","Oxt_06","13.746","min","93.209","%a.s.","Humid","21.161","deg","41659","µV","28.011","°C","1017.000","hPa","36.4","pmil","0","55.390","deg","20.000","°C","100.000","%a.s.","21.720","deg","20.000","°C","977.000","hPa","0.861","-0.02617","0.00035","0","0","13.56","Humid","26.25","0","44.00","378534.94","SABD0000000001","AAV1.0.0.11","4.0.0.2323","PSt7-10","170328-019","7/29/2022 11:23:46 AM","0000-00","0","no battery","V","","µV","","µV"
"08/09/2022","10:15:48","6","default","383292078","Oxt_06","13.763","min","93.335","%a.s.","Humid","21.156","deg","41665","µV","28.019","°C","1016.000","hPa","36.4","pmil","0","55.390","deg","20.000","°C","100.000","%a.s.","21.720","deg","20.000","°C","977.000","hPa","0.861","-0.02617","0.00035","0","0","13.56","Humid","26.25","0","44.00","378538.46","SABD0000000001","AAV1.0.0.11","4.0.0.2323","PSt7-10","170328-019","7/29/2022 11:23:46 AM","0000-00","0","no battery","V","","µV","","µV"
"08/09/2022","10:15:49","6","default","383292078","Oxt_06","13.779","min","93.338","%a.s.","Humid","21.158","deg","41664","µV","27.998","°C","1016.000","hPa","36.4","pmil","0","55.390","deg","20.000","°C","100.000","%a.s.","21.720","deg","20.000","°C","977.000","hPa","0.861","-0.02617","0.00035","0","0","13.56","Humid","26.25","0","44.00","378544.61","SABD0000000001","AAV1.0.0.11","4.0.0.2323","PSt7-10","170328-019","7/29/2022 11:23:46 AM","0000-00","0","no battery","V","","µV","","µV"
"08/09/2022","10:15:50","6","default","383292078","Oxt_06","13.796","min","93.373","%a.s.","Humid","21.153","deg","41663","µV","28.004","°C","1016.000","hPa","36.4","pmil","0","55.390","deg","20.000","°C","100.000","%a.s.","21.720","deg","20.000","°C","977.000","hPa","0.861","-0.02617","0.00035","0","0","13.56","Humid","26.25","0","44.00","378541.12","SABD0000000001","AAV1.0.0.11","4.0.0.2323","PSt7-10","170328-019","7/29/2022 11:23:46 AM","0000-00","0","no battery","V","","µV","","µV"
"08/09/2022","10:15:51","6","default","383292078","Oxt_06","13.813","min","93.320","%a.s.","Humid","21.148","deg","41659","µV","28.007","°C","1017.000","hPa","36.4","pmil","0","55.390","deg","20.000","°C","100.000","%a.s.","21.720","deg","20.000","°C","977.000","hPa","0.861","-0.02617","0.00035","0","0","13.56","Humid","26.25","0","44.00","378535.26","SABD0000000001","AAV1.0.0.11","4.0.0.2323","PSt7-10","170328-019","7/29/2022 11:23:46 AM","0000-00","0","no battery","V","","µV","","µV"
"08/09/2022","10:15:52","6","default","383292078","Oxt_06","13.829","min","93.369","%a.s.","Humid","21.153","deg","41649","µV","28.009","°C","1016.000","hPa","36.4","pmil","0","55.390","deg","20.000","°C","100.000","%a.s.","21.720","deg","20.000","°C","977.000","hPa","0.861","-0.02617","0.00035","0","0","13.56","Humid","26.25","0","44.00","378535.55","SABD0000000001","AAV1.0.0.11","4.0.0.2323","PSt7-10","170328-019","7/29/2022 11:23:46 AM","0000-00","0","no battery","V","","µV","","µV"
"08/09/2022","10:15:53","6","default","383292078","Oxt_06","13.846","min","93.267","%a.s.","Humid","21.155","deg","41651","µV","28.002","°C","1017.000","hPa","36.4","pmil","0","55.390","deg","20.000","°C","100.000","%a.s.","21.720","deg","20.000","°C","977.000","hPa","0.861","-0.02617","0.00035","0","0","13.56","Humid","26.25","0","44.00","378538.60","SABD0000000001","AAV1.0.0.11","4.0.0.2323","PSt7-10","170328-019","7/29/2022 11:23:46 AM","0000-00","0","no battery","V","","µV","","µV"
"08/09/2022","10:15:54","6","default","383292078","Oxt_06","13.863","min","93.384","%a.s.","Humid","21.152","deg","41649","µV","28.002","°C","1016.000","hPa","36.4","pmil","0","55.390","deg","20.000","°C","100.000","%a.s.","21.720","deg","20.000","°C","977.000","hPa","0.861","-0.02617","0.00035","0","0","13.56","Humid","26.25","0","44.00","378541.53","SABD0000000001","AAV1.0.0.11","4.0.0.2323","PSt7-10","170328-019","7/29/2022 11:23:46 AM","0000-00","0","no battery","V","","µV","","µV"
"08/09/2022","10:15:55","6","default","383292078","Oxt_06","13.879","min","93.316","%a.s.","Humid","21.160","deg","41649","µV","28.003","°C","1016.000","hPa","36.4","pmil","0","55.390","deg","20.000","°C","100.000","%a.s.","21.720","deg","20.000","°C","977.000","hPa","0.861","-0.02617","0.00035","0","0","13.56","Humid","26.25","0","44.00","378538.45","SABD0000000001","AAV1.0.0.11","4.0.0.2323","PSt7-10","170328-019","7/29/2022 11:23:46 AM","0000-00","0","no battery","V","","µV","","µV"
"08/09/2022","10:15:56","6","default","383292078","Oxt_06","13.896","min","93.341","%a.s.","Humid","21.158","deg","41646","µV","27.994","°C","1016.000","hPa","36.4","pmil","0","55.390","deg","20.000","°C","100.000","%a.s.","21.720","deg","20.000","°C","977.000","hPa","0.861","-0.02617","0.00035","0","0","13.56","Humid","26.25","0","44.00","378548.54","SABD0000000001","AAV1.0.0.11","4.0.0.2323","PSt7-10","170328-019","7/29/2022 11:23:46 AM","0000-00","0","no battery","V","","µV","","µV"
"08/09/2022","10:15:57","6","default","383292078","Oxt_06","13.912","min","93.300","%a.s.","Humid","21.149","deg","41645","µV","28.020","°C","1017.000","hPa","36.4","pmil","0","55.390","deg","20.000","°C","100.000","%a.s.","21.720","deg","20.000","°C","977.000","hPa","0.861","-0.02617","0.00035","0","0","13.56","Humid","26.25","0","44.00","378535.94","SABD0000000001","AAV1.0.0.11","4.0.0.2323","PSt7-10","170328-019","7/29/2022 11:23:46 AM","0000-00","0","no battery","V","","µV","","µV"
"08/09/2022","10:15:58","6","default","383292078","Oxt_06","13.929","min","93.332","%a.s.","Humid","21.156","deg","41653","µV","28.023","°C","1016.000","hPa","36.4","pmil","0","55.390","deg","20.000","°C","100.000","%a.s.","21.720","deg","20.000","°C","977.000","hPa","0.861","-0.02617","0.00035","0","0","13.56","Humid","26.25","0","44.00","378531.65","SABD0000000001","AAV1.0.0.11","4.0.0.2323","PSt7-10","170328-019","7/29/2022 11:23:46 AM","0000-00","0","no battery","V","","µV","","µV"
"08/09/2022","10:15:59","6","default","383292078","Oxt_06","13.946","min","93.361","%a.s.","Humid","21.153","deg","41649","µV","28.018","°C","1016.000","hPa","36.4","pmil","0","55.390","deg","20.000","°C","100.000","%a.s.","21.720","deg","20.000","°C","977.000","hPa","0.861","-0.02617","0.00035","0","0","13.56","Humid","26.25","0","44.00","378545.32","SABD0000000001","AAV1.0.0.11","4.0.0.2323","PSt7-10","170328-019","7/29/2022 11:23:46 AM","0000-00","0","no battery","V","","µV","","µV"
"08/09/2022","10:16:00","6","default","383292078","Oxt_06","13.962","min","93.347","%a.s.","Humid","21.157","deg","41640","µV","27.997","°C","1016.000","hPa","36.4","pmil","0","55.390","deg","20.000","°C","100.000","%a.s.","21.720","deg","20.000","°C","977.000","hPa","0.861","-0.02617","0.00035","0","0","13.56","Humid","26.25","0","44.00","378534.95","SABD0000000001","AAV1.0.0.11","4.0.0.2323","PSt7-10","170328-019","7/29/2022 11:23:46 AM","0000-00","0","no battery","V","","µV","","µV"
"08/09/2022","10:16:01","6","default","383292078","Oxt_06","13.979","min","93.330","%a.s.","Humid","21.158","deg","41642","µV","28.007","°C","1016.000","hPa","36.4","pmil","0","55.390","deg","20.000","°C","100.000","%a.s.","21.720","deg","20.000","°C","977.000","hPa","0.861","-0.02617","0.00035","0","0","13.56","Humid","26.25","0","44.00","378515.98","SABD0000000001","AAV1.0.0.11","4.0.0.2323","PSt7-10","170328-019","7/29/2022 11:23:46 AM","0000-00","0","no battery","V","","µV","","µV"
"08/09/2022","10:16:02","6","default","383292078","Oxt_06","13.996","min","93.336","%a.s.","Humid","21.157","deg","41645","µV","28.009","°C","1016.000","hPa","36.4","pmil","0","55.390","deg","20.000","°C","100.000","%a.s.","21.720","deg","20.000","°C","977.000","hPa","0.861","-0.02617","0.00035","0","0","13.56","Humid","26.25","0","44.00","378509.73","SABD0000000001","AAV1.0.0.11","4.0.0.2323","PSt7-10","170328-019","7/29/2022 11:23:46 AM","0000-00","0","no battery","V","","µV","","µV"
"08/09/2022","10:16:03","6","default","383292078","Oxt_06","14.013","min","93.261","%a.s.","Humid","21.155","deg","41644","µV","28.009","°C","1017.000","hPa","36.4","pmil","0","55.390","deg","20.000","°C","100.000","%a.s.","21.720","deg","20.000","°C","977.000","hPa","0.861","-0.02617","0.00035","0","0","13.56","Humid","26.25","0","44.00","378513.67","SABD0000000001","AAV1.0.0.11","4.0.0.2323","PSt7-10","170328-019","7/29/2022 11:23:46 AM","0000-00","0","no battery","V","","µV","","µV"
"08/09/2022","10:16:04","6","default","383292078","Oxt_06","14.029","min","93.271","%a.s.","Humid","21.154","deg","41642","µV","28.007","°C","1017.000","hPa","36.4","pmil","0","55.390","deg","20.000","°C","100.000","%a.s.","21.720","deg","20.000","°C","977.000","hPa","0.861","-0.02617","0.00035","0","0","13.56","Humid","26.25","0","44.00","378514.80","SABD0000000001","AAV1.0.0.11","4.0.0.2323","PSt7-10","170328-019","7/29/2022 11:23:46 AM","0000-00","0","no battery","V","","µV","","µV"
"08/09/2022","10:16:05","6","default","383292078","Oxt_06","14.046","min","93.294","%a.s.","Humid","21.152","deg","41638","µV","28.000","°C","1017.000","hPa","36.4","pmil","0","55.390","deg","20.000","°C","100.000","%a.s.","21.720","deg","20.000","°C","977.000","hPa","0.861","-0.02617","0.00035","0","0","13.56","Humid","26.25","0","44.00","378525.45","SABD0000000001","AAV1.0.0.11","4.0.0.2323","PSt7-10","170328-019","7/29/2022 11:23:46 AM","0000-00","0","no battery","V","","µV","","µV"
"08/09/2022","10:16:06","6","default","383292078","Oxt_06","14.062","min","93.301","%a.s.","Humid","21.150","deg","41637","µV","28.010","°C","1017.000","hPa","36.4","pmil","0","55.390","deg","20.000","°C","100.000","%a.s.","21.720","deg","20.000","°C","977.000","hPa","0.861","-0.02617","0.00035","0","0","13.56","Humid","26.25","0","44.00","378519.87","SABD0000000001","AAV1.0.0.11","4.0.0.2323","PSt7-10","170328-019","7/29/2022 11:23:46 AM","0000-00","0","no battery","V","","µV","","µV"
"08/09/2022","10:16:07","6","default","383292078","Oxt_06","14.079","min","93.270","%a.s.","Humid","21.154","deg","41634","µV","28.008","°C","1017.000","hPa","36.4","pmil","0","55.390","deg","20.000","°C","100.000","%a.s.","21.720","deg","20.000","°C","977.000","hPa","0.861","-0.02617","0.00035","0","0","13.56","Humid","26.25","0","44.00","378511.36","SABD0000000001","AAV1.0.0.11","4.0.0.2323","PSt7-10","170328-019","7/29/2022 11:23:46 AM","0000-00","0","no battery","V","","µV","","µV"
"08/09/2022","10:16:08","6","default","383292078","Oxt_06","14.096","min","93.371","%a.s.","Humid","21.142","deg","41637","µV","28.006","°C","1017.000","hPa","36.4","pmil","0","55.390","deg","20.000","°C","100.000","%a.s.","21.720","deg","20.000","°C","977.000","hPa","0.861","-0.02617","0.00035","0","0","13.56","Humid","26.25","0","44.00","378513.73","SABD0000000001","AAV1.0.0.11","4.0.0.2323","PSt7-10","170328-019","7/29/2022 11:23:46 AM","0000-00","0","no battery","V","","µV","","µV"
"08/09/2022","10:16:09","6","default","383292078","Oxt_06","14.112","min","93.344","%a.s.","Humid","21.156","deg","41632","µV","28.009","°C","1016.000","hPa","36.4","pmil","0","55.390","deg","20.000","°C","100.000","%a.s.","21.720","deg","20.000","°C","977.000","hPa","0.861","-0.02617","0.00035","0","0","13.56","Humid","26.25","0","44.00","378520.06","SABD0000000001","AAV1.0.0.11","4.0.0.2323","PSt7-10","170328-019","7/29/2022 11:23:46 AM","0000-00","0","no battery","V","","µV","","µV"
"08/09/2022","10:16:10","6","default","383292078","Oxt_06","14.129","min","93.444","%a.s.","Humid","21.144","deg","41634","µV","28.008","°C","1016.000","hPa","36.4","pmil","0","55.390","deg","20.000","°C","100.000","%a.s.","21.720","deg","20.000","°C","977.000","hPa","0.861","-0.02617","0.00035","0","0","13.56","Humid","26.25","0","44.00","378519.40","SABD0000000001","AAV1.0.0.11","4.0.0.2323","PSt7-10","170328-019","7/29/2022 11:23:46 AM","0000-00","0","no battery","V","","µV","","µV"
"08/09/2022","10:16:11","6","default","383292078","Oxt_06","14.146","min","93.411","%a.s.","Humid","21.148","deg","41630","µV","28.008","°C","1016.000","hPa","36.4","pmil","0","55.390","deg","20.000","°C","100.000","%a.s.","21.720","deg","20.000","°C","977.000","hPa","0.861","-0.02617","0.00035","0","0","13.56","Humid","26.25","0","44.00","378517.11","SABD0000000001","AAV1.0.0.11","4.0.0.2323","PSt7-10","170328-019","7/29/2022 11:23:46 AM","0000-00","0","no battery","V","","µV","","µV"
"08/09/2022","10:16:12","6","default","383292078","Oxt_06","14.162","min","93.293","%a.s.","Humid","21.152","deg","41626","µV","28.001","°C","1017.000","hPa","36.4","pmil","0","55.390","deg","20.000","°C","100.000","%a.s.","21.720","deg","20.000","°C","977.000","hPa","0.861","-0.02617","0.00035","0","0","13.56","Humid","26.25","0","44.00","378511.16","SABD0000000001","AAV1.0.0.11","4.0.0.2323","PSt7-10","170328-019","7/29/2022 11:23:46 AM","0000-00","0","no battery","V","","µV","","µV"
"08/09/2022","10:16:13","6","default","383292078","Oxt_06","14.179","min","93.462","%a.s.","Humid","21.144","deg","41625","µV","27.988","°C","1016.000","hPa","36.4","pmil","0","55.390","deg","20.000","°C","100.000","%a.s.","21.720","deg","20.000","°C","977.000","hPa","0.861","-0.02617","0.00035","0","0","13.56","Humid","26.25","0","44.00","378504.31","SABD0000000001","AAV1.0.0.11","4.0.0.2323","PSt7-10","170328-019","7/29/2022 11:23:46 AM","0000-00","0","no battery","V","","µV","","µV"
"08/09/2022","10:16:14","6","default","383292078","Oxt_06","14.196","min","93.496","%a.s.","Humid","21.140","deg","41630","µV","27.988","°C","1016.000","hPa","36.4","pmil","0","55.390","deg","20.000","°C","100.000","%a.s.","21.720","deg","20.000","°C","977.000","hPa","0.861","-0.02617","0.00035","0","0","13.56","Humid","26.25","0","44.00","378521.21","SABD0000000001","AAV1.0.0.11","4.0.0.2323","PSt7-10","170328-019","7/29/2022 11:23:46 AM","0000-00","0","no battery","V","","µV","","µV"
"08/09/2022","10:16:15","6","default","383292078","Oxt_06","14.212","min","93.449","%a.s.","Humid","21.144","deg","41631","µV","28.003","°C","1016.000","hPa","36.4","pmil","0","55.390","deg","20.000","°C","100.000","%a.s.","21.720","deg","20.000","°C","977.000","hPa","0.861","-0.02617","0.00035","0","0","13.56","Humid","26.25","0","44.00","378526.30","SABD0000000001","AAV1.0.0.11","4.0.0.2323","PSt7-10","170328-019","7/29/2022 11:23:46 AM","0000-00","0","no battery","V","","µV","","µV"
"08/09/2022","10:16:16","6","default","383292078","Oxt_06","14.229","min","93.382","%a.s.","Humid","21.150","deg","41624","µV","28.023","°C","1016.000","hPa","36.4","pmil","0","55.390","deg","20.000","°C","100.000","%a.s.","21.720","deg","20.000","°C","977.000","hPa","0.861","-0.02617","0.00035","0","0","13.56","Humid","26.25","0","44.00","378495.79","SABD0000000001","AAV1.0.0.11","4.0.0.2323","PSt7-10","170328-019","7/29/2022 11:23:46 AM","0000-00","0","no battery","V","","µV","","µV"
"08/09/2022","10:16:17","6","default","383292078","Oxt_06","14.245","min","93.332","%a.s.","Humid","21.146","deg","41618","µV","28.012","°C","1017.000","hPa","36.4","pmil","0","55.390","deg","20.000","°C","100.000","%a.s.","21.720","deg","20.000","°C","977.000","hPa","0.861","-0.02617","0.00035","0","0","13.56","Humid","26.25","0","44.00","378507.79","SABD0000000001","AAV1.0.0.11","4.0.0.2323","PSt7-10","170328-019","7/29/2022 11:23:46 AM","0000-00","0","no battery","V","","µV","","µV"
"08/09/2022","10:16:18","6","default","383292078","Oxt_06","14.262","min","93.331","%a.s.","Humid","21.146","deg","41615","µV","28.013","°C","1017.000","hPa","36.4","pmil","0","55.390","deg","20.000","°C","100.000","%a.s.","21.720","deg","20.000","°C","977.000","hPa","0.861","-0.02617","0.00035","0","0","13.56","Humid","26.25","0","44.00","378507.59","SABD0000000001","AAV1.0.0.11","4.0.0.2323","PSt7-10","170328-019","7/29/2022 11:23:46 AM","0000-00","0","no battery","V","","µV","","µV"
"08/09/2022","10:16:19","6","default","383292078","Oxt_06","14.279","min","93.324","%a.s.","Humid","21.147","deg","41621","µV","28.012","°C","1017.000","hPa","36.4","pmil","0","55.390","deg","20.000","°C","100.000","%a.s.","21.720","deg","20.000","°C","977.000","hPa","0.861","-0.02617","0.00035","0","0","13.56","Humid","26.25","0","44.00","378506.23","SABD0000000001","AAV1.0.0.11","4.0.0.2323","PSt7-10","170328-019","7/29/2022 11:23:46 AM","0000-00","0","no battery","V","","µV","","µV"
"08/09/2022","10:16:20","6","default","383292078","Oxt_06","14.295","min","93.497","%a.s.","Humid","21.137","deg","41619","µV","28.014","°C","1016.000","hPa","36.4","pmil","0","55.390","deg","20.000","°C","100.000","%a.s.","21.720","deg","20.000","°C","977.000","hPa","0.861","-0.02617","0.00035","0","0","13.56","Humid","26.25","0","44.00","378519.68","SABD0000000001","AAV1.0.0.11","4.0.0.2323","PSt7-10","170328-019","7/29/2022 11:23:46 AM","0000-00","0","no battery","V","","µV","","µV"
"08/09/2022","10:16:21","6","default","383292078","Oxt_06","14.312","min","93.505","%a.s.","Humid","21.137","deg","41619","µV","28.005","°C","1016.000","hPa","36.4","pmil","0","55.390","deg","20.000","°C","100.000","%a.s.","21.720","deg","20.000","°C","977.000","hPa","0.861","-0.02617","0.00035","0","0","13.56","Humid","26.25","0","44.00","378498.56","SABD0000000001","AAV1.0.0.11","4.0.0.2323","PSt7-10","170328-019","7/29/2022 11:23:46 AM","0000-00","0","no battery","V","","µV","","µV"
"08/09/2022","10:16:22","6","default","383292078","Oxt_06","14.329","min","93.426","%a.s.","Humid","21.146","deg","41611","µV","28.009","°C","1016.000","hPa","36.4","pmil","0","55.390","deg","20.000","°C","100.000","%a.s.","21.720","deg","20.000","°C","977.000","hPa","0.861","-0.02617","0.00035","0","0","13.56","Humid","26.25","0","44.00","378486.00","SABD0000000001","AAV1.0.0.11","4.0.0.2323","PSt7-10","170328-019","7/29/2022 11:23:46 AM","0000-00","0","no battery","V","","µV","","µV"
"08/09/2022","10:16:23","6","default","383292078","Oxt_06","14.345","min","93.454","%a.s.","Humid","21.143","deg","41613","µV","28.006","°C","1016.000","hPa","36.4","pmil","0","55.390","deg","20.000","°C","100.000","%a.s.","21.720","deg","20.000","°C","977.000","hPa","0.861","-0.02617","0.00035","0","0","13.56","Humid","26.25","0","44.00","378494.76","SABD0000000001","AAV1.0.0.11","4.0.0.2323","PSt7-10","170328-019","7/29/2022 11:23:46 AM","0000-00","0","no battery","V","","µV","","µV"
"08/09/2022","10:16:24","6","default","383292078","Oxt_06","14.362","min","93.482","%a.s.","Humid","21.140","deg","41612","µV","28.003","°C","1016.000","hPa","36.4","pmil","0","55.390","deg","20.000","°C","100.000","%a.s.","21.720","deg","20.000","°C","977.000","hPa","0.861","-0.02617","0.00035","0","0","13.56","Humid","26.25","0","44.00","378487.12","SABD0000000001","AAV1.0.0.11","4.0.0.2323","PSt7-10","170328-019","7/29/2022 11:23:46 AM","0000-00","0","no battery","V","","µV","","µV"
"08/09/2022","10:16:25","6","default","383292078","Oxt_06","14.379","min","93.487","%a.s.","Humid","21.139","deg","41610","µV","28.006","°C","1016.000","hPa","36.4","pmil","0","55.390","deg","20.000","°C","100.000","%a.s.","21.720","deg","20.000","°C","977.000","hPa","0.861","-0.02617","0.00035","0","0","13.56","Humid","26.25","0","44.00","378492.98","SABD0000000001","AAV1.0.0.11","4.0.0.2323","PSt7-10","170328-019","7/29/2022 11:23:46 AM","0000-00","0","no battery","V","","µV","","µV"
"08/09/2022","10:16:26","6","default","383292078","Oxt_06","14.395","min","93.336","%a.s.","Humid","21.146","deg","41608","µV","28.008","°C","1017.000","hPa","36.4","pmil","0","55.390","deg","20.000","°C","100.000","%a.s.","21.720","deg","20.000","°C","977.000","hPa","0.861","-0.02617","0.00035","0","0","13.56","Humid","26.25","0","44.00","378495.96","SABD0000000001","AAV1.0.0.11","4.0.0.2323","PSt7-10","170328-019","7/29/2022 11:23:46 AM","0000-00","0","no battery","V","","µV","","µV"
"08/09/2022","10:16:27","6","default","383292078","Oxt_06","14.412","min","93.331","%a.s.","Humid","21.146","deg","41609","µV","28.013","°C","1017.000","hPa","36.4","pmil","0","55.390","deg","20.000","°C","100.000","%a.s.","21.720","deg","20.000","°C","977.000","hPa","0.861","-0.02617","0.00035","0","0","13.56","Humid","26.25","0","44.00","378486.03","SABD0000000001","AAV1.0.0.11","4.0.0.2323","PSt7-10","170328-019","7/29/2022 11:23:46 AM","0000-00","0","no battery","V","","µV","","µV"
"08/09/2022","10:16:28","6","default","383292078","Oxt_06","14.429","min","93.367","%a.s.","Humid","21.143","deg","41608","µV","28.001","°C","1017.000","hPa","36.4","pmil","0","55.390","deg","20.000","°C","100.000","%a.s.","21.720","deg","20.000","°C","977.000","hPa","0.861","-0.02617","0.00035","0","0","13.56","Humid","26.25","0","44.00","378504.65","SABD0000000001","AAV1.0.0.11","4.0.0.2323","PSt7-10","170328-019","7/29/2022 11:23:46 AM","0000-00","0","no battery","V","","µV","","µV"
"08/09/2022","10:16:29","6","default","383292078","Oxt_06","14.445","min","93.484","%a.s.","Humid","21.139","deg","41597","µV","28.010","°C","1016.000","hPa","36.4","pmil","0","55.390","deg","20.000","°C","100.000","%a.s.","21.720","deg","20.000","°C","977.000","hPa","0.861","-0.02617","0.00035","0","0","13.56","Humid","26.25","0","44.00","378485.54","SABD0000000001","AAV1.0.0.11","4.0.0.2323","PSt7-10","170328-019","7/29/2022 11:23:46 AM","0000-00","0","no battery","V","","µV","","µV"
"08/09/2022","10:16:30","6","default","383292078","Oxt_06","14.462","min","93.468","%a.s.","Humid","21.141","deg","41603","µV","28.009","°C","1016.000","hPa","36.4","pmil","0","55.390","deg","20.000","°C","100.000","%a.s.","21.720","deg","20.000","°C","977.000","hPa","0.861","-0.02617","0.00035","0","0","13.56","Humid","26.25","0","44.00","378497.18","SABD0000000001","AAV1.0.0.11","4.0.0.2323","PSt7-10","170328-019","7/29/2022 11:23:46 AM","0000-00","0","no battery","V","","µV","","µV"
"08/09/2022","10:16:31","6","default","383292078","Oxt_06","14.479","min","93.397","%a.s.","Humid","21.139","deg","41604","µV","28.004","°C","1017.000","hPa","36.4","pmil","0","55.390","deg","20.000","°C","100.000","%a.s.","21.720","deg","20.000","°C","977.000","hPa","0.861","-0.02617","0.00035","0","0","13.56","Humid","26.25","0","44.00","378482.39","SABD0000000001","AAV1.0.0.11","4.0.0.2323","PSt7-10","170328-019","7/29/2022 11:23:46 AM","0000-00","0","no battery","V","","µV","","µV"
"08/09/2022","10:16:32","6","default","383292078","Oxt_06","14.495","min","93.383","%a.s.","Humid","21.140","deg","41593","µV","28.011","°C","1017.000","hPa","36.4","pmil","0","55.390","deg","20.000","°C","100.000","%a.s.","21.720","deg","20.000","°C","977.000","hPa","0.861","-0.02617","0.00035","0","0","13.56","Humid","26.25","0","44.00","378495.83","SABD0000000001","AAV1.0.0.11","4.0.0.2323","PSt7-10","170328-019","7/29/2022 11:23:46 AM","0000-00","0","no battery","V","","µV","","µV"
"08/09/2022","10:16:33","6","default","383292078","Oxt_06","14.512","min","93.462","%a.s.","Humid","21.143","deg","41593","µV","27.997","°C","1016.000","hPa","36.4","pmil","0","55.390","deg","20.000","°C","100.000","%a.s.","21.720","deg","20.000","°C","977.000","hPa","0.861","-0.02617","0.00035","0","0","13.56","Humid","26.25","0","44.00","378496.09","SABD0000000001","AAV1.0.0.11","4.0.0.2323","PSt7-10","170328-019","7/29/2022 11:23:46 AM","0000-00","0","no battery","V","","µV","","µV"
"08/09/2022","10:16:34","6","default","383292078","Oxt_06","14.529","min","93.441","%a.s.","Humid","21.133","deg","41595","µV","28.010","°C","1017.000","hPa","36.4","pmil","0","55.390","deg","20.000","°C","100.000","%a.s.","21.720","deg","20.000","°C","977.000","hPa","0.861","-0.02617","0.00035","0","0","13.56","Humid","26.25","0","44.00","378483.73","SABD0000000001","AAV1.0.0.11","4.0.0.2323","PSt7-10","170328-019","7/29/2022 11:23:46 AM","0000-00","0","no battery","V","","µV","","µV"
"08/09/2022","10:16:35","6","default","383292078","Oxt_06","14.545","min","93.532","%a.s.","Humid","21.132","deg","41596","µV","28.021","°C","1016.000","hPa","36.4","pmil","0","55.390","deg","20.000","°C","100.000","%a.s.","21.720","deg","20.000","°C","977.000","hPa","0.861","-0.02617","0.00035","0","0","13.56","Humid","26.25","0","44.00","378493.87","SABD0000000001","AAV1.0.0.11","4.0.0.2323","PSt7-10","170328-019","7/29/2022 11:23:46 AM","0000-00","0","no battery","V","","µV","","µV"
"08/09/2022","10:16:36","6","default","383292078","Oxt_06","14.562","min","93.522","%a.s.","Humid","21.135","deg","41589","µV","28.005","°C","1016.000","hPa","36.4","pmil","0","55.390","deg","20.000","°C","100.000","%a.s.","21.720","deg","20.000","°C","977.000","hPa","0.861","-0.02617","0.00035","0","0","13.56","Humid","26.25","0","44.00","378493.54","SABD0000000001","AAV1.0.0.11","4.0.0.2323","PSt7-10","170328-019","7/29/2022 11:23:46 AM","0000-00","0","no battery","V","","µV","","µV"
"08/09/2022","10:16:37","6","default","383292078","Oxt_06","14.579","min","93.444","%a.s.","Humid","21.134","deg","41587","µV","27.998","°C","1017.000","hPa","36.4","pmil","0","55.390","deg","20.000","°C","100.000","%a.s.","21.720","deg","20.000","°C","977.000","hPa","0.861","-0.02617","0.00035","0","0","13.56","Humid","26.25","0","44.00","378479.72","SABD0000000001","AAV1.0.0.11","4.0.0.2323","PSt7-10","170328-019","7/29/2022 11:23:46 AM","0000-00","0","no battery","V","","µV","","µV"
"08/09/2022","10:16:38","6","default","383292078","Oxt_06","14.595","min","93.492","%a.s.","Humid","21.137","deg","41586","µV","28.019","°C","1016.000","hPa","36.4","pmil","0","55.390","deg","20.000","°C","100.000","%a.s.","21.720","deg","20.000","°C","977.000","hPa","0.861","-0.02617","0.00035","0","0","13.56","Humid","26.25","0","44.00","378477.61","SABD0000000001","AAV1.0.0.11","4.0.0.2323","PSt7-10","170328-019","7/29/2022 11:23:46 AM","0000-00","0","no battery","V","","µV","","µV"
"08/09/2022","10:16:39","6","default","383292078","Oxt_06","14.612","min","93.437","%a.s.","Humid","21.134","deg","41582","µV","28.006","°C","1017.000","hPa","36.4","pmil","0","55.390","deg","20.000","°C","100.000","%a.s.","21.720","deg","20.000","°C","977.000","hPa","0.861","-0.02617","0.00035","0","0","13.56","Humid","26.25","0","44.00","378463.72","SABD0000000001","AAV1.0.0.11","4.0.0.2323","PSt7-10","170328-019","7/29/2022 11:23:46 AM","0000-00","0","no battery","V","","µV","","µV"
"08/09/2022","10:16:40","6","default","383292078","Oxt_06","14.629","min","93.417","%a.s.","Humid","21.135","deg","41581","µV","28.019","°C","1017.000","hPa","36.4","pmil","0","55.390","deg","20.000","°C","100.000","%a.s.","21.720","deg","20.000","°C","977.000","hPa","0.861","-0.02617","0.00035","0","0","13.56","Humid","26.25","0","44.00","378473.36","SABD0000000001","AAV1.0.0.11","4.0.0.2323","PSt7-10","170328-019","7/29/2022 11:23:46 AM","0000-00","0","no battery","V","","µV","","µV"
"08/09/2022","10:16:41","6","default","383292078","Oxt_06","14.645","min","93.465","%a.s.","Humid","21.140","deg","41587","µV","28.021","°C","1016.000","hPa","36.4","pmil","0","55.390","deg","20.000","°C","100.000","%a.s.","21.720","deg","20.000","°C","977.000","hPa","0.861","-0.02617","0.00035","0","0","13.56","Humid","26.25","0","44.00","378477.60","SABD0000000001","AAV1.0.0.11","4.0.0.2323","PSt7-10","170328-019","7/29/2022 11:23:46 AM","0000-00","0","no battery","V","","µV","","µV"
"08/09/2022","10:16:42","6","default","383292078","Oxt_06","14.662","min","93.433","%a.s.","Humid","21.133","deg","41575","µV","28.019","°C","1017.000","hPa","36.4","pmil","0","55.390","deg","20.000","°C","100.000","%a.s.","21.720","deg","20.000","°C","977.000","hPa","0.861","-0.02617","0.00035","0","0","13.56","Humid","26.25","0","44.00","378458.33","SABD0000000001","AAV1.0.0.11","4.0.0.2323","PSt7-10","170328-019","7/29/2022 11:23:46 AM","0000-00","0","no battery","V","","µV","","µV"
"08/09/2022","10:16:43","6","default","383292078","Oxt_06","14.679","min","93.405","%a.s.","Humid","21.139","deg","41573","µV","27.995","°C","1017.000","hPa","36.4","pmil","0","55.390","deg","20.000","°C","100.000","%a.s.","21.720","deg","20.000","°C","977.000","hPa","0.861","-0.02617","0.00035","0","0","13.56","Humid","26.25","0","44.00","378461.58","SABD0000000001","AAV1.0.0.11","4.0.0.2323","PSt7-10","170328-019","7/29/2022 11:23:46 AM","0000-00","0","no battery","V","","µV","","µV"
"08/09/2022","10:16:44","6","default","383292078","Oxt_06","14.695","min","93.568","%a.s.","Humid","21.128","deg","41568","µV","28.018","°C","1016.000","hPa","36.4","pmil","0","55.390","deg","20.000","°C","100.000","%a.s.","21.720","deg","20.000","°C","977.000","hPa","0.861","-0.02617","0.00035","0","0","13.56","Humid","26.25","0","44.00","378450.95","SABD0000000001","AAV1.0.0.11","4.0.0.2323","PSt7-10","170328-019","7/29/2022 11:23:46 AM","0000-00","0","no battery","V","","µV","","µV"
"08/09/2022","10:16:45","6","default","383292078","Oxt_06","14.712","min","93.461","%a.s.","Humid","21.130","deg","41569","µV","28.016","°C","1017.000","hPa","36.4","pmil","0","55.390","deg","20.000","°C","100.000","%a.s.","21.720","deg","20.000","°C","977.000","hPa","0.861","-0.02617","0.00035","0","0","13.56","Humid","26.25","0","44.00","378459.40","SABD0000000001","AAV1.0.0.11","4.0.0.2323","PSt7-10","170328-019","7/29/2022 11:23:46 AM","0000-00","0","no battery","V","","µV","","µV"
"08/09/2022","10:16:46","6","default","383292078","Oxt_06","14.729","min","93.543","%a.s.","Humid","21.131","deg","41570","µV","28.018","°C","1016.000","hPa","36.4","pmil","0","55.390","deg","20.000","°C","100.000","%a.s.","21.720","deg","20.000","°C","977.000","hPa","0.861","-0.02617","0.00035","0","0","13.56","Humid","26.25","0","44.00","378457.09","SABD0000000001","AAV1.0.0.11","4.0.0.2323","PSt7-10","170328-019","7/29/2022 11:23:46 AM","0000-00","0","no battery","V","","µV","","µV"
"08/09/2022","10:16:47","6","default","383292078","Oxt_06","14.746","min","93.493","%a.s.","Humid","21.127","deg","41567","µV","28.008","°C","1017.000","hPa","36.4","pmil","0","55.390","deg","20.000","°C","100.000","%a.s.","21.720","deg","20.000","°C","977.000","hPa","0.861","-0.02617","0.00035","0","0","13.56","Humid","26.25","0","44.00","378454.56","SABD0000000001","AAV1.0.0.11","4.0.0.2323","PSt7-10","170328-019","7/29/2022 11:23:46 AM","0000-00","0","no battery","V","","µV","","µV"
"08/09/2022","10:16:48","6","default","383292078","Oxt_06","14.762","min","93.615","%a.s.","Humid","21.124","deg","41557","µV","28.002","°C","1016.000","hPa","36.4","pmil","0","55.390","deg","20.000","°C","100.000","%a.s.","21.720","deg","20.000","°C","977.000","hPa","0.861","-0.02617","0.00035","0","0","13.56","Humid","26.25","0","44.00","378441.62","SABD0000000001","AAV1.0.0.11","4.0.0.2323","PSt7-10","170328-019","7/29/2022 11:23:46 AM","0000-00","0","no battery","V","","µV","","µV"
"08/09/2022","10:16:49","6","default","383292078","Oxt_06","14.779","min","93.536","%a.s.","Humid","21.132","deg","41561","µV","28.016","°C","1016.000","hPa","36.4","pmil","0","55.390","deg","20.000","°C","100.000","%a.s.","21.720","deg","20.000","°C","977.000","hPa","0.861","-0.02617","0.00035","0","0","13.56","Humid","26.25","0","44.00","378455.59","SABD0000000001","AAV1.0.0.11","4.0.0.2323","PSt7-10","170328-019","7/29/2022 11:23:46 AM","0000-00","0","no battery","V","","µV","","µV"
"08/09/2022","10:16:50","6","default","383292078","Oxt_06","14.796","min","93.469","%a.s.","Humid","21.130","deg","41554","µV","28.007","°C","1017.000","hPa","36.4","pmil","0","55.390","deg","20.000","°C","100.000","%a.s.","21.720","deg","20.000","°C","977.000","hPa","0.861","-0.02617","0.00035","0","0","13.56","Humid","26.25","0","44.00","378454.06","SABD0000000001","AAV1.0.0.11","4.0.0.2323","PSt7-10","170328-019","7/29/2022 11:23:46 AM","0000-00","0","no battery","V","","µV","","µV"
"08/09/2022","10:16:51","6","default","383292078","Oxt_06","14.812","min","93.493","%a.s.","Humid","21.126","deg","41554","µV","28.017","°C","1017.000","hPa","36.4","pmil","0","55.390","deg","20.000","°C","100.000","%a.s.","21.720","deg","20.000","°C","977.000","hPa","0.861","-0.02617","0.00035","0","0","13.56","Humid","26.25","0","44.00","378442.50","SABD0000000001","AAV1.0.0.11","4.0.0.2323","PSt7-10","170328-019","7/29/2022 11:23:46 AM","0000-00","0","no battery","V","","µV","","µV"
"08/09/2022","10:16:52","6","default","383292078","Oxt_06","14.829","min","93.526","%a.s.","Humid","21.123","deg","41555","µV","28.009","°C","1017.000","hPa","36.4","pmil","0","55.390","deg","20.000","°C","100.000","%a.s.","21.720","deg","20.000","°C","977.000","hPa","0.861","-0.02617","0.00035","0","0","13.56","Humid","26.25","0","44.00","378444.51","SABD0000000001","AAV1.0.0.11","4.0.0.2323","PSt7-10","170328-019","7/29/2022 11:23:46 AM","0000-00","0","no battery","V","","µV","","µV"
"08/09/2022","10:16:53","6","default","383292078","Oxt_06","14.846","min","93.570","%a.s.","Humid","21.129","deg","41557","µV","28.006","°C","1016.000","hPa","36.4","pmil","0","55.390","deg","20.000","°C","100.000","%a.s.","21.720","deg","20.000","°C","977.000","hPa","0.861","-0.02617","0.00035","0","0","13.56","Humid","26.25","0","44.00","378448.04","SABD0000000001","AAV1.0.0.11","4.0.0.2323","PSt7-10","170328-019","7/29/2022 11:23:46 AM","0000-00","0","no battery","V","","µV","","µV"
"08/09/2022","10:16:54","6","default","383292078","Oxt_06","14.862","min","93.521","%a.s.","Humid","21.122","deg","41548","µV","28.023","°C","1017.000","hPa","36.4","pmil","0","55.390","deg","20.000","°C","100.000","%a.s.","21.720","deg","20.000","°C","977.000","hPa","0.861","-0.02617","0.00035","0","0","13.56","Humid","26.25","0","44.00","378441.29","SABD0000000001","AAV1.0.0.11","4.0.0.2323","PSt7-10","170328-019","7/29/2022 11:23:46 AM","0000-00","0","no battery","V","","µV","","µV"
"08/09/2022","10:16:55","6","default","383292078","Oxt_06","14.879","min","93.523","%a.s.","Humid","21.120","deg","41550","µV","28.039","°C","1017.000","hPa","36.4","pmil","0","55.390","deg","20.000","°C","100.000","%a.s.","21.720","deg","20.000","°C","977.000","hPa","0.861","-0.02617","0.00035","0","0","13.56","Humid","26.25","0","44.00","378438.20","SABD0000000001","AAV1.0.0.11","4.0.0.2323","PSt7-10","170328-019","7/29/2022 11:23:46 AM","0000-00","0","no battery","V","","µV","","µV"
"08/09/2022","10:16:56","6","default","383292078","Oxt_06","14.896","min","93.491","%a.s.","Humid","21.127","deg","41550","µV","28.011","°C","1017.000","hPa","36.4","pmil","0","55.390","deg","20.000","°C","100.000","%a.s.","21.720","deg","20.000","°C","977.000","hPa","0.861","-0.02617","0.00035","0","0","13.56","Humid","26.25","0","44.00","378444.49","SABD0000000001","AAV1.0.0.11","4.0.0.2323","PSt7-10","170328-019","7/29/2022 11:23:46 AM","0000-00","0","no battery","V","","µV","","µV"
"08/09/2022","10:16:57","6","default","383292078","Oxt_06","14.912","min","93.521","%a.s.","Humid","21.122","deg","41545","µV","28.023","°C","1017.000","hPa","36.4","pmil","0","55.390","deg","20.000","°C","100.000","%a.s.","21.720","deg","20.000","°C","977.000","hPa","0.861","-0.02617","0.00035","0","0","13.56","Humid","26.25","0","44.00","378431.36","SABD0000000001","AAV1.0.0.11","4.0.0.2323","PSt7-10","170328-019","7/29/2022 11:23:46 AM","0000-00","0","no battery","V","","µV","","µV"
"08/09/2022","10:16:58","6","default","383292078","Oxt_06","14.929","min","93.575","%a.s.","Humid","21.127","deg","41543","µV","28.019","°C","1016.000","hPa","36.4","pmil","0","55.390","deg","20.000","°C","100.000","%a.s.","21.720","deg","20.000","°C","977.000","hPa","0.861","-0.02617","0.00035","0","0","13.56","Humid","26.25","0","44.00","378420.37","SABD0000000001","AAV1.0.0.11","4.0.0.2323","PSt7-10","170328-019","7/29/2022 11:23:46 AM","0000-00","0","no battery","V","","µV","","µV"
"08/09/2022","10:16:59","6","default","383292078","Oxt_06","14.946","min","93.686","%a.s.","Humid","21.114","deg","41539","µV","28.016","°C","1016.000","hPa","36.4","pmil","0","55.390","deg","20.000","°C","100.000","%a.s.","21.720","deg","20.000","°C","977.000","hPa","0.861","-0.02617","0.00035","0","0","13.56","Humid","26.25","0","44.00","378432.79","SABD0000000001","AAV1.0.0.11","4.0.0.2323","PSt7-10","170328-019","7/29/2022 11:23:46 AM","0000-00","0","no battery","V","","µV","","µV"
"08/09/2022","10:17:00","6","default","383292078","Oxt_06","14.962","min","93.623","%a.s.","Humid","21.122","deg","41541","µV","28.012","°C","1016.000","hPa","36.4","pmil","0","55.390","deg","20.000","°C","100.000","%a.s.","21.720","deg","20.000","°C","977.000","hPa","0.861","-0.02617","0.00035","0","0","13.56","Humid","26.25","0","44.00","378425.06","SABD0000000001","AAV1.0.0.11","4.0.0.2323","PSt7-10","170328-019","7/29/2022 11:23:46 AM","0000-00","0","no battery","V","","µV","","µV"
"08/09/2022","10:17:01","6","default","383292078","Oxt_06","14.979","min","93.556","%a.s.","Humid","21.119","deg","41537","µV","28.012","°C","1017.000","hPa","36.4","pmil","0","55.390","deg","20.000","°C","100.000","%a.s.","21.720","deg","20.000","°C","977.000","hPa","0.861","-0.02617","0.00035","0","0","13.56","Humid","26.25","0","44.00","378430.78","SABD0000000001","AAV1.0.0.11","4.0.0.2323","PSt7-10","170328-019","7/29/2022 11:23:46 AM","0000-00","0","no battery","V","","µV","","µV"
"08/09/2022","10:17:02","6","default","383292078","Oxt_06","14.996","min","93.563","%a.s.","Humid","21.119","deg","41535","µV","28.004","°C","1017.000","hPa","36.4","pmil","0","55.390","deg","20.000","°C","100.000","%a.s.","21.720","deg","20.000","°C","977.000","hPa","0.861","-0.02617","0.00035","0","0","13.56","Humid","26.25","0","44.00","378415.84","SABD0000000001","AAV1.0.0.11","4.0.0.2323","PSt7-10","170328-019","7/29/2022 11:23:46 AM","0000-00","0","no battery","V","","µV","","µV"
"08/09/2022","10:17:03","6","default","383292078","Oxt_06","15.012","min","93.514","%a.s.","Humid","21.123","deg","41541","µV","28.021","°C","1017.000","hPa","36.4","pmil","0","55.390","deg","20.000","°C","100.000","%a.s.","21.720","deg","20.000","°C","977.000","hPa","0.861","-0.02617","0.00035","0","0","13.56","Humid","26.25","0","44.00","378416.89","SABD0000000001","AAV1.0.0.11","4.0.0.2323","PSt7-10","170328-019","7/29/2022 11:23:46 AM","0000-00","0","no battery","V","","µV","","µV"
"08/09/2022","10:17:04","6","default","383292078","Oxt_06","15.029","min","93.633","%a.s.","Humid","21.110","deg","41538","µV","28.009","°C","1017.000","hPa","36.4","pmil","0","55.390","deg","20.000","°C","100.000","%a.s.","21.720","deg","20.000","°C","977.000","hPa","0.861","-0.02617","0.00035","0","0","13.56","Humid","26.25","0","44.00","378419.50","SABD0000000001","AAV1.0.0.11","4.0.0.2323","PSt7-10","170328-019","7/29/2022 11:23:46 AM","0000-00","0","no battery","V","","µV","","µV"
"08/09/2022","10:17:05","6","default","383292078","Oxt_06","15.046","min","93.704","%a.s.","Humid","21.113","deg","41527","µV","28.005","°C","1016.000","hPa","36.4","pmil","0","55.390","deg","20.000","°C","100.000","%a.s.","21.720","deg","20.000","°C","977.000","hPa","0.861","-0.02617","0.00035","0","0","13.56","Humid","26.25","0","44.00","378421.92","SABD0000000001","AAV1.0.0.11","4.0.0.2323","PSt7-10","170328-019","7/29/2022 11:23:46 AM","0000-00","0","no battery","V","","µV","","µV"
"08/09/2022","10:17:06","6","default","383292078","Oxt_06","15.062","min","93.573","%a.s.","Humid","21.117","deg","41526","µV","28.012","°C","1017.000","hPa","36.4","pmil","0","55.390","deg","20.000","°C","100.000","%a.s.","21.720","deg","20.000","°C","977.000","hPa","0.861","-0.02617","0.00035","0","0","13.56","Humid","26.25","0","44.00","378440.20","SABD0000000001","AAV1.0.0.11","4.0.0.2323","PSt7-10","170328-019","7/29/2022 11:23:46 AM","0000-00","0","no battery","V","","µV","","µV"
"08/09/2022","10:17:07","6","default","383292078","Oxt_06","15.079","min","93.611","%a.s.","Humid","21.123","deg","41532","µV","28.016","°C","1016.000","hPa","36.4","pmil","0","55.390","deg","20.000","°C","100.000","%a.s.","21.720","deg","20.000","°C","977.000","hPa","0.861","-0.02617","0.00035","0","0","13.56","Humid","26.25","0","44.00","378413.68","SABD0000000001","AAV1.0.0.11","4.0.0.2323","PSt7-10","170328-019","7/29/2022 11:23:46 AM","0000-00","0","no battery","V","","µV","","µV"
"08/09/2022","10:17:08","6","default","383292078","Oxt_06","15.096","min","93.622","%a.s.","Humid","21.112","deg","41534","µV","28.003","°C","1017.000","hPa","36.4","pmil","0","55.390","deg","20.000","°C","100.000","%a.s.","21.720","deg","20.000","°C","977.000","hPa","0.861","-0.02617","0.00035","0","0","13.56","Humid","26.25","0","44.00","378412.90","SABD0000000001","AAV1.0.0.11","4.0.0.2323","PSt7-10","170328-019","7/29/2022 11:23:46 AM","0000-00","0","no battery","V","","µV","","µV"
"08/09/2022","10:17:09","6","default","383292078","Oxt_06","15.112","min","93.662","%a.s.","Humid","21.107","deg","41526","µV","28.005","°C","1017.000","hPa","36.4","pmil","0","55.390","deg","20.000","°C","100.000","%a.s.","21.720","deg","20.000","°C","977.000","hPa","0.861","-0.02617","0.00035","0","0","13.56","Humid","26.25","0","44.00","378409.88","SABD0000000001","AAV1.0.0.11","4.0.0.2323","PSt7-10","170328-019","7/29/2022 11:23:46 AM","0000-00","0","no battery","V","","µV","","µV"
"08/09/2022","10:17:10","6","default","383292078","Oxt_06","15.129","min","93.570","%a.s.","Humid","21.117","deg","41525","µV","28.015","°C","1017.000","hPa","36.4","pmil","0","55.390","deg","20.000","°C","100.000","%a.s.","21.720","deg","20.000","°C","977.000","hPa","0.861","-0.02617","0.00035","0","0","13.56","Humid","26.25","0","44.00","378419.11","SABD0000000001","AAV1.0.0.11","4.0.0.2323","PSt7-10","170328-019","7/29/2022 11:23:46 AM","0000-00","0","no battery","V","","µV","","µV"
"08/09/2022","10:17:11","6","default","383292078","Oxt_06","15.146","min","93.641","%a.s.","Humid","21.120","deg","41529","µV","28.011","°C","1016.000","hPa","36.4","pmil","0","55.390","deg","20.000","°C","100.000","%a.s.","21.720","deg","20.000","°C","977.000","hPa","0.861","-0.02617","0.00035","0","0","13.56","Humid","26.25","0","44.00","378420.44","SABD0000000001","AAV1.0.0.11","4.0.0.2323","PSt7-10","170328-019","7/29/2022 11:23:46 AM","0000-00","0","no battery","V","","µV","","µV"
"08/09/2022","10:17:12","6","default","383292078","Oxt_06","15.162","min","93.724","%a.s.","Humid","21.111","deg","41522","µV","28.001","°C","1016.000","hPa","36.4","pmil","0","55.390","deg","20.000","°C","100.000","%a.s.","21.720","deg","20.000","°C","977.000","hPa","0.861","-0.02617","0.00035","0","0","13.56","Humid","26.25","0","44.00","378408.46","SABD0000000001","AAV1.0.0.11","4.0.0.2323","PSt7-10","170328-019","7/29/2022 11:23:46 AM","0000-00","0","no battery","V","","µV","","µV"
"08/09/2022","10:17:13","6","default","383292078","Oxt_06","15.179","min","93.597","%a.s.","Humid","21.114","deg","41524","µV","28.012","°C","1017.000","hPa","36.4","pmil","0","55.390","deg","20.000","°C","100.000","%a.s.","21.720","deg","20.000","°C","977.000","hPa","0.861","-0.02617","0.00035","0","0","13.56","Humid","26.25","0","44.00","378420.98","SABD0000000001","AAV1.0.0.11","4.0.0.2323","PSt7-10","170328-019","7/29/2022 11:23:46 AM","0000-00","0","no battery","V","","µV","","µV"
"08/09/2022","10:17:14","6","default","383292078","Oxt_06","15.196","min","93.645","%a.s.","Humid","21.117","deg","41518","µV","28.034","°C","1016.000","hPa","36.4","pmil","0","55.390","deg","20.000","°C","100.000","%a.s.","21.720","deg","20.000","°C","977.000","hPa","0.861","-0.02617","0.00035","0","0","13.56","Humid","26.25","0","44.00","378409.65","SABD0000000001","AAV1.0.0.11","4.0.0.2323","PSt7-10","170328-019","7/29/2022 11:23:46 AM","0000-00","0","no battery","V","","µV","","µV"
"08/09/2022","10:17:15","6","default","383292078","Oxt_06","15.212","min","93.667","%a.s.","Humid","21.104","deg","41516","µV","28.027","°C","1017.000","hPa","36.4","pmil","0","55.390","deg","20.000","°C","100.000","%a.s.","21.720","deg","20.000","°C","977.000","hPa","0.861","-0.02617","0.00035","0","0","13.56","Humid","26.25","0","44.00","378404.92","SABD0000000001","AAV1.0.0.11","4.0.0.2323","PSt7-10","170328-019","7/29/2022 11:23:46 AM","0000-00","0","no battery","V","","µV","","µV"
"08/09/2022","10:17:16","6","default","383292078","Oxt_06","15.229","min","93.737","%a.s.","Humid","21.107","deg","41509","µV","28.023","°C","1016.000","hPa","36.4","pmil","0","55.390","deg","20.000","°C","100.000","%a.s.","21.720","deg","20.000","°C","977.000","hPa","0.861","-0.02617","0.00035","0","0","13.56","Humid","26.25","0","44.00","378403.86","SABD0000000001","AAV1.0.0.11","4.0.0.2323","PSt7-10","170328-019","7/29/2022 11:23:46 AM","0000-00","0","no battery","V","","µV","","µV"
"08/09/2022","10:17:17","6","default","383292078","Oxt_06","15.246","min","93.584","%a.s.","Humid","21.114","deg","41514","µV","28.026","°C","1017.000","hPa","36.4","pmil","0","55.390","deg","20.000","°C","100.000","%a.s.","21.720","deg","20.000","°C","977.000","hPa","0.861","-0.02617","0.00035","0","0","13.56","Humid","26.25","0","44.00","378408.48","SABD0000000001","AAV1.0.0.11","4.0.0.2323","PSt7-10","170328-019","7/29/2022 11:23:46 AM","0000-00","0","no battery","V","","µV","","µV"
"08/09/2022","10:17:18","6","default","383292078","Oxt_06","15.262","min","93.584","%a.s.","Humid","21.114","deg","41513","µV","28.026","°C","1017.000","hPa","36.4","pmil","0","55.390","deg","20.000","°C","100.000","%a.s.","21.720","deg","20.000","°C","977.000","hPa","0.861","-0.02617","0.00035","0","0","13.56","Humid","26.25","0","44.00","378406.14","SABD0000000001","AAV1.0.0.11","4.0.0.2323","PSt7-10","170328-019","7/29/2022 11:23:46 AM","0000-00","0","no battery","V","","µV","","µV"
"08/09/2022","10:17:19","6","default","383292078","Oxt_06","15.279","min","93.628","%a.s.","Humid","21.109","deg","41508","µV","28.024","°C","1017.000","hPa","36.4","pmil","0","55.390","deg","20.000","°C","100.000","%a.s.","21.720","deg","20.000","°C","977.000","hPa","0.861","-0.02617","0.00035","0","0","13.56","Humid","26.25","0","44.00","378412.11","SABD0000000001","AAV1.0.0.11","4.0.0.2323","PSt7-10","170328-019","7/29/2022 11:23:46 AM","0000-00","0","no battery","V","","µV","","µV"
"08/09/2022","10:17:20","6","default","383292078","Oxt_06","15.296","min","93.644","%a.s.","Humid","21.109","deg","41505","µV","28.006","°C","1017.000","hPa","36.4","pmil","0","55.390","deg","20.000","°C","100.000","%a.s.","21.720","deg","20.000","°C","977.000","hPa","0.861","-0.02617","0.00035","0","0","13.56","Humid","26.25","0","44.00","378394.89","SABD0000000001","AAV1.0.0.11","4.0.0.2323","PSt7-10","170328-019","7/29/2022 11:23:46 AM","0000-00","0","no battery","V","","µV","","µV"
"08/09/2022","10:17:21","6","default","383292078","Oxt_06","15.312","min","93.772","%a.s.","Humid","21.106","deg","41499","µV","27.994","°C","1016.000","hPa","36.4","pmil","0","55.390","deg","20.000","°C","100.000","%a.s.","21.720","deg","20.000","°C","977.000","hPa","0.861","-0.02617","0.00035","0","0","13.56","Humid","26.25","0","44.00","378392.90","SABD0000000001","AAV1.0.0.11","4.0.0.2323","PSt7-10","170328-019","7/29/2022 11:23:46 AM","0000-00","0","no battery","V","","µV","","µV"
"08/09/2022","10:17:22","6","default","383292078","Oxt_06","15.329","min","93.586","%a.s.","Humid","21.114","deg","41502","µV","28.024","°C","1017.000","hPa","36.4","pmil","0","55.390","deg","20.000","°C","100.000","%a.s.","21.720","deg","20.000","°C","977.000","hPa","0.861","-0.02617","0.00035","0","0","13.56","Humid","26.25","0","44.00","378406.43","SABD0000000001","AAV1.0.0.11","4.0.0.2323","PSt7-10","170328-019","7/29/2022 11:23:46 AM","0000-00","0","no battery","V","","µV","","µV"
"08/09/2022","10:17:23","6","default","383292078","Oxt_06","15.346","min","93.602","%a.s.","Humid","21.112","deg","41498","µV","28.025","°C","1017.000","hPa","36.4","pmil","0","55.390","deg","20.000","°C","100.000","%a.s.","21.720","deg","20.000","°C","977.000","hPa","0.861","-0.02617","0.00035","0","0","13.56","Humid","26.25","0","44.00","378401.99","SABD0000000001","AAV1.0.0.11","4.0.0.2323","PSt7-10","170328-019","7/29/2022 11:23:46 AM","0000-00","0","no battery","V","","µV","","µV"
"08/09/2022","10:17:24","6","default","383292078","Oxt_06","15.362","min","93.600","%a.s.","Humid","21.112","deg","41500","µV","28.027","°C","1017.000","hPa","36.4","pmil","0","55.390","deg","20.000","°C","100.000","%a.s.","21.720","deg","20.000","°C","977.000","hPa","0.861","-0.02617","0.00035","0","0","13.56","Humid","26.25","0","44.00","378386.10","SABD0000000001","AAV1.0.0.11","4.0.0.2323","PSt7-10","170328-019","7/29/2022 11:23:46 AM","0000-00","0","no battery","V","","µV","","µV"
"08/09/2022","10:17:25","6","default","383292078","Oxt_06","15.379","min","93.744","%a.s.","Humid","21.107","deg","41503","µV","28.016","°C","1016.000","hPa","36.4","pmil","0","55.390","deg","20.000","°C","100.000","%a.s.","21.720","deg","20.000","°C","977.000","hPa","0.861","-0.02617","0.00035","0","0","13.56","Humid","26.25","0","44.00","378382.30","SABD0000000001","AAV1.0.0.11","4.0.0.2323","PSt7-10","170328-019","7/29/2022 11:23:46 AM","0000-00","0","no battery","V","","µV","","µV"
"08/09/2022","10:17:26","6","default","383292078","Oxt_06","15.396","min","93.657","%a.s.","Humid","21.108","deg","41502","µV","28.001","°C","1017.000","hPa","36.4","pmil","0","55.390","deg","20.000","°C","100.000","%a.s.","21.720","deg","20.000","°C","977.000","hPa","0.861","-0.02617","0.00035","0","0","13.56","Humid","26.25","0","44.00","378389.43","SABD0000000001","AAV1.0.0.11","4.0.0.2323","PSt7-10","170328-019","7/29/2022 11:23:46 AM","0000-00","0","no battery","V","","µV","","µV"
"08/09/2022","10:17:27","6","default","383292078","Oxt_06","15.412","min","93.703","%a.s.","Humid","21.102","deg","41497","µV","28.004","°C","1017.000","hPa","36.4","pmil","0","55.390","deg","20.000","°C","100.000","%a.s.","21.720","deg","20.000","°C","977.000","hPa","0.861","-0.02617","0.00035","0","0","13.56","Humid","26.25","0","44.00","378390.93","SABD0000000001","AAV1.0.0.11","4.0.0.2323","PSt7-10","170328-019","7/29/2022 11:23:46 AM","0000-00","0","no battery","V","","µV","","µV"
"08/09/2022","10:17:28","6","default","383292078","Oxt_06","15.429","min","93.731","%a.s.","Humid","21.109","deg","41495","µV","28.012","°C","1016.000","hPa","36.4","pmil","0","55.390","deg","20.000","°C","100.000","%a.s.","21.720","deg","20.000","°C","977.000","hPa","0.861","-0.02617","0.00035","0","0","13.56","Humid","26.25","0","44.00","378393.67","SABD0000000001","AAV1.0.0.11","4.0.0.2323","PSt7-10","170328-019","7/29/2022 11:23:46 AM","0000-00","0","no battery","V","","µV","","µV"
"08/09/2022","10:17:29","6","default","383292078","Oxt_06","15.446","min","93.615","%a.s.","Humid","21.112","deg","41490","µV","28.011","°C","1017.000","hPa","36.4","pmil","0","55.390","deg","20.000","°C","100.000","%a.s.","21.720","deg","20.000","°C","977.000","hPa","0.861","-0.02617","0.00035","0","0","13.56","Humid","26.25","0","44.00","378377.66","SABD0000000001","AAV1.0.0.11","4.0.0.2323","PSt7-10","170328-019","7/29/2022 11:23:46 AM","0000-00","0","no battery","V","","µV","","µV"
"08/09/2022","10:17:30","6","default","383292078","Oxt_06","15.463","min","93.753","%a.s.","Humid","21.106","deg","41499","µV","28.014","°C","1016.000","hPa","36.4","pmil","0","55.390","deg","20.000","°C","100.000","%a.s.","21.720","deg","20.000","°C","977.000","hPa","0.861","-0.02617","0.00035","0","0","13.56","Humid","26.25","0","44.00","378378.80","SABD0000000001","AAV1.0.0.11","4.0.0.2323","PSt7-10","170328-019","7/29/2022 11:23:46 AM","0000-00","0","no battery","V","","µV","","µV"
"08/09/2022","10:17:31","6","default","383292078","Oxt_06","15.479","min","93.670","%a.s.","Humid","21.106","deg","41489","µV","28.005","°C","1017.000","hPa","36.4","pmil","0","55.390","deg","20.000","°C","100.000","%a.s.","21.720","deg","20.000","°C","977.000","hPa","0.861","-0.02617","0.00035","0","0","13.56","Humid","26.25","0","44.00","378383.08","SABD0000000001","AAV1.0.0.11","4.0.0.2323","PSt7-10","170328-019","7/29/2022 11:23:46 AM","0000-00","0","no battery","V","","µV","","µV"
"08/09/2022","10:17:32","6","default","383292078","Oxt_06","15.496","min","93.666","%a.s.","Humid","21.106","deg","41486","µV","28.009","°C","1017.000","hPa","36.4","pmil","0","55.390","deg","20.000","°C","100.000","%a.s.","21.720","deg","20.000","°C","977.000","hPa","0.861","-0.02617","0.00035","0","0","13.56","Humid","26.25","0","44.00","378393.71","SABD0000000001","AAV1.0.0.11","4.0.0.2323","PSt7-10","170328-019","7/29/2022 11:23:46 AM","0000-00","0","no battery","V","","µV","","µV"
"08/09/2022","10:17:33","6","default","383292078","Oxt_06","15.513","min","93.769","%a.s.","Humid","21.103","deg","41486","µV","28.025","°C","1016.000","hPa","36.4","pmil","0","55.390","deg","20.000","°C","100.000","%a.s.","21.720","deg","20.000","°C","977.000","hPa","0.861","-0.02617","0.00035","0","0","13.56","Humid","26.25","0","44.00","378373.35","SABD0000000001","AAV1.0.0.11","4.0.0.2323","PSt7-10","170328-019","7/29/2022 11:23:46 AM","0000-00","0","no battery","V","","µV","","µV"
"08/09/2022","10:17:34","6","default","383292078","Oxt_06","15.529","min","93.671","%a.s.","Humid","21.103","deg","41491","µV","28.031","°C","1017.000","hPa","36.4","pmil","0","55.390","deg","20.000","°C","100.000","%a.s.","21.720","deg","20.000","°C","977.000","hPa","0.861","-0.02617","0.00035","0","0","13.56","Humid","26.25","0","44.00","378384.96","SABD0000000001","AAV1.0.0.11","4.0.0.2323","PSt7-10","170328-019","7/29/2022 11:23:46 AM","0000-00","0","no battery","V","","µV","","µV"
"08/09/2022","10:17:35","6","default","383292078","Oxt_06","15.546","min","93.692","%a.s.","Humid","21.101","deg","41482","µV","28.027","°C","1017.000","hPa","36.4","pmil","0","55.390","deg","20.000","°C","100.000","%a.s.","21.720","deg","20.000","°C","977.000","hPa","0.861","-0.02617","0.00035","0","0","13.56","Humid","26.25","0","44.00","378372.85","SABD0000000001","AAV1.0.0.11","4.0.0.2323","PSt7-10","170328-019","7/29/2022 11:23:46 AM","0000-00","0","no battery","V","","µV","","µV"
"08/09/2022","10:17:36","6","default","383292078","Oxt_06","15.563","min","93.682","%a.s.","Humid","21.102","deg","41480","µV","28.028","°C","1017.000","hPa","36.4","pmil","0","55.390","deg","20.000","°C","100.000","%a.s.","21.720","deg","20.000","°C","977.000","hPa","0.861","-0.02617","0.00035","0","0","13.56","Humid","26.25","0","44.00","378385.05","SABD0000000001","AAV1.0.0.11","4.0.0.2323","PSt7-10","170328-019","7/29/2022 11:23:46 AM","0000-00","0","no battery","V","","µV","","µV"
"08/09/2022","10:17:37","6","default","383292078","Oxt_06","15.579","min","93.670","%a.s.","Humid","21.104","deg","41475","µV","28.023","°C","1017.000","hPa","36.4","pmil","0","55.390","deg","20.000","°C","100.000","%a.s.","21.720","deg","20.000","°C","977.000","hPa","0.861","-0.02617","0.00035","0","0","13.56","Humid","26.25","0","44.00","378370.43","SABD0000000001","AAV1.0.0.11","4.0.0.2323","PSt7-10","170328-019","7/29/2022 11:23:46 AM","0000-00","0","no battery","V","","µV","","µV"
"08/09/2022","10:17:38","6","default","383292078","Oxt_06","15.596","min","93.662","%a.s.","Humid","21.105","deg","41482","µV","28.022","°C","1017.000","hPa","36.4","pmil","0","55.390","deg","20.000","°C","100.000","%a.s.","21.720","deg","20.000","°C","977.000","hPa","0.861","-0.02617","0.00035","0","0","13.56","Humid","26.25","0","44.00","378358.13","SABD0000000001","AAV1.0.0.11","4.0.0.2323","PSt7-10","170328-019","7/29/2022 11:23:46 AM","0000-00","0","no battery","V","","µV","","µV"
"08/09/2022","10:17:39","6","default","383292078","Oxt_06","15.613","min","93.736","%a.s.","Humid","21.097","deg","41478","µV","28.014","°C","1017.000","hPa","36.4","pmil","0","55.390","deg","20.000","°C","100.000","%a.s.","21.720","deg","20.000","°C","977.000","hPa","0.861","-0.02617","0.00035","0","0","13.56","Humid","26.25","0","44.00","378361.39","SABD0000000001","AAV1.0.0.11","4.0.0.2323","PSt7-10","170328-019","7/29/2022 11:23:46 AM","0000-00","0","no battery","V","","µV","","µV"
"08/09/2022","10:17:40","6","default","383292078","Oxt_06","15.629","min","93.805","%a.s.","Humid","21.100","deg","41474","µV","28.012","°C","1016.000","hPa","36.4","pmil","0","55.390","deg","20.000","°C","100.000","%a.s.","21.720","deg","20.000","°C","977.000","hPa","0.861","-0.02617","0.00035","0","0","13.56","Humid","26.25","0","44.00","378359.90","SABD0000000001","AAV1.0.0.11","4.0.0.2323","PSt7-10","170328-019","7/29/2022 11:23:46 AM","0000-00","0","no battery","V","","µV","","µV"
"08/09/2022","10:17:41","6","default","383292078","Oxt_06","15.646","min","93.588","%a.s.","Humid","21.114","deg","41477","µV","28.023","°C","1017.000","hPa","36.4","pmil","0","55.390","deg","20.000","°C","100.000","%a.s.","21.720","deg","20.000","°C","977.000","hPa","0.861","-0.02617","0.00035","0","0","13.56","Humid","26.25","0","44.00","378360.42","SABD0000000001","AAV1.0.0.11","4.0.0.2323","PSt7-10","170328-019","7/29/2022 11:23:46 AM","0000-00","0","no battery","V","","µV","","µV"
"08/09/2022","10:17:42","6","default","383292078","Oxt_06","15.662","min","93.668","%a.s.","Humid","21.104","deg","41476","µV","28.025","°C","1017.000","hPa","36.4","pmil","0","55.390","deg","20.000","°C","100.000","%a.s.","21.720","deg","20.000","°C","977.000","hPa","0.861","-0.02617","0.00035","0","0","13.56","Humid","26.25","0","44.00","378361.00","SABD0000000001","AAV1.0.0.11","4.0.0.2323","PSt7-10","170328-019","7/29/2022 11:23:46 AM","0000-00","0","no battery","V","","µV","","µV"
"08/09/2022","10:17:43","6","default","383292078","Oxt_06","15.679","min","93.786","%a.s.","Humid","21.101","deg","41472","µV","28.024","°C","1016.000","hPa","36.4","pmil","0","55.390","deg","20.000","°C","100.000","%a.s.","21.720","deg","20.000","°C","977.000","hPa","0.861","-0.02617","0.00035","0","0","13.56","Humid","26.25","0","44.00","378376.21","SABD0000000001","AAV1.0.0.11","4.0.0.2323","PSt7-10","170328-019","7/29/2022 11:23:46 AM","0000-00","0","no battery","V","","µV","","µV"
"08/09/2022","10:17:44","6","default","383292078","Oxt_06","15.696","min","93.837","%a.s.","Humid","21.094","deg","41470","µV","28.033","°C","1016.000","hPa","36.4","pmil","0","55.390","deg","20.000","°C","100.000","%a.s.","21.720","deg","20.000","°C","977.000","hPa","0.861","-0.02617","0.00035","0","0","13.56","Humid","26.25","0","44.00","378378.67","SABD0000000001","AAV1.0.0.11","4.0.0.2323","PSt7-10","170328-019","7/29/2022 11:23:46 AM","0000-00","0","no battery","V","","µV","","µV"
"08/09/2022","10:17:45","6","default","383292078","Oxt_06","15.713","min","93.705","%a.s.","Humid","21.100","deg","41473","µV","28.021","°C","1017.000","hPa","36.4","pmil","0","55.390","deg","20.000","°C","100.000","%a.s.","21.720","deg","20.000","°C","977.000","hPa","0.861","-0.02617","0.00035","0","0","13.56","Humid","26.25","0","44.00","378367.19","SABD0000000001","AAV1.0.0.11","4.0.0.2323","PSt7-10","170328-019","7/29/2022 11:23:46 AM","0000-00","0","no battery","V","","µV","","µV"
"08/09/2022","10:17:46","6","default","383292078","Oxt_06","15.729","min","93.845","%a.s.","Humid","21.095","deg","41460","µV","28.014","°C","1016.000","hPa","36.4","pmil","0","55.390","deg","20.000","°C","100.000","%a.s.","21.720","deg","20.000","°C","977.000","hPa","0.861","-0.02617","0.00035","0","0","13.56","Humid","26.25","0","44.00","378369.74","SABD0000000001","AAV1.0.0.11","4.0.0.2323","PSt7-10","170328-019","7/29/2022 11:23:46 AM","0000-00","0","no battery","V","","µV","","µV"
"08/09/2022","10:17:47","6","default","383292078","Oxt_06","15.746","min","93.774","%a.s.","Humid","21.091","deg","41459","µV","28.027","°C","1017.000","hPa","36.4","pmil","0","55.390","deg","20.000","°C","100.000","%a.s.","21.720","deg","20.000","°C","977.000","hPa","0.861","-0.02617","0.00035","0","0","13.56","Humid","26.25","0","44.00","378353.47","SABD0000000001","AAV1.0.0.11","4.0.0.2323","PSt7-10","170328-019","7/29/2022 11:23:46 AM","0000-00","0","no battery","V","","µV","","µV"
"08/09/2022","10:17:48","6","default","383292078","Oxt_06","15.762","min","93.754","%a.s.","Humid","21.096","deg","41456","µV","28.004","°C","1017.000","hPa","36.4","pmil","0","55.390","deg","20.000","°C","100.000","%a.s.","21.720","deg","20.000","°C","977.000","hPa","0.861","-0.02617","0.00035","0","0","13.56","Humid","26.25","0","44.00","378364.03","SABD0000000001","AAV1.0.0.11","4.0.0.2323","PSt7-10","170328-019","7/29/2022 11:23:46 AM","0000-00","0","no battery","V","","µV","","µV"
"08/09/2022","10:17:49","6","default","383292078","Oxt_06","15.779","min","93.756","%a.s.","Humid","21.095","deg","41466","µV","28.011","°C","1017.000","hPa","36.4","pmil","0","55.390","deg","20.000","°C","100.000","%a.s.","21.720","deg","20.000","°C","977.000","hPa","0.861","-0.02617","0.00035","0","0","13.56","Humid","26.25","0","44.00","378368.94","SABD0000000001","AAV1.0.0.11","4.0.0.2323","PSt7-10","170328-019","7/29/2022 11:23:46 AM","0000-00","0","no battery","V","","µV","","µV"
"08/09/2022","10:17:50","6","default","383292078","Oxt_06","15.795","min","93.815","%a.s.","Humid","21.088","deg","41449","µV","28.010","°C","1017.000","hPa","36.4","pmil","0","55.390","deg","20.000","°C","100.000","%a.s.","21.720","deg","20.000","°C","977.000","hPa","0.861","-0.02617","0.00035","0","0","13.56","Humid","26.25","0","44.00","378361.15","SABD0000000001","AAV1.0.0.11","4.0.0.2323","PSt7-10","170328-019","7/29/2022 11:23:46 AM","0000-00","0","no battery","V","","µV","","µV"
"08/09/2022","10:17:51","6","default","383292078","Oxt_06","15.812","min","93.742","%a.s.","Humid","21.095","deg","41447","µV","28.026","°C","1017.000","hPa","36.4","pmil","0","55.390","deg","20.000","°C","100.000","%a.s.","21.720","deg","20.000","°C","977.000","hPa","0.861","-0.02617","0.00035","0","0","13.56","Humid","26.25","0","44.00","378353.48","SABD0000000001","AAV1.0.0.11","4.0.0.2323","PSt7-10","170328-019","7/29/2022 11:23:46 AM","0000-00","0","no battery","V","","µV","","µV"
"08/09/2022","10:17:52","6","default","383292078","Oxt_06","15.829","min","93.915","%a.s.","Humid","21.085","deg","41451","µV","28.029","°C","1016.000","hPa","36.4","pmil","0","55.390","deg","20.000","°C","100.000","%a.s.","21.720","deg","20.000","°C","977.000","hPa","0.861","-0.02617","0.00035","0","0","13.56","Humid","26.25","0","44.00","378358.60","SABD0000000001","AAV1.0.0.11","4.0.0.2323","PSt7-10","170328-019","7/29/2022 11:23:46 AM","0000-00","0","no battery","V","","µV","","µV"
"08/09/2022","10:17:53","6","default","383292078","Oxt_06","15.845","min","93.763","%a.s.","Humid","21.093","deg","41446","µV","28.022","°C","1017.000","hPa","36.4","pmil","0","55.390","deg","20.000","°C","100.000","%a.s.","21.720","deg","20.000","°C","977.000","hPa","0.861","-0.02617","0.00035","0","0","13.56","Humid","26.25","0","44.00","378352.18","SABD0000000001","AAV1.0.0.11","4.0.0.2323","PSt7-10","170328-019","7/29/2022 11:23:46 AM","0000-00","0","no battery","V","","µV","","µV"
"08/09/2022","10:17:54","6","default","383292078","Oxt_06","15.862","min","93.887","%a.s.","Humid","21.089","deg","41450","µV","28.023","°C","1016.000","hPa","36.4","pmil","0","55.390","deg","20.000","°C","100.000","%a.s.","21.720","deg","20.000","°C","977.000","hPa","0.861","-0.02617","0.00035","0","0","13.56","Humid","26.25","0","44.00","378350.68","SABD0000000001","AAV1.0.0.11","4.0.0.2323","PSt7-10","170328-019","7/29/2022 11:23:46 AM","0000-00","0","no battery","V","","µV","","µV"
"08/09/2022","10:17:55","6","default","383292078","Oxt_06","15.879","min","93.808","%a.s.","Humid","21.087","deg","41446","µV","28.027","°C","1017.000","hPa","36.4","pmil","0","55.390","deg","20.000","°C","100.000","%a.s.","21.720","deg","20.000","°C","977.000","hPa","0.861","-0.02617","0.00035","0","0","13.56","Humid","26.25","0","44.00","378356.96","SABD0000000001","AAV1.0.0.11","4.0.0.2323","PSt7-10","170328-019","7/29/2022 11:23:46 AM","0000-00","0","no battery","V","","µV","","µV"
"08/09/2022","10:17:56","6","default","383292078","Oxt_06","15.895","min","93.754","%a.s.","Humid","21.094","deg","41446","µV","28.022","°C","1017.000","hPa","36.4","pmil","0","55.390","deg","20.000","°C","100.000","%a.s.","21.720","deg","20.000","°C","977.000","hPa","0.861","-0.02617","0.00035","0","0","13.56","Humid","26.25","0","44.00","378353.38","SABD0000000001","AAV1.0.0.11","4.0.0.2323","PSt7-10","170328-019","7/29/2022 11:23:46 AM","0000-00","0","no battery","V","","µV","","µV"
"08/09/2022","10:17:57","6","default","383292078","Oxt_06","15.912","min","93.746","%a.s.","Humid","21.094","deg","41444","µV","28.031","°C","1017.000","hPa","36.4","pmil","0","55.390","deg","20.000","°C","100.000","%a.s.","21.720","deg","20.000","°C","977.000","hPa","0.861","-0.02617","0.00035","0","0","13.56","Humid","26.25","0","44.00","378350.14","SABD0000000001","AAV1.0.0.11","4.0.0.2323","PSt7-10","170328-019","7/29/2022 11:23:46 AM","0000-00","0","no battery","V","","µV","","µV"
"08/09/2022","10:17:58","6","default","383292078","Oxt_06","15.929","min","93.922","%a.s.","Humid","21.085","deg","41448","µV","28.021","°C","1016.000","hPa","36.4","pmil","0","55.390","deg","20.000","°C","100.000","%a.s.","21.720","deg","20.000","°C","977.000","hPa","0.861","-0.02617","0.00035","0","0","13.56","Humid","26.25","0","44.00","378362.78","SABD0000000001","AAV1.0.0.11","4.0.0.2323","PSt7-10","170328-019","7/29/2022 11:23:46 AM","0000-00","0","no battery","V","","µV","","µV"
"08/09/2022","10:17:59","6","default","383292078","Oxt_06","15.945","min","93.780","%a.s.","Humid","21.092","deg","41440","µV","28.012","°C","1017.000","hPa","36.4","pmil","0","55.390","deg","20.000","°C","100.000","%a.s.","21.720","deg","20.000","°C","977.000","hPa","0.861","-0.02617","0.00035","0","0","13.56","Humid","26.25","0","44.00","378340.08","SABD0000000001","AAV1.0.0.11","4.0.0.2323","PSt7-10","170328-019","7/29/2022 11:23:46 AM","0000-00","0","no battery","V","","µV","","µV"
"08/09/2022","10:18:00","6","default","383292078","Oxt_06","15.962","min","93.942","%a.s.","Humid","21.083","deg","41442","µV","28.017","°C","1016.000","hPa","36.4","pmil","0","55.390","deg","20.000","°C","100.000","%a.s.","21.720","deg","20.000","°C","977.000","hPa","0.861","-0.02617","0.00035","0","0","13.56","Humid","26.25","0","44.00","378342.53","SABD0000000001","AAV1.0.0.11","4.0.0.2323","PSt7-10","170328-019","7/29/2022 11:23:46 AM","0000-00","0","no battery","V","","µV","","µV"
"08/09/2022","10:18:01","6","default","383292078","Oxt_06","15.979","min","93.908","%a.s.","Humid","21.076","deg","41436","µV","28.017","°C","1017.000","hPa","36.4","pmil","0","55.390","deg","20.000","°C","100.000","%a.s.","21.720","deg","20.000","°C","977.000","hPa","0.861","-0.02617","0.00035","0","0","13.56","Humid","26.25","0","44.00","378343.00","SABD0000000001","AAV1.0.0.11","4.0.0.2323","PSt7-10","170328-019","7/29/2022 11:23:46 AM","0000-00","0","no battery","V","","µV","","µV"
"08/09/2022","10:18:02","6","default","383292078","Oxt_06","15.995","min","93.883","%a.s.","Humid","21.088","deg","41430","µV","28.037","°C","1016.000","hPa","36.4","pmil","0","55.390","deg","20.000","°C","100.000","%a.s.","21.720","deg","20.000","°C","977.000","hPa","0.861","-0.02617","0.00035","0","0","13.56","Humid","26.25","0","44.00","378335.46","SABD0000000001","AAV1.0.0.11","4.0.0.2323","PSt7-10","170328-019","7/29/2022 11:23:46 AM","0000-00","0","no battery","V","","µV","","µV"
"08/09/2022","10:18:03","6","default","383292078","Oxt_06","16.012","min","93.786","%a.s.","Humid","21.091","deg","41430","µV","28.015","°C","1017.000","hPa","36.4","pmil","0","55.390","deg","20.000","°C","100.000","%a.s.","21.720","deg","20.000","°C","977.000","hPa","0.861","-0.02617","0.00035","0","0","13.56","Humid","26.25","0","44.00","378334.90","SABD0000000001","AAV1.0.0.11","4.0.0.2323","PSt7-10","170328-019","7/29/2022 11:23:46 AM","0000-00","0","no battery","V","","µV","","µV"
"08/09/2022","10:18:04","6","default","383292078","Oxt_06","16.029","min","93.851","%a.s.","Humid","21.084","deg","41431","µV","28.007","°C","1017.000","hPa","36.4","pmil","0","55.390","deg","20.000","°C","100.000","%a.s.","21.720","deg","20.000","°C","977.000","hPa","0.861","-0.02617","0.00035","0","0","13.56","Humid","26.25","0","44.00","378325.74","SABD0000000001","AAV1.0.0.11","4.0.0.2323","PSt7-10","170328-019","7/29/2022 11:23:46 AM","0000-00","0","no battery","V","","µV","","µV"
"08/09/2022","10:18:05","6","default","383292078","Oxt_06","16.045","min","93.830","%a.s.","Humid","21.084","deg","41427","µV","28.030","°C","1017.000","hPa","36.4","pmil","0","55.390","deg","20.000","°C","100.000","%a.s.","21.720","deg","20.000","°C","977.000","hPa","0.861","-0.02617","0.00035","0","0","13.56","Humid","26.25","0","44.00","378335.65","SABD0000000001","AAV1.0.0.11","4.0.0.2323","PSt7-10","170328-019","7/29/2022 11:23:46 AM","0000-00","0","no battery","V","","µV","","µV"
"08/09/2022","10:18:06","6","default","383292078","Oxt_06","16.062","min","93.893","%a.s.","Humid","21.077","deg","41430","µV","28.025","°C","1017.000","hPa","36.4","pmil","0","55.390","deg","20.000","°C","100.000","%a.s.","21.720","deg","20.000","°C","977.000","hPa","0.861","-0.02617","0.00035","0","0","13.56","Humid","26.25","0","44.00","378323.04","SABD0000000001","AAV1.0.0.11","4.0.0.2323","PSt7-10","170328-019","7/29/2022 11:23:46 AM","0000-00","0","no battery","V","","µV","","µV"
"08/09/2022","10:18:07","6","default","383292078","Oxt_06","16.079","min","93.942","%a.s.","Humid","21.083","deg","41422","µV","28.017","°C","1016.000","hPa","36.4","pmil","0","55.390","deg","20.000","°C","100.000","%a.s.","21.720","deg","20.000","°C","977.000","hPa","0.861","-0.02617","0.00035","0","0","13.56","Humid","26.25","0","44.00","378337.38","SABD0000000001","AAV1.0.0.11","4.0.0.2323","PSt7-10","170328-019","7/29/2022 11:23:46 AM","0000-00","0","no battery","V","","µV","","µV"
"08/09/2022","10:18:08","6","default","383292078","Oxt_06","16.095","min","93.923","%a.s.","Humid","21.085","deg","41420","µV","28.020","°C","1016.000","hPa","36.4","pmil","0","55.390","deg","20.000","°C","100.000","%a.s.","21.720","deg","20.000","°C","977.000","hPa","0.861","-0.02617","0.00035","0","0","13.56","Humid","26.25","0","44.00","378327.57","SABD0000000001","AAV1.0.0.11","4.0.0.2323","PSt7-10","170328-019","7/29/2022 11:23:46 AM","0000-00","0","no battery","V","","µV","","µV"
"08/09/2022","10:18:09","6","default","383292078","Oxt_06","16.112","min","93.831","%a.s.","Humid","21.085","deg","41423","µV","28.019","°C","1017.000","hPa","36.4","pmil","0","55.390","deg","20.000","°C","100.000","%a.s.","21.720","deg","20.000","°C","977.000","hPa","0.861","-0.02617","0.00035","0","0","13.56","Humid","26.25","0","44.00","378341.20","SABD0000000001","AAV1.0.0.11","4.0.0.2323","PSt7-10","170328-019","7/29/2022 11:23:46 AM","0000-00","0","no battery","V","","µV","","µV"
"08/09/2022","10:18:10","6","default","383292078","Oxt_06","16.128","min","93.774","%a.s.","Humid","21.091","deg","41416","µV","28.028","°C","1017.000","hPa","36.4","pmil","0","55.390","deg","20.000","°C","100.000","%a.s.","21.720","deg","20.000","°C","977.000","hPa","0.861","-0.02617","0.00035","0","0","13.56","Humid","26.25","0","44.00","378342.02","SABD0000000001","AAV1.0.0.11","4.0.0.2323","PSt7-10","170328-019","7/29/2022 11:23:46 AM","0000-00","0","no battery","V","","µV","","µV"
"08/09/2022","10:18:11","6","default","383292078","Oxt_06","16.145","min","93.902","%a.s.","Humid","21.076","deg","41420","µV","28.024","°C","1017.000","hPa","36.4","pmil","0","55.390","deg","20.000","°C","100.000","%a.s.","21.720","deg","20.000","°C","977.000","hPa","0.861","-0.02617","0.00035","0","0","13.56","Humid","26.25","0","44.00","378335.67","SABD0000000001","AAV1.0.0.11","4.0.0.2323","PSt7-10","170328-019","7/29/2022 11:23:46 AM","0000-00","0","no battery","V","","µV","","µV"
"08/09/2022","10:18:12","6","default","383292078","Oxt_06","16.162","min","93.810","%a.s.","Humid","21.085","deg","41417","µV","28.043","°C","1017.000","hPa","36.4","pmil","0","55.390","deg","20.000","°C","100.000","%a.s.","21.720","deg","20.000","°C","977.000","hPa","0.861","-0.02617","0.00035","0","0","13.56","Humid","26.25","0","44.00","378316.12","SABD0000000001","AAV1.0.0.11","4.0.0.2323","PSt7-10","170328-019","7/29/2022 11:23:46 AM","0000-00","0","no battery","V","","µV","","µV"
"08/09/2022","10:18:13","6","default","383292078","Oxt_06","16.179","min","93.955","%a.s.","Humid","21.081","deg","41419","µV","28.021","°C","1016.000","hPa","36.4","pmil","0","55.390","deg","20.000","°C","100.000","%a.s.","21.720","deg","20.000","°C","977.000","hPa","0.861","-0.02617","0.00035","0","0","13.56","Humid","26.25","0","44.00","378346.25","SABD0000000001","AAV1.0.0.11","4.0.0.2323","PSt7-10","170328-019","7/29/2022 11:23:46 AM","0000-00","0","no battery","V","","µV","","µV"
"08/09/2022","10:18:14","6","default","383292078","Oxt_06","16.195","min","93.888","%a.s.","Humid","21.076","deg","41419","µV","28.040","°C","1017.000","hPa","36.4","pmil","0","55.390","deg","20.000","°C","100.000","%a.s.","21.720","deg","20.000","°C","977.000","hPa","0.861","-0.02617","0.00035","0","0","13.56","Humid","26.25","0","44.00","378338.35","SABD0000000001","AAV1.0.0.11","4.0.0.2323","PSt7-10","170328-019","7/29/2022 11:23:46 AM","0000-00","0","no battery","V","","µV","","µV"
"08/09/2022","10:18:15","6","default","383292078","Oxt_06","16.212","min","93.977","%a.s.","Humid","21.078","deg","41411","µV","28.025","°C","1016.000","hPa","36.4","pmil","0","55.390","deg","20.000","°C","100.000","%a.s.","21.720","deg","20.000","°C","977.000","hPa","0.861","-0.02617","0.00035","0","0","13.56","Humid","26.25","0","44.00","378327.25","SABD0000000001","AAV1.0.0.11","4.0.0.2323","PSt7-10","170328-019","7/29/2022 11:23:46 AM","0000-00","0","no battery","V","","µV","","µV"
"08/09/2022","10:18:16","6","default","383292078","Oxt_06","16.229","min","93.970","%a.s.","Humid","21.078","deg","41415","µV","28.033","°C","1016.000","hPa","36.4","pmil","0","55.390","deg","20.000","°C","100.000","%a.s.","21.720","deg","20.000","°C","977.000","hPa","0.861","-0.02617","0.00035","0","0","13.56","Humid","26.25","0","44.00","378324.35","SABD0000000001","AAV1.0.0.11","4.0.0.2323","PSt7-10","170328-019","7/29/2022 11:23:46 AM","0000-00","0","no battery","V","","µV","","µV"
"08/09/2022","10:18:17","6","default","383292078","Oxt_06","16.245","min","93.922","%a.s.","Humid","21.072","deg","41408","µV","28.038","°C","1017.000","hPa","36.4","pmil","0","55.390","deg","20.000","°C","100.000","%a.s.","21.720","deg","20.000","°C","977.000","hPa","0.861","-0.02617","0.00035","0","0","13.56","Humid","26.25","0","44.00","378333.26","SABD0000000001","AAV1.0.0.11","4.0.0.2323","PSt7-10","170328-019","7/29/2022 11:23:46 AM","0000-00","0","no battery","V","","µV","","µV"
"08/09/2022","10:18:18","6","default","383292078","Oxt_06","16.262","min","93.892","%a.s.","Humid","21.076","deg","41409","µV","28.035","°C","1017.000","hPa","36.4","pmil","0","55.390","deg","20.000","°C","100.000","%a.s.","21.720","deg","20.000","°C","977.000","hPa","0.861","-0.02617","0.00035","0","0","13.56","Humid","26.25","0","44.00","378335.81","SABD0000000001","AAV1.0.0.11","4.0.0.2323","PSt7-10","170328-019","7/29/2022 11:23:46 AM","0000-00","0","no battery","V","","µV","","µV"
"08/09/2022","10:18:19","6","default","383292078","Oxt_06","16.278","min","94.015","%a.s.","Humid","21.074","deg","41409","µV","28.019","°C","1016.000","hPa","36.4","pmil","0","55.390","deg","20.000","°C","100.000","%a.s.","21.720","deg","20.000","°C","977.000","hPa","0.861","-0.02617","0.00035","0","0","13.56","Humid","26.25","0","44.00","378325.18","SABD0000000001","AAV1.0.0.11","4.0.0.2323","PSt7-10","170328-019","7/29/2022 11:23:46 AM","0000-00","0","no battery","V","","µV","","µV"
"08/09/2022","10:18:20","6","default","383292078","Oxt_06","16.295","min","93.881","%a.s.","Humid","21.078","deg","41406","µV","28.028","°C","1017.000","hPa","36.4","pmil","0","55.390","deg","20.000","°C","100.000","%a.s.","21.720","deg","20.000","°C","977.000","hPa","0.861","-0.02617","0.00035","0","0","13.56","Humid","26.25","0","44.00","378331.62","SABD0000000001","AAV1.0.0.11","4.0.0.2323","PSt7-10","170328-019","7/29/2022 11:23:46 AM","0000-00","0","no battery","V","","µV","","µV"
"08/09/2022","10:18:21","6","default","383292078","Oxt_06","16.312","min","93.884","%a.s.","Humid","21.077","deg","41406","µV","28.035","°C","1017.000","hPa","36.4","pmil","0","55.390","deg","20.000","°C","100.000","%a.s.","21.720","deg","20.000","°C","977.000","hPa","0.861","-0.02617","0.00035","0","0","13.56","Humid","26.25","0","44.00","378329.47","SABD0000000001","AAV1.0.0.11","4.0.0.2323","PSt7-10","170328-019","7/29/2022 11:23:46 AM","0000-00","0","no battery","V","","µV","","µV"
"08/09/2022","10:18:22","6","default","383292078","Oxt_06","16.329","min","93.944","%a.s.","Humid","21.082","deg","41404","µV","28.024","°C","1016.000","hPa","36.4","pmil","0","55.390","deg","20.000","°C","100.000","%a.s.","21.720","deg","20.000","°C","977.000","hPa","0.861","-0.02617","0.00035","0","0","13.56","Humid","26.25","0","44.00","378330.23","SABD0000000001","AAV1.0.0.11","4.0.0.2323","PSt7-10","170328-019","7/29/2022 11:23:46 AM","0000-00","0","no battery","V","","µV","","µV"
"08/09/2022","10:18:23","6","default","383292078","Oxt_06","16.345","min","94.039","%a.s.","Humid","21.070","deg","41402","µV","28.030","°C","1016.000","hPa","36.4","pmil","0","55.390","deg","20.000","°C","100.000","%a.s.","21.720","deg","20.000","°C","977.000","hPa","0.861","-0.02617","0.00035","0","0","13.56","Humid","26.25","0","44.00","378318.15","SABD0000000001","AAV1.0.0.11","4.0.0.2323","PSt7-10","170328-019","7/29/2022 11:23:46 AM","0000-00","0","no battery","V","","µV","","µV"
"08/09/2022","10:18:24","6","default","383292078","Oxt_06","16.362","min","93.891","%a.s.","Humid","21.077","deg","41400","µV","28.027","°C","1017.000","hPa","36.4","pmil","0","55.390","deg","20.000","°C","100.000","%a.s.","21.720","deg","20.000","°C","977.000","hPa","0.861","-0.02617","0.00035","0","0","13.56","Humid","26.25","0","44.00","378317.54","SABD0000000001","AAV1.0.0.11","4.0.0.2323","PSt7-10","170328-019","7/29/2022 11:23:46 AM","0000-00","0","no battery","V","","µV","","µV"
"08/09/2022","10:18:25","6","default","383292078","Oxt_06","16.379","min","94.020","%a.s.","Humid","21.072","deg","41400","µV","28.032","°C","1016.000","hPa","36.4","pmil","0","55.390","deg","20.000","°C","100.000","%a.s.","21.720","deg","20.000","°C","977.000","hPa","0.861","-0.02617","0.00035","0","0","13.56","Humid","26.25","0","44.00","378330.78","SABD0000000001","AAV1.0.0.11","4.0.0.2323","PSt7-10","170328-019","7/29/2022 11:23:46 AM","0000-00","0","no battery","V","","µV","","µV"
"08/09/2022","10:18:26","6","default","383292078","Oxt_06","16.395","min","93.901","%a.s.","Humid","21.076","deg","41402","µV","28.025","°C","1017.000","hPa","36.4","pmil","0","55.390","deg","20.000","°C","100.000","%a.s.","21.720","deg","20.000","°C","977.000","hPa","0.861","-0.02617","0.00035","0","0","13.56","Humid","26.25","0","44.00","378322.64","SABD0000000001","AAV1.0.0.11","4.0.0.2323","PSt7-10","170328-019","7/29/2022 11:23:46 AM","0000-00","0","no battery","V","","µV","","µV"
"08/09/2022","10:18:27","6","default","383292078","Oxt_06","16.412","min","93.974","%a.s.","Humid","21.079","deg","41395","µV","28.018","°C","1016.000","hPa","36.4","pmil","0","55.390","deg","20.000","°C","100.000","%a.s.","21.720","deg","20.000","°C","977.000","hPa","0.861","-0.02617","0.00035","0","0","13.56","Humid","26.25","0","44.00","378327.41","SABD0000000001","AAV1.0.0.11","4.0.0.2323","PSt7-10","170328-019","7/29/2022 11:23:46 AM","0000-00","0","no battery","V","","µV","","µV"
"08/09/2022","10:18:28","6","default","383292078","Oxt_06","16.429","min","93.877","%a.s.","Humid","21.079","deg","41384","µV","28.024","°C","1017.000","hPa","36.4","pmil","0","55.390","deg","20.000","°C","100.000","%a.s.","21.720","deg","20.000","°C","977.000","hPa","0.861","-0.02617","0.00035","0","0","13.56","Humid","26.25","0","44.00","378324.67","SABD0000000001","AAV1.0.0.11","4.0.0.2323","PSt7-10","170328-019","7/29/2022 11:23:46 AM","0000-00","0","no battery","V","","µV","","µV"
"08/09/2022","10:18:29","6","default","383292078","Oxt_06","16.445","min","93.975","%a.s.","Humid","21.078","deg","41385","µV","28.027","°C","1016.000","hPa","36.4","pmil","0","55.390","deg","20.000","°C","100.000","%a.s.","21.720","deg","20.000","°C","977.000","hPa","0.861","-0.02617","0.00035","0","0","13.56","Humid","26.25","0","44.00","378326.39","SABD0000000001","AAV1.0.0.11","4.0.0.2323","PSt7-10","170328-019","7/29/2022 11:23:46 AM","0000-00","0","no battery","V","","µV","","µV"
"08/09/2022","10:18:30","6","default","383292078","Oxt_06","16.462","min","94.050","%a.s.","Humid","21.068","deg","41373","µV","28.036","°C","1016.000","hPa","36.4","pmil","0","55.390","deg","20.000","°C","100.000","%a.s.","21.720","deg","20.000","°C","977.000","hPa","0.861","-0.02617","0.00035","0","0","13.56","Humid","26.25","0","44.00","378319.05","SABD0000000001","AAV1.0.0.11","4.0.0.2323","PSt7-10","170328-019","7/29/2022 11:23:46 AM","0000-00","0","no battery","V","","µV","","µV"
"08/09/2022","10:18:31","6","default","383292078","Oxt_06","16.479","min","93.934","%a.s.","Humid","21.071","deg","41373","µV","28.035","°C","1017.000","hPa","36.4","pmil","0","55.390","deg","20.000","°C","100.000","%a.s.","21.720","deg","20.000","°C","977.000","hPa","0.861","-0.02617","0.00035","0","0","13.56","Humid","26.25","0","44.00","378315.12","SABD0000000001","AAV1.0.0.11","4.0.0.2323","PSt7-10","170328-019","7/29/2022 11:23:46 AM","0000-00","0","no battery","V","","µV","","µV"
"08/09/2022","10:18:32","6","default","383292078","Oxt_06","16.495","min","93.943","%a.s.","Humid","21.071","deg","41379","µV","28.025","°C","1017.000","hPa","36.4","pmil","0","55.390","deg","20.000","°C","100.000","%a.s.","21.720","deg","20.000","°C","977.000","hPa","0.861","-0.02617","0.00035","0","0","13.56","Humid","26.25","0","44.00","378314.36","SABD0000000001","AAV1.0.0.11","4.0.0.2323","PSt7-10","170328-019","7/29/2022 11:23:46 AM","0000-00","0","no battery","V","","µV","","µV"
"08/09/2022","10:18:33","6","default","383292078","Oxt_06","16.512","min","93.982","%a.s.","Humid","21.076","deg","41376","µV","28.038","°C","1016.000","hPa","36.4","pmil","0","55.390","deg","20.000","°C","100.000","%a.s.","21.720","deg","20.000","°C","977.000","hPa","0.861","-0.02617","0.00035","0","0","13.56","Humid","26.25","0","44.00","378316.39","SABD0000000001","AAV1.0.0.11","4.0.0.2323","PSt7-10","170328-019","7/29/2022 11:23:46 AM","0000-00","0","no battery","V","","µV","","µV"
"08/09/2022","10:18:34","6","default","383292078","Oxt_06","16.529","min","93.912","%a.s.","Humid","21.074","deg","41374","µV","28.031","°C","1017.000","hPa","36.4","pmil","0","55.390","deg","20.000","°C","100.000","%a.s.","21.720","deg","20.000","°C","977.000","hPa","0.861","-0.02617","0.00035","0","0","13.56","Humid","26.25","0","44.00","378306.38","SABD0000000001","AAV1.0.0.11","4.0.0.2323","PSt7-10","170328-019","7/29/2022 11:23:46 AM","0000-00","0","no battery","V","","µV","","µV"
"08/09/2022","10:18:35","6","default","383292078","Oxt_06","16.545","min","94.100","%a.s.","Humid","21.063","deg","41369","µV","28.027","°C","1016.000","hPa","36.4","pmil","0","55.390","deg","20.000","°C","100.000","%a.s.","21.720","deg","20.000","°C","977.000","hPa","0.861","-0.02617","0.00035","0","0","13.56","Humid","26.25","0","44.00","378306.14","SABD0000000001","AAV1.0.0.11","4.0.0.2323","PSt7-10","170328-019","7/29/2022 11:23:46 AM","0000-00","0","no battery","V","","µV","","µV"
"08/09/2022","10:18:36","6","default","383292078","Oxt_06","16.562","min","93.953","%a.s.","Humid","21.069","deg","41367","µV","28.032","°C","1017.000","hPa","36.4","pmil","0","55.390","deg","20.000","°C","100.000","%a.s.","21.720","deg","20.000","°C","977.000","hPa","0.861","-0.02617","0.00035","0","0","13.56","Humid","26.25","0","44.00","378299.03","SABD0000000001","AAV1.0.0.11","4.0.0.2323","PSt7-10","170328-019","7/29/2022 11:23:46 AM","0000-00","0","no battery","V","","µV","","µV"
"08/09/2022","10:18:37","6","default","383292078","Oxt_06","16.579","min","93.976","%a.s.","Humid","21.066","deg","41368","µV","28.035","°C","1017.000","hPa","36.4","pmil","0","55.390","deg","20.000","°C","100.000","%a.s.","21.720","deg","20.000","°C","977.000","hPa","0.861","-0.02617","0.00035","0","0","13.56","Humid","26.25","0","44.00","378314.49","SABD0000000001","AAV1.0.0.11","4.0.0.2323","PSt7-10","170328-019","7/29/2022 11:23:46 AM","0000-00","0","no battery","V","","µV","","µV"
"08/09/2022","10:18:38","6","default","383292078","Oxt_06","16.595","min","94.005","%a.s.","Humid","21.063","deg","41366","µV","28.030","°C","1017.000","hPa","36.4","pmil","0","55.390","deg","20.000","°C","100.000","%a.s.","21.720","deg","20.000","°C","977.000","hPa","0.861","-0.02617","0.00035","0","0","13.56","Humid","26.25","0","44.00","378294.82","SABD0000000001","AAV1.0.0.11","4.0.0.2323","PSt7-10","170328-019","7/29/2022 11:23:46 AM","0000-00","0","no battery","V","","µV","","µV"
"08/09/2022","10:18:39","6","default","383292078","Oxt_06","16.612","min","94.099","%a.s.","Humid","21.063","deg","41364","µV","28.029","°C","1016.000","hPa","36.4","pmil","0","55.390","deg","20.000","°C","100.000","%a.s.","21.720","deg","20.000","°C","977.000","hPa","0.861","-0.02617","0.00035","0","0","13.56","Humid","26.25","0","44.00","378309.92","SABD0000000001","AAV1.0.0.11","4.0.0.2323","PSt7-10","170328-019","7/29/2022 11:23:46 AM","0000-00","0","no battery","V","","µV","","µV"
"08/09/2022","10:18:40","6","default","383292078","Oxt_06","16.629","min","93.943","%a.s.","Humid","21.070","deg","41362","µV","28.034","°C","1017.000","hPa","36.4","pmil","0","55.390","deg","20.000","°C","100.000","%a.s.","21.720","deg","20.000","°C","977.000","hPa","0.861","-0.02617","0.00035","0","0","13.56","Humid","26.25","0","44.00","378305.76","SABD0000000001","AAV1.0.0.11","4.0.0.2323","PSt7-10","170328-019","7/29/2022 11:23:46 AM","0000-00","0","no battery","V","","µV","","µV"
"08/09/2022","10:18:41","6","default","383292078","Oxt_06","16.645","min","93.964","%a.s.","Humid","21.068","deg","41353","µV","28.029","°C","1017.000","hPa","36.4","pmil","0","55.390","deg","20.000","°C","100.000","%a.s.","21.720","deg","20.000","°C","977.000","hPa","0.861","-0.02617","0.00035","0","0","13.56","Humid","26.25","0","44.00","378303.31","SABD0000000001","AAV1.0.0.11","4.0.0.2323","PSt7-10","170328-019","7/29/2022 11:23:46 AM","0000-00","0","no battery","V","","µV","","µV"
"08/09/2022","10:18:42","6","default","383292078","Oxt_06","16.662","min","94.090","%a.s.","Humid","21.064","deg","41358","µV","28.029","°C","1016.000","hPa","36.4","pmil","0","55.390","deg","20.000","°C","100.000","%a.s.","21.720","deg","20.000","°C","977.000","hPa","0.861","-0.02617","0.00035","0","0","13.56","Humid","26.25","0","44.00","378311.32","SABD0000000001","AAV1.0.0.11","4.0.0.2323","PSt7-10","170328-019","7/29/2022 11:23:46 AM","0000-00","0","no battery","V","","µV","","µV"
"08/09/2022","10:18:43","6","default","383292078","Oxt_06","16.679","min","93.988","%a.s.","Humid","21.065","deg","41355","µV","28.030","°C","1017.000","hPa","36.4","pmil","0","55.390","deg","20.000","°C","100.000","%a.s.","21.720","deg","20.000","°C","977.000","hPa","0.861","-0.02617","0.00035","0","0","13.56","Humid","26.25","0","44.00","378305.30","SABD0000000001","AAV1.0.0.11","4.0.0.2323","PSt7-10","170328-019","7/29/2022 11:23:46 AM","0000-00","0","no battery","V","","µV","","µV"
"08/09/2022","10:18:44","6","default","383292078","Oxt_06","16.695","min","93.980","%a.s.","Humid","21.067","deg","41352","µV","28.020","°C","1017.000","hPa","36.4","pmil","0","55.390","deg","20.000","°C","100.000","%a.s.","21.720","deg","20.000","°C","977.000","hPa","0.861","-0.02617","0.00035","0","0","13.56","Humid","26.25","0","44.00","378290.12","SABD0000000001","AAV1.0.0.11","4.0.0.2323","PSt7-10","170328-019","7/29/2022 11:23:46 AM","0000-00","0","no battery","V","","µV","","µV"
"08/09/2022","10:18:45","6","default","383292078","Oxt_06","16.712","min","94.140","%a.s.","Humid","21.059","deg","41355","µV","28.019","°C","1016.000","hPa","36.4","pmil","0","55.390","deg","20.000","°C","100.000","%a.s.","21.720","deg","20.000","°C","977.000","hPa","0.861","-0.02617","0.00035","0","0","13.56","Humid","26.25","0","44.00","378304.89","SABD0000000001","AAV1.0.0.11","4.0.0.2323","PSt7-10","170328-019","7/29/2022 11:23:46 AM","0000-00","0","no battery","V","","µV","","µV"
"08/09/2022","10:18:46","6","default","383292078","Oxt_06","16.729","min","94.047","%a.s.","Humid","21.059","deg","41348","µV","28.021","°C","1017.000","hPa","36.4","pmil","0","55.390","deg","20.000","°C","100.000","%a.s.","21.720","deg","20.000","°C","977.000","hPa","0.861","-0.02617","0.00035","0","0","13.56","Humid","26.25","0","44.00","378299.77","SABD0000000001","AAV1.0.0.11","4.0.0.2323","PSt7-10","170328-019","7/29/2022 11:23:46 AM","0000-00","0","no battery","V","","µV","","µV"
"08/09/2022","10:18:47","6","default","383292078","Oxt_06","16.745","min","93.941","%a.s.","Humid","21.072","deg","41350","µV","28.018","°C","1017.000","hPa","36.4","pmil","0","55.390","deg","20.000","°C","100.000","%a.s.","21.720","deg","20.000","°C","977.000","hPa","0.861","-0.02617","0.00035","0","0","13.56","Humid","26.25","0","44.00","378284.67","SABD0000000001","AAV1.0.0.11","4.0.0.2323","PSt7-10","170328-019","7/29/2022 11:23:46 AM","0000-00","0","no battery","V","","µV","","µV"
"08/09/2022","10:18:48","6","default","383292078","Oxt_06","16.762","min","94.114","%a.s.","Humid","21.060","deg","41347","µV","28.039","°C","1016.000","hPa","36.4","pmil","0","55.390","deg","20.000","°C","100.000","%a.s.","21.720","deg","20.000","°C","977.000","hPa","0.861","-0.02617","0.00035","0","0","13.56","Humid","26.25","0","44.00","378297.94","SABD0000000001","AAV1.0.0.11","4.0.0.2323","PSt7-10","170328-019","7/29/2022 11:23:46 AM","0000-00","0","no battery","V","","µV","","µV"
"08/09/2022","10:18:49","6","default","383292078","Oxt_06","16.779","min","94.183","%a.s.","Humid","21.051","deg","41351","µV","28.046","°C","1016.000","hPa","36.4","pmil","0","55.390","deg","20.000","°C","100.000","%a.s.","21.720","deg","20.000","°C","977.000","hPa","0.861","-0.02617","0.00035","0","0","13.56","Humid","26.25","0","44.00","378297.91","SABD0000000001","AAV1.0.0.11","4.0.0.2323","PSt7-10","170328-019","7/29/2022 11:23:46 AM","0000-00","0","no battery","V","","µV","","µV"
"08/09/2022","10:18:50","6","default","383292078","Oxt_06","16.795","min","93.972","%a.s.","Humid","21.065","deg","41346","µV","28.048","°C","1017.000","hPa","36.4","pmil","0","55.390","deg","20.000","°C","100.000","%a.s.","21.720","deg","20.000","°C","977.000","hPa","0.861","-0.02617","0.00035","0","0","13.56","Humid","26.25","0","44.00","378297.00","SABD0000000001","AAV1.0.0.11","4.0.0.2323","PSt7-10","170328-019","7/29/2022 11:23:46 AM","0000-00","0","no battery","V","","µV","","µV"
"08/09/2022","10:18:51","6","default","383292078","Oxt_06","16.812","min","93.974","%a.s.","Humid","21.066","deg","41348","µV","28.036","°C","1017.000","hPa","36.4","pmil","0","55.390","deg","20.000","°C","100.000","%a.s.","21.720","deg","20.000","°C","977.000","hPa","0.861","-0.02617","0.00035","0","0","13.56","Humid","26.25","0","44.00","378288.30","SABD0000000001","AAV1.0.0.11","4.0.0.2323","PSt7-10","170328-019","7/29/2022 11:23:46 AM","0000-00","0","no battery","V","","µV","","µV"
"08/09/2022","10:18:52","6","default","383292078","Oxt_06","16.829","min","94.055","%a.s.","Humid","21.057","deg","41344","µV","28.030","°C","1017.000","hPa","36.4","pmil","0","55.390","deg","20.000","°C","100.000","%a.s.","21.720","deg","20.000","°C","977.000","hPa","0.861","-0.02617","0.00035","0","0","13.56","Humid","26.25","0","44.00","378286.14","SABD0000000001","AAV1.0.0.11","4.0.0.2323","PSt7-10","170328-019","7/29/2022 11:23:46 AM","0000-00","0","no battery","V","","µV","","µV"
"08/09/2022","10:18:53","6","default","383292078","Oxt_06","16.846","min","94.056","%a.s.","Humid","21.068","deg","41347","µV","28.030","°C","1016.000","hPa","36.4","pmil","0","55.390","deg","20.000","°C","100.000","%a.s.","21.720","deg","20.000","°C","977.000","hPa","0.861","-0.02617","0.00035","0","0","13.56","Humid","26.25","0","44.00","378295.38","SABD0000000001","AAV1.0.0.11","4.0.0.2323","PSt7-10","170328-019","7/29/2022 11:23:46 AM","0000-00","0","no battery","V","","µV","","µV"
"08/09/2022","10:18:54","6","default","383292078","Oxt_06","16.862","min","94.142","%a.s.","Humid","21.058","deg","41346","µV","28.027","°C","1016.000","hPa","36.4","pmil","0","55.390","deg","20.000","°C","100.000","%a.s.","21.720","deg","20.000","°C","977.000","hPa","0.861","-0.02617","0.00035","0","0","13.56","Humid","26.25","0","44.00","378290.61","SABD0000000001","AAV1.0.0.11","4.0.0.2323","PSt7-10","170328-019","7/29/2022 11:23:46 AM","0000-00","0","no battery","V","","µV","","µV"
"08/09/2022","10:18:55","6","default","383292078","Oxt_06","16.879","min","94.101","%a.s.","Humid","21.062","deg","41349","µV","28.036","°C","1016.000","hPa","36.4","pmil","0","55.390","deg","20.000","°C","100.000","%a.s.","21.720","deg","20.000","°C","977.000","hPa","0.861","-0.02617","0.00035","0","0","13.56","Humid","26.25","0","44.00","378287.90","SABD0000000001","AAV1.0.0.11","4.0.0.2323","PSt7-10","170328-019","7/29/2022 11:23:46 AM","0000-00","0","no battery","V","","µV","","µV"
"08/09/2022","10:18:56","6","default","383292078","Oxt_06","16.896","min","94.015","%a.s.","Humid","21.061","deg","41344","µV","28.037","°C","1017.000","hPa","36.4","pmil","0","55.390","deg","20.000","°C","100.000","%a.s.","21.720","deg","20.000","°C","977.000","hPa","0.861","-0.02617","0.00035","0","0","13.56","Humid","26.25","0","44.00","378290.24","SABD0000000001","AAV1.0.0.11","4.0.0.2323","PSt7-10","170328-019","7/29/2022 11:23:46 AM","0000-00","0","no battery","V","","µV","","µV"
"08/09/2022","10:18:57","6","default","383292078","Oxt_06","16.912","min","94.019","%a.s.","Humid","21.061","deg","41345","µV","28.033","°C","1017.000","hPa","36.4","pmil","0","55.390","deg","20.000","°C","100.000","%a.s.","21.720","deg","20.000","°C","977.000","hPa","0.861","-0.02617","0.00035","0","0","13.56","Humid","26.25","0","44.00","378293.76","SABD0000000001","AAV1.0.0.11","4.0.0.2323","PSt7-10","170328-019","7/29/2022 11:23:46 AM","0000-00","0","no battery","V","","µV","","µV"
"08/09/2022","10:18:58","6","default","383292078","Oxt_06","16.929","min","94.126","%a.s.","Humid","21.059","deg","41338","µV","28.035","°C","1016.000","hPa","36.4","pmil","0","55.390","deg","20.000","°C","100.000","%a.s.","21.720","deg","20.000","°C","977.000","hPa","0.861","-0.02617","0.00035","0","0","13.56","Humid","26.25","0","44.00","378288.25","SABD0000000001","AAV1.0.0.11","4.0.0.2323","PSt7-10","170328-019","7/29/2022 11:23:46 AM","0000-00","0","no battery","V","","µV","","µV"
"08/09/2022","10:18:59","6","default","383292078","Oxt_06","16.946","min","94.121","%a.s.","Humid","21.060","deg","41340","µV","28.032","°C","1016.000","hPa","36.4","pmil","0","55.390","deg","20.000","°C","100.000","%a.s.","21.720","deg","20.000","°C","977.000","hPa","0.861","-0.02617","0.00035","0","0","13.56","Humid","26.25","0","44.00","378287.07","SABD0000000001","AAV1.0.0.11","4.0.0.2323","PSt7-10","170328-019","7/29/2022 11:23:46 AM","0000-00","0","no battery","V","","µV","","µV"
"08/09/2022","10:19:00","6","default","383292078","Oxt_06","16.962","min","94.127","%a.s.","Humid","21.060","deg","41335","µV","28.025","°C","1016.000","hPa","36.4","pmil","0","55.390","deg","20.000","°C","100.000","%a.s.","21.720","deg","20.000","°C","977.000","hPa","0.861","-0.02617","0.00035","0","0","13.56","Humid","26.25","0","44.00","378302.26","SABD0000000001","AAV1.0.0.11","4.0.0.2323","PSt7-10","170328-019","7/29/2022 11:23:46 AM","0000-00","0","no battery","V","","µV","","µV"
"08/09/2022","10:19:01","6","default","383292078","Oxt_06","16.979","min","94.082","%a.s.","Humid","21.054","deg","41334","µV","28.028","°C","1017.000","hPa","36.4","pmil","0","55.390","deg","20.000","°C","100.000","%a.s.","21.720","deg","20.000","°C","977.000","hPa","0.861","-0.02617","0.00035","0","0","13.56","Humid","26.25","0","44.00","378306.19","SABD0000000001","AAV1.0.0.11","4.0.0.2323","PSt7-10","170328-019","7/29/2022 11:23:46 AM","0000-00","0","no battery","V","","µV","","µV"
"08/09/2022","10:19:02","6","default","383292078","Oxt_06","16.996","min","94.148","%a.s.","Humid","21.057","deg","41337","µV","28.029","°C","1016.000","hPa","36.4","pmil","0","55.390","deg","20.000","°C","100.000","%a.s.","21.720","deg","20.000","°C","977.000","hPa","0.861","-0.02617","0.00035","0","0","13.56","Humid","26.25","0","44.00","378306.31","SABD0000000001","AAV1.0.0.11","4.0.0.2323","PSt7-10","170328-019","7/29/2022 11:23:46 AM","0000-00","0","no battery","V","","µV","","µV"
"08/09/2022","10:19:03","6","default","383292078","Oxt_06","17.012","min","94.180","%a.s.","Humid","21.053","deg","41335","µV","28.031","°C","1016.000","hPa","36.4","pmil","0","55.390","deg","20.000","°C","100.000","%a.s.","21.720","deg","20.000","°C","977.000","hPa","0.861","-0.02617","0.00035","0","0","13.56","Humid","26.25","0","44.00","378302.74","SABD0000000001","AAV1.0.0.11","4.0.0.2323","PSt7-10","170328-019","7/29/2022 11:23:46 AM","0000-00","0","no battery","V","","µV","","µV"
"08/09/2022","10:19:04","6","default","383292078","Oxt_06","17.029","min","94.172","%a.s.","Humid","21.054","deg","41332","µV","28.031","°C","1016.000","hPa","36.4","pmil","0","55.390","deg","20.000","°C","100.000","%a.s.","21.720","deg","20.000","°C","977.000","hPa","0.861","-0.02617","0.00035","0","0","13.56","Humid","26.25","0","44.00","378297.01","SABD0000000001","AAV1.0.0.11","4.0.0.2323","PSt7-10","170328-019","7/29/2022 11:23:46 AM","0000-00","0","no battery","V","","µV","","µV"
"08/09/2022","10:19:05","6","default","383292078","Oxt_06","17.046","min","94.044","%a.s.","Humid","21.059","deg","41333","µV","28.024","°C","1017.000","hPa","36.4","pmil","0","55.390","deg","20.000","°C","100.000","%a.s.","21.720","deg","20.000","°C","977.000","hPa","0.861","-0.02617","0.00035","0","0","13.56","Humid","26.25","0","44.00","378295.62","SABD0000000001","AAV1.0.0.11","4.0.0.2323","PSt7-10","170328-019","7/29/2022 11:23:46 AM","0000-00","0","no battery","V","","µV","","µV"
"08/09/2022","10:19:06","6","default","383292078","Oxt_06","17.062","min","94.205","%a.s.","Humid","21.050","deg","41325","µV","28.031","°C","1016.000","hPa","36.4","pmil","0","55.390","deg","20.000","°C","100.000","%a.s.","21.720","deg","20.000","°C","977.000","hPa","0.861","-0.02617","0.00035","0","0","13.56","Humid","26.25","0","44.00","378297.17","SABD0000000001","AAV1.0.0.11","4.0.0.2323","PSt7-10","170328-019","7/29/2022 11:23:46 AM","0000-00","0","no battery","V","","µV","","µV"
"08/09/2022","10:19:07","6","default","383292078","Oxt_06","17.079","min","94.127","%a.s.","Humid","21.060","deg","41335","µV","28.025","°C","1016.000","hPa","36.4","pmil","0","55.390","deg","20.000","°C","100.000","%a.s.","21.720","deg","20.000","°C","977.000","hPa","0.861","-0.02617","0.00035","0","0","13.56","Humid","26.25","0","44.00","378300.83","SABD0000000001","AAV1.0.0.11","4.0.0.2323","PSt7-10","170328-019","7/29/2022 11:23:46 AM","0000-00","0","no battery","V","","µV","","µV"
"08/09/2022","10:19:08","6","default","383292078","Oxt_06","17.096","min","93.984","%a.s.","Humid","21.064","deg","41332","µV","28.043","°C","1017.000","hPa","36.4","pmil","0","55.390","deg","20.000","°C","100.000","%a.s.","21.720","deg","20.000","°C","977.000","hPa","0.861","-0.02617","0.00035","0","0","13.56","Humid","26.25","0","44.00","378290.76","SABD0000000001","AAV1.0.0.11","4.0.0.2323","PSt7-10","170328-019","7/29/2022 11:23:46 AM","0000-00","0","no battery","V","","µV","","µV"
"08/09/2022","10:19:09","6","default","383292078","Oxt_06","17.112","min","94.009","%a.s.","Humid","21.060","deg","41331","µV","28.053","°C","1017.000","hPa","36.4","pmil","0","55.390","deg","20.000","°C","100.000","%a.s.","21.720","deg","20.000","°C","977.000","hPa","0.861","-0.02617","0.00035","0","0","13.56","Humid","26.25","0","44.00","378293.08","SABD0000000001","AAV1.0.0.11","4.0.0.2323","PSt7-10","170328-019","7/29/2022 11:23:46 AM","0000-00","0","no battery","V","","µV","","µV"
"08/09/2022","10:19:10","6","default","383292078","Oxt_06","17.129","min","94.129","%a.s.","Humid","21.046","deg","41330","µV","28.050","°C","1017.000","hPa","36.4","pmil","0","55.390","deg","20.000","°C","100.000","%a.s.","21.720","deg","20.000","°C","977.000","hPa","0.861","-0.02617","0.00035","0","0","13.56","Humid","26.25","0","44.00","378301.64","SABD0000000001","AAV1.0.0.11","4.0.0.2323","PSt7-10","170328-019","7/29/2022 11:23:46 AM","0000-00","0","no battery","V","","µV","","µV"
"08/09/2022","10:19:11","6","default","383292078","Oxt_06","17.146","min","94.031","%a.s.","Humid","21.059","deg","41328","µV","28.038","°C","1017.000","hPa","36.4","pmil","0","55.390","deg","20.000","°C","100.000","%a.s.","21.720","deg","20.000","°C","977.000","hPa","0.861","-0.02617","0.00035","0","0","13.56","Humid","26.25","0","44.00","378310.99","SABD0000000001","AAV1.0.0.11","4.0.0.2323","PSt7-10","170328-019","7/29/2022 11:23:46 AM","0000-00","0","no battery","V","","µV","","µV"
"08/09/2022","10:19:12","6","default","383292078","Oxt_06","17.162","min","94.108","%a.s.","Humid","21.050","deg","41324","µV","28.036","°C","1017.000","hPa","36.4","pmil","0","55.390","deg","20.000","°C","100.000","%a.s.","21.720","deg","20.000","°C","977.000","hPa","0.861","-0.02617","0.00035","0","0","13.56","Humid","26.25","0","44.00","378302.02","SABD0000000001","AAV1.0.0.11","4.0.0.2323","PSt7-10","170328-019","7/29/2022 11:23:46 AM","0000-00","0","no battery","V","","µV","","µV"
"08/09/2022","10:19:13","6","default","383292078","Oxt_06","17.179","min","94.097","%a.s.","Humid","21.052","deg","41325","µV","28.030","°C","1017.000","hPa","36.4","pmil","0","55.390","deg","20.000","°C","100.000","%a.s.","21.720","deg","20.000","°C","977.000","hPa","0.861","-0.02617","0.00035","0","0","13.56","Humid","26.25","0","44.00","378291.45","SABD0000000001","AAV1.0.0.11","4.0.0.2323","PSt7-10","170328-019","7/29/2022 11:23:46 AM","0000-00","0","no battery","V","","µV","","µV"
"08/09/2022","10:19:14","6","default","383292078","Oxt_06","17.196","min","94.137","%a.s.","Humid","21.047","deg","41321","µV","28.032","°C","1017.000","hPa","36.4","pmil","0","55.390","deg","20.000","°C","100.000","%a.s.","21.720","deg","20.000","°C","977.000","hPa","0.861","-0.02617","0.00035","0","0","13.56","Humid","26.25","0","44.00","378294.82","SABD0000000001","AAV1.0.0.11","4.0.0.2323","PSt7-10","170328-019","7/29/2022 11:23:46 AM","0000-00","0","no battery","V","","µV","","µV"
"08/09/2022","10:19:15","6","default","383292078","Oxt_06","17.212","min","94.161","%a.s.","Humid","21.055","deg","41295","µV","28.034","°C","1016.000","hPa","36.4","pmil","0","55.390","deg","20.000","°C","100.000","%a.s.","21.720","deg","20.000","°C","977.000","hPa","0.861","-0.02617","0.00035","0","0","13.56","Humid","26.25","0","44.00","378291.84","SABD0000000001","AAV1.0.0.11","4.0.0.2323","PSt7-10","170328-019","7/29/2022 11:23:46 AM","0000-00","0","no battery","V","","µV","","µV"
"08/09/2022","10:19:16","6","default","383292078","Oxt_06","17.229","min","94.100","%a.s.","Humid","21.050","deg","41292","µV","28.045","°C","1017.000","hPa","36.4","pmil","0","55.390","deg","20.000","°C","100.000","%a.s.","21.720","deg","20.000","°C","977.000","hPa","0.861","-0.02617","0.00035","0","0","13.56","Humid","26.25","0","44.00","378283.20","SABD0000000001","AAV1.0.0.11","4.0.0.2323","PSt7-10","170328-019","7/29/2022 11:23:46 AM","0000-00","0","no battery","V","","µV","","µV"
"08/09/2022","10:19:17","6","default","383292078","Oxt_06","17.246","min","94.118","%a.s.","Humid","21.048","deg","41292","µV","28.044","°C","1017.000","hPa","36.4","pmil","0","55.390","deg","20.000","°C","100.000","%a.s.","21.720","deg","20.000","°C","977.000","hPa","0.861","-0.02617","0.00035","0","0","13.56","Humid","26.25","0","44.00","378282.54","SABD0000000001","AAV1.0.0.11","4.0.0.2323","PSt7-10","170328-019","7/29/2022 11:23:46 AM","0000-00","0","no battery","V","","µV","","µV"
"08/09/2022","10:19:18","6","default","383292078","Oxt_06","17.263","min","94.189","%a.s.","Humid","21.051","deg","41295","µV","28.040","°C","1016.000","hPa","36.4","pmil","0","55.390","deg","20.000","°C","100.000","%a.s.","21.720","deg","20.000","°C","977.000","hPa","0.861","-0.02617","0.00035","0","0","13.56","Humid","26.25","0","44.00","378295.02","SABD0000000001","AAV1.0.0.11","4.0.0.2323","PSt7-10","170328-019","7/29/2022 11:23:46 AM","0000-00","0","no battery","V","","µV","","µV"
"08/09/2022","10:19:19","6","default","383292078","Oxt_06","17.279","min","94.137","%a.s.","Humid","21.045","deg","41281","µV","28.050","°C","1017.000","hPa","36.4","pmil","0","55.390","deg","20.000","°C","100.000","%a.s.","21.720","deg","20.000","°C","977.000","hPa","0.861","-0.02617","0.00035","0","0","13.56","Humid","26.25","0","44.00","378293.07","SABD0000000001","AAV1.0.0.11","4.0.0.2323","PSt7-10","170328-019","7/29/2022 11:23:46 AM","0000-00","0","no battery","V","","µV","","µV"
"08/09/2022","10:19:20","6","default","383292078","Oxt_06","17.296","min","94.259","%a.s.","Humid","21.043","deg","41284","µV","28.036","°C","1016.000","hPa","36.4","pmil","0","55.390","deg","20.000","°C","100.000","%a.s.","21.720","deg","20.000","°C","977.000","hPa","0.861","-0.02617","0.00035","0","0","13.56","Humid","26.25","0","44.00","378282.20","SABD0000000001","AAV1.0.0.11","4.0.0.2323","PSt7-10","170328-019","7/29/2022 11:23:46 AM","0000-00","0","no battery","V","","µV","","µV"
"08/09/2022","10:19:21","6","default","383292078","Oxt_06","17.313","min","94.187","%a.s.","Humid","21.040","deg","41287","µV","28.041","°C","1017.000","hPa","36.4","pmil","0","55.390","deg","20.000","°C","100.000","%a.s.","21.720","deg","20.000","°C","977.000","hPa","0.861","-0.02617","0.00035","0","0","13.56","Humid","26.25","0","44.00","378281.15","SABD0000000001","AAV1.0.0.11","4.0.0.2323","PSt7-10","170328-019","7/29/2022 11:23:46 AM","0000-00","0","no battery","V","","µV","","µV"
"08/09/2022","10:19:22","6","default","383292078","Oxt_06","17.329","min","94.107","%a.s.","Humid","21.050","deg","41280","µV","28.037","°C","1017.000","hPa","36.4","pmil","0","55.390","deg","20.000","°C","100.000","%a.s.","21.720","deg","20.000","°C","977.000","hPa","0.861","-0.02617","0.00035","0","0","13.56","Humid","26.25","0","44.00","378284.03","SABD0000000001","AAV1.0.0.11","4.0.0.2323","PSt7-10","170328-019","7/29/2022 11:23:46 AM","0000-00","0","no battery","V","","µV","","µV"
"08/09/2022","10:19:23","6","default","383292078","Oxt_06","17.346","min","94.183","%a.s.","Humid","21.041","deg","41280","µV","28.037","°C","1017.000","hPa","36.4","pmil","0","55.390","deg","20.000","°C","100.000","%a.s.","21.720","deg","20.000","°C","977.000","hPa","0.861","-0.02617","0.00035","0","0","13.56","Humid","26.25","0","44.00","378290.10","SABD0000000001","AAV1.0.0.11","4.0.0.2323","PSt7-10","170328-019","7/29/2022 11:23:46 AM","0000-00","0","no battery","V","","µV","","µV"
"08/09/2022","10:19:24","6","default","383292078","Oxt_06","17.363","min","94.266","%a.s.","Humid","21.042","deg","41286","µV","28.038","°C","1016.000","hPa","36.4","pmil","0","55.390","deg","20.000","°C","100.000","%a.s.","21.720","deg","20.000","°C","977.000","hPa","0.861","-0.02617","0.00035","0","0","13.56","Humid","26.25","0","44.00","378292.67","SABD0000000001","AAV1.0.0.11","4.0.0.2323","PSt7-10","170328-019","7/29/2022 11:23:46 AM","0000-00","0","no battery","V","","µV","","µV"
"08/09/2022","10:19:25","6","default","383292078","Oxt_06","17.379","min","94.170","%a.s.","Humid","21.042","deg","41282","µV","28.041","°C","1017.000","hPa","36.4","pmil","0","55.390","deg","20.000","°C","100.000","%a.s.","21.720","deg","20.000","°C","977.000","hPa","0.861","-0.02617","0.00035","0","0","13.56","Humid","26.25","0","44.00","378296.17","SABD0000000001","AAV1.0.0.11","4.0.0.2323","PSt7-10","170328-019","7/29/2022 11:23:46 AM","0000-00","0","no battery","V","","µV","","µV"
"08/09/2022","10:19:26","6","default","383292078","Oxt_06","17.396","min","94.170","%a.s.","Humid","21.043","deg","41280","µV","28.032","°C","1017.000","hPa","36.4","pmil","0","55.390","deg","20.000","°C","100.000","%a.s.","21.720","deg","20.000","°C","977.000","hPa","0.861","-0.02617","0.00035","0","0","13.56","Humid","26.25","0","44.00","378299.44","SABD0000000001","AAV1.0.0.11","4.0.0.2323","PSt7-10","170328-019","7/29/2022 11:23:46 AM","0000-00","0","no battery","V","","µV","","µV"
"08/09/2022","10:19:27","6","default","383292078","Oxt_06","17.413","min","94.245","%a.s.","Humid","21.042","deg","41273","µV","28.061","°C","1016.000","hPa","36.4","pmil","0","55.390","deg","20.000","°C","100.000","%a.s.","21.720","deg","20.000","°C","977.000","hPa","0.861","-0.02617","0.00035","0","0","13.56","Humid","26.25","0","44.00","378297.69","SABD0000000001","AAV1.0.0.11","4.0.0.2323","PSt7-10","170328-019","7/29/2022 11:23:46 AM","0000-00","0","no battery","V","","µV","","µV"
"08/09/2022","10:19:28","6","default","383292078","Oxt_06","17.429","min","94.152","%a.s.","Humid","21.044","deg","41276","µV","28.043","°C","1017.000","hPa","36.4","pmil","0","55.390","deg","20.000","°C","100.000","%a.s.","21.720","deg","20.000","°C","977.000","hPa","0.861","-0.02617","0.00035","0","0","13.56","Humid","26.25","0","44.00","378292.01","SABD0000000001","AAV1.0.0.11","4.0.0.2323","PSt7-10","170328-019","7/29/2022 11:23:46 AM","0000-00","0","no battery","V","","µV","","µV"
"08/09/2022","10:19:29","6","default","383292078","Oxt_06","17.446","min","94.188","%a.s.","Humid","21.040","deg","41282","µV","28.040","°C","1017.000","hPa","36.4","pmil","0","55.390","deg","20.000","°C","100.000","%a.s.","21.720","deg","20.000","°C","977.000","hPa","0.861","-0.02617","0.00035","0","0","13.56","Humid","26.25","0","44.00","378297.35","SABD0000000001","AAV1.0.0.11","4.0.0.2323","PSt7-10","170328-019","7/29/2022 11:23:46 AM","0000-00","0","no battery","V","","µV","","µV"
"08/09/2022","10:19:30","6","default","383292078","Oxt_06","17.463","min","94.307","%a.s.","Humid","21.037","deg","41275","µV","28.039","°C","1016.000","hPa","36.4","pmil","0","55.390","deg","20.000","°C","100.000","%a.s.","21.720","deg","20.000","°C","977.000","hPa","0.861","-0.02617","0.00035","0","0","13.56","Humid","26.25","0","44.00","378301.51","SABD0000000001","AAV1.0.0.11","4.0.0.2323","PSt7-10","170328-019","7/29/2022 11:23:46 AM","0000-00","0","no battery","V","","µV","","µV"
"08/09/2022","10:19:31","6","default","383292078","Oxt_06","17.479","min","94.236","%a.s.","Humid","21.033","deg","41271","µV","28.051","°C","1017.000","hPa","36.4","pmil","0","55.390","deg","20.000","°C","100.000","%a.s.","21.720","deg","20.000","°C","977.000","hPa","0.861","-0.02617","0.00035","0","0","13.56","Humid","26.25","0","44.00","378287.57","SABD0000000001","AAV1.0.0.11","4.0.0.2323","PSt7-10","170328-019","7/29/2022 11:23:46 AM","0000-00","0","no battery","V","","µV","","µV"
"08/09/2022","10:19:32","6","default","383292078","Oxt_06","17.496","min","94.203","%a.s.","Humid","21.038","deg","41273","µV","28.042","°C","1017.000","hPa","36.4","pmil","0","55.390","deg","20.000","°C","100.000","%a.s.","21.720","deg","20.000","°C","977.000","hPa","0.861","-0.02617","0.00035","0","0","13.56","Humid","26.25","0","44.00","378302.89","SABD0000000001","AAV1.0.0.11","4.0.0.2323","PSt7-10","170328-019","7/29/2022 11:23:46 AM","0000-00","0","no battery","V","","µV","","µV"
"08/09/2022","10:19:33","6","default","383292078","Oxt_06","17.513","min","94.173","%a.s.","Humid","21.042","deg","41275","µV","28.037","°C","1017.000","hPa","36.4","pmil","0","55.390","deg","20.000","°C","100.000","%a.s.","21.720","deg","20.000","°C","977.000","hPa","0.861","-0.02617","0.00035","0","0","13.56","Humid","26.25","0","44.00","378303.63","SABD0000000001","AAV1.0.0.11","4.0.0.2323","PSt7-10","170328-019","7/29/2022 11:23:46 AM","0000-00","0","no battery","V","","µV","","µV"
"08/09/2022","10:19:34","6","default","383292078","Oxt_06","17.529","min","94.252","%a.s.","Humid","21.033","deg","41272","µV","28.034","°C","1017.000","hPa","36.4","pmil","0","55.390","deg","20.000","°C","100.000","%a.s.","21.720","deg","20.000","°C","977.000","hPa","0.861","-0.02617","0.00035","0","0","13.56","Humid","26.25","0","44.00","378269.49","SABD0000000001","AAV1.0.0.11","4.0.0.2323","PSt7-10","170328-019","7/29/2022 11:23:46 AM","0000-00","0","no battery","V","","µV","","µV"
"08/09/2022","10:19:35","6","default","383292078","Oxt_06","17.546","min","94.197","%a.s.","Humid","21.040","deg","41271","µV","28.029","°C","1017.000","hPa","36.4","pmil","0","55.390","deg","20.000","°C","100.000","%a.s.","21.720","deg","20.000","°C","977.000","hPa","0.861","-0.02617","0.00035","0","0","13.56","Humid","26.25","0","44.00","378300.57","SABD0000000001","AAV1.0.0.11","4.0.0.2323","PSt7-10","170328-019","7/29/2022 11:23:46 AM","0000-00","0","no battery","V","","µV","","µV"
"08/09/2022","10:19:36","6","default","383292078","Oxt_06","17.563","min","94.157","%a.s.","Humid","21.043","deg","41269","µV","28.047","°C","1017.000","hPa","36.4","pmil","0","55.390","deg","20.000","°C","100.000","%a.s.","21.720","deg","20.000","°C","977.000","hPa","0.861","-0.02617","0.00035","0","0","13.56","Humid","26.25","0","44.00","378292.40","SABD0000000001","AAV1.0.0.11","4.0.0.2323","PSt7-10","170328-019","7/29/2022 11:23:46 AM","0000-00","0","no battery","V","","µV","","µV"
"08/09/2022","10:19:37","6","default","383292078","Oxt_06","17.579","min","94.252","%a.s.","Humid","21.031","deg","41266","µV","28.052","°C","1017.000","hPa","36.4","pmil","0","55.390","deg","20.000","°C","100.000","%a.s.","21.720","deg","20.000","°C","977.000","hPa","0.861","-0.02617","0.00035","0","0","13.56","Humid","26.25","0","44.00","378294.42","SABD0000000001","AAV1.0.0.11","4.0.0.2323","PSt7-10","170328-019","7/29/2022 11:23:46 AM","0000-00","0","no battery","V","","µV","","µV"
"08/09/2022","10:19:38","6","default","383292078","Oxt_06","17.596","min","94.292","%a.s.","Humid","21.029","deg","41268","µV","28.027","°C","1017.000","hPa","36.4","pmil","0","55.390","deg","20.000","°C","100.000","%a.s.","21.720","deg","20.000","°C","977.000","hPa","0.861","-0.02617","0.00035","0","0","13.56","Humid","26.25","0","44.00","378282.24","SABD0000000001","AAV1.0.0.11","4.0.0.2323","PSt7-10","170328-019","7/29/2022 11:23:46 AM","0000-00","0","no battery","V","","µV","","µV"
"08/09/2022","10:19:39","6","default","383292078","Oxt_06","17.613","min","94.283","%a.s.","Humid","21.041","deg","41272","µV","28.028","°C","1016.000","hPa","36.4","pmil","0","55.390","deg","20.000","°C","100.000","%a.s.","21.720","deg","20.000","°C","977.000","hPa","0.861","-0.02617","0.00035","0","0","13.56","Humid","26.25","0","44.00","378285.16","SABD0000000001","AAV1.0.0.11","4.0.0.2323","PSt7-10","170328-019","7/29/2022 11:23:46 AM","0000-00","0","no battery","V","","µV","","µV"
"08/09/2022","10:19:40","6","default","383292078","Oxt_06","17.629","min","94.218","%a.s.","Humid","21.038","deg","41263","µV","28.025","°C","1017.000","hPa","36.4","pmil","0","55.390","deg","20.000","°C","100.000","%a.s.","21.720","deg","20.000","°C","977.000","hPa","0.861","-0.02617","0.00035","0","0","13.56","Humid","26.25","0","44.00","378293.03","SABD0000000001","AAV1.0.0.11","4.0.0.2323","PSt7-10","170328-019","7/29/2022 11:23:46 AM","0000-00","0","no battery","V","","µV","","µV"
"08/09/2022","10:19:41","6","default","383292078","Oxt_06","17.646","min","94.326","%a.s.","Humid","21.035","deg","41262","µV","28.036","°C","1016.000","hPa","36.4","pmil","0","55.390","deg","20.000","°C","100.000","%a.s.","21.720","deg","20.000","°C","977.000","hPa","0.861","-0.02617","0.00035","0","0","13.56","Humid","26.25","0","44.00","378303.85","SABD0000000001","AAV1.0.0.11","4.0.0.2323","PSt7-10","170328-019","7/29/2022 11:23:46 AM","0000-00","0","no battery","V","","µV","","µV"
"08/09/2022","10:19:42","6","default","383292078","Oxt_06","17.662","min","94.244","%a.s.","Humid","21.033","deg","41265","µV","28.042","°C","1017.000","hPa","36.4","pmil","0","55.390","deg","20.000","°C","100.000","%a.s.","21.720","deg","20.000","°C","977.000","hPa","0.861","-0.02617","0.00035","0","0","13.56","Humid","26.25","0","44.00","378286.62","SABD0000000001","AAV1.0.0.11","4.0.0.2323","PSt7-10","170328-019","7/29/2022 11:23:46 AM","0000-00","0","no battery","V","","µV","","µV"
"08/09/2022","10:19:43","6","default","383292078","Oxt_06","17.679","min","94.352","%a.s.","Humid","21.032","deg","41259","µV","28.035","°C","1016.000","hPa","36.4","pmil","0","55.390","deg","20.000","°C","100.000","%a.s.","21.720","deg","20.000","°C","977.000","hPa","0.861","-0.02617","0.00035","0","0","13.56","Humid","26.25","0","44.00","378298.08","SABD0000000001","AAV1.0.0.11","4.0.0.2323","PSt7-10","170328-019","7/29/2022 11:23:46 AM","0000-00","0","no battery","V","","µV","","µV"
"08/09/2022","10:19:44","6","default","383292078","Oxt_06","17.695","min","94.253","%a.s.","Humid","21.032","deg","41264","µV","28.042","°C","1017.000","hPa","36.4","pmil","0","55.390","deg","20.000","°C","100.000","%a.s.","21.720","deg","20.000","°C","977.000","hPa","0.861","-0.02617","0.00035","0","0","13.56","Humid","26.25","0","44.00","378288.03","SABD0000000001","AAV1.0.0.11","4.0.0.2323","PSt7-10","170328-019","7/29/2022 11:23:46 AM","0000-00","0","no battery","V","","µV","","µV"
"08/09/2022","10:19:45","6","default","383292078","Oxt_06","17.712","min","94.250","%a.s.","Humid","21.032","deg","41256","µV","28.045","°C","1017.000","hPa","36.4","pmil","0","55.390","deg","20.000","°C","100.000","%a.s.","21.720","deg","20.000","°C","977.000","hPa","0.861","-0.02617","0.00035","0","0","13.56","Humid","26.25","0","44.00","378298.02","SABD0000000001","AAV1.0.0.11","4.0.0.2323","PSt7-10","170328-019","7/29/2022 11:23:46 AM","0000-00","0","no battery","V","","µV","","µV"
"08/09/2022","10:19:46","6","default","383292078","Oxt_06","17.728","min","94.285","%a.s.","Humid","21.028","deg","41255","µV","28.043","°C","1017.000","hPa","36.4","pmil","0","55.390","deg","20.000","°C","100.000","%a.s.","21.720","deg","20.000","°C","977.000","hPa","0.861","-0.02617","0.00035","0","0","13.56","Humid","26.25","0","44.00","378284.73","SABD0000000001","AAV1.0.0.11","4.0.0.2323","PSt7-10","170328-019","7/29/2022 11:23:46 AM","0000-00","0","no battery","V","","µV","","µV"
"08/09/2022","10:19:47","6","default","383292078","Oxt_06","17.745","min","94.273","%a.s.","Humid","21.028","deg","41258","µV","28.057","°C","1017.000","hPa","36.4","pmil","0","55.390","deg","20.000","°C","100.000","%a.s.","21.720","deg","20.000","°C","977.000","hPa","0.861","-0.02617","0.00035","0","0","13.56","Humid","26.25","0","44.00","378284.80","SABD0000000001","AAV1.0.0.11","4.0.0.2323","PSt7-10","170328-019","7/29/2022 11:23:46 AM","0000-00","0","no battery","V","","µV","","µV"
"08/09/2022","10:19:48","6","default","383292078","Oxt_06","17.762","min","94.252","%a.s.","Humid","21.032","deg","41253","µV","28.043","°C","1017.000","hPa","36.4","pmil","0","55.390","deg","20.000","°C","100.000","%a.s.","21.720","deg","20.000","°C","977.000","hPa","0.861","-0.02617","0.00035","0","0","13.56","Humid","26.25","0","44.00","378289.29","SABD0000000001","AAV1.0.0.11","4.0.0.2323","PSt7-10","170328-019","7/29/2022 11:23:46 AM","0000-00","0","no battery","V","","µV","","µV"
"08/09/2022","10:19:49","6","default","383292078","Oxt_06","17.779","min","94.243","%a.s.","Humid","21.033","deg","41249","µV","28.044","°C","1017.000","hPa","36.4","pmil","0","55.390","deg","20.000","°C","100.000","%a.s.","21.720","deg","20.000","°C","977.000","hPa","0.861","-0.02617","0.00035","0","0","13.56","Humid","26.25","0","44.00","378291.95","SABD0000000001","AAV1.0.0.11","4.0.0.2323","PSt7-10","170328-019","7/29/2022 11:23:46 AM","0000-00","0","no battery","V","","µV","","µV"
"08/09/2022","10:19:50","6","default","383292078","Oxt_06","17.795","min","94.297","%a.s.","Humid","21.026","deg","41250","µV","28.049","°C","1017.000","hPa","36.4","pmil","0","55.390","deg","20.000","°C","100.000","%a.s.","21.720","deg","20.000","°C","977.000","hPa","0.861","-0.02617","0.00035","0","0","13.56","Humid","26.25","0","44.00","378297.69","SABD0000000001","AAV1.0.0.11","4.0.0.2323","PSt7-10","170328-019","7/29/2022 11:23:46 AM","0000-00","0","no battery","V","","µV","","µV"
"08/09/2022","10:19:51","6","default","383292078","Oxt_06","17.812","min","94.292","%a.s.","Humid","21.026","deg","41246","µV","28.055","°C","1017.000","hPa","36.4","pmil","0","55.390","deg","20.000","°C","100.000","%a.s.","21.720","deg","20.000","°C","977.000","hPa","0.861","-0.02617","0.00035","0","0","13.56","Humid","26.25","0","44.00","378286.78","SABD0000000001","AAV1.0.0.11","4.0.0.2323","PSt7-10","170328-019","7/29/2022 11:23:46 AM","0000-00","0","no battery","V","","µV","","µV"
"08/09/2022","10:19:52","6","default","383292078","Oxt_06","17.829","min","94.310","%a.s.","Humid","21.024","deg","41249","µV","28.053","°C","1017.000","hPa","36.4","pmil","0","55.390","deg","20.000","°C","100.000","%a.s.","21.720","deg","20.000","°C","977.000","hPa","0.861","-0.02617","0.00035","0","0","13.56","Humid","26.25","0","44.00","378294.56","SABD0000000001","AAV1.0.0.11","4.0.0.2323","PSt7-10","170328-019","7/29/2022 11:23:46 AM","0000-00","0","no battery","V","","µV","","µV"
"08/09/2022","10:19:53","6","default","383292078","Oxt_06","17.846","min","94.293","%a.s.","Humid","21.027","deg","41247","µV","28.044","°C","1017.000","hPa","36.4","pmil","0","55.390","deg","20.000","°C","100.000","%a.s.","21.720","deg","20.000","°C","977.000","hPa","0.861","-0.02617","0.00035","0","0","13.56","Humid","26.25","0","44.00","378290.77","SABD0000000001","AAV1.0.0.11","4.0.0.2323","PSt7-10","170328-019","7/29/2022 11:23:46 AM","0000-00","0","no battery","V","","µV","","µV"
"08/09/2022","10:19:54","6","default","383292078","Oxt_06","17.862","min","94.255","%a.s.","Humid","21.031","deg","41244","µV","28.049","°C","1017.000","hPa","36.4","pmil","0","55.390","deg","20.000","°C","100.000","%a.s.","21.720","deg","20.000","°C","977.000","hPa","0.861","-0.02617","0.00035","0","0","13.56","Humid","26.25","0","44.00","378300.91","SABD0000000001","AAV1.0.0.11","4.0.0.2323","PSt7-10","170328-019","7/29/2022 11:23:46 AM","0000-00","0","no battery","V","","µV","","µV"
"08/09/2022","10:19:55","6","default","383292078","Oxt_06","17.879","min","94.331","%a.s.","Humid","21.022","deg","41245","µV","28.048","°C","1017.000","hPa","36.4","pmil","0","55.390","deg","20.000","°C","100.000","%a.s.","21.720","deg","20.000","°C","977.000","hPa","0.861","-0.02617","0.00035","0","0","13.56","Humid","26.25","0","44.00","378293.28","SABD0000000001","AAV1.0.0.11","4.0.0.2323","PSt7-10","170328-019","7/29/2022 11:23:46 AM","0000-00","0","no battery","V","","µV","","µV"
"08/09/2022","10:19:56","6","default","383292078","Oxt_06","17.895","min","94.290","%a.s.","Humid","21.026","deg","41244","µV","28.056","°C","1017.000","hPa","36.4","pmil","0","55.390","deg","20.000","°C","100.000","%a.s.","21.720","deg","20.000","°C","977.000","hPa","0.861","-0.02617","0.00035","0","0","13.56","Humid","26.25","0","44.00","378281.07","SABD0000000001","AAV1.0.0.11","4.0.0.2323","PSt7-10","170328-019","7/29/2022 11:23:46 AM","0000-00","0","no battery","V","","µV","","µV"
"08/09/2022","10:19:57","6","default","383292078","Oxt_06","17.912","min","94.301","%a.s.","Humid","21.025","deg","41238","µV","28.054","°C","1017.000","hPa","36.4","pmil","0","55.390","deg","20.000","°C","100.000","%a.s.","21.720","deg","20.000","°C","977.000","hPa","0.861","-0.02617","0.00035","0","0","13.56","Humid","26.25","0","44.00","378290.80","SABD0000000001","AAV1.0.0.11","4.0.0.2323","PSt7-10","170328-019","7/29/2022 11:23:46 AM","0000-00","0","no battery","V","","µV","","µV"
"08/09/2022","10:19:58","6","default","383292078","Oxt_06","17.929","min","94.424","%a.s.","Humid","21.023","deg","41245","µV","28.038","°C","1016.000","hPa","36.4","pmil","0","55.390","deg","20.000","°C","100.000","%a.s.","21.720","deg","20.000","°C","977.000","hPa","0.861","-0.02617","0.00035","0","0","13.56","Humid","26.25","0","44.00","378291.21","SABD0000000001","AAV1.0.0.11","4.0.0.2323","PSt7-10","170328-019","7/29/2022 11:23:46 AM","0000-00","0","no battery","V","","µV","","µV"
"08/09/2022","10:19:59","6","default","383292078","Oxt_06","17.945","min","94.373","%a.s.","Humid","21.018","deg","41241","µV","28.039","°C","1017.000","hPa","36.4","pmil","0","55.390","deg","20.000","°C","100.000","%a.s.","21.720","deg","20.000","°C","977.000","hPa","0.861","-0.02617","0.00035","0","0","13.56","Humid","26.25","0","44.00","378296.57","SABD0000000001","AAV1.0.0.11","4.0.0.2323","PSt7-10","170328-019","7/29/2022 11:23:46 AM","0000-00","0","no battery","V","","µV","","µV"
"08/09/2022","10:20:00","6","default","383292078","Oxt_06","17.962","min","94.423","%a.s.","Humid","21.022","deg","41237","µV","28.049","°C","1016.000","hPa","36.4","pmil","0","55.390","deg","20.000","°C","100.000","%a.s.","21.720","deg","20.000","°C","977.000","hPa","0.861","-0.02617","0.00035","0","0","13.56","Humid","26.25","0","44.00","378303.80","SABD0000000001","AAV1.0.0.11","4.0.0.2323","PSt7-10","170328-019","7/29/2022 11:23:46 AM","0000-00","0","no battery","V","","µV","","µV"
"08/09/2022","10:20:01","6","default","383292078","Oxt_06","17.979","min","94.313","%a.s.","Humid","21.024","deg","41238","µV","28.050","°C","1017.000","hPa","36.4","pmil","0","55.390","deg","20.000","°C","100.000","%a.s.","21.720","deg","20.000","°C","977.000","hPa","0.861","-0.02617","0.00035","0","0","13.56","Humid","26.25","0","44.00","378287.78","SABD0000000001","AAV1.0.0.11","4.0.0.2323","PSt7-10","170328-019","7/29/2022 11:23:46 AM","0000-00","0","no battery","V","","µV","","µV"
"08/09/2022","10:20:02","6","default","383292078","Oxt_06","17.995","min","94.330","%a.s.","Humid","21.024","deg","41233","µV","28.031","°C","1017.000","hPa","36.4","pmil","0","55.390","deg","20.000","°C","100.000","%a.s.","21.720","deg","20.000","°C","977.000","hPa","0.861","-0.02617","0.00035","0","0","13.56","Humid","26.25","0","44.00","378288.69","SABD0000000001","AAV1.0.0.11","4.0.0.2323","PSt7-10","170328-019","7/29/2022 11:23:46 AM","0000-00","0","no battery","V","","µV","","µV"
"08/09/2022","10:20:03","6","default","383292078","Oxt_06","18.012","min","94.355","%a.s.","Humid","21.021","deg","41230","µV","28.031","°C","1017.000","hPa","36.4","pmil","0","55.390","deg","20.000","°C","100.000","%a.s.","21.720","deg","20.000","°C","977.000","hPa","0.861","-0.02617","0.00035","0","0","13.56","Humid","26.25","0","44.00","378294.81","SABD0000000001","AAV1.0.0.11","4.0.0.2323","PSt7-10","170328-019","7/29/2022 11:23:46 AM","0000-00","0","no battery","V","","µV","","µV"
"08/09/2022","10:20:04","6","default","383292078","Oxt_06","18.029","min","94.430","%a.s.","Humid","21.023","deg","41236","µV","28.033","°C","1016.000","hPa","36.4","pmil","0","55.390","deg","20.000","°C","100.000","%a.s.","21.720","deg","20.000","°C","977.000","hPa","0.861","-0.02617","0.00035","0","0","13.56","Humid","26.25","0","44.00","378305.27","SABD0000000001","AAV1.0.0.11","4.0.0.2323","PSt7-10","170328-019","7/29/2022 11:23:46 AM","0000-00","0","no battery","V","","µV","","µV"
"08/09/2022","10:20:05","6","default","383292078","Oxt_06","18.045","min","94.437","%a.s.","Humid","21.019","deg","41235","µV","28.061","°C","1016.000","hPa","36.4","pmil","0","55.390","deg","20.000","°C","100.000","%a.s.","21.720","deg","20.000","°C","977.000","hPa","0.861","-0.02617","0.00035","0","0","13.56","Humid","26.25","0","44.00","378282.59","SABD0000000001","AAV1.0.0.11","4.0.0.2323","PSt7-10","170328-019","7/29/2022 11:23:46 AM","0000-00","0","no battery","V","","µV","","µV"
"08/09/2022","10:20:06","6","default","383292078","Oxt_06","18.062","min","94.462","%a.s.","Humid","21.017","deg","41235","µV","28.053","°C","1016.000","hPa","36.4","pmil","0","55.390","deg","20.000","°C","100.000","%a.s.","21.720","deg","20.000","°C","977.000","hPa","0.861","-0.02617","0.00035","0","0","13.56","Humid","26.25","0","44.00","378296.07","SABD0000000001","AAV1.0.0.11","4.0.0.2323","PSt7-10","170328-019","7/29/2022 11:23:46 AM","0000-00","0","no battery","V","","µV","","µV"
"08/09/2022","10:20:07","6","default","383292078","Oxt_06","18.079","min","94.307","%a.s.","Humid","21.025","deg","41234","µV","28.047","°C","1017.000","hPa","36.4","pmil","0","55.390","deg","20.000","°C","100.000","%a.s.","21.720","deg","20.000","°C","977.000","hPa","0.861","-0.02617","0.00035","0","0","13.56","Humid","26.25","0","44.00","378294.61","SABD0000000001","AAV1.0.0.11","4.0.0.2323","PSt7-10","170328-019","7/29/2022 11:23:46 AM","0000-00","0","no battery","V","","µV","","µV"
"08/09/2022","10:20:08","6","default","383292078","Oxt_06","18.095","min","94.370","%a.s.","Humid","21.017","deg","41229","µV","28.051","°C","1017.000","hPa","36.4","pmil","0","55.390","deg","20.000","°C","100.000","%a.s.","21.720","deg","20.000","°C","977.000","hPa","0.861","-0.02617","0.00035","0","0","13.56","Humid","26.25","0","44.00","378291.60","SABD0000000001","AAV1.0.0.11","4.0.0.2323","PSt7-10","170328-019","7/29/2022 11:23:46 AM","0000-00","0","no battery","V","","µV","","µV"
"08/09/2022","10:20:09","6","default","383292078","Oxt_06","18.112","min","94.424","%a.s.","Humid","21.011","deg","41225","µV","28.047","°C","1017.000","hPa","36.4","pmil","0","55.390","deg","20.000","°C","100.000","%a.s.","21.720","deg","20.000","°C","977.000","hPa","0.861","-0.02617","0.00035","0","0","13.56","Humid","26.25","0","44.00","378291.17","SABD0000000001","AAV1.0.0.11","4.0.0.2323","PSt7-10","170328-019","7/29/2022 11:23:46 AM","0000-00","0","no battery","V","","µV","","µV"
"08/09/2022","10:20:10","6","default","383292078","Oxt_06","18.129","min","94.531","%a.s.","Humid","21.009","deg","41229","µV","28.050","°C","1016.000","hPa","36.4","pmil","0","55.390","deg","20.000","°C","100.000","%a.s.","21.720","deg","20.000","°C","977.000","hPa","0.861","-0.02617","0.00035","0","0","13.56","Humid","26.25","0","44.00","378311.20","SABD0000000001","AAV1.0.0.11","4.0.0.2323","PSt7-10","170328-019","7/29/2022 11:23:46 AM","0000-00","0","no battery","V","","µV","","µV"
"08/09/2022","10:20:11","6","default","383292078","Oxt_06","18.145","min","94.433","%a.s.","Humid","21.010","deg","41224","µV","28.047","°C","1017.000","hPa","36.4","pmil","0","55.390","deg","20.000","°C","100.000","%a.s.","21.720","deg","20.000","°C","977.000","hPa","0.861","-0.02617","0.00035","0","0","13.56","Humid","26.25","0","44.00","378293.09","SABD0000000001","AAV1.0.0.11","4.0.0.2323","PSt7-10","170328-019","7/29/2022 11:23:46 AM","0000-00","0","no battery","V","","µV","","µV"
"08/09/2022","10:20:12","6","default","383292078","Oxt_06","18.162","min","94.452","%a.s.","Humid","21.007","deg","41221","µV","28.054","°C","1017.000","hPa","36.4","pmil","0","55.390","deg","20.000","°C","100.000","%a.s.","21.720","deg","20.000","°C","977.000","hPa","0.861","-0.02617","0.00035","0","0","13.56","Humid","26.25","0","44.00","378297.22","SABD0000000001","AAV1.0.0.11","4.0.0.2323","PSt7-10","170328-019","7/29/2022 11:23:46 AM","0000-00","0","no battery","V","","µV","","µV"
"08/09/2022","10:20:13","6","default","383292078","Oxt_06","18.179","min","94.398","%a.s.","Humid","21.014","deg","41223","µV","28.049","°C","1017.000","hPa","36.4","pmil","0","55.390","deg","20.000","°C","100.000","%a.s.","21.720","deg","20.000","°C","977.000","hPa","0.861","-0.02617","0.00035","0","0","13.56","Humid","26.25","0","44.00","378302.10","SABD0000000001","AAV1.0.0.11","4.0.0.2323","PSt7-10","170328-019","7/29/2022 11:23:46 AM","0000-00","0","no battery","V","","µV","","µV"
"08/09/2022","10:20:14","6","default","383292078","Oxt_06","18.195","min","94.495","%a.s.","Humid","21.013","deg","41221","µV","28.053","°C","1016.000","hPa","36.4","pmil","0","55.390","deg","20.000","°C","100.000","%a.s.","21.720","deg","20.000","°C","977.000","hPa","0.861","-0.02617","0.00035","0","0","13.56","Humid","26.25","0","44.00","378274.76","SABD0000000001","AAV1.0.0.11","4.0.0.2323","PSt7-10","170328-019","7/29/2022 11:23:46 AM","0000-00","0","no battery","V","","µV","","µV"
"08/09/2022","10:20:15","6","default","383292078","Oxt_06","18.212","min","94.505","%a.s.","Humid","21.011","deg","41224","µV","28.060","°C","1016.000","hPa","36.4","pmil","0","55.390","deg","20.000","°C","100.000","%a.s.","21.720","deg","20.000","°C","977.000","hPa","0.861","-0.02617","0.00035","0","0","13.56","Humid","26.25","0","44.00","378301.32","SABD0000000001","AAV1.0.0.11","4.0.0.2323","PSt7-10","170328-019","7/29/2022 11:23:46 AM","0000-00","0","no battery","V","","µV","","µV"
"08/09/2022","10:20:16","6","default","383292078","Oxt_06","18.229","min","94.532","%a.s.","Humid","21.009","deg","41218","µV","28.049","°C","1016.000","hPa","36.4","pmil","0","55.390","deg","20.000","°C","100.000","%a.s.","21.720","deg","20.000","°C","977.000","hPa","0.861","-0.02617","0.00035","0","0","13.56","Humid","26.25","0","44.00","378308.35","SABD0000000001","AAV1.0.0.11","4.0.0.2323","PSt7-10","170328-019","7/29/2022 11:23:46 AM","0000-00","0","no battery","V","","µV","","µV"
"08/09/2022","10:20:17","6","default","383292078","Oxt_06","18.245","min","94.541","%a.s.","Humid","21.009","deg","41217","µV","28.039","°C","1016.000","hPa","36.4","pmil","0","55.390","deg","20.000","°C","100.000","%a.s.","21.720","deg","20.000","°C","977.000","hPa","0.861","-0.02617","0.00035","0","0","13.56","Humid","26.25","0","44.00","378312.38","SABD0000000001","AAV1.0.0.11","4.0.0.2323","PSt7-10","170328-019","7/29/2022 11:23:46 AM","0000-00","0","no battery","V","","µV","","µV"
"08/09/2022","10:20:18","6","default","383292078","Oxt_06","18.262","min","94.511","%a.s.","Humid","21.011","deg","41218","µV","28.054","°C","1016.000","hPa","36.4","pmil","0","55.390","deg","20.000","°C","100.000","%a.s.","21.720","deg","20.000","°C","977.000","hPa","0.861","-0.02617","0.00035","0","0","13.56","Humid","26.25","0","44.00","378301.92","SABD0000000001","AAV1.0.0.11","4.0.0.2323","PSt7-10","170328-019","7/29/2022 11:23:46 AM","0000-00","0","no battery","V","","µV","","µV"
"08/09/2022","10:20:19","6","default","383292078","Oxt_06","18.279","min","94.514","%a.s.","Humid","21.011","deg","41216","µV","28.050","°C","1016.000","hPa","36.4","pmil","0","55.390","deg","20.000","°C","100.000","%a.s.","21.720","deg","20.000","°C","977.000","hPa","0.861","-0.02617","0.00035","0","0","13.56","Humid","26.25","0","44.00","378294.83","SABD0000000001","AAV1.0.0.11","4.0.0.2323","PSt7-10","170328-019","7/29/2022 11:23:46 AM","0000-00","0","no battery","V","","µV","","µV"
"08/09/2022","10:20:20","6","default","383292078","Oxt_06","18.295","min","94.393","%a.s.","Humid","21.015","deg","41210","µV","28.045","°C","1017.000","hPa","36.4","pmil","0","55.390","deg","20.000","°C","100.000","%a.s.","21.720","deg","20.000","°C","977.000","hPa","0.861","-0.02617","0.00035","0","0","13.56","Humid","26.25","0","44.00","378299.07","SABD0000000001","AAV1.0.0.11","4.0.0.2323","PSt7-10","170328-019","7/29/2022 11:23:46 AM","0000-00","0","no battery","V","","µV","","µV"
"08/09/2022","10:20:21","6","default","383292078","Oxt_06","18.312","min","94.407","%a.s.","Humid","21.013","deg","41208","µV","28.048","°C","1017.000","hPa","36.4","pmil","0","55.390","deg","20.000","°C","100.000","%a.s.","21.720","deg","20.000","°C","977.000","hPa","0.861","-0.02617","0.00035","0","0","13.56","Humid","26.25","0","44.00","378285.31","SABD0000000001","AAV1.0.0.11","4.0.0.2323","PSt7-10","170328-019","7/29/2022 11:23:46 AM","0000-00","0","no battery","V","","µV","","µV"
"08/09/2022","10:20:22","6","default","383292078","Oxt_06","18.329","min","94.468","%a.s.","Humid","21.006","deg","41212","µV","28.045","°C","1017.000","hPa","36.4","pmil","0","55.390","deg","20.000","°C","100.000","%a.s.","21.720","deg","20.000","°C","977.000","hPa","0.861","-0.02617","0.00035","0","0","13.56","Humid","26.25","0","44.00","378294.68","SABD0000000001","AAV1.0.0.11","4.0.0.2323","PSt7-10","170328-019","7/29/2022 11:23:46 AM","0000-00","0","no battery","V","","µV","","µV"
"08/09/2022","10:20:23","6","default","383292078","Oxt_06","18.345","min","94.477","%a.s.","Humid","21.006","deg","41208","µV","28.036","°C","1017.000","hPa","36.4","pmil","0","55.390","deg","20.000","°C","100.000","%a.s.","21.720","deg","20.000","°C","977.000","hPa","0.861","-0.02617","0.00035","0","0","13.56","Humid","26.25","0","44.00","378291.82","SABD0000000001","AAV1.0.0.11","4.0.0.2323","PSt7-10","170328-019","7/29/2022 11:23:46 AM","0000-00","0","no battery","V","","µV","","µV"
"08/09/2022","10:20:24","6","default","383292078","Oxt_06","18.362","min","94.456","%a.s.","Humid","21.006","deg","41208","µV","28.058","°C","1017.000","hPa","36.4","pmil","0","55.390","deg","20.000","°C","100.000","%a.s.","21.720","deg","20.000","°C","977.000","hPa","0.861","-0.02617","0.00035","0","0","13.56","Humid","26.25","0","44.00","378295.47","SABD0000000001","AAV1.0.0.11","4.0.0.2323","PSt7-10","170328-019","7/29/2022 11:23:46 AM","0000-00","0","no battery","V","","µV","","µV"
"08/09/2022","10:20:25","6","default","383292078","Oxt_06","18.379","min","94.581","%a.s.","Humid","21.002","deg","41206","µV","28.060","°C","1016.000","hPa","36.4","pmil","0","55.390","deg","20.000","°C","100.000","%a.s.","21.720","deg","20.000","°C","977.000","hPa","0.861","-0.02617","0.00035","0","0","13.56","Humid","26.25","0","44.00","378314.64","SABD0000000001","AAV1.0.0.11","4.0.0.2323","PSt7-10","170328-019","7/29/2022 11:23:46 AM","0000-00","0","no battery","V","","µV","","µV"
"08/09/2022","10:20:26","6","default","383292078","Oxt_06","18.395","min","94.392","%a.s.","Humid","21.014","deg","41210","µV","28.055","°C","1017.000","hPa","36.4","pmil","0","55.390","deg","20.000","°C","100.000","%a.s.","21.720","deg","20.000","°C","977.000","hPa","0.861","-0.02617","0.00035","0","0","13.56","Humid","26.25","0","44.00","378299.43","SABD0000000001","AAV1.0.0.11","4.0.0.2323","PSt7-10","170328-019","7/29/2022 11:23:46 AM","0000-00","0","no battery","V","","µV","","µV"
"08/09/2022","10:20:27","6","default","383292078","Oxt_06","18.412","min","94.507","%a.s.","Humid","21.000","deg","41208","µV","28.058","°C","1017.000","hPa","36.4","pmil","0","55.390","deg","20.000","°C","100.000","%a.s.","21.720","deg","20.000","°C","977.000","hPa","0.861","-0.02617","0.00035","0","0","13.56","Humid","26.25","0","44.00","378299.22","SABD0000000001","AAV1.0.0.11","4.0.0.2323","PSt7-10","170328-019","7/29/2022 11:23:46 AM","0000-00","0","no battery","V","","µV","","µV"
"08/09/2022","10:20:28","6","default","383292078","Oxt_06","18.429","min","94.468","%a.s.","Humid","21.005","deg","41204","µV","28.054","°C","1017.000","hPa","36.4","pmil","0","55.390","deg","20.000","°C","100.000","%a.s.","21.720","deg","20.000","°C","977.000","hPa","0.861","-0.02617","0.00035","0","0","13.56","Humid","26.25","0","44.00","378301.01","SABD0000000001","AAV1.0.0.11","4.0.0.2323","PSt7-10","170328-019","7/29/2022 11:23:46 AM","0000-00","0","no battery","V","","µV","","µV"
"08/09/2022","10:20:29","6","default","383292078","Oxt_06","18.445","min","94.447","%a.s.","Humid","21.006","deg","41209","µV","28.068","°C","1017.000","hPa","36.4","pmil","0","55.390","deg","20.000","°C","100.000","%a.s.","21.720","deg","20.000","°C","977.000","hPa","0.861","-0.02617","0.00035","0","0","13.56","Humid","26.25","0","44.00","378287.22","SABD0000000001","AAV1.0.0.11","4.0.0.2323","PSt7-10","170328-019","7/29/2022 11:23:46 AM","0000-00","0","no battery","V","","µV","","µV"
"08/09/2022","10:20:30","6","default","383292078","Oxt_06","18.462","min","94.390","%a.s.","Humid","21.013","deg","41199","µV","28.066","°C","1017.000","hPa","36.4","pmil","0","55.390","deg","20.000","°C","100.000","%a.s.","21.720","deg","20.000","°C","977.000","hPa","0.861","-0.02617","0.00035","0","0","13.56","Humid","26.25","0","44.00","378299.28","SABD0000000001","AAV1.0.0.11","4.0.0.2323","PSt7-10","170328-019","7/29/2022 11:23:46 AM","0000-00","0","no battery","V","","µV","","µV"
"08/09/2022","10:20:31","6","default","383292078","Oxt_06","18.479","min","94.473","%a.s.","Humid","21.004","deg","41210","µV","28.058","°C","1017.000","hPa","36.4","pmil","0","55.390","deg","20.000","°C","100.000","%a.s.","21.720","deg","20.000","°C","977.000","hPa","0.861","-0.02617","0.00035","0","0","13.56","Humid","26.25","0","44.00","378297.28","SABD0000000001","AAV1.0.0.11","4.0.0.2323","PSt7-10","170328-019","7/29/2022 11:23:46 AM","0000-00","0","no battery","V","","µV","","µV"
"08/09/2022","10:20:32","6","default","383292078","Oxt_06","18.496","min","94.439","%a.s.","Humid","21.010","deg","41200","µV","28.040","°C","1017.000","hPa","36.4","pmil","0","55.390","deg","20.000","°C","100.000","%a.s.","21.720","deg","20.000","°C","977.000","hPa","0.861","-0.02617","0.00035","0","0","13.56","Humid","26.25","0","44.00","378297.54","SABD0000000001","AAV1.0.0.11","4.0.0.2323","PSt7-10","170328-019","7/29/2022 11:23:46 AM","0000-00","0","no battery","V","","µV","","µV"
"08/09/2022","10:20:33","6","default","383292078","Oxt_06","18.512","min","94.454","%a.s.","Humid","21.006","deg","41199","µV","28.060","°C","1017.000","hPa","36.4","pmil","0","55.390","deg","20.000","°C","100.000","%a.s.","21.720","deg","20.000","°C","977.000","hPa","0.861","-0.02617","0.00035","0","0","13.56","Humid","26.25","0","44.00","378297.96","SABD0000000001","AAV1.0.0.11","4.0.0.2323","PSt7-10","170328-019","7/29/2022 11:23:46 AM","0000-00","0","no battery","V","","µV","","µV"
"08/09/2022","10:20:34","6","default","383292078","Oxt_06","18.529","min","94.534","%a.s.","Humid","20.997","deg","41200","µV","28.055","°C","1017.000","hPa","36.4","pmil","0","55.390","deg","20.000","°C","100.000","%a.s.","21.720","deg","20.000","°C","977.000","hPa","0.861","-0.02617","0.00035","0","0","13.56","Humid","26.25","0","44.00","378306.00","SABD0000000001","AAV1.0.0.11","4.0.0.2323","PSt7-10","170328-019","7/29/2022 11:23:46 AM","0000-00","0","no battery","V","","µV","","µV"
"08/09/2022","10:20:35","6","default","383292078","Oxt_06","18.546","min","94.591","%a.s.","Humid","21.001","deg","41199","µV","28.059","°C","1016.000","hPa","36.4","pmil","0","55.390","deg","20.000","°C","100.000","%a.s.","21.720","deg","20.000","°C","977.000","hPa","0.861","-0.02617","0.00035","0","0","13.56","Humid","26.25","0","44.00","378307.72","SABD0000000001","AAV1.0.0.11","4.0.0.2323","PSt7-10","170328-019","7/29/2022 11:23:46 AM","0000-00","0","no battery","V","","µV","","µV"
"08/09/2022","10:20:36","6","default","383292078","Oxt_06","18.562","min","94.611","%a.s.","Humid","20.999","deg","41193","µV","28.055","°C","1016.000","hPa","36.4","pmil","0","55.390","deg","20.000","°C","100.000","%a.s.","21.720","deg","20.000","°C","977.000","hPa","0.861","-0.02617","0.00035","0","0","13.56","Humid","26.25","0","44.00","378305.57","SABD0000000001","AAV1.0.0.11","4.0.0.2323","PSt7-10","170328-019","7/29/2022 11:23:46 AM","0000-00","0","no battery","V","","µV","","µV"
"08/09/2022","10:20:37","6","default","383292078","Oxt_06","18.579","min","94.488","%a.s.","Humid","21.002","deg","41190","µV","28.060","°C","1017.000","hPa","36.4","pmil","0","55.390","deg","20.000","°C","100.000","%a.s.","21.720","deg","20.000","°C","977.000","hPa","0.861","-0.02617","0.00035","0","0","13.56","Humid","26.25","0","44.00","378310.08","SABD0000000001","AAV1.0.0.11","4.0.0.2323","PSt7-10","170328-019","7/29/2022 11:23:46 AM","0000-00","0","no battery","V","","µV","","µV"
"08/09/2022","10:20:38","6","default","383292078","Oxt_06","18.596","min","94.580","%a.s.","Humid","21.003","deg","41196","µV","28.052","°C","1016.000","hPa","36.4","pmil","0","55.390","deg","20.000","°C","100.000","%a.s.","21.720","deg","20.000","°C","977.000","hPa","0.861","-0.02617","0.00035","0","0","13.56","Humid","26.25","0","44.00","378300.18","SABD0000000001","AAV1.0.0.11","4.0.0.2323","PSt7-10","170328-019","7/29/2022 11:23:46 AM","0000-00","0","no battery","V","","µV","","µV"
"08/09/2022","10:20:39","6","default","383292078","Oxt_06","18.612","min","94.640","%a.s.","Humid","20.997","deg","41196","µV","28.042","°C","1016.000","hPa","36.4","pmil","0","55.390","deg","20.000","°C","100.000","%a.s.","21.720","deg","20.000","°C","977.000","hPa","0.861","-0.02617","0.00035","0","0","13.56","Humid","26.25","0","44.00","378290.81","SABD0000000001","AAV1.0.0.11","4.0.0.2323","PSt7-10","170328-019","7/29/2022 11:23:46 AM","0000-00","0","no battery","V","","µV","","µV"
"08/09/2022","10:20:40","6","default","383292078","Oxt_06","18.629","min","94.632","%a.s.","Humid","20.997","deg","41195","µV","28.050","°C","1016.000","hPa","36.4","pmil","0","55.390","deg","20.000","°C","100.000","%a.s.","21.720","deg","20.000","°C","977.000","hPa","0.861","-0.02617","0.00035","0","0","13.56","Humid","26.25","0","44.00","378304.35","SABD0000000001","AAV1.0.0.11","4.0.0.2323","PSt7-10","170328-019","7/29/2022 11:23:46 AM","0000-00","0","no battery","V","","µV","","µV"
"08/09/2022","10:20:41","6","default","383292078","Oxt_06","18.646","min","94.556","%a.s.","Humid","20.995","deg","41190","µV","28.049","°C","1017.000","hPa","36.4","pmil","0","55.390","deg","20.000","°C","100.000","%a.s.","21.720","deg","20.000","°C","977.000","hPa","0.861","-0.02617","0.00035","0","0","13.56","Humid","26.25","0","44.00","378297.67","SABD0000000001","AAV1.0.0.11","4.0.0.2323","PSt7-10","170328-019","7/29/2022 11:23:46 AM","0000-00","0","no battery","V","","µV","","µV"
"08/09/2022","10:20:42","6","default","383292078","Oxt_06","18.662","min","94.642","%a.s.","Humid","20.996","deg","41194","µV","28.048","°C","1016.000","hPa","36.4","pmil","0","55.390","deg","20.000","°C","100.000","%a.s.","21.720","deg","20.000","°C","977.000","hPa","0.861","-0.02617","0.00035","0","0","13.56","Humid","26.25","0","44.00","378295.10","SABD0000000001","AAV1.0.0.11","4.0.0.2323","PSt7-10","170328-019","7/29/2022 11:23:46 AM","0000-00","0","no battery","V","","µV","","µV"
"08/09/2022","10:20:43","6","default","383292078","Oxt_06","18.679","min","94.531","%a.s.","Humid","20.997","deg","41188","µV","28.059","°C","1017.000","hPa","36.4","pmil","0","55.390","deg","20.000","°C","100.000","%a.s.","21.720","deg","20.000","°C","977.000","hPa","0.861","-0.02617","0.00035","0","0","13.56","Humid","26.25","0","44.00","378301.25","SABD0000000001","AAV1.0.0.11","4.0.0.2323","PSt7-10","170328-019","7/29/2022 11:23:46 AM","0000-00","0","no battery","V","","µV","","µV"
"08/09/2022","10:20:44","6","default","383292078","Oxt_06","18.696","min","94.566","%a.s.","Humid","20.994","deg","41192","µV","28.049","°C","1017.000","hPa","36.4","pmil","0","55.390","deg","20.000","°C","100.000","%a.s.","21.720","deg","20.000","°C","977.000","hPa","0.861","-0.02617","0.00035","0","0","13.56","Humid","26.25","0","44.00","378306.53","SABD0000000001","AAV1.0.0.11","4.0.0.2323","PSt7-10","170328-019","7/29/2022 11:23:46 AM","0000-00","0","no battery","V","","µV","","µV"
"08/09/2022","10:20:45","6","default","383292078","Oxt_06","18.712","min","94.544","%a.s.","Humid","20.996","deg","41191","µV","28.054","°C","1017.000","hPa","36.4","pmil","0","55.390","deg","20.000","°C","100.000","%a.s.","21.720","deg","20.000","°C","977.000","hPa","0.861","-0.02617","0.00035","0","0","13.56","Humid","26.25","0","44.00","378306.99","SABD0000000001","AAV1.0.0.11","4.0.0.2323","PSt7-10","170328-019","7/29/2022 11:23:46 AM","0000-00","0","no battery","V","","µV","","µV"
"08/09/2022","10:20:46","6","default","383292078","Oxt_06","18.729","min","94.538","%a.s.","Humid","20.997","deg","41186","µV","28.051","°C","1017.000","hPa","36.4","pmil","0","55.390","deg","20.000","°C","100.000","%a.s.","21.720","deg","20.000","°C","977.000","hPa","0.861","-0.02617","0.00035","0","0","13.56","Humid","26.25","0","44.00","378315.60","SABD0000000001","AAV1.0.0.11","4.0.0.2323","PSt7-10","170328-019","7/29/2022 11:23:46 AM","0000-00","0","no battery","V","","µV","","µV"
"08/09/2022","10:20:47","6","default","383292078","Oxt_06","18.746","min","94.597","%a.s.","Humid","20.990","deg","41187","µV","28.051","°C","1017.000","hPa","36.4","pmil","0","55.390","deg","20.000","°C","100.000","%a.s.","21.720","deg","20.000","°C","977.000","hPa","0.861","-0.02617","0.00035","0","0","13.56","Humid","26.25","0","44.00","378300.30","SABD0000000001","AAV1.0.0.11","4.0.0.2323","PSt7-10","170328-019","7/29/2022 11:23:46 AM","0000-00","0","no battery","V","","µV","","µV"
"08/09/2022","10:20:48","6","default","383292078","Oxt_06","18.762","min","94.534","%a.s.","Humid","20.996","deg","41187","µV","28.065","°C","1017.000","hPa","36.4","pmil","0","55.390","deg","20.000","°C","100.000","%a.s.","21.720","deg","20.000","°C","977.000","hPa","0.861","-0.02617","0.00035","0","0","13.56","Humid","26.25","0","44.00","378300.52","SABD0000000001","AAV1.0.0.11","4.0.0.2323","PSt7-10","170328-019","7/29/2022 11:23:46 AM","0000-00","0","no battery","V","","µV","","µV"
"08/09/2022","10:20:49","6","default","383292078","Oxt_06","18.779","min","94.585","%a.s.","Humid","21.002","deg","41189","µV","28.056","°C","1016.000","hPa","36.4","pmil","0","55.390","deg","20.000","°C","100.000","%a.s.","21.720","deg","20.000","°C","977.000","hPa","0.861","-0.02617","0.00035","0","0","13.56","Humid","26.25","0","44.00","378291.42","SABD0000000001","AAV1.0.0.11","4.0.0.2323","PSt7-10","170328-019","7/29/2022 11:23:46 AM","0000-00","0","no battery","V","","µV","","µV"
"08/09/2022","10:20:50","6","default","383292078","Oxt_06","18.796","min","94.663","%a.s.","Humid","20.994","deg","41184","µV","28.044","°C","1016.000","hPa","36.4","pmil","0","55.390","deg","20.000","°C","100.000","%a.s.","21.720","deg","20.000","°C","977.000","hPa","0.861","-0.02617","0.00035","0","0","13.56","Humid","26.25","0","44.00","378300.41","SABD0000000001","AAV1.0.0.11","4.0.0.2323","PSt7-10","170328-019","7/29/2022 11:23:46 AM","0000-00","0","no battery","V","","µV","","µV"
"08/09/2022","10:20:51","6","default","383292078","Oxt_06","18.812","min","94.631","%a.s.","Humid","20.997","deg","41179","µV","28.051","°C","1016.000","hPa","36.4","pmil","0","55.390","deg","20.000","°C","100.000","%a.s.","21.720","deg","20.000","°C","977.000","hPa","0.861","-0.02617","0.00035","0","0","13.56","Humid","26.25","0","44.00","378295.60","SABD0000000001","AAV1.0.0.11","4.0.0.2323","PSt7-10","170328-019","7/29/2022 11:23:46 AM","0000-00","0","no battery","V","","µV","","µV"
"08/09/2022","10:20:52","6","default","383292078","Oxt_06","18.829","min","94.732","%a.s.","Humid","20.984","deg","41186","µV","28.060","°C","1016.000","hPa","36.4","pmil","0","55.390","deg","20.000","°C","100.000","%a.s.","21.720","deg","20.000","°C","977.000","hPa","0.861","-0.02617","0.00035","0","0","13.56","Humid","26.25","0","44.00","378298.50","SABD0000000001","AAV1.0.0.11","4.0.0.2323","PSt7-10","170328-019","7/29/2022 11:23:46 AM","0000-00","0","no battery","V","","µV","","µV"
"08/09/2022","10:20:53","6","default","383292078","Oxt_06","18.846","min","94.592","%a.s.","Humid","21.001","deg","41179","µV","28.058","°C","1016.000","hPa","36.4","pmil","0","55.390","deg","20.000","°C","100.000","%a.s.","21.720","deg","20.000","°C","977.000","hPa","0.861","-0.02617","0.00035","0","0","13.56","Humid","26.25","0","44.00","378297.26","SABD0000000001","AAV1.0.0.11","4.0.0.2323","PSt7-10","170328-019","7/29/2022 11:23:46 AM","0000-00","0","no battery","V","","µV","","µV"
"08/09/2022","10:20:54","6","default","383292078","Oxt_06","18.862","min","94.493","%a.s.","Humid","21.001","deg","41174","µV","28.064","°C","1017.000","hPa","36.4","pmil","0","55.390","deg","20.000","°C","100.000","%a.s.","21.720","deg","20.000","°C","977.000","hPa","0.861","-0.02617","0.00035","0","0","13.56","Humid","26.25","0","44.00","378295.60","SABD0000000001","AAV1.0.0.11","4.0.0.2323","PSt7-10","170328-019","7/29/2022 11:23:46 AM","0000-00","0","no battery","V","","µV","","µV"
"08/09/2022","10:20:55","6","default","383292078","Oxt_06","18.879","min","94.587","%a.s.","Humid","20.991","deg","41180","µV","28.052","°C","1017.000","hPa","36.4","pmil","0","55.390","deg","20.000","°C","100.000","%a.s.","21.720","deg","20.000","°C","977.000","hPa","0.861","-0.02617","0.00035","0","0","13.56","Humid","26.25","0","44.00","378300.13","SABD0000000001","AAV1.0.0.11","4.0.0.2323","PSt7-10","170328-019","7/29/2022 11:23:46 AM","0000-00","0","no battery","V","","µV","","µV"
"08/09/2022","10:20:56","6","default","383292078","Oxt_06","18.896","min","94.727","%a.s.","Humid","20.985","deg","41179","µV","28.057","°C","1016.000","hPa","36.4","pmil","0","55.390","deg","20.000","°C","100.000","%a.s.","21.720","deg","20.000","°C","977.000","hPa","0.861","-0.02617","0.00035","0","0","13.56","Humid","26.25","0","44.00","378300.69","SABD0000000001","AAV1.0.0.11","4.0.0.2323","PSt7-10","170328-019","7/29/2022 11:23:46 AM","0000-00","0","no battery","V","","µV","","µV"
"08/09/2022","10:20:57","6","default","383292078","Oxt_06","18.912","min","94.586","%a.s.","Humid","20.991","deg","41177","µV","28.054","°C","1017.000","hPa","36.4","pmil","0","55.390","deg","20.000","°C","100.000","%a.s.","21.720","deg","20.000","°C","977.000","hPa","0.861","-0.02617","0.00035","0","0","13.56","Humid","26.25","0","44.00","378297.93","SABD0000000001","AAV1.0.0.11","4.0.0.2323","PSt7-10","170328-019","7/29/2022 11:23:46 AM","0000-00","0","no battery","V","","µV","","µV"
"08/09/2022","10:20:58","6","default","383292078","Oxt_06","18.929","min","94.593","%a.s.","Humid","20.990","deg","41174","µV","28.056","°C","1017.000","hPa","36.4","pmil","0","55.390","deg","20.000","°C","100.000","%a.s.","21.720","deg","20.000","°C","977.000","hPa","0.861","-0.02617","0.00035","0","0","13.56","Humid","26.25","0","44.00","378308.86","SABD0000000001","AAV1.0.0.11","4.0.0.2323","PSt7-10","170328-019","7/29/2022 11:23:46 AM","0000-00","0","no battery","V","","µV","","µV"
"08/09/2022","10:20:59","6","default","383292078","Oxt_06","18.946","min","94.684","%a.s.","Humid","20.989","deg","41178","µV","28.067","°C","1016.000","hPa","36.4","pmil","0","55.390","deg","20.000","°C","100.000","%a.s.","21.720","deg","20.000","°C","977.000","hPa","0.861","-0.02617","0.00035","0","0","13.56","Humid","26.25","0","44.00","378303.80","SABD0000000001","AAV1.0.0.11","4.0.0.2323","PSt7-10","170328-019","7/29/2022 11:23:46 AM","0000-00","0","no battery","V","","µV","","µV"
"08/09/2022","10:21:00","6","default","383292078","Oxt_06","18.963","min","94.583","%a.s.","Humid","20.992","deg","41177","µV","28.048","°C","1017.000","hPa","36.4","pmil","0","55.390","deg","20.000","°C","100.000","%a.s.","21.720","deg","20.000","°C","977.000","hPa","0.861","-0.02617","0.00035","0","0","13.56","Humid","26.25","0","44.00","378291.66","SABD0000000001","AAV1.0.0.11","4.0.0.2323","PSt7-10","170328-019","7/29/2022 11:23:46 AM","0000-00","0","no battery","V","","µV","","µV"
"08/09/2022","10:21:01","6","default","383292078","Oxt_06","18.979","min","94.685","%a.s.","Humid","20.991","deg","41178","µV","28.048","°C","1016.000","hPa","36.4","pmil","0","55.390","deg","20.000","°C","100.000","%a.s.","21.720","deg","20.000","°C","977.000","hPa","0.861","-0.02617","0.00035","0","0","13.56","Humid","26.25","0","44.00","378300.25","SABD0000000001","AAV1.0.0.11","4.0.0.2323","PSt7-10","170328-019","7/29/2022 11:23:46 AM","0000-00","0","no battery","V","","µV","","µV"
"08/09/2022","10:21:02","6","default","383292078","Oxt_06","18.996","min","94.678","%a.s.","Humid","20.989","deg","41164","µV","28.073","°C","1016.000","hPa","36.4","pmil","0","55.390","deg","20.000","°C","100.000","%a.s.","21.720","deg","20.000","°C","977.000","hPa","0.861","-0.02617","0.00035","0","0","13.56","Humid","26.25","0","44.00","378288.07","SABD0000000001","AAV1.0.0.11","4.0.0.2323","PSt7-10","170328-019","7/29/2022 11:23:46 AM","0000-00","0","no battery","V","","µV","","µV"
"08/09/2022","10:21:03","6","default","383292078","Oxt_06","19.013","min","94.582","%a.s.","Humid","20.990","deg","41168","µV","28.067","°C","1017.000","hPa","36.4","pmil","0","55.390","deg","20.000","°C","100.000","%a.s.","21.720","deg","20.000","°C","977.000","hPa","0.861","-0.02617","0.00035","0","0","13.56","Humid","26.25","0","44.00","378310.30","SABD0000000001","AAV1.0.0.11","4.0.0.2323","PSt7-10","170328-019","7/29/2022 11:23:46 AM","0000-00","0","no battery","V","","µV","","µV"
"08/09/2022","10:21:04","6","default","383292078","Oxt_06","19.029","min","94.694","%a.s.","Humid","20.988","deg","41166","µV","28.065","°C","1016.000","hPa","36.4","pmil","0","55.390","deg","20.000","°C","100.000","%a.s.","21.720","deg","20.000","°C","977.000","hPa","0.861","-0.02617","0.00035","0","0","13.56","Humid","26.25","0","44.00","378307.22","SABD0000000001","AAV1.0.0.11","4.0.0.2323","PSt7-10","170328-019","7/29/2022 11:23:46 AM","0000-00","0","no battery","V","","µV","","µV"
"08/09/2022","10:21:05","6","default","383292078","Oxt_06","19.046","min","94.655","%a.s.","Humid","20.981","deg","41167","µV","28.071","°C","1017.000","hPa","36.4","pmil","0","55.390","deg","20.000","°C","100.000","%a.s.","21.720","deg","20.000","°C","977.000","hPa","0.861","-0.02617","0.00035","0","0","13.56","Humid","26.25","0","44.00","378304.48","SABD0000000001","AAV1.0.0.11","4.0.0.2323","PSt7-10","170328-019","7/29/2022 11:23:46 AM","0000-00","0","no battery","V","","µV","","µV"
"08/09/2022","10:21:06","6","default","383292078","Oxt_06","19.063","min","94.627","%a.s.","Humid","20.986","deg","41163","µV","28.055","°C","1017.000","hPa","36.4","pmil","0","55.390","deg","20.000","°C","100.000","%a.s.","21.720","deg","20.000","°C","977.000","hPa","0.861","-0.02617","0.00035","0","0","13.56","Humid","26.25","0","44.00","378297.79","SABD0000000001","AAV1.0.0.11","4.0.0.2323","PSt7-10","170328-019","7/29/2022 11:23:46 AM","0000-00","0","no battery","V","","µV","","µV"
"08/09/2022","10:21:07","6","default","383292078","Oxt_06","19.079","min","94.613","%a.s.","Humid","20.987","deg","41161","µV","28.061","°C","1017.000","hPa","36.4","pmil","0","55.390","deg","20.000","°C","100.000","%a.s.","21.720","deg","20.000","°C","977.000","hPa","0.861","-0.02617","0.00035","0","0","13.56","Humid","26.25","0","44.00","378300.13","SABD0000000001","AAV1.0.0.11","4.0.0.2323","PSt7-10","170328-019","7/29/2022 11:23:46 AM","0000-00","0","no battery","V","","µV","","µV"
"08/09/2022","10:21:08","6","default","383292078","Oxt_06","19.096","min","94.623","%a.s.","Humid","20.985","deg","41160","µV","28.068","°C","1017.000","hPa","36.4","pmil","0","55.390","deg","20.000","°C","100.000","%a.s.","21.720","deg","20.000","°C","977.000","hPa","0.861","-0.02617","0.00035","0","0","13.56","Humid","26.25","0","44.00","378303.04","SABD0000000001","AAV1.0.0.11","4.0.0.2323","PSt7-10","170328-019","7/29/2022 11:23:46 AM","0000-00","0","no battery","V","","µV","","µV"
"08/09/2022","10:21:09","6","default","383292078","Oxt_06","19.113","min","94.797","%a.s.","Humid","20.977","deg","41165","µV","28.054","°C","1016.000","hPa","36.4","pmil","0","55.390","deg","20.000","°C","100.000","%a.s.","21.720","deg","20.000","°C","977.000","hPa","0.861","-0.02617","0.00035","0","0","13.56","Humid","26.25","0","44.00","378311.04","SABD0000000001","AAV1.0.0.11","4.0.0.2323","PSt7-10","170328-019","7/29/2022 11:23:46 AM","0000-00","0","no battery","V","","µV","","µV"
"08/09/2022","10:21:10","6","default","383292078","Oxt_06","19.129","min","94.702","%a.s.","Humid","20.988","deg","41155","µV","28.057","°C","1016.000","hPa","36.4","pmil","0","55.390","deg","20.000","°C","100.000","%a.s.","21.720","deg","20.000","°C","977.000","hPa","0.861","-0.02617","0.00035","0","0","13.56","Humid","26.25","0","44.00","378306.06","SABD0000000001","AAV1.0.0.11","4.0.0.2323","PSt7-10","170328-019","7/29/2022 11:23:46 AM","0000-00","0","no battery","V","","µV","","µV"
"08/09/2022","10:21:11","6","default","383292078","Oxt_06","19.146","min","94.747","%a.s.","Humid","20.982","deg","41153","µV","28.063","°C","1016.000","hPa","36.4","pmil","0","55.390","deg","20.000","°C","100.000","%a.s.","21.720","deg","20.000","°C","977.000","hPa","0.861","-0.02617","0.00035","0","0","13.56","Humid","26.25","0","44.00","378291.61","SABD0000000001","AAV1.0.0.11","4.0.0.2323","PSt7-10","170328-019","7/29/2022 11:23:46 AM","0000-00","0","no battery","V","","µV","","µV"
"08/09/2022","10:21:12","6","default","383292078","Oxt_06","19.162","min","94.653","%a.s.","Humid","20.982","deg","41156","µV","28.063","°C","1017.000","hPa","36.4","pmil","0","55.390","deg","20.000","°C","100.000","%a.s.","21.720","deg","20.000","°C","977.000","hPa","0.861","-0.02617","0.00035","0","0","13.56","Humid","26.25","0","44.00","378299.55","SABD0000000001","AAV1.0.0.11","4.0.0.2323","PSt7-10","170328-019","7/29/2022 11:23:46 AM","0000-00","0","no battery","V","","µV","","µV"
"08/09/2022","10:21:13","6","default","383292078","Oxt_06","19.179","min","94.748","%a.s.","Humid","20.981","deg","41155","µV","28.070","°C","1016.000","hPa","36.4","pmil","0","55.390","deg","20.000","°C","100.000","%a.s.","21.720","deg","20.000","°C","977.000","hPa","0.861","-0.02617","0.00035","0","0","13.56","Humid","26.25","0","44.00","378308.81","SABD0000000001","AAV1.0.0.11","4.0.0.2323","PSt7-10","170328-019","7/29/2022 11:23:46 AM","0000-00","0","no battery","V","","µV","","µV"
"08/09/2022","10:21:14","6","default","383292078","Oxt_06","19.196","min","94.674","%a.s.","Humid","20.980","deg","41154","µV","28.059","°C","1017.000","hPa","36.4","pmil","0","55.390","deg","20.000","°C","100.000","%a.s.","21.720","deg","20.000","°C","977.000","hPa","0.861","-0.02617","0.00035","0","0","13.56","Humid","26.25","0","44.00","378306.44","SABD0000000001","AAV1.0.0.11","4.0.0.2323","PSt7-10","170328-019","7/29/2022 11:23:46 AM","0000-00","0","no battery","V","","µV","","µV"
"08/09/2022","10:21:15","6","default","383292078","Oxt_06","19.212","min","94.729","%a.s.","Humid","20.984","deg","41158","µV","28.064","°C","1016.000","hPa","36.4","pmil","0","55.390","deg","20.000","°C","100.000","%a.s.","21.720","deg","20.000","°C","977.000","hPa","0.861","-0.02617","0.00035","0","0","13.56","Humid","26.25","0","44.00","378318.23","SABD0000000001","AAV1.0.0.11","4.0.0.2323","PSt7-10","170328-019","7/29/2022 11:23:46 AM","0000-00","0","no battery","V","","µV","","µV"
"08/09/2022","10:21:16","6","default","383292078","Oxt_06","19.229","min","94.725","%a.s.","Humid","20.986","deg","41148","µV","28.050","°C","1016.000","hPa","36.4","pmil","0","55.390","deg","20.000","°C","100.000","%a.s.","21.720","deg","20.000","°C","977.000","hPa","0.861","-0.02617","0.00035","0","0","13.56","Humid","26.25","0","44.00","378302.98","SABD0000000001","AAV1.0.0.11","4.0.0.2323","PSt7-10","170328-019","7/29/2022 11:23:46 AM","0000-00","0","no battery","V","","µV","","µV"
"08/09/2022","10:21:17","6","default","383292078","Oxt_06","19.246","min","94.669","%a.s.","Humid","20.980","deg","41152","µV","28.064","°C","1017.000","hPa","36.4","pmil","0","55.390","deg","20.000","°C","100.000","%a.s.","21.720","deg","20.000","°C","977.000","hPa","0.861","-0.02617","0.00035","0","0","13.56","Humid","26.25","0","44.00","378315.76","SABD0000000001","AAV1.0.0.11","4.0.0.2323","PSt7-10","170328-019","7/29/2022 11:23:46 AM","0000-00","0","no battery","V","","µV","","µV"
"08/09/2022","10:21:18","6","default","383292078","Oxt_06","19.262","min","94.751","%a.s.","Humid","20.982","deg","41156","µV","28.059","°C","1016.000","hPa","36.4","pmil","0","55.390","deg","20.000","°C","100.000","%a.s.","21.720","deg","20.000","°C","977.000","hPa","0.861","-0.02617","0.00035","0","0","13.56","Humid","26.25","0","44.00","378324.48","SABD0000000001","AAV1.0.0.11","4.0.0.2323","PSt7-10","170328-019","7/29/2022 11:23:46 AM","0000-00","0","no battery","V","","µV","","µV"
"08/09/2022","10:21:19","6","default","383292078","Oxt_06","19.279","min","94.661","%a.s.","Humid","20.982","deg","41151","µV","28.054","°C","1017.000","hPa","36.4","pmil","0","55.390","deg","20.000","°C","100.000","%a.s.","21.720","deg","20.000","°C","977.000","hPa","0.861","-0.02617","0.00035","0","0","13.56","Humid","26.25","0","44.00","378322.13","SABD0000000001","AAV1.0.0.11","4.0.0.2323","PSt7-10","170328-019","7/29/2022 11:23:46 AM","0000-00","0","no battery","V","","µV","","µV"
"08/09/2022","10:21:20","6","default","383292078","Oxt_06","19.295","min","94.605","%a.s.","Humid","20.988","deg","41151","µV","28.060","°C","1017.000","hPa","36.4","pmil","0","55.390","deg","20.000","°C","100.000","%a.s.","21.720","deg","20.000","°C","977.000","hPa","0.861","-0.02617","0.00035","0","0","13.56","Humid","26.25","0","44.00","378320.19","SABD0000000001","AAV1.0.0.11","4.0.0.2323","PSt7-10","170328-019","7/29/2022 11:23:46 AM","0000-00","0","no battery","V","","µV","","µV"
"08/09/2022","10:21:21","6","default","383292078","Oxt_06","19.312","min","94.752","%a.s.","Humid","20.981","deg","41147","µV","28.066","°C","1016.000","hPa","36.4","pmil","0","55.390","deg","20.000","°C","100.000","%a.s.","21.720","deg","20.000","°C","977.000","hPa","0.861","-0.02617","0.00035","0","0","13.56","Humid","26.25","0","44.00","378316.55","SABD0000000001","AAV1.0.0.11","4.0.0.2323","PSt7-10","170328-019","7/29/2022 11:23:46 AM","0000-00","0","no battery","V","","µV","","µV"
"08/09/2022","10:21:22","6","default","383292078","Oxt_06","19.329","min","94.705","%a.s.","Humid","20.976","deg","41142","µV","28.062","°C","1017.000","hPa","36.4","pmil","0","55.390","deg","20.000","°C","100.000","%a.s.","21.720","deg","20.000","°C","977.000","hPa","0.861","-0.02617","0.00035","0","0","13.56","Humid","26.25","0","44.00","378306.57","SABD0000000001","AAV1.0.0.11","4.0.0.2323","PSt7-10","170328-019","7/29/2022 11:23:46 AM","0000-00","0","no battery","V","","µV","","µV"
"08/09/2022","10:21:23","6","default","383292078","Oxt_06","19.345","min","94.653","%a.s.","Humid","20.982","deg","41145","µV","28.063","°C","1017.000","hPa","36.4","pmil","0","55.390","deg","20.000","°C","100.000","%a.s.","21.720","deg","20.000","°C","977.000","hPa","0.861","-0.02617","0.00035","0","0","13.56","Humid","26.25","0","44.00","378313.54","SABD0000000001","AAV1.0.0.11","4.0.0.2323","PSt7-10","170328-019","7/29/2022 11:23:46 AM","0000-00","0","no battery","V","","µV","","µV"
"08/09/2022","10:21:24","6","default","383292078","Oxt_06","19.362","min","94.833","%a.s.","Humid","20.971","deg","41142","µV","28.070","°C","1016.000","hPa","36.4","pmil","0","55.390","deg","20.000","°C","100.000","%a.s.","21.720","deg","20.000","°C","977.000","hPa","0.861","-0.02617","0.00035","0","0","13.56","Humid","26.25","0","44.00","378321.53","SABD0000000001","AAV1.0.0.11","4.0.0.2323","PSt7-10","170328-019","7/29/2022 11:23:46 AM","0000-00","0","no battery","V","","µV","","µV"
"08/09/2022","10:21:25","6","default","383292078","Oxt_06","19.378","min","94.666","%a.s.","Humid","20.979","deg","41138","µV","28.077","°C","1017.000","hPa","36.4","pmil","0","55.390","deg","20.000","°C","100.000","%a.s.","21.720","deg","20.000","°C","977.000","hPa","0.861","-0.02617","0.00035","0","0","13.56","Humid","26.25","0","44.00","378312.86","SABD0000000001","AAV1.0.0.11","4.0.0.2323","PSt7-10","170328-019","7/29/2022 11:23:46 AM","0000-00","0","no battery","V","","µV","","µV"
"08/09/2022","10:21:26","6","default","383292078","Oxt_06","19.395","min","94.664","%a.s.","Humid","20.979","deg","41139","µV","28.080","°C","1017.000","hPa","36.4","pmil","0","55.390","deg","20.000","°C","100.000","%a.s.","21.720","deg","20.000","°C","977.000","hPa","0.861","-0.02617","0.00035","0","0","13.56","Humid","26.25","0","44.00","378318.97","SABD0000000001","AAV1.0.0.11","4.0.0.2323","PSt7-10","170328-019","7/29/2022 11:23:46 AM","0000-00","0","no battery","V","","µV","","µV"
"08/09/2022","10:21:27","6","default","383292078","Oxt_06","19.412","min","94.773","%a.s.","Humid","20.966","deg","41138","µV","28.079","°C","1017.000","hPa","36.4","pmil","0","55.390","deg","20.000","°C","100.000","%a.s.","21.720","deg","20.000","°C","977.000","hPa","0.861","-0.02617","0.00035","0","0","13.56","Humid","26.25","0","44.00","378311.27","SABD0000000001","AAV1.0.0.11","4.0.0.2323","PSt7-10","170328-019","7/29/2022 11:23:46 AM","0000-00","0","no battery","V","","µV","","µV"
"08/09/2022","10:21:28","6","default","383292078","Oxt_06","19.429","min","94.726","%a.s.","Humid","20.973","deg","41133","µV","28.066","°C","1017.000","hPa","36.4","pmil","0","55.390","deg","20.000","°C","100.000","%a.s.","21.720","deg","20.000","°C","977.000","hPa","0.861","-0.02617","0.00035","0","0","13.56","Humid","26.25","0","44.00","378317.64","SABD0000000001","AAV1.0.0.11","4.0.0.2323","PSt7-10","170328-019","7/29/2022 11:23:46 AM","0000-00","0","no battery","V","","µV","","µV"
"08/09/2022","10:21:29","6","default","383292078","Oxt_06","19.445","min","94.741","%a.s.","Humid","20.971","deg","41133","µV","28.068","°C","1017.000","hPa","36.4","pmil","0","55.390","deg","20.000","°C","100.000","%a.s.","21.720","deg","20.000","°C","977.000","hPa","0.861","-0.02617","0.00035","0","0","13.56","Humid","26.25","0","44.00","378305.70","SABD0000000001","AAV1.0.0.11","4.0.0.2323","PSt7-10","170328-019","7/29/2022 11:23:46 AM","0000-00","0","no battery","V","","µV","","µV"
"08/09/2022","10:21:30","6","default","383292078","Oxt_06","19.462","min","94.855","%a.s.","Humid","20.969","deg","41136","µV","28.064","°C","1016.000","hPa","36.4","pmil","0","55.390","deg","20.000","°C","100.000","%a.s.","21.720","deg","20.000","°C","977.000","hPa","0.861","-0.02617","0.00035","0","0","13.56","Humid","26.25","0","44.00","378321.72","SABD0000000001","AAV1.0.0.11","4.0.0.2323","PSt7-10","170328-019","7/29/2022 11:23:46 AM","0000-00","0","no battery","V","","µV","","µV"
"08/09/2022","10:21:31","6","default","383292078","Oxt_06","19.479","min","94.743","%a.s.","Humid","20.970","deg","41134","µV","28.076","°C","1017.000","hPa","36.4","pmil","0","55.390","deg","20.000","°C","100.000","%a.s.","21.720","deg","20.000","°C","977.000","hPa","0.861","-0.02617","0.00035","0","0","13.56","Humid","26.25","0","44.00","378314.21","SABD0000000001","AAV1.0.0.11","4.0.0.2323","PSt7-10","170328-019","7/29/2022 11:23:46 AM","0000-00","0","no battery","V","","µV","","µV"
"08/09/2022","10:21:32","6","default","383292078","Oxt_06","19.495","min","94.810","%a.s.","Humid","20.973","deg","41130","µV","28.077","°C","1016.000","hPa","36.4","pmil","0","55.390","deg","20.000","°C","100.000","%a.s.","21.720","deg","20.000","°C","977.000","hPa","0.861","-0.02617","0.00035","0","0","13.56","Humid","26.25","0","44.00","378307.43","SABD0000000001","AAV1.0.0.11","4.0.0.2323","PSt7-10","170328-019","7/29/2022 11:23:46 AM","0000-00","0","no battery","V","","µV","","µV"
"08/09/2022","10:21:33","6","default","383292078","Oxt_06","19.512","min","94.851","%a.s.","Humid","20.969","deg","41131","µV","28.068","°C","1016.000","hPa","36.4","pmil","0","55.390","deg","20.000","°C","100.000","%a.s.","21.720","deg","20.000","°C","977.000","hPa","0.861","-0.02617","0.00035","0","0","13.56","Humid","26.25","0","44.00","378297.38","SABD0000000001","AAV1.0.0.11","4.0.0.2323","PSt7-10","170328-019","7/29/2022 11:23:46 AM","0000-00","0","no battery","V","","µV","","µV"
"08/09/2022","10:21:34","6","default","383292078","Oxt_06","19.529","min","94.890","%a.s.","Humid","20.965","deg","41127","µV","28.063","°C","1016.000","hPa","36.4","pmil","0","55.390","deg","20.000","°C","100.000","%a.s.","21.720","deg","20.000","°C","977.000","hPa","0.861","-0.02617","0.00035","0","0","13.56","Humid","26.25","0","44.00","378323.44","SABD0000000001","AAV1.0.0.11","4.0.0.2323","PSt7-10","170328-019","7/29/2022 11:23:46 AM","0000-00","0","no battery","V","","µV","","µV"
"08/09/2022","10:21:35","6","default","383292078","Oxt_06","19.545","min","94.853","%a.s.","Humid","20.970","deg","41129","µV","28.058","°C","1016.000","hPa","36.4","pmil","0","55.390","deg","20.000","°C","100.000","%a.s.","21.720","deg","20.000","°C","977.000","hPa","0.861","-0.02617","0.00035","0","0","13.56","Humid","26.25","0","44.00","378312.55","SABD0000000001","AAV1.0.0.11","4.0.0.2323","PSt7-10","170328-019","7/29/2022 11:23:46 AM","0000-00","0","no battery","V","","µV","","µV"
"08/09/2022","10:21:36","6","default","383292078","Oxt_06","19.562","min","94.753","%a.s.","Humid","20.970","deg","41120","µV","28.065","°C","1017.000","hPa","36.4","pmil","0","55.390","deg","20.000","°C","100.000","%a.s.","21.720","deg","20.000","°C","977.000","hPa","0.861","-0.02617","0.00035","0","0","13.56","Humid","26.25","0","44.00","378306.70","SABD0000000001","AAV1.0.0.11","4.0.0.2323","PSt7-10","170328-019","7/29/2022 11:23:46 AM","0000-00","0","no battery","V","","µV","","µV"
"08/09/2022","10:21:37","6","default","383292078","Oxt_06","19.579","min","94.797","%a.s.","Humid","20.965","deg","41126","µV","28.062","°C","1017.000","hPa","36.4","pmil","0","55.390","deg","20.000","°C","100.000","%a.s.","21.720","deg","20.000","°C","977.000","hPa","0.861","-0.02617","0.00035","0","0","13.56","Humid","26.25","0","44.00","378316.72","SABD0000000001","AAV1.0.0.11","4.0.0.2323","PSt7-10","170328-019","7/29/2022 11:23:46 AM","0000-00","0","no battery","V","","µV","","µV"
"08/09/2022","10:21:38","6","default","383292078","Oxt_06","19.595","min","94.827","%a.s.","Humid","20.962","deg","41127","µV","28.058","°C","1017.000","hPa","36.4","pmil","0","55.390","deg","20.000","°C","100.000","%a.s.","21.720","deg","20.000","°C","977.000","hPa","0.861","-0.02617","0.00035","0","0","13.56","Humid","26.25","0","44.00","378314.96","SABD0000000001","AAV1.0.0.11","4.0.0.2323","PSt7-10","170328-019","7/29/2022 11:23:46 AM","0000-00","0","no battery","V","","µV","","µV"
"08/09/2022","10:21:39","6","default","383292078","Oxt_06","19.612","min","94.858","%a.s.","Humid","20.970","deg","41124","µV","28.051","°C","1016.000","hPa","36.4","pmil","0","55.390","deg","20.000","°C","100.000","%a.s.","21.720","deg","20.000","°C","977.000","hPa","0.861","-0.02617","0.00035","0","0","13.56","Humid","26.25","0","44.00","378317.47","SABD0000000001","AAV1.0.0.11","4.0.0.2323","PSt7-10","170328-019","7/29/2022 11:23:46 AM","0000-00","0","no battery","V","","µV","","µV"
"08/09/2022","10:21:40","6","default","383292078","Oxt_06","19.629","min","94.777","%a.s.","Humid","20.966","deg","41122","µV","28.075","°C","1017.000","hPa","36.4","pmil","0","55.390","deg","20.000","°C","100.000","%a.s.","21.720","deg","20.000","°C","977.000","hPa","0.861","-0.02617","0.00035","0","0","13.56","Humid","26.25","0","44.00","378321.01","SABD0000000001","AAV1.0.0.11","4.0.0.2323","PSt7-10","170328-019","7/29/2022 11:23:46 AM","0000-00","0","no battery","V","","µV","","µV"
"08/09/2022","10:21:41","6","default","383292078","Oxt_06","19.645","min","94.758","%a.s.","Humid","20.967","deg","41118","µV","28.087","°C","1017.000","hPa","36.4","pmil","0","55.390","deg","20.000","°C","100.000","%a.s.","21.720","deg","20.000","°C","977.000","hPa","0.861","-0.02617","0.00035","0","0","13.56","Humid","26.25","0","44.00","378316.48","SABD0000000001","AAV1.0.0.11","4.0.0.2323","PSt7-10","170328-019","7/29/2022 11:23:46 AM","0000-00","0","no battery","V","","µV","","µV"
"08/09/2022","10:21:42","6","default","383292078","Oxt_06","19.662","min","94.825","%a.s.","Humid","20.959","deg","41120","µV","28.087","°C","1017.000","hPa","36.4","pmil","0","55.390","deg","20.000","°C","100.000","%a.s.","21.720","deg","20.000","°C","977.000","hPa","0.861","-0.02617","0.00035","0","0","13.56","Humid","26.25","0","44.00","378319.78","SABD0000000001","AAV1.0.0.11","4.0.0.2323","PSt7-10","170328-019","7/29/2022 11:23:46 AM","0000-00","0","no battery","V","","µV","","µV"
"08/09/2022","10:21:43","6","default","383292078","Oxt_06","19.679","min","94.771","%a.s.","Humid","20.966","deg","41122","µV","28.081","°C","1017.000","hPa","36.4","pmil","0","55.390","deg","20.000","°C","100.000","%a.s.","21.720","deg","20.000","°C","977.000","hPa","0.861","-0.02617","0.00035","0","0","13.56","Humid","26.25","0","44.00","378329.38","SABD0000000001","AAV1.0.0.11","4.0.0.2323","PSt7-10","170328-019","7/29/2022 11:23:46 AM","0000-00","0","no battery","V","","µV","","µV"
"08/09/2022","10:21:44","6","default","383292078","Oxt_06","19.695","min","94.852","%a.s.","Humid","20.956","deg","41116","µV","28.085","°C","1017.000","hPa","36.4","pmil","0","55.390","deg","20.000","°C","100.000","%a.s.","21.720","deg","20.000","°C","977.000","hPa","0.861","-0.02617","0.00035","0","0","13.56","Humid","26.25","0","44.00","378330.69","SABD0000000001","AAV1.0.0.11","4.0.0.2323","PSt7-10","170328-019","7/29/2022 11:23:46 AM","0000-00","0","no battery","V","","µV","","µV"
"08/09/2022","10:21:45","6","default","383292078","Oxt_06","19.712","min","94.899","%a.s.","Humid","20.953","deg","41121","µV","28.061","°C","1017.000","hPa","36.4","pmil","0","55.390","deg","20.000","°C","100.000","%a.s.","21.720","deg","20.000","°C","977.000","hPa","0.861","-0.02617","0.00035","0","0","13.56","Humid","26.25","0","44.00","378332.44","SABD0000000001","AAV1.0.0.11","4.0.0.2323","PSt7-10","170328-019","7/29/2022 11:23:46 AM","0000-00","0","no battery","V","","µV","","µV"
"08/09/2022","10:21:46","6","default","383292078","Oxt_06","19.729","min","94.849","%a.s.","Humid","20.969","deg","41118","µV","28.071","°C","1016.000","hPa","36.4","pmil","0","55.390","deg","20.000","°C","100.000","%a.s.","21.720","deg","20.000","°C","977.000","hPa","0.861","-0.02617","0.00035","0","0","13.56","Humid","26.25","0","44.00","378323.07","SABD0000000001","AAV1.0.0.11","4.0.0.2323","PSt7-10","170328-019","7/29/2022 11:23:46 AM","0000-00","0","no battery","V","","µV","","µV"
"08/09/2022","10:21:47","6","default","383292078","Oxt_06","19.746","min","94.920","%a.s.","Humid","20.961","deg","41118","µV","28.067","°C","1016.000","hPa","36.4","pmil","0","55.390","deg","20.000","°C","100.000","%a.s.","21.720","deg","20.000","°C","977.000","hPa","0.861","-0.02617","0.00035","0","0","13.56","Humid","26.25","0","44.00","378330.86","SABD0000000001","AAV1.0.0.11","4.0.0.2323","PSt7-10","170328-019","7/29/2022 11:23:46 AM","0000-00","0","no battery","V","","µV","","µV"
"08/09/2022","10:21:48","6","default","383292078","Oxt_06","19.762","min","94.927","%a.s.","Humid","20.961","deg","41112","µV","28.059","°C","1016.000","hPa","36.4","pmil","0","55.390","deg","20.000","°C","100.000","%a.s.","21.720","deg","20.000","°C","977.000","hPa","0.861","-0.02617","0.00035","0","0","13.56","Humid","26.25","0","44.00","378327.28","SABD0000000001","AAV1.0.0.11","4.0.0.2323","PSt7-10","170328-019","7/29/2022 11:23:46 AM","0000-00","0","no battery","V","","µV","","µV"
"08/09/2022","10:21:49","6","default","383292078","Oxt_06","19.779","min","94.839","%a.s.","Humid","20.971","deg","41111","µV","28.063","°C","1016.000","hPa","36.4","pmil","0","55.390","deg","20.000","°C","100.000","%a.s.","21.720","deg","20.000","°C","977.000","hPa","0.861","-0.02617","0.00035","0","0","13.56","Humid","26.25","0","44.00","378323.48","SABD0000000001","AAV1.0.0.11","4.0.0.2323","PSt7-10","170328-019","7/29/2022 11:23:46 AM","0000-00","0","no battery","V","","µV","","µV"
"08/09/2022","10:21:50","6","default","383292078","Oxt_06","19.796","min","94.920","%a.s.","Humid","20.963","deg","41112","µV","28.049","°C","1016.000","hPa","36.4","pmil","0","55.390","deg","20.000","°C","100.000","%a.s.","21.720","deg","20.000","°C","977.000","hPa","0.861","-0.02617","0.00035","0","0","13.56","Humid","26.25","0","44.00","378326.79","SABD0000000001","AAV1.0.0.11","4.0.0.2323","PSt7-10","170328-019","7/29/2022 11:23:46 AM","0000-00","0","no battery","V","","µV","","µV"
"08/09/2022","10:21:51","6","default","383292078","Oxt_06","19.812","min","94.949","%a.s.","Humid","20.957","deg","41108","µV","28.072","°C","1016.000","hPa","36.4","pmil","0","55.390","deg","20.000","°C","100.000","%a.s.","21.720","deg","20.000","°C","977.000","hPa","0.861","-0.02617","0.00035","0","0","13.56","Humid","26.25","0","44.00","378311.75","SABD0000000001","AAV1.0.0.11","4.0.0.2323","PSt7-10","170328-019","7/29/2022 11:23:46 AM","0000-00","0","no battery","V","","µV","","µV"
"08/09/2022","10:21:52","6","default","383292078","Oxt_06","19.829","min","94.954","%a.s.","Humid","20.957","deg","41111","µV","28.066","°C","1016.000","hPa","36.4","pmil","0","55.390","deg","20.000","°C","100.000","%a.s.","21.720","deg","20.000","°C","977.000","hPa","0.861","-0.02617","0.00035","0","0","13.56","Humid","26.25","0","44.00","378325.01","SABD0000000001","AAV1.0.0.11","4.0.0.2323","PSt7-10","170328-019","7/29/2022 11:23:46 AM","0000-00","0","no battery","V","","µV","","µV"
"08/09/2022","10:21:53","6","default","383292078","Oxt_06","19.846","min","94.817","%a.s.","Humid","20.961","deg","41115","µV","28.078","°C","1017.000","hPa","36.4","pmil","0","55.390","deg","20.000","°C","100.000","%a.s.","21.720","deg","20.000","°C","977.000","hPa","0.861","-0.02617","0.00035","0","0","13.56","Humid","26.25","0","44.00","378318.96","SABD0000000001","AAV1.0.0.11","4.0.0.2323","PSt7-10","170328-019","7/29/2022 11:23:46 AM","0000-00","0","no battery","V","","µV","","µV"
"08/09/2022","10:21:54","6","default","383292078","Oxt_06","19.862","min","94.796","%a.s.","Humid","20.964","deg","41110","µV","28.073","°C","1017.000","hPa","36.4","pmil","0","55.390","deg","20.000","°C","100.000","%a.s.","21.720","deg","20.000","°C","977.000","hPa","0.861","-0.02617","0.00035","0","0","13.56","Humid","26.25","0","44.00","378329.06","SABD0000000001","AAV1.0.0.11","4.0.0.2323","PSt7-10","170328-019","7/29/2022 11:23:46 AM","0000-00","0","no battery","V","","µV","","µV"
"08/09/2022","10:21:55","6","default","383292078","Oxt_06","19.879","min","94.923","%a.s.","Humid","20.960","deg","41112","µV","28.073","°C","1016.000","hPa","36.4","pmil","0","55.390","deg","20.000","°C","100.000","%a.s.","21.720","deg","20.000","°C","977.000","hPa","0.861","-0.02617","0.00035","0","0","13.56","Humid","26.25","0","44.00","378323.20","SABD0000000001","AAV1.0.0.11","4.0.0.2323","PSt7-10","170328-019","7/29/2022 11:23:46 AM","0000-00","0","no battery","V","","µV","","µV"
"08/09/2022","10:21:56","6","default","383292078","Oxt_06","19.896","min","94.962","%a.s.","Humid","20.956","deg","41113","µV","28.067","°C","1016.000","hPa","36.4","pmil","0","55.390","deg","20.000","°C","100.000","%a.s.","21.720","deg","20.000","°C","977.000","hPa","0.861","-0.02617","0.00035","0","0","13.56","Humid","26.25","0","44.00","378325.80","SABD0000000001","AAV1.0.0.11","4.0.0.2323","PSt7-10","170328-019","7/29/2022 11:23:46 AM","0000-00","0","no battery","V","","µV","","µV"
"08/09/2022","10:21:57","6","default","383292078","Oxt_06","19.912","min","94.826","%a.s.","Humid","20.962","deg","41109","µV","28.058","°C","1017.000","hPa","36.4","pmil","0","55.390","deg","20.000","°C","100.000","%a.s.","21.720","deg","20.000","°C","977.000","hPa","0.861","-0.02617","0.00035","0","0","13.56","Humid","26.25","0","44.00","378322.54","SABD0000000001","AAV1.0.0.11","4.0.0.2323","PSt7-10","170328-019","7/29/2022 11:23:46 AM","0000-00","0","no battery","V","","µV","","µV"
"08/09/2022","10:21:58","6","default","383292078","Oxt_06","19.929","min","94.856","%a.s.","Humid","20.959","deg","41109","µV","28.053","°C","1017.000","hPa","36.4","pmil","0","55.390","deg","20.000","°C","100.000","%a.s.","21.720","deg","20.000","°C","977.000","hPa","0.861","-0.02617","0.00035","0","0","13.56","Humid","26.25","0","44.00","378318.36","SABD0000000001","AAV1.0.0.11","4.0.0.2323","PSt7-10","170328-019","7/29/2022 11:23:46 AM","0000-00","0","no battery","V","","µV","","µV"
"08/09/2022","10:21:59","6","default","383292078","Oxt_06","19.946","min","95.011","%a.s.","Humid","20.949","deg","41103","µV","28.078","°C","1016.000","hPa","36.4","pmil","0","55.390","deg","20.000","°C","100.000","%a.s.","21.720","deg","20.000","°C","977.000","hPa","0.861","-0.02617","0.00035","0","0","13.56","Humid","26.25","0","44.00","378327.10","SABD0000000001","AAV1.0.0.11","4.0.0.2323","PSt7-10","170328-019","7/29/2022 11:23:46 AM","0000-00","0","no battery","V","","µV","","µV"
"08/09/2022","10:22:00","6","default","383292078","Oxt_06","19.962","min","94.950","%a.s.","Humid","20.956","deg","41101","µV","28.080","°C","1016.000","hPa","36.4","pmil","0","55.390","deg","20.000","°C","100.000","%a.s.","21.720","deg","20.000","°C","977.000","hPa","0.861","-0.02617","0.00035","0","0","13.56","Humid","26.25","0","44.00","378334.24","SABD0000000001","AAV1.0.0.11","4.0.0.2323","PSt7-10","170328-019","7/29/2022 11:23:46 AM","0000-00","0","no battery","V","","µV","","µV"
"08/09/2022","10:22:01","6","default","383292078","Oxt_06","19.979","min","94.898","%a.s.","Humid","20.950","deg","41103","µV","28.091","°C","1017.000","hPa","36.4","pmil","0","55.390","deg","20.000","°C","100.000","%a.s.","21.720","deg","20.000","°C","977.000","hPa","0.861","-0.02617","0.00035","0","0","13.56","Humid","26.25","0","44.00","378330.90","SABD0000000001","AAV1.0.0.11","4.0.0.2323","PSt7-10","170328-019","7/29/2022 11:23:46 AM","0000-00","0","no battery","V","","µV","","µV"
"08/09/2022","10:22:02","6","default","383292078","Oxt_06","19.996","min","95.039","%a.s.","Humid","20.946","deg","41104","µV","28.075","°C","1016.000","hPa","36.4","pmil","0","55.390","deg","20.000","°C","100.000","%a.s.","21.720","deg","20.000","°C","977.000","hPa","0.861","-0.02617","0.00035","0","0","13.56","Humid","26.25","0","44.00","378318.69","SABD0000000001","AAV1.0.0.11","4.0.0.2323","PSt7-10","170328-019","7/29/2022 11:23:46 AM","0000-00","0","no battery","V","","µV","","µV"
"08/09/2022","10:22:03","6","default","383292078","Oxt_06","20.012","min","94.972","%a.s.","Humid","20.953","deg","41095","µV","28.084","°C","1016.000","hPa","36.4","pmil","0","55.390","deg","20.000","°C","100.000","%a.s.","21.720","deg","20.000","°C","977.000","hPa","0.861","-0.02617","0.00035","0","0","13.56","Humid","26.25","0","44.00","378329.50","SABD0000000001","AAV1.0.0.11","4.0.0.2323","PSt7-10","170328-019","7/29/2022 11:23:46 AM","0000-00","0","no battery","V","","µV","","µV"
"08/09/2022","10:22:04","6","default","383292078","Oxt_06","20.029","min","94.997","%a.s.","Humid","20.951","deg","41094","µV","28.076","°C","1016.000","hPa","36.4","pmil","0","55.390","deg","20.000","°C","100.000","%a.s.","21.720","deg","20.000","°C","977.000","hPa","0.861","-0.02617","0.00035","0","0","13.56","Humid","26.25","0","44.00","378328.96","SABD0000000001","AAV1.0.0.11","4.0.0.2323","PSt7-10","170328-019","7/29/2022 11:23:46 AM","0000-00","0","no battery","V","","µV","","µV"
"08/09/2022","10:22:05","6","default","383292078","Oxt_06","20.046","min","95.018","%a.s.","Humid","20.949","deg","41100","µV","28.071","°C","1016.000","hPa","36.4","pmil","0","55.390","deg","20.000","°C","100.000","%a.s.","21.720","deg","20.000","°C","977.000","hPa","0.861","-0.02617","0.00035","0","0","13.56","Humid","26.25","0","44.00","378338.45","SABD0000000001","AAV1.0.0.11","4.0.0.2323","PSt7-10","170328-019","7/29/2022 11:23:46 AM","0000-00","0","no battery","V","","µV","","µV"
"08/09/2022","10:22:06","6","default","383292078","Oxt_06","20.062","min","95.009","%a.s.","Humid","20.950","deg","41102","µV","28.071","°C","1016.000","hPa","36.4","pmil","0","55.390","deg","20.000","°C","100.000","%a.s.","21.720","deg","20.000","°C","977.000","hPa","0.861","-0.02617","0.00035","0","0","13.56","Humid","26.25","0","44.00","378333.06","SABD0000000001","AAV1.0.0.11","4.0.0.2323","PSt7-10","170328-019","7/29/2022 11:23:46 AM","0000-00","0","no battery","V","","µV","","µV"
"08/09/2022","10:22:07","6","default","383292078","Oxt_06","20.079","min","95.002","%a.s.","Humid","20.951","deg","41095","µV","28.070","°C","1016.000","hPa","36.4","pmil","0","55.390","deg","20.000","°C","100.000","%a.s.","21.720","deg","20.000","°C","977.000","hPa","0.861","-0.02617","0.00035","0","0","13.56","Humid","26.25","0","44.00","378336.01","SABD0000000001","AAV1.0.0.11","4.0.0.2323","PSt7-10","170328-019","7/29/2022 11:23:46 AM","0000-00","0","no battery","V","","µV","","µV"
"08/09/2022","10:22:08","6","default","383292078","Oxt_06","20.096","min","95.023","%a.s.","Humid","20.949","deg","41097","µV","28.065","°C","1016.000","hPa","36.4","pmil","0","55.390","deg","20.000","°C","100.000","%a.s.","21.720","deg","20.000","°C","977.000","hPa","0.861","-0.02617","0.00035","0","0","13.56","Humid","26.25","0","44.00","378344.07","SABD0000000001","AAV1.0.0.11","4.0.0.2323","PSt7-10","170328-019","7/29/2022 11:23:46 AM","0000-00","0","no battery","V","","µV","","µV"
"08/09/2022","10:22:09","6","default","383292078","Oxt_06","20.113","min","94.973","%a.s.","Humid","20.953","deg","41096","µV","28.083","°C","1016.000","hPa","36.4","pmil","0","55.390","deg","20.000","°C","100.000","%a.s.","21.720","deg","20.000","°C","977.000","hPa","0.861","-0.02617","0.00035","0","0","13.56","Humid","26.25","0","44.00","378344.48","SABD0000000001","AAV1.0.0.11","4.0.0.2323","PSt7-10","170328-019","7/29/2022 11:23:46 AM","0000-00","0","no battery","V","","µV","","µV"
"08/09/2022","10:22:10","6","default","383292078","Oxt_06","20.129","min","94.893","%a.s.","Humid","20.952","deg","41093","µV","28.078","°C","1017.000","hPa","36.4","pmil","0","55.390","deg","20.000","°C","100.000","%a.s.","21.720","deg","20.000","°C","977.000","hPa","0.861","-0.02617","0.00035","0","0","13.56","Humid","26.25","0","44.00","378334.47","SABD0000000001","AAV1.0.0.11","4.0.0.2323","PSt7-10","170328-019","7/29/2022 11:23:46 AM","0000-00","0","no battery","V","","µV","","µV"
"08/09/2022","10:22:11","6","default","383292078","Oxt_06","20.146","min","95.062","%a.s.","Humid","20.942","deg","41095","µV","28.087","°C","1016.000","hPa","36.4","pmil","0","55.390","deg","20.000","°C","100.000","%a.s.","21.720","deg","20.000","°C","977.000","hPa","0.861","-0.02617","0.00035","0","0","13.56","Humid","26.25","0","44.00","378328.76","SABD0000000001","AAV1.0.0.11","4.0.0.2323","PSt7-10","170328-019","7/29/2022 11:23:46 AM","0000-00","0","no battery","V","","µV","","µV"
"08/09/2022","10:22:12","6","default","383292078","Oxt_06","20.163","min","94.907","%a.s.","Humid","20.952","deg","41095","µV","28.062","°C","1017.000","hPa","36.4","pmil","0","55.390","deg","20.000","°C","100.000","%a.s.","21.720","deg","20.000","°C","977.000","hPa","0.861","-0.02617","0.00035","0","0","13.56","Humid","26.25","0","44.00","378341.46","SABD0000000001","AAV1.0.0.11","4.0.0.2323","PSt7-10","170328-019","7/29/2022 11:23:46 AM","0000-00","0","no battery","V","","µV","","µV"
"08/09/2022","10:22:13","6","default","383292078","Oxt_06","20.179","min","94.909","%a.s.","Humid","20.952","deg","41093","µV","28.060","°C","1017.000","hPa","36.4","pmil","0","55.390","deg","20.000","°C","100.000","%a.s.","21.720","deg","20.000","°C","977.000","hPa","0.861","-0.02617","0.00035","0","0","13.56","Humid","26.25","0","44.00","378336.58","SABD0000000001","AAV1.0.0.11","4.0.0.2323","PSt7-10","170328-019","7/29/2022 11:23:46 AM","0000-00","0","no battery","V","","µV","","µV"
"08/09/2022","10:22:14","6","default","383292078","Oxt_06","20.196","min","94.972","%a.s.","Humid","20.944","deg","41092","µV","28.065","°C","1017.000","hPa","36.4","pmil","0","55.390","deg","20.000","°C","100.000","%a.s.","21.720","deg","20.000","°C","977.000","hPa","0.861","-0.02617","0.00035","0","0","13.56","Humid","26.25","0","44.00","378351.33","SABD0000000001","AAV1.0.0.11","4.0.0.2323","PSt7-10","170328-019","7/29/2022 11:23:46 AM","0000-00","0","no battery","V","","µV","","µV"
"08/09/2022","10:22:15","6","default","383292078","Oxt_06","20.213","min","95.012","%a.s.","Humid","20.949","deg","41095","µV","28.078","°C","1016.000","hPa","36.4","pmil","0","55.390","deg","20.000","°C","100.000","%a.s.","21.720","deg","20.000","°C","977.000","hPa","0.861","-0.02617","0.00035","0","0","13.56","Humid","26.25","0","44.00","378347.62","SABD0000000001","AAV1.0.0.11","4.0.0.2323","PSt7-10","170328-019","7/29/2022 11:23:46 AM","0000-00","0","no battery","V","","µV","","µV"
"08/09/2022","10:22:16","6","default","383292078","Oxt_06","20.229","min","94.953","%a.s.","Humid","20.945","deg","41091","µV","28.076","°C","1017.000","hPa","36.4","pmil","0","55.390","deg","20.000","°C","100.000","%a.s.","21.720","deg","20.000","°C","977.000","hPa","0.861","-0.02617","0.00035","0","0","13.56","Humid","26.25","0","44.00","378342.30","SABD0000000001","AAV1.0.0.11","4.0.0.2323","PSt7-10","170328-019","7/29/2022 11:23:46 AM","0000-00","0","no battery","V","","µV","","µV"
"08/09/2022","10:22:17","6","default","383292078","Oxt_06","20.246","min","94.871","%a.s.","Humid","20.956","deg","41087","µV","28.064","°C","1017.000","hPa","36.4","pmil","0","55.390","deg","20.000","°C","100.000","%a.s.","21.720","deg","20.000","°C","977.000","hPa","0.861","-0.02617","0.00035","0","0","13.56","Humid","26.25","0","44.00","378358.62","SABD0000000001","AAV1.0.0.11","4.0.0.2323","PSt7-10","170328-019","7/29/2022 11:23:46 AM","0000-00","0","no battery","V","","µV","","µV"
"08/09/2022","10:22:18","6","default","383292078","Oxt_06","20.263","min","95.110","%a.s.","Humid","20.937","deg","41090","µV","28.082","°C","1016.000","hPa","36.4","pmil","0","55.390","deg","20.000","°C","100.000","%a.s.","21.720","deg","20.000","°C","977.000","hPa","0.861","-0.02617","0.00035","0","0","13.56","Humid","26.25","0","44.00","378356.09","SABD0000000001","AAV1.0.0.11","4.0.0.2323","PSt7-10","170328-019","7/29/2022 11:23:46 AM","0000-00","0","no battery","V","","µV","","µV"
"08/09/2022","10:22:19","6","default","383292078","Oxt_06","20.279","min","94.972","%a.s.","Humid","20.953","deg","41094","µV","28.084","°C","1016.000","hPa","36.4","pmil","0","55.390","deg","20.000","°C","100.000","%a.s.","21.720","deg","20.000","°C","977.000","hPa","0.861","-0.02617","0.00035","0","0","13.56","Humid","26.25","0","44.00","378355.97","SABD0000000001","AAV1.0.0.11","4.0.0.2323","PSt7-10","170328-019","7/29/2022 11:23:46 AM","0000-00","0","no battery","V","","µV","","µV"
"08/09/2022","10:22:20","6","default","383292078","Oxt_06","20.296","min","94.946","%a.s.","Humid","20.945","deg","41084","µV","28.084","°C","1017.000","hPa","36.4","pmil","0","55.390","deg","20.000","°C","100.000","%a.s.","21.720","deg","20.000","°C","977.000","hPa","0.861","-0.02617","0.00035","0","0","13.56","Humid","26.25","0","44.00","378352.37","SABD0000000001","AAV1.0.0.11","4.0.0.2323","PSt7-10","170328-019","7/29/2022 11:23:46 AM","0000-00","0","no battery","V","","µV","","µV"
"08/09/2022","10:22:21","6","default","383292078","Oxt_06","20.312","min","94.990","%a.s.","Humid","20.951","deg","41088","µV","28.082","°C","1016.000","hPa","36.4","pmil","0","55.390","deg","20.000","°C","100.000","%a.s.","21.720","deg","20.000","°C","977.000","hPa","0.861","-0.02617","0.00035","0","0","13.56","Humid","26.25","0","44.00","378345.51","SABD0000000001","AAV1.0.0.11","4.0.0.2323","PSt7-10","170328-019","7/29/2022 11:23:46 AM","0000-00","0","no battery","V","","µV","","µV"
"08/09/2022","10:22:22","6","default","383292078","Oxt_06","20.329","min","94.982","%a.s.","Humid","20.941","deg","41081","µV","28.082","°C","1017.000","hPa","36.4","pmil","0","55.390","deg","20.000","°C","100.000","%a.s.","21.720","deg","20.000","°C","977.000","hPa","0.861","-0.02617","0.00035","0","0","13.56","Humid","26.25","0","44.00","378343.18","SABD0000000001","AAV1.0.0.11","4.0.0.2323","PSt7-10","170328-019","7/29/2022 11:23:46 AM","0000-00","0","no battery","V","","µV","","µV"
"08/09/2022","10:22:23","6","default","383292078","Oxt_06","20.345","min","95.097","%a.s.","Humid","20.939","deg","41076","µV","28.077","°C","1016.000","hPa","36.4","pmil","0","55.390","deg","20.000","°C","100.000","%a.s.","21.720","deg","20.000","°C","977.000","hPa","0.861","-0.02617","0.00035","0","0","13.56","Humid","26.25","0","44.00","378347.87","SABD0000000001","AAV1.0.0.11","4.0.0.2323","PSt7-10","170328-019","7/29/2022 11:23:46 AM","0000-00","0","no battery","V","","µV","","µV"
"08/09/2022","10:22:24","6","default","383292078","Oxt_06","20.362","min","95.002","%a.s.","Humid","20.949","deg","41078","µV","28.088","°C","1016.000","hPa","36.4","pmil","0","55.390","deg","20.000","°C","100.000","%a.s.","21.720","deg","20.000","°C","977.000","hPa","0.861","-0.02617","0.00035","0","0","13.56","Humid","26.25","0","44.00","378347.13","SABD0000000001","AAV1.0.0.11","4.0.0.2323","PSt7-10","170328-019","7/29/2022 11:23:46 AM","0000-00","0","no battery","V","","µV","","µV"
"08/09/2022","10:22:25","6","default","383292078","Oxt_06","20.379","min","94.982","%a.s.","Humid","20.942","deg","41070","µV","28.073","°C","1017.000","hPa","36.4","pmil","0","55.390","deg","20.000","°C","100.000","%a.s.","21.720","deg","20.000","°C","977.000","hPa","0.861","-0.02617","0.00035","0","0","13.56","Humid","26.25","0","44.00","378350.74","SABD0000000001","AAV1.0.0.11","4.0.0.2323","PSt7-10","170328-019","7/29/2022 11:23:46 AM","0000-00","0","no battery","V","","µV","","µV"
"08/09/2022","10:22:26","6","default","383292078","Oxt_06","20.395","min","95.126","%a.s.","Humid","20.935","deg","41077","µV","28.082","°C","1016.000","hPa","36.4","pmil","0","55.390","deg","20.000","°C","100.000","%a.s.","21.720","deg","20.000","°C","977.000","hPa","0.861","-0.02617","0.00035","0","0","13.56","Humid","26.25","0","44.00","378354.97","SABD0000000001","AAV1.0.0.11","4.0.0.2323","PSt7-10","170328-019","7/29/2022 11:23:46 AM","0000-00","0","no battery","V","","µV","","µV"
"08/09/2022","10:22:27","6","default","383292078","Oxt_06","20.412","min","95.002","%a.s.","Humid","20.950","deg","41075","µV","28.079","°C","1016.000","hPa","36.4","pmil","0","55.390","deg","20.000","°C","100.000","%a.s.","21.720","deg","20.000","°C","977.000","hPa","0.861","-0.02617","0.00035","0","0","13.56","Humid","26.25","0","44.00","378361.51","SABD0000000001","AAV1.0.0.11","4.0.0.2323","PSt7-10","170328-019","7/29/2022 11:23:46 AM","0000-00","0","no battery","V","","µV","","µV"
"08/09/2022","10:22:28","6","default","383292078","Oxt_06","20.428","min","95.046","%a.s.","Humid","20.946","deg","41072","µV","28.068","°C","1016.000","hPa","36.4","pmil","0","55.390","deg","20.000","°C","100.000","%a.s.","21.720","deg","20.000","°C","977.000","hPa","0.861","-0.02617","0.00035","0","0","13.56","Humid","26.25","0","44.00","378347.54","SABD0000000001","AAV1.0.0.11","4.0.0.2323","PSt7-10","170328-019","7/29/2022 11:23:46 AM","0000-00","0","no battery","V","","µV","","µV"
"08/09/2022","10:22:29","6","default","383292078","Oxt_06","20.445","min","95.110","%a.s.","Humid","20.938","deg","41072","µV","28.072","°C","1016.000","hPa","36.4","pmil","0","55.390","deg","20.000","°C","100.000","%a.s.","21.720","deg","20.000","°C","977.000","hPa","0.861","-0.02617","0.00035","0","0","13.56","Humid","26.25","0","44.00","378353.77","SABD0000000001","AAV1.0.0.11","4.0.0.2323","PSt7-10","170328-019","7/29/2022 11:23:46 AM","0000-00","0","no battery","V","","µV","","µV"
"08/09/2022","10:22:30","6","default","383292078","Oxt_06","20.462","min","95.002","%a.s.","Humid","20.939","deg","41065","µV","28.079","°C","1017.000","hPa","36.4","pmil","0","55.390","deg","20.000","°C","100.000","%a.s.","21.720","deg","20.000","°C","977.000","hPa","0.861","-0.02617","0.00035","0","0","13.56","Humid","26.25","0","44.00","378348.13","SABD0000000001","AAV1.0.0.11","4.0.0.2323","PSt7-10","170328-019","7/29/2022 11:23:46 AM","0000-00","0","no battery","V","","µV","","µV"
"08/09/2022","10:22:31","6","default","383292078","Oxt_06","20.478","min","95.040","%a.s.","Humid","20.935","deg","41065","µV","28.074","°C","1017.000","hPa","36.4","pmil","0","55.390","deg","20.000","°C","100.000","%a.s.","21.720","deg","20.000","°C","977.000","hPa","0.861","-0.02617","0.00035","0","0","13.56","Humid","26.25","0","44.00","378350.03","SABD0000000001","AAV1.0.0.11","4.0.0.2323","PSt7-10","170328-019","7/29/2022 11:23:46 AM","0000-00","0","no battery","V","","µV","","µV"
"08/09/2022","10:22:32","6","default","383292078","Oxt_06","20.495","min","95.152","%a.s.","Humid","20.933","deg","41064","µV","28.072","°C","1016.000","hPa","36.4","pmil","0","55.390","deg","20.000","°C","100.000","%a.s.","21.720","deg","20.000","°C","977.000","hPa","0.861","-0.02617","0.00035","0","0","13.56","Humid","26.25","0","44.00","378357.08","SABD0000000001","AAV1.0.0.11","4.0.0.2323","PSt7-10","170328-019","7/29/2022 11:23:46 AM","0000-00","0","no battery","V","","µV","","µV"
"08/09/2022","10:22:33","6","default","383292078","Oxt_06","20.512","min","95.104","%a.s.","Humid","20.939","deg","41060","µV","28.069","°C","1016.000","hPa","36.4","pmil","0","55.390","deg","20.000","°C","100.000","%a.s.","21.720","deg","20.000","°C","977.000","hPa","0.861","-0.02617","0.00035","0","0","13.56","Humid","26.25","0","44.00","378352.21","SABD0000000001","AAV1.0.0.11","4.0.0.2323","PSt7-10","170328-019","7/29/2022 11:23:46 AM","0000-00","0","no battery","V","","µV","","µV"
"08/09/2022","10:22:34","6","default","383292078","Oxt_06","20.528","min","95.136","%a.s.","Humid","20.935","deg","41063","µV","28.071","°C","1016.000","hPa","36.4","pmil","0","55.390","deg","20.000","°C","100.000","%a.s.","21.720","deg","20.000","°C","977.000","hPa","0.861","-0.02617","0.00035","0","0","13.56","Humid","26.25","0","44.00","378353.67","SABD0000000001","AAV1.0.0.11","4.0.0.2323","PSt7-10","170328-019","7/29/2022 11:23:46 AM","0000-00","0","no battery","V","","µV","","µV"
"08/09/2022","10:22:35","6","default","383292078","Oxt_06","20.545","min","95.132","%a.s.","Humid","20.935","deg","41058","µV","28.076","°C","1016.000","hPa","36.4","pmil","0","55.390","deg","20.000","°C","100.000","%a.s.","21.720","deg","20.000","°C","977.000","hPa","0.861","-0.02617","0.00035","0","0","13.56","Humid","26.25","0","44.00","378347.58","SABD0000000001","AAV1.0.0.11","4.0.0.2323","PSt7-10","170328-019","7/29/2022 11:23:46 AM","0000-00","0","no battery","V","","µV","","µV"
"08/09/2022","10:22:36","6","default","383292078","Oxt_06","20.562","min","95.063","%a.s.","Humid","20.943","deg","41065","µV","28.077","°C","1016.000","hPa","36.4","pmil","0","55.390","deg","20.000","°C","100.000","%a.s.","21.720","deg","20.000","°C","977.000","hPa","0.861","-0.02617","0.00035","0","0","13.56","Humid","26.25","0","44.00","378346.32","SABD0000000001","AAV1.0.0.11","4.0.0.2323","PSt7-10","170328-019","7/29/2022 11:23:46 AM","0000-00","0","no battery","V","","µV","","µV"
"08/09/2022","10:22:37","6","default","383292078","Oxt_06","20.579","min","95.104","%a.s.","Humid","20.937","deg","41059","µV","28.088","°C","1016.000","hPa","36.4","pmil","0","55.390","deg","20.000","°C","100.000","%a.s.","21.720","deg","20.000","°C","977.000","hPa","0.861","-0.02617","0.00035","0","0","13.56","Humid","26.25","0","44.00","378357.72","SABD0000000001","AAV1.0.0.11","4.0.0.2323","PSt7-10","170328-019","7/29/2022 11:23:46 AM","0000-00","0","no battery","V","","µV","","µV"
"08/09/2022","10:22:38","6","default","383292078","Oxt_06","20.595","min","95.137","%a.s.","Humid","20.933","deg","41056","µV","28.089","°C","1016.000","hPa","36.4","pmil","0","55.390","deg","20.000","°C","100.000","%a.s.","21.720","deg","20.000","°C","977.000","hPa","0.861","-0.02617","0.00035","0","0","13.56","Humid","26.25","0","44.00","378348.01","SABD0000000001","AAV1.0.0.11","4.0.0.2323","PSt7-10","170328-019","7/29/2022 11:23:46 AM","0000-00","0","no battery","V","","µV","","µV"
"08/09/2022","10:22:39","6","default","383292078","Oxt_06","20.612","min","95.039","%a.s.","Humid","20.933","deg","41058","µV","28.093","°C","1017.000","hPa","36.4","pmil","0","55.390","deg","20.000","°C","100.000","%a.s.","21.720","deg","20.000","°C","977.000","hPa","0.861","-0.02617","0.00035","0","0","13.56","Humid","26.25","0","44.00","378362.98","SABD0000000001","AAV1.0.0.11","4.0.0.2323","PSt7-10","170328-019","7/29/2022 11:23:46 AM","0000-00","0","no battery","V","","µV","","µV"
"08/09/2022","10:22:40","6","default","383292078","Oxt_06","20.629","min","95.117","%a.s.","Humid","20.936","deg","41055","µV","28.083","°C","1016.000","hPa","36.4","pmil","0","55.390","deg","20.000","°C","100.000","%a.s.","21.720","deg","20.000","°C","977.000","hPa","0.861","-0.02617","0.00035","0","0","13.56","Humid","26.25","0","44.00","378358.55","SABD0000000001","AAV1.0.0.11","4.0.0.2323","PSt7-10","170328-019","7/29/2022 11:23:46 AM","0000-00","0","no battery","V","","µV","","µV"
"08/09/2022","10:22:41","6","default","383292078","Oxt_06","20.645","min","95.139","%a.s.","Humid","20.933","deg","41054","µV","28.086","°C","1016.000","hPa","36.4","pmil","0","55.390","deg","20.000","°C","100.000","%a.s.","21.720","deg","20.000","°C","977.000","hPa","0.861","-0.02617","0.00035","0","0","13.56","Humid","26.25","0","44.00","378361.23","SABD0000000001","AAV1.0.0.11","4.0.0.2323","PSt7-10","170328-019","7/29/2022 11:23:46 AM","0000-00","0","no battery","V","","µV","","µV"
"08/09/2022","10:22:42","6","default","383292078","Oxt_06","20.662","min","95.083","%a.s.","Humid","20.940","deg","41047","µV","28.083","°C","1016.000","hPa","36.4","pmil","0","55.390","deg","20.000","°C","100.000","%a.s.","21.720","deg","20.000","°C","977.000","hPa","0.861","-0.02617","0.00035","0","0","13.56","Humid","26.25","0","44.00","378359.45","SABD0000000001","AAV1.0.0.11","4.0.0.2323","PSt7-10","170328-019","7/29/2022 11:23:46 AM","0000-00","0","no battery","V","","µV","","µV"
"08/09/2022","10:22:43","6","default","383292078","Oxt_06","20.679","min","95.221","%a.s.","Humid","20.924","deg","41055","µV","28.080","°C","1016.000","hPa","36.4","pmil","0","55.390","deg","20.000","°C","100.000","%a.s.","21.720","deg","20.000","°C","977.000","hPa","0.861","-0.02617","0.00035","0","0","13.56","Humid","26.25","0","44.00","378364.96","SABD0000000001","AAV1.0.0.11","4.0.0.2323","PSt7-10","170328-019","7/29/2022 11:23:46 AM","0000-00","0","no battery","V","","µV","","µV"
"08/09/2022","10:22:44","6","default","383292078","Oxt_06","20.695","min","95.247","%a.s.","Humid","20.921","deg","41049","µV","28.079","°C","1016.000","hPa","36.4","pmil","0","55.390","deg","20.000","°C","100.000","%a.s.","21.720","deg","20.000","°C","977.000","hPa","0.861","-0.02617","0.00035","0","0","13.56","Humid","26.25","0","44.00","378360.47","SABD0000000001","AAV1.0.0.11","4.0.0.2323","PSt7-10","170328-019","7/29/2022 11:23:46 AM","0000-00","0","no battery","V","","µV","","µV"
"08/09/2022","10:22:45","6","default","383292078","Oxt_06","20.712","min","95.094","%a.s.","Humid","20.929","deg","41042","µV","28.070","°C","1017.000","hPa","36.4","pmil","0","55.390","deg","20.000","°C","100.000","%a.s.","21.720","deg","20.000","°C","977.000","hPa","0.861","-0.02617","0.00035","0","0","13.56","Humid","26.25","0","44.00","378358.94","SABD0000000001","AAV1.0.0.11","4.0.0.2323","PSt7-10","170328-019","7/29/2022 11:23:46 AM","0000-00","0","no battery","V","","µV","","µV"
"08/09/2022","10:22:46","6","default","383292078","Oxt_06","20.729","min","95.216","%a.s.","Humid","20.924","deg","41043","µV","28.085","°C","1016.000","hPa","36.4","pmil","0","55.390","deg","20.000","°C","100.000","%a.s.","21.720","deg","20.000","°C","977.000","hPa","0.861","-0.02617","0.00035","0","0","13.56","Humid","26.25","0","44.00","378360.02","SABD0000000001","AAV1.0.0.11","4.0.0.2323","PSt7-10","170328-019","7/29/2022 11:23:46 AM","0000-00","0","no battery","V","","µV","","µV"
"08/09/2022","10:22:47","6","default","383292078","Oxt_06","20.745","min","95.193","%a.s.","Humid","20.927","deg","41046","µV","28.083","°C","1016.000","hPa","36.4","pmil","0","55.390","deg","20.000","°C","100.000","%a.s.","21.720","deg","20.000","°C","977.000","hPa","0.861","-0.02617","0.00035","0","0","13.56","Humid","26.25","0","44.00","378350.85","SABD0000000001","AAV1.0.0.11","4.0.0.2323","PSt7-10","170328-019","7/29/2022 11:23:46 AM","0000-00","0","no battery","V","","µV","","µV"
"08/09/2022","10:22:48","6","default","383292078","Oxt_06","20.762","min","95.194","%a.s.","Humid","20.927","deg","41051","µV","28.082","°C","1016.000","hPa","36.4","pmil","0","55.390","deg","20.000","°C","100.000","%a.s.","21.720","deg","20.000","°C","977.000","hPa","0.861","-0.02617","0.00035","0","0","13.56","Humid","26.25","0","44.00","378355.54","SABD0000000001","AAV1.0.0.11","4.0.0.2323","PSt7-10","170328-019","7/29/2022 11:23:46 AM","0000-00","0","no battery","V","","µV","","µV"
"08/09/2022","10:22:49","6","default","383292078","Oxt_06","20.779","min","95.251","%a.s.","Humid","20.921","deg","41041","µV","28.076","°C","1016.000","hPa","36.4","pmil","0","55.390","deg","20.000","°C","100.000","%a.s.","21.720","deg","20.000","°C","977.000","hPa","0.861","-0.02617","0.00035","0","0","13.56","Humid","26.25","0","44.00","378361.33","SABD0000000001","AAV1.0.0.11","4.0.0.2323","PSt7-10","170328-019","7/29/2022 11:23:46 AM","0000-00","0","no battery","V","","µV","","µV"
"08/09/2022","10:22:50","6","default","383292078","Oxt_06","20.795","min","95.155","%a.s.","Humid","20.933","deg","41041","µV","28.068","°C","1016.000","hPa","36.4","pmil","0","55.390","deg","20.000","°C","100.000","%a.s.","21.720","deg","20.000","°C","977.000","hPa","0.861","-0.02617","0.00035","0","0","13.56","Humid","26.25","0","44.00","378358.57","SABD0000000001","AAV1.0.0.11","4.0.0.2323","PSt7-10","170328-019","7/29/2022 11:23:46 AM","0000-00","0","no battery","V","","µV","","µV"
"08/09/2022","10:22:51","6","default","383292078","Oxt_06","20.812","min","95.232","%a.s.","Humid","20.923","deg","41038","µV","28.077","°C","1016.000","hPa","36.4","pmil","0","55.390","deg","20.000","°C","100.000","%a.s.","21.720","deg","20.000","°C","977.000","hPa","0.861","-0.02617","0.00035","0","0","13.56","Humid","26.25","0","44.00","378364.06","SABD0000000001","AAV1.0.0.11","4.0.0.2323","PSt7-10","170328-019","7/29/2022 11:23:46 AM","0000-00","0","no battery","V","","µV","","µV"
"08/09/2022","10:22:52","6","default","383292078","Oxt_06","20.829","min","95.211","%a.s.","Humid","20.924","deg","41045","µV","28.091","°C","1016.000","hPa","36.4","pmil","0","55.390","deg","20.000","°C","100.000","%a.s.","21.720","deg","20.000","°C","977.000","hPa","0.861","-0.02617","0.00035","0","0","13.56","Humid","26.25","0","44.00","378358.10","SABD0000000001","AAV1.0.0.11","4.0.0.2323","PSt7-10","170328-019","7/29/2022 11:23:46 AM","0000-00","0","no battery","V","","µV","","µV"
"08/09/2022","10:22:53","6","default","383292078","Oxt_06","20.845","min","95.185","%a.s.","Humid","20.928","deg","41039","µV","28.082","°C","1016.000","hPa","36.4","pmil","0","55.390","deg","20.000","°C","100.000","%a.s.","21.720","deg","20.000","°C","977.000","hPa","0.861","-0.02617","0.00035","0","0","13.56","Humid","26.25","0","44.00","378378.45","SABD0000000001","AAV1.0.0.11","4.0.0.2323","PSt7-10","170328-019","7/29/2022 11:23:46 AM","0000-00","0","no battery","V","","µV","","µV"
"08/09/2022","10:22:54","6","default","383292078","Oxt_06","20.862","min","95.250","%a.s.","Humid","20.921","deg","41039","µV","28.076","°C","1016.000","hPa","36.4","pmil","0","55.390","deg","20.000","°C","100.000","%a.s.","21.720","deg","20.000","°C","977.000","hPa","0.861","-0.02617","0.00035","0","0","13.56","Humid","26.25","0","44.00","378381.06","SABD0000000001","AAV1.0.0.11","4.0.0.2323","PSt7-10","170328-019","7/29/2022 11:23:46 AM","0000-00","0","no battery","V","","µV","","µV"
"08/09/2022","10:22:55","6","default","383292078","Oxt_06","20.879","min","95.259","%a.s.","Humid","20.920","deg","41036","µV","28.076","°C","1016.000","hPa","36.4","pmil","0","55.390","deg","20.000","°C","100.000","%a.s.","21.720","deg","20.000","°C","977.000","hPa","0.861","-0.02617","0.00035","0","0","13.56","Humid","26.25","0","44.00","378370.93","SABD0000000001","AAV1.0.0.11","4.0.0.2323","PSt7-10","170328-019","7/29/2022 11:23:46 AM","0000-00","0","no battery","V","","µV","","µV"
"08/09/2022","10:22:56","6","default","383292078","Oxt_06","20.895","min","95.174","%a.s.","Humid","20.931","deg","41034","µV","28.067","°C","1016.000","hPa","36.4","pmil","0","55.390","deg","20.000","°C","100.000","%a.s.","21.720","deg","20.000","°C","977.000","hPa","0.861","-0.02617","0.00035","0","0","13.56","Humid","26.25","0","44.00","378374.78","SABD0000000001","AAV1.0.0.11","4.0.0.2323","PSt7-10","170328-019","7/29/2022 11:23:46 AM","0000-00","0","no battery","V","","µV","","µV"
"08/09/2022","10:22:57","6","default","383292078","Oxt_06","20.912","min","95.273","%a.s.","Humid","20.917","deg","41039","µV","28.088","°C","1016.000","hPa","36.4","pmil","0","55.390","deg","20.000","°C","100.000","%a.s.","21.720","deg","20.000","°C","977.000","hPa","0.861","-0.02617","0.00035","0","0","13.56","Humid","26.25","0","44.00","378378.19","SABD0000000001","AAV1.0.0.11","4.0.0.2323","PSt7-10","170328-019","7/29/2022 11:23:46 AM","0000-00","0","no battery","V","","µV","","µV"
"08/09/2022","10:22:58","6","default","383292078","Oxt_06","20.929","min","95.202","%a.s.","Humid","20.925","deg","41039","µV","28.092","°C","1016.000","hPa","36.4","pmil","0","55.390","deg","20.000","°C","100.000","%a.s.","21.720","deg","20.000","°C","977.000","hPa","0.861","-0.02617","0.00035","0","0","13.56","Humid","26.25","0","44.00","378385.72","SABD0000000001","AAV1.0.0.11","4.0.0.2323","PSt7-10","170328-019","7/29/2022 11:23:46 AM","0000-00","0","no battery","V","","µV","","µV"
"08/09/2022","10:22:59","6","default","383292078","Oxt_06","20.945","min","95.243","%a.s.","Humid","20.920","deg","41035","µV","28.093","°C","1016.000","hPa","36.4","pmil","0","55.390","deg","20.000","°C","100.000","%a.s.","21.720","deg","20.000","°C","977.000","hPa","0.861","-0.02617","0.00035","0","0","13.56","Humid","26.25","0","44.00","378393.61","SABD0000000001","AAV1.0.0.11","4.0.0.2323","PSt7-10","170328-019","7/29/2022 11:23:46 AM","0000-00","0","no battery","V","","µV","","µV"
"08/09/2022","10:23:00","6","default","383292078","Oxt_06","20.962","min","95.251","%a.s.","Humid","20.919","deg","41033","µV","28.093","°C","1016.000","hPa","36.4","pmil","0","55.390","deg","20.000","°C","100.000","%a.s.","21.720","deg","20.000","°C","977.000","hPa","0.861","-0.02617","0.00035","0","0","13.56","Humid","26.25","0","44.00","378370.98","SABD0000000001","AAV1.0.0.11","4.0.0.2323","PSt7-10","170328-019","7/29/2022 11:23:46 AM","0000-00","0","no battery","V","","µV","","µV"
"08/09/2022","10:23:01","6","default","383292078","Oxt_06","20.979","min","95.303","%a.s.","Humid","20.912","deg","41029","µV","28.102","°C","1016.000","hPa","36.4","pmil","0","55.390","deg","20.000","°C","100.000","%a.s.","21.720","deg","20.000","°C","977.000","hPa","0.861","-0.02617","0.00035","0","0","13.56","Humid","26.25","0","44.00","378375.84","SABD0000000001","AAV1.0.0.11","4.0.0.2323","PSt7-10","170328-019","7/29/2022 11:23:46 AM","0000-00","0","no battery","V","","µV","","µV"
"08/09/2022","10:23:02","6","default","383292078","Oxt_06","20.996","min","95.293","%a.s.","Humid","20.915","deg","41029","µV","28.085","°C","1016.000","hPa","36.4","pmil","0","55.390","deg","20.000","°C","100.000","%a.s.","21.720","deg","20.000","°C","977.000","hPa","0.861","-0.02617","0.00035","0","0","13.56","Humid","26.25","0","44.00","378383.09","SABD0000000001","AAV1.0.0.11","4.0.0.2323","PSt7-10","170328-019","7/29/2022 11:23:46 AM","0000-00","0","no battery","V","","µV","","µV"
"08/09/2022","10:23:03","6","default","383292078","Oxt_06","21.012","min","95.195","%a.s.","Humid","20.926","deg","41029","µV","28.090","°C","1016.000","hPa","36.4","pmil","0","55.390","deg","20.000","°C","100.000","%a.s.","21.720","deg","20.000","°C","977.000","hPa","0.861","-0.02617","0.00035","0","0","13.56","Humid","26.25","0","44.00","378384.96","SABD0000000001","AAV1.0.0.11","4.0.0.2323","PSt7-10","170328-019","7/29/2022 11:23:46 AM","0000-00","0","no battery","V","","µV","","µV"
"08/09/2022","10:23:04","6","default","383292078","Oxt_06","21.029","min","95.213","%a.s.","Humid","20.924","deg","41026","µV","28.089","°C","1016.000","hPa","36.4","pmil","0","55.390","deg","20.000","°C","100.000","%a.s.","21.720","deg","20.000","°C","977.000","hPa","0.861","-0.02617","0.00035","0","0","13.56","Humid","26.25","0","44.00","378374.69","SABD0000000001","AAV1.0.0.11","4.0.0.2323","PSt7-10","170328-019","7/29/2022 11:23:46 AM","0000-00","0","no battery","V","","µV","","µV"
"08/09/2022","10:23:05","6","default","383292078","Oxt_06","21.046","min","95.261","%a.s.","Humid","20.920","deg","41021","µV","28.073","°C","1016.000","hPa","36.4","pmil","0","55.390","deg","20.000","°C","100.000","%a.s.","21.720","deg","20.000","°C","977.000","hPa","0.861","-0.02617","0.00035","0","0","13.56","Humid","26.25","0","44.00","378373.07","SABD0000000001","AAV1.0.0.11","4.0.0.2323","PSt7-10","170328-019","7/29/2022 11:23:46 AM","0000-00","0","no battery","V","","µV","","µV"
"08/09/2022","10:23:06","6","default","383292078","Oxt_06","21.062","min","95.127","%a.s.","Humid","20.925","deg","41020","µV","28.071","°C","1017.000","hPa","36.4","pmil","0","55.390","deg","20.000","°C","100.000","%a.s.","21.720","deg","20.000","°C","977.000","hPa","0.861","-0.02617","0.00035","0","0","13.56","Humid","26.25","0","44.00","378370.58","SABD0000000001","AAV1.0.0.11","4.0.0.2323","PSt7-10","170328-019","7/29/2022 11:23:46 AM","0000-00","0","no battery","V","","µV","","µV"
"08/09/2022","10:23:07","6","default","383292078","Oxt_06","21.079","min","95.294","%a.s.","Humid","20.916","deg","41019","µV","28.075","°C","1016.000","hPa","36.4","pmil","0","55.390","deg","20.000","°C","100.000","%a.s.","21.720","deg","20.000","°C","977.000","hPa","0.861","-0.02617","0.00035","0","0","13.56","Humid","26.25","0","44.00","378381.37","SABD0000000001","AAV1.0.0.11","4.0.0.2323","PSt7-10","170328-019","7/29/2022 11:23:46 AM","0000-00","0","no battery","V","","µV","","µV"
"08/09/2022","10:23:08","6","default","383292078","Oxt_06","21.096","min","95.338","%a.s.","Humid","20.909","deg","41022","µV","28.091","°C","1016.000","hPa","36.4","pmil","0","55.390","deg","20.000","°C","100.000","%a.s.","21.720","deg","20.000","°C","977.000","hPa","0.861","-0.02617","0.00035","0","0","13.56","Humid","26.25","0","44.00","378394.14","SABD0000000001","AAV1.0.0.11","4.0.0.2323","PSt7-10","170328-019","7/29/2022 11:23:46 AM","0000-00","0","no battery","V","","µV","","µV"
"08/09/2022","10:23:09","6","default","383292078","Oxt_06","21.112","min","95.297","%a.s.","Humid","20.915","deg","41021","µV","28.080","°C","1016.000","hPa","36.4","pmil","0","55.390","deg","20.000","°C","100.000","%a.s.","21.720","deg","20.000","°C","977.000","hPa","0.861","-0.02617","0.00035","0","0","13.56","Humid","26.25","0","44.00","378387.76","SABD0000000001","AAV1.0.0.11","4.0.0.2323","PSt7-10","170328-019","7/29/2022 11:23:46 AM","0000-00","0","no battery","V","","µV","","µV"
"08/09/2022","10:23:10","6","default","383292078","Oxt_06","21.129","min","95.326","%a.s.","Humid","20.911","deg","41012","µV","28.086","°C","1016.000","hPa","36.4","pmil","0","55.390","deg","20.000","°C","100.000","%a.s.","21.720","deg","20.000","°C","977.000","hPa","0.861","-0.02617","0.00035","0","0","13.56","Humid","26.25","0","44.00","378392.77","SABD0000000001","AAV1.0.0.11","4.0.0.2323","PSt7-10","170328-019","7/29/2022 11:23:46 AM","0000-00","0","no battery","V","","µV","","µV"
"08/09/2022","10:23:11","6","default","383292078","Oxt_06","21.146","min","95.325","%a.s.","Humid","20.911","deg","41024","µV","28.087","°C","1016.000","hPa","36.4","pmil","0","55.390","deg","20.000","°C","100.000","%a.s.","21.720","deg","20.000","°C","977.000","hPa","0.861","-0.02617","0.00035","0","0","13.56","Humid","26.25","0","44.00","378384.93","SABD0000000001","AAV1.0.0.11","4.0.0.2323","PSt7-10","170328-019","7/29/2022 11:23:46 AM","0000-00","0","no battery","V","","µV","","µV"
"08/09/2022","10:23:12","6","default","383292078","Oxt_06","21.162","min","95.292","%a.s.","Humid","20.915","deg","41018","µV","28.086","°C","1016.000","hPa","36.4","pmil","0","55.390","deg","20.000","°C","100.000","%a.s.","21.720","deg","20.000","°C","977.000","hPa","0.861","-0.02617","0.00035","0","0","13.56","Humid","26.25","0","44.00","378396.77","SABD0000000001","AAV1.0.0.11","4.0.0.2323","PSt7-10","170328-019","7/29/2022 11:23:46 AM","0000-00","0","no battery","V","","µV","","µV"
"08/09/2022","10:23:13","6","default","383292078","Oxt_06","21.179","min","95.279","%a.s.","Humid","20.917","deg","41018","µV","28.081","°C","1016.000","hPa","36.4","pmil","0","55.390","deg","20.000","°C","100.000","%a.s.","21.720","deg","20.000","°C","977.000","hPa","0.861","-0.02617","0.00035","0","0","13.56","Humid","26.25","0","44.00","378384.96","SABD0000000001","AAV1.0.0.11","4.0.0.2323","PSt7-10","170328-019","7/29/2022 11:23:46 AM","0000-00","0","no battery","V","","µV","","µV"
"08/09/2022","10:23:14","6","default","383292078","Oxt_06","21.196","min","95.304","%a.s.","Humid","20.914","deg","41015","µV","28.082","°C","1016.000","hPa","36.4","pmil","0","55.390","deg","20.000","°C","100.000","%a.s.","21.720","deg","20.000","°C","977.000","hPa","0.861","-0.02617","0.00035","0","0","13.56","Humid","26.25","0","44.00","378393.94","SABD0000000001","AAV1.0.0.11","4.0.0.2323","PSt7-10","170328-019","7/29/2022 11:23:46 AM","0000-00","0","no battery","V","","µV","","µV"
"08/09/2022","10:23:15","6","default","383292078","Oxt_06","21.212","min","95.288","%a.s.","Humid","20.914","deg","41016","µV","28.100","°C","1016.000","hPa","36.4","pmil","0","55.390","deg","20.000","°C","100.000","%a.s.","21.720","deg","20.000","°C","977.000","hPa","0.861","-0.02617","0.00035","0","0","13.56","Humid","26.25","0","44.00","378383.47","SABD0000000001","AAV1.0.0.11","4.0.0.2323","PSt7-10","170328-019","7/29/2022 11:23:46 AM","0000-00","0","no battery","V","","µV","","µV"
"08/09/2022","10:23:16","6","default","383292078","Oxt_06","21.229","min","95.258","%a.s.","Humid","20.918","deg","41017","µV","28.095","°C","1016.000","hPa","36.4","pmil","0","55.390","deg","20.000","°C","100.000","%a.s.","21.720","deg","20.000","°C","977.000","hPa","0.861","-0.02617","0.00035","0","0","13.56","Humid","26.25","0","44.00","378403.79","SABD0000000001","AAV1.0.0.11","4.0.0.2323","PSt7-10","170328-019","7/29/2022 11:23:46 AM","0000-00","0","no battery","V","","µV","","µV"
"08/09/2022","10:23:17","6","default","383292078","Oxt_06","21.246","min","95.332","%a.s.","Humid","20.910","deg","41017","µV","28.088","°C","1016.000","hPa","36.4","pmil","0","55.390","deg","20.000","°C","100.000","%a.s.","21.720","deg","20.000","°C","977.000","hPa","0.861","-0.02617","0.00035","0","0","13.56","Humid","26.25","0","44.00","378392.42","SABD0000000001","AAV1.0.0.11","4.0.0.2323","PSt7-10","170328-019","7/29/2022 11:23:46 AM","0000-00","0","no battery","V","","µV","","µV"
"08/09/2022","10:23:18","6","default","383292078","Oxt_06","21.262","min","95.304","%a.s.","Humid","20.912","deg","41017","µV","28.100","°C","1016.000","hPa","36.4","pmil","0","55.390","deg","20.000","°C","100.000","%a.s.","21.720","deg","20.000","°C","977.000","hPa","0.861","-0.02617","0.00035","0","0","13.56","Humid","26.25","0","44.00","378404.42","SABD0000000001","AAV1.0.0.11","4.0.0.2323","PSt7-10","170328-019","7/29/2022 11:23:46 AM","0000-00","0","no battery","V","","µV","","µV"
"08/09/2022","10:23:19","6","default","383292078","Oxt_06","21.279","min","95.370","%a.s.","Humid","20.906","deg","41013","µV","28.084","°C","1016.000","hPa","36.4","pmil","0","55.390","deg","20.000","°C","100.000","%a.s.","21.720","deg","20.000","°C","977.000","hPa","0.861","-0.02617","0.00035","0","0","13.56","Humid","26.25","0","44.00","378413.88","SABD0000000001","AAV1.0.0.11","4.0.0.2323","PSt7-10","170328-019","7/29/2022 11:23:46 AM","0000-00","0","no battery","V","","µV","","µV"
"08/09/2022","10:23:20","6","default","383292078","Oxt_06","21.296","min","95.365","%a.s.","Humid","20.907","deg","41020","µV","28.081","°C","1016.000","hPa","36.4","pmil","0","55.390","deg","20.000","°C","100.000","%a.s.","21.720","deg","20.000","°C","977.000","hPa","0.861","-0.02617","0.00035","0","0","13.56","Humid","26.25","0","44.00","378400.47","SABD0000000001","AAV1.0.0.11","4.0.0.2323","PSt7-10","170328-019","7/29/2022 11:23:46 AM","0000-00","0","no battery","V","","µV","","µV"
"08/09/2022","10:23:21","6","default","383292078","Oxt_06","21.312","min","95.393","%a.s.","Humid","20.902","deg","41017","µV","28.096","°C","1016.000","hPa","36.4","pmil","0","55.390","deg","20.000","°C","100.000","%a.s.","21.720","deg","20.000","°C","977.000","hPa","0.861","-0.02617","0.00035","0","0","13.56","Humid","26.25","0","44.00","378400.10","SABD0000000001","AAV1.0.0.11","4.0.0.2323","PSt7-10","170328-019","7/29/2022 11:23:46 AM","0000-00","0","no battery","V","","µV","","µV"
"08/09/2022","10:23:22","6","default","383292078","Oxt_06","21.329","min","95.305","%a.s.","Humid","20.914","deg","41015","µV","28.081","°C","1016.000","hPa","36.4","pmil","0","55.390","deg","20.000","°C","100.000","%a.s.","21.720","deg","20.000","°C","977.000","hPa","0.861","-0.02617","0.00035","0","0","13.56","Humid","26.25","0","44.00","378406.32","SABD0000000001","AAV1.0.0.11","4.0.0.2323","PSt7-10","170328-019","7/29/2022 11:23:46 AM","0000-00","0","no battery","V","","µV","","µV"
"08/09/2022","10:23:23","6","default","383292078","Oxt_06","21.346","min","95.277","%a.s.","Humid","20.917","deg","41011","µV","28.084","°C","1016.000","hPa","36.4","pmil","0","55.390","deg","20.000","°C","100.000","%a.s.","21.720","deg","20.000","°C","977.000","hPa","0.861","-0.02617","0.00035","0","0","13.56","Humid","26.25","0","44.00","378407.33","SABD0000000001","AAV1.0.0.11","4.0.0.2323","PSt7-10","170328-019","7/29/2022 11:23:46 AM","0000-00","0","no battery","V","","µV","","µV"
"08/09/2022","10:23:24","6","default","383292078","Oxt_06","21.363","min","95.365","%a.s.","Humid","20.907","deg","41008","µV","28.080","°C","1016.000","hPa","36.4","pmil","0","55.390","deg","20.000","°C","100.000","%a.s.","21.720","deg","20.000","°C","977.000","hPa","0.861","-0.02617","0.00035","0","0","13.56","Humid","26.25","0","44.00","378409.50","SABD0000000001","AAV1.0.0.11","4.0.0.2323","PSt7-10","170328-019","7/29/2022 11:23:46 AM","0000-00","0","no battery","V","","µV","","µV"
"08/09/2022","10:23:25","6","default","383292078","Oxt_06","21.379","min","95.326","%a.s.","Humid","20.911","deg","41006","µV","28.086","°C","1016.000","hPa","36.4","pmil","0","55.390","deg","20.000","°C","100.000","%a.s.","21.720","deg","20.000","°C","977.000","hPa","0.861","-0.02617","0.00035","0","0","13.56","Humid","26.25","0","44.00","378398.69","SABD0000000001","AAV1.0.0.11","4.0.0.2323","PSt7-10","170328-019","7/29/2022 11:23:46 AM","0000-00","0","no battery","V","","µV","","µV"
"08/09/2022","10:23:26","6","default","383292078","Oxt_06","21.396","min","95.367","%a.s.","Humid","20.907","deg","41013","µV","28.078","°C","1016.000","hPa","36.4","pmil","0","55.390","deg","20.000","°C","100.000","%a.s.","21.720","deg","20.000","°C","977.000","hPa","0.861","-0.02617","0.00035","0","0","13.56","Humid","26.25","0","44.00","378413.72","SABD0000000001","AAV1.0.0.11","4.0.0.2323","PSt7-10","170328-019","7/29/2022 11:23:46 AM","0000-00","0","no battery","V","","µV","","µV"
"08/09/2022","10:23:27","6","default","383292078","Oxt_06","21.413","min","95.373","%a.s.","Humid","20.906","deg","41004","µV","28.080","°C","1016.000","hPa","36.4","pmil","0","55.390","deg","20.000","°C","100.000","%a.s.","21.720","deg","20.000","°C","977.000","hPa","0.861","-0.02617","0.00035","0","0","13.56","Humid","26.25","0","44.00","378408.35","SABD0000000001","AAV1.0.0.11","4.0.0.2323","PSt7-10","170328-019","7/29/2022 11:23:46 AM","0000-00","0","no battery","V","","µV","","µV"
"08/09/2022","10:23:28","6","default","383292078","Oxt_06","21.429","min","95.343","%a.s.","Humid","20.909","deg","41008","µV","28.086","°C","1016.000","hPa","36.4","pmil","0","55.390","deg","20.000","°C","100.000","%a.s.","21.720","deg","20.000","°C","977.000","hPa","0.861","-0.02617","0.00035","0","0","13.56","Humid","26.25","0","44.00","378415.19","SABD0000000001","AAV1.0.0.11","4.0.0.2323","PSt7-10","170328-019","7/29/2022 11:23:46 AM","0000-00","0","no battery","V","","µV","","µV"
"08/09/2022","10:23:29","6","default","383292078","Oxt_06","21.446","min","95.347","%a.s.","Humid","20.908","deg","41007","µV","28.091","°C","1016.000","hPa","36.4","pmil","0","55.390","deg","20.000","°C","100.000","%a.s.","21.720","deg","20.000","°C","977.000","hPa","0.861","-0.02617","0.00035","0","0","13.56","Humid","26.25","0","44.00","378423.58","SABD0000000001","AAV1.0.0.11","4.0.0.2323","PSt7-10","170328-019","7/29/2022 11:23:46 AM","0000-00","0","no battery","V","","µV","","µV"
"08/09/2022","10:23:30","6","default","383292078","Oxt_06","21.463","min","95.412","%a.s.","Humid","20.899","deg","41008","µV","28.103","°C","1016.000","hPa","36.4","pmil","0","55.390","deg","20.000","°C","100.000","%a.s.","21.720","deg","20.000","°C","977.000","hPa","0.861","-0.02617","0.00035","0","0","13.56","Humid","26.25","0","44.00","378428.85","SABD0000000001","AAV1.0.0.11","4.0.0.2323","PSt7-10","170328-019","7/29/2022 11:23:46 AM","0000-00","0","no battery","V","","µV","","µV"
"08/09/2022","10:23:31","6","default","383292078","Oxt_06","21.479","min","95.374","%a.s.","Humid","20.905","deg","41003","µV","28.089","°C","1016.000","hPa","36.4","pmil","0","55.390","deg","20.000","°C","100.000","%a.s.","21.720","deg","20.000","°C","977.000","hPa","0.861","-0.02617","0.00035","0","0","13.56","Humid","26.25","0","44.00","378407.23","SABD0000000001","AAV1.0.0.11","4.0.0.2323","PSt7-10","170328-019","7/29/2022 11:23:46 AM","0000-00","0","no battery","V","","µV","","µV"
"08/09/2022","10:23:32","6","default","383292078","Oxt_06","21.496","min","95.382","%a.s.","Humid","20.904","deg","40999","µV","28.090","°C","1016.000","hPa","36.4","pmil","0","55.390","deg","20.000","°C","100.000","%a.s.","21.720","deg","20.000","°C","977.000","hPa","0.861","-0.02617","0.00035","0","0","13.56","Humid","26.25","0","44.00","378416.51","SABD0000000001","AAV1.0.0.11","4.0.0.2323","PSt7-10","170328-019","7/29/2022 11:23:46 AM","0000-00","0","no battery","V","","µV","","µV"
"08/09/2022","10:23:33","6","default","383292078","Oxt_06","21.513","min","95.325","%a.s.","Humid","20.912","deg","40998","µV","28.077","°C","1016.000","hPa","36.4","pmil","0","55.390","deg","20.000","°C","100.000","%a.s.","21.720","deg","20.000","°C","977.000","hPa","0.861","-0.02617","0.00035","0","0","13.56","Humid","26.25","0","44.00","378408.66","SABD0000000001","AAV1.0.0.11","4.0.0.2323","PSt7-10","170328-019","7/29/2022 11:23:46 AM","0000-00","0","no battery","V","","µV","","µV"
"08/09/2022","10:23:34","6","default","383292078","Oxt_06","21.529","min","95.382","%a.s.","Humid","20.905","deg","41002","µV","28.080","°C","1016.000","hPa","36.4","pmil","0","55.390","deg","20.000","°C","100.000","%a.s.","21.720","deg","20.000","°C","977.000","hPa","0.861","-0.02617","0.00035","0","0","13.56","Humid","26.25","0","44.00","378436.86","SABD0000000001","AAV1.0.0.11","4.0.0.2323","PSt7-10","170328-019","7/29/2022 11:23:46 AM","0000-00","0","no battery","V","","µV","","µV"
"08/09/2022","10:23:35","6","default","383292078","Oxt_06","21.546","min","95.444","%a.s.","Humid","20.895","deg","40995","µV","28.105","°C","1016.000","hPa","36.4","pmil","0","55.390","deg","20.000","°C","100.000","%a.s.","21.720","deg","20.000","°C","977.000","hPa","0.861","-0.02617","0.00035","0","0","13.56","Humid","26.25","0","44.00","378432.98","SABD0000000001","AAV1.0.0.11","4.0.0.2323","PSt7-10","170328-019","7/29/2022 11:23:46 AM","0000-00","0","no battery","V","","µV","","µV"
"08/09/2022","10:23:36","6","default","383292078","Oxt_06","21.562","min","95.350","%a.s.","Humid","20.905","deg","41002","µV","28.115","°C","1016.000","hPa","36.4","pmil","0","55.390","deg","20.000","°C","100.000","%a.s.","21.720","deg","20.000","°C","977.000","hPa","0.861","-0.02617","0.00035","0","0","13.56","Humid","26.25","0","44.00","378421.20","SABD0000000001","AAV1.0.0.11","4.0.0.2323","PSt7-10","170328-019","7/29/2022 11:23:46 AM","0000-00","0","no battery","V","","µV","","µV"
"08/09/2022","10:23:37","6","default","383292078","Oxt_06","21.579","min","95.379","%a.s.","Humid","20.902","deg","41001","µV","28.111","°C","1016.000","hPa","36.4","pmil","0","55.390","deg","20.000","°C","100.000","%a.s.","21.720","deg","20.000","°C","977.000","hPa","0.861","-0.02617","0.00035","0","0","13.56","Humid","26.25","0","44.00","378439.61","SABD0000000001","AAV1.0.0.11","4.0.0.2323","PSt7-10","170328-019","7/29/2022 11:23:46 AM","0000-00","0","no battery","V","","µV","","µV"
"08/09/2022","10:23:38","6","default","383292078","Oxt_06","21.595","min","95.351","%a.s.","Humid","20.907","deg","40998","µV","28.096","°C","1016.000","hPa","36.4","pmil","0","55.390","deg","20.000","°C","100.000","%a.s.","21.720","deg","20.000","°C","977.000","hPa","0.861","-0.02617","0.00035","0","0","13.56","Humid","26.25","0","44.00","378434.38","SABD0000000001","AAV1.0.0.11","4.0.0.2323","PSt7-10","170328-019","7/29/2022 11:23:46 AM","0000-00","0","no battery","V","","µV","","µV"
"08/09/2022","10:23:39","6","default","383292078","Oxt_06","21.612","min","95.390","%a.s.","Humid","20.902","deg","41000","µV","28.099","°C","1016.000","hPa","36.4","pmil","0","55.390","deg","20.000","°C","100.000","%a.s.","21.720","deg","20.000","°C","977.000","hPa","0.861","-0.02617","0.00035","0","0","13.56","Humid","26.25","0","44.00","378423.26","SABD0000000001","AAV1.0.0.11","4.0.0.2323","PSt7-10","170328-019","7/29/2022 11:23:46 AM","0000-00","0","no battery","V","","µV","","µV"
"08/09/2022","10:23:40","6","default","383292078","Oxt_06","21.628","min","95.463","%a.s.","Humid","20.894","deg","40990","µV","28.094","°C","1016.000","hPa","36.4","pmil","0","55.390","deg","20.000","°C","100.000","%a.s.","21.720","deg","20.000","°C","977.000","hPa","0.861","-0.02617","0.00035","0","0","13.56","Humid","26.25","0","44.00","378428.98","SABD0000000001","AAV1.0.0.11","4.0.0.2323","PSt7-10","170328-019","7/29/2022 11:23:46 AM","0000-00","0","no battery","V","","µV","","µV"
"08/09/2022","10:23:41","6","default","383292078","Oxt_06","21.645","min","95.388","%a.s.","Humid","20.903","deg","40988","µV","28.092","°C","1016.000","hPa","36.4","pmil","0","55.390","deg","20.000","°C","100.000","%a.s.","21.720","deg","20.000","°C","977.000","hPa","0.861","-0.02617","0.00035","0","0","13.56","Humid","26.25","0","44.00","378431.08","SABD0000000001","AAV1.0.0.11","4.0.0.2323","PSt7-10","170328-019","7/29/2022 11:23:46 AM","0000-00","0","no battery","V","","µV","","µV"
"08/09/2022","10:23:42","6","default","383292078","Oxt_06","21.662","min","95.390","%a.s.","Humid","20.903","deg","40986","µV","28.090","°C","1016.000","hPa","36.4","pmil","0","55.390","deg","20.000","°C","100.000","%a.s.","21.720","deg","20.000","°C","977.000","hPa","0.861","-0.02617","0.00035","0","0","13.56","Humid","26.25","0","44.00","378438.57","SABD0000000001","AAV1.0.0.11","4.0.0.2323","PSt7-10","170328-019","7/29/2022 11:23:46 AM","0000-00","0","no battery","V","","µV","","µV"
"08/09/2022","10:23:43","6","default","383292078","Oxt_06","21.679","min","95.431","%a.s.","Humid","20.898","deg","40993","µV","28.092","°C","1016.000","hPa","36.4","pmil","0","55.390","deg","20.000","°C","100.000","%a.s.","21.720","deg","20.000","°C","977.000","hPa","0.861","-0.02617","0.00035","0","0","13.56","Humid","26.25","0","44.00","378443.25","SABD0000000001","AAV1.0.0.11","4.0.0.2323","PSt7-10","170328-019","7/29/2022 11:23:46 AM","0000-00","0","no battery","V","","µV","","µV"
"08/09/2022","10:23:44","6","default","383292078","Oxt_06","21.695","min","95.465","%a.s.","Humid","20.893","deg","40990","µV","28.100","°C","1016.000","hPa","36.4","pmil","0","55.390","deg","20.000","°C","100.000","%a.s.","21.720","deg","20.000","°C","977.000","hPa","0.861","-0.02617","0.00035","0","0","13.56","Humid","26.25","0","44.00","378447.63","SABD0000000001","AAV1.0.0.11","4.0.0.2323","PSt7-10","170328-019","7/29/2022 11:23:46 AM","0000-00","0","no battery","V","","µV","","µV"
"08/09/2022","10:23:45","6","default","383292078","Oxt_06","21.712","min","95.473","%a.s.","Humid","20.892","deg","40982","µV","28.102","°C","1016.000","hPa","36.4","pmil","0","55.390","deg","20.000","°C","100.000","%a.s.","21.720","deg","20.000","°C","977.000","hPa","0.861","-0.02617","0.00035","0","0","13.56","Humid","26.25","0","44.00","378443.83","SABD0000000001","AAV1.0.0.11","4.0.0.2323","PSt7-10","170328-019","7/29/2022 11:23:46 AM","0000-00","0","no battery","V","","µV","","µV"
"08/09/2022","10:23:46","6","default","383292078","Oxt_06","21.729","min","95.510","%a.s.","Humid","20.889","deg","40978","µV","28.089","°C","1016.000","hPa","36.4","pmil","0","55.390","deg","20.000","°C","100.000","%a.s.","21.720","deg","20.000","°C","977.000","hPa","0.861","-0.02617","0.00035","0","0","13.56","Humid","26.25","0","44.00","378437.78","SABD0000000001","AAV1.0.0.11","4.0.0.2323","PSt7-10","170328-019","7/29/2022 11:23:46 AM","0000-00","0","no battery","V","","µV","","µV"
"08/09/2022","10:23:47","6","default","383292078","Oxt_06","21.745","min","95.425","%a.s.","Humid","20.899","deg","40982","µV","28.089","°C","1016.000","hPa","36.4","pmil","0","55.390","deg","20.000","°C","100.000","%a.s.","21.720","deg","20.000","°C","977.000","hPa","0.861","-0.02617","0.00035","0","0","13.56","Humid","26.25","0","44.00","378432.98","SABD0000000001","AAV1.0.0.11","4.0.0.2323","PSt7-10","170328-019","7/29/2022 11:23:46 AM","0000-00","0","no battery","V","","µV","","µV"
"08/09/2022","10:23:48","6","default","383292078","Oxt_06","21.762","min","95.482","%a.s.","Humid","20.893","deg","40983","µV","28.082","°C","1016.000","hPa","36.4","pmil","0","55.390","deg","20.000","°C","100.000","%a.s.","21.720","deg","20.000","°C","977.000","hPa","0.861","-0.02617","0.00035","0","0","13.56","Humid","26.25","0","44.00","378444.68","SABD0000000001","AAV1.0.0.11","4.0.0.2323","PSt7-10","170328-019","7/29/2022 11:23:46 AM","0000-00","0","no battery","V","","µV","","µV"
"08/09/2022","10:23:49","6","default","383292078","Oxt_06","21.779","min","95.501","%a.s.","Humid","20.889","deg","40983","µV","28.098","°C","1016.000","hPa","36.4","pmil","0","55.390","deg","20.000","°C","100.000","%a.s.","21.720","deg","20.000","°C","977.000","hPa","0.861","-0.02617","0.00035","0","0","13.56","Humid","26.25","0","44.00","378453.04","SABD0000000001","AAV1.0.0.11","4.0.0.2323","PSt7-10","170328-019","7/29/2022 11:23:46 AM","0000-00","0","no battery","V","","µV","","µV"
"08/09/2022","10:23:50","6","default","383292078","Oxt_06","21.795","min","95.470","%a.s.","Humid","20.894","deg","40978","µV","28.087","°C","1016.000","hPa","36.4","pmil","0","55.390","deg","20.000","°C","100.000","%a.s.","21.720","deg","20.000","°C","977.000","hPa","0.861","-0.02617","0.00035","0","0","13.56","Humid","26.25","0","44.00","378447.71","SABD0000000001","AAV1.0.0.11","4.0.0.2323","PSt7-10","170328-019","7/29/2022 11:23:46 AM","0000-00","0","no battery","V","","µV","","µV"
"08/09/2022","10:23:51","6","default","383292078","Oxt_06","21.812","min","95.445","%a.s.","Humid","20.897","deg","40980","µV","28.086","°C","1016.000","hPa","36.4","pmil","0","55.390","deg","20.000","°C","100.000","%a.s.","21.720","deg","20.000","°C","977.000","hPa","0.861","-0.02617","0.00035","0","0","13.56","Humid","26.25","0","44.00","378439.37","SABD0000000001","AAV1.0.0.11","4.0.0.2323","PSt7-10","170328-019","7/29/2022 11:23:46 AM","0000-00","0","no battery","V","","µV","","µV"
"08/09/2022","10:23:52","6","default","383292078","Oxt_06","21.829","min","95.560","%a.s.","Humid","20.883","deg","40979","µV","28.090","°C","1016.000","hPa","36.4","pmil","0","55.390","deg","20.000","°C","100.000","%a.s.","21.720","deg","20.000","°C","977.000","hPa","0.861","-0.02617","0.00035","0","0","13.56","Humid","26.25","0","44.00","378448.18","SABD0000000001","AAV1.0.0.11","4.0.0.2323","PSt7-10","170328-019","7/29/2022 11:23:46 AM","0000-00","0","no battery","V","","µV","","µV"
"08/09/2022","10:23:53","6","default","383292078","Oxt_06","21.845","min","95.421","%a.s.","Humid","20.898","deg","40986","µV","28.103","°C","1016.000","hPa","36.4","pmil","0","55.390","deg","20.000","°C","100.000","%a.s.","21.720","deg","20.000","°C","977.000","hPa","0.861","-0.02617","0.00035","0","0","13.56","Humid","26.25","0","44.00","378454.33","SABD0000000001","AAV1.0.0.11","4.0.0.2323","PSt7-10","170328-019","7/29/2022 11:23:46 AM","0000-00","0","no battery","V","","µV","","µV"
"08/09/2022","10:23:54","6","default","383292078","Oxt_06","21.862","min","95.530","%a.s.","Humid","20.885","deg","40976","µV","28.104","°C","1016.000","hPa","36.4","pmil","0","55.390","deg","20.000","°C","100.000","%a.s.","21.720","deg","20.000","°C","977.000","hPa","0.861","-0.02617","0.00035","0","0","13.56","Humid","26.25","0","44.00","378445.16","SABD0000000001","AAV1.0.0.11","4.0.0.2323","PSt7-10","170328-019","7/29/2022 11:23:46 AM","0000-00","0","no battery","V","","µV","","µV"
"08/09/2022","10:23:55","6","default","383292078","Oxt_06","21.879","min","95.515","%a.s.","Humid","20.887","deg","40977","µV","28.102","°C","1016.000","hPa","36.4","pmil","0","55.390","deg","20.000","°C","100.000","%a.s.","21.720","deg","20.000","°C","977.000","hPa","0.861","-0.02617","0.00035","0","0","13.56","Humid","26.25","0","44.00","378437.18","SABD0000000001","AAV1.0.0.11","4.0.0.2323","PSt7-10","170328-019","7/29/2022 11:23:46 AM","0000-00","0","no battery","V","","µV","","µV"
"08/09/2022","10:23:56","6","default","383292078","Oxt_06","21.895","min","95.436","%a.s.","Humid","20.896","deg","40977","µV","28.105","°C","1016.000","hPa","36.4","pmil","0","55.390","deg","20.000","°C","100.000","%a.s.","21.720","deg","20.000","°C","977.000","hPa","0.861","-0.02617","0.00035","0","0","13.56","Humid","26.25","0","44.00","378447.62","SABD0000000001","AAV1.0.0.11","4.0.0.2323","PSt7-10","170328-019","7/29/2022 11:23:46 AM","0000-00","0","no battery","V","","µV","","µV"
"08/09/2022","10:23:57","6","default","383292078","Oxt_06","21.912","min","95.473","%a.s.","Humid","20.892","deg","40981","µV","28.102","°C","1016.000","hPa","36.4","pmil","0","55.390","deg","20.000","°C","100.000","%a.s.","21.720","deg","20.000","°C","977.000","hPa","0.861","-0.02617","0.00035","0","0","13.56","Humid","26.25","0","44.00","378455.61","SABD0000000001","AAV1.0.0.11","4.0.0.2323","PSt7-10","170328-019","7/29/2022 11:23:46 AM","0000-00","0","no battery","V","","µV","","µV"
"08/09/2022","10:23:58","6","default","383292078","Oxt_06","21.929","min","95.504","%a.s.","Humid","20.888","deg","40981","µV","28.105","°C","1016.000","hPa","36.4","pmil","0","55.390","deg","20.000","°C","100.000","%a.s.","21.720","deg","20.000","°C","977.000","hPa","0.861","-0.02617","0.00035","0","0","13.56","Humid","26.25","0","44.00","378449.75","SABD0000000001","AAV1.0.0.11","4.0.0.2323","PSt7-10","170328-019","7/29/2022 11:23:46 AM","0000-00","0","no battery","V","","µV","","µV"
"08/09/2022","10:23:59","6","default","383292078","Oxt_06","21.945","min","95.516","%a.s.","Humid","20.888","deg","40978","µV","28.092","°C","1016.000","hPa","36.4","pmil","0","55.390","deg","20.000","°C","100.000","%a.s.","21.720","deg","20.000","°C","977.000","hPa","0.861","-0.02617","0.00035","0","0","13.56","Humid","26.25","0","44.00","378455.72","SABD0000000001","AAV1.0.0.11","4.0.0.2323","PSt7-10","170328-019","7/29/2022 11:23:46 AM","0000-00","0","no battery","V","","µV","","µV"
"08/09/2022","10:24:00","6","default","383292078","Oxt_06","21.962","min","95.560","%a.s.","Humid","20.883","deg","40984","µV","28.091","°C","1016.000","hPa","36.4","pmil","0","55.390","deg","20.000","°C","100.000","%a.s.","21.720","deg","20.000","°C","977.000","hPa","0.861","-0.02617","0.00035","0","0","13.56","Humid","26.25","0","44.00","378452.78","SABD0000000001","AAV1.0.0.11","4.0.0.2323","PSt7-10","170328-019","7/29/2022 11:23:46 AM","0000-00","0","no battery","V","","µV","","µV"
"08/09/2022","10:24:01","6","default","383292078","Oxt_06","21.979","min","95.505","%a.s.","Humid","20.890","deg","40975","µV","28.085","°C","1016.000","hPa","36.4","pmil","0","55.390","deg","20.000","°C","100.000","%a.s.","21.720","deg","20.000","°C","977.000","hPa","0.861","-0.02617","0.00035","0","0","13.56","Humid","26.25","0","44.00","378462.48","SABD0000000001","AAV1.0.0.11","4.0.0.2323","PSt7-10","170328-019","7/29/2022 11:23:46 AM","0000-00","0","no battery","V","","µV","","µV"
"08/09/2022","10:24:02","6","default","383292078","Oxt_06","21.995","min","95.490","%a.s.","Humid","20.892","deg","40973","µV","28.083","°C","1016.000","hPa","36.4","pmil","0","55.390","deg","20.000","°C","100.000","%a.s.","21.720","deg","20.000","°C","977.000","hPa","0.861","-0.02617","0.00035","0","0","13.56","Humid","26.25","0","44.00","378444.11","SABD0000000001","AAV1.0.0.11","4.0.0.2323","PSt7-10","170328-019","7/29/2022 11:23:46 AM","0000-00","0","no battery","V","","µV","","µV"
"08/09/2022","10:24:03","6","default","383292078","Oxt_06","22.012","min","95.441","%a.s.","Humid","20.895","deg","40974","µV","28.109","°C","1016.000","hPa","36.4","pmil","0","55.390","deg","20.000","°C","100.000","%a.s.","21.720","deg","20.000","°C","977.000","hPa","0.861","-0.02617","0.00035","0","0","13.56","Humid","26.25","0","44.00","378472.49","SABD0000000001","AAV1.0.0.11","4.0.0.2323","PSt7-10","170328-019","7/29/2022 11:23:46 AM","0000-00","0","no battery","V","","µV","","µV"
"08/09/2022","10:24:04","6","default","383292078","Oxt_06","22.029","min","95.534","%a.s.","Humid","20.885","deg","40982","µV","28.100","°C","1016.000","hPa","36.4","pmil","0","55.390","deg","20.000","°C","100.000","%a.s.","21.720","deg","20.000","°C","977.000","hPa","0.861","-0.02617","0.00035","0","0","13.56","Humid","26.25","0","44.00","378474.07","SABD0000000001","AAV1.0.0.11","4.0.0.2323","PSt7-10","170328-019","7/29/2022 11:23:46 AM","0000-00","0","no battery","V","","µV","","µV"
"08/09/2022","10:24:05","6","default","383292078","Oxt_06","22.045","min","95.564","%a.s.","Humid","20.882","deg","40977","µV","28.095","°C","1016.000","hPa","36.4","pmil","0","55.390","deg","20.000","°C","100.000","%a.s.","21.720","deg","20.000","°C","977.000","hPa","0.861","-0.02617","0.00035","0","0","13.56","Humid","26.25","0","44.00","378469.75","SABD0000000001","AAV1.0.0.11","4.0.0.2323","PSt7-10","170328-019","7/29/2022 11:23:46 AM","0000-00","0","no battery","V","","µV","","µV"
"08/09/2022","10:24:06","6","default","383292078","Oxt_06","22.062","min","95.559","%a.s.","Humid","20.883","deg","40972","µV","28.091","°C","1016.000","hPa","36.4","pmil","0","55.390","deg","20.000","°C","100.000","%a.s.","21.720","deg","20.000","°C","977.000","hPa","0.861","-0.02617","0.00035","0","0","13.56","Humid","26.25","0","44.00","378463.73","SABD0000000001","AAV1.0.0.11","4.0.0.2323","PSt7-10","170328-019","7/29/2022 11:23:46 AM","0000-00","0","no battery","V","","µV","","µV"
"08/09/2022","10:24:07","6","default","383292078","Oxt_06","22.079","min","95.571","%a.s.","Humid","20.881","deg","40972","µV","28.096","°C","1016.000","hPa","36.4","pmil","0","55.390","deg","20.000","°C","100.000","%a.s.","21.720","deg","20.000","°C","977.000","hPa","0.861","-0.02617","0.00035","0","0","13.56","Humid","26.25","0","44.00","378468.50","SABD0000000001","AAV1.0.0.11","4.0.0.2323","PSt7-10","170328-019","7/29/2022 11:23:46 AM","0000-00","0","no battery","V","","µV","","µV"
"08/09/2022","10:24:08","6","default","383292078","Oxt_06","22.096","min","95.568","%a.s.","Humid","20.881","deg","40972","µV","28.100","°C","1016.000","hPa","36.4","pmil","0","55.390","deg","20.000","°C","100.000","%a.s.","21.720","deg","20.000","°C","977.000","hPa","0.861","-0.02617","0.00035","0","0","13.56","Humid","26.25","0","44.00","378462.98","SABD0000000001","AAV1.0.0.11","4.0.0.2323","PSt7-10","170328-019","7/29/2022 11:23:46 AM","0000-00","0","no battery","V","","µV","","µV"
"08/09/2022","10:24:09","6","default","383292078","Oxt_06","22.112","min","95.537","%a.s.","Humid","20.886","deg","40966","µV","28.087","°C","1016.000","hPa","36.4","pmil","0","55.390","deg","20.000","°C","100.000","%a.s.","21.720","deg","20.000","°C","977.000","hPa","0.861","-0.02617","0.00035","0","0","13.56","Humid","26.25","0","44.00","378465.85","SABD0000000001","AAV1.0.0.11","4.0.0.2323","PSt7-10","170328-019","7/29/2022 11:23:46 AM","0000-00","0","no battery","V","","µV","","µV"
"08/09/2022","10:24:10","6","default","383292078","Oxt_06","22.129","min","95.613","%a.s.","Humid","20.878","deg","40973","µV","28.078","°C","1016.000","hPa","36.4","pmil","0","55.390","deg","20.000","°C","100.000","%a.s.","21.720","deg","20.000","°C","977.000","hPa","0.861","-0.02617","0.00035","0","0","13.56","Humid","26.25","0","44.00","378473.39","SABD0000000001","AAV1.0.0.11","4.0.0.2323","PSt7-10","170328-019","7/29/2022 11:23:46 AM","0000-00","0","no battery","V","","µV","","µV"
"08/09/2022","10:24:11","6","default","383292078","Oxt_06","22.146","min","95.568","%a.s.","Humid","20.882","deg","40969","µV","28.091","°C","1016.000","hPa","36.4","pmil","0","55.390","deg","20.000","°C","100.000","%a.s.","21.720","deg","20.000","°C","977.000","hPa","0.861","-0.02617","0.00035","0","0","13.56","Humid","26.25","0","44.00","378474.94","SABD0000000001","AAV1.0.0.11","4.0.0.2323","PSt7-10","170328-019","7/29/2022 11:23:46 AM","0000-00","0","no battery","V","","µV","","µV"
"08/09/2022","10:24:12","6","default","383292078","Oxt_06","22.162","min","95.598","%a.s.","Humid","20.876","deg","40969","µV","28.114","°C","1016.000","hPa","36.4","pmil","0","55.390","deg","20.000","°C","100.000","%a.s.","21.720","deg","20.000","°C","977.000","hPa","0.861","-0.02617","0.00035","0","0","13.56","Humid","26.25","0","44.00","378482.14","SABD0000000001","AAV1.0.0.11","4.0.0.2323","PSt7-10","170328-019","7/29/2022 11:23:46 AM","0000-00","0","no battery","V","","µV","","µV"
"08/09/2022","10:24:13","6","default","383292078","Oxt_06","22.179","min","95.480","%a.s.","Humid","20.890","deg","40971","µV","28.112","°C","1016.000","hPa","36.4","pmil","0","55.390","deg","20.000","°C","100.000","%a.s.","21.720","deg","20.000","°C","977.000","hPa","0.861","-0.02617","0.00035","0","0","13.56","Humid","26.25","0","44.00","378466.83","SABD0000000001","AAV1.0.0.11","4.0.0.2323","PSt7-10","170328-019","7/29/2022 11:23:46 AM","0000-00","0","no battery","V","","µV","","µV"
"08/09/2022","10:24:14","6","default","383292078","Oxt_06","22.196","min","95.583","%a.s.","Humid","20.879","deg","40975","µV","28.102","°C","1016.000","hPa","36.4","pmil","0","55.390","deg","20.000","°C","100.000","%a.s.","21.720","deg","20.000","°C","977.000","hPa","0.861","-0.02617","0.00035","0","0","13.56","Humid","26.25","0","44.00","378470.99","SABD0000000001","AAV1.0.0.11","4.0.0.2323","PSt7-10","170328-019","7/29/2022 11:23:46 AM","0000-00","0","no battery","V","","µV","","µV"
"08/09/2022","10:24:15","6","default","383292078","Oxt_06","22.212","min","95.589","%a.s.","Humid","20.878","deg","40973","µV","28.105","°C","1016.000","hPa","36.4","pmil","0","55.390","deg","20.000","°C","100.000","%a.s.","21.720","deg","20.000","°C","977.000","hPa","0.861","-0.02617","0.00035","0","0","13.56","Humid","26.25","0","44.00","378464.46","SABD0000000001","AAV1.0.0.11","4.0.0.2323","PSt7-10","170328-019","7/29/2022 11:23:46 AM","0000-00","0","no battery","V","","µV","","µV"
"08/09/2022","10:24:16","6","default","383292078","Oxt_06","22.229","min","95.639","%a.s.","Humid","20.873","deg","40967","µV","28.097","°C","1016.000","hPa","36.4","pmil","0","55.390","deg","20.000","°C","100.000","%a.s.","21.720","deg","20.000","°C","977.000","hPa","0.861","-0.02617","0.00035","0","0","13.56","Humid","26.25","0","44.00","378469.56","SABD0000000001","AAV1.0.0.11","4.0.0.2323","PSt7-10","170328-019","7/29/2022 11:23:46 AM","0000-00","0","no battery","V","","µV","","µV"
"08/09/2022","10:24:17","6","default","383292078","Oxt_06","22.246","min","95.558","%a.s.","Humid","20.881","deg","40964","µV","28.111","°C","1016.000","hPa","36.4","pmil","0","55.390","deg","20.000","°C","100.000","%a.s.","21.720","deg","20.000","°C","977.000","hPa","0.861","-0.02617","0.00035","0","0","13.56","Humid","26.25","0","44.00","378477.29","SABD0000000001","AAV1.0.0.11","4.0.0.2323","PSt7-10","170328-019","7/29/2022 11:23:46 AM","0000-00","0","no battery","V","","µV","","µV"
"08/09/2022","10:24:18","6","default","383292078","Oxt_06","22.262","min","95.626","%a.s.","Humid","20.873","deg","40967","µV","28.112","°C","1016.000","hPa","36.4","pmil","0","55.390","deg","20.000","°C","100.000","%a.s.","21.720","deg","20.000","°C","977.000","hPa","0.861","-0.02617","0.00035","0","0","13.56","Humid","26.25","0","44.00","378461.20","SABD0000000001","AAV1.0.0.11","4.0.0.2323","PSt7-10","170328-019","7/29/2022 11:23:46 AM","0000-00","0","no battery","V","","µV","","µV"
"08/09/2022","10:24:19","6","default","383292078","Oxt_06","22.279","min","95.577","%a.s.","Humid","20.879","deg","40969","µV","28.108","°C","1016.000","hPa","36.4","pmil","0","55.390","deg","20.000","°C","100.000","%a.s.","21.720","deg","20.000","°C","977.000","hPa","0.861","-0.02617","0.00035","0","0","13.56","Humid","26.25","0","44.00","378480.73","SABD0000000001","AAV1.0.0.11","4.0.0.2323","PSt7-10","170328-019","7/29/2022 11:23:46 AM","0000-00","0","no battery","V","","µV","","µV"
"08/09/2022","10:24:20","6","default","383292078","Oxt_06","22.296","min","95.575","%a.s.","Humid","20.881","deg","40968","µV","28.093","°C","1016.000","hPa","36.4","pmil","0","55.390","deg","20.000","°C","100.000","%a.s.","21.720","deg","20.000","°C","977.000","hPa","0.861","-0.02617","0.00035","0","0","13.56","Humid","26.25","0","44.00","378477.17","SABD0000000001","AAV1.0.0.11","4.0.0.2323","PSt7-10","170328-019","7/29/2022 11:23:46 AM","0000-00","0","no battery","V","","µV","","µV"
"08/09/2022","10:24:21","6","default","383292078","Oxt_06","22.312","min","95.617","%a.s.","Humid","20.876","deg","40965","µV","28.093","°C","1016.000","hPa","36.4","pmil","0","55.390","deg","20.000","°C","100.000","%a.s.","21.720","deg","20.000","°C","977.000","hPa","0.861","-0.02617","0.00035","0","0","13.56","Humid","26.25","0","44.00","378470.83","SABD0000000001","AAV1.0.0.11","4.0.0.2323","PSt7-10","170328-019","7/29/2022 11:23:46 AM","0000-00","0","no battery","V","","µV","","µV"
"08/09/2022","10:24:22","6","default","383292078","Oxt_06","22.329","min","95.639","%a.s.","Humid","20.872","deg","40959","µV","28.106","°C","1016.000","hPa","36.4","pmil","0","55.390","deg","20.000","°C","100.000","%a.s.","21.720","deg","20.000","°C","977.000","hPa","0.861","-0.02617","0.00035","0","0","13.56","Humid","26.25","0","44.00","378487.03","SABD0000000001","AAV1.0.0.11","4.0.0.2323","PSt7-10","170328-019","7/29/2022 11:23:46 AM","0000-00","0","no battery","V","","µV","","µV"
"08/09/2022","10:24:23","6","default","383292078","Oxt_06","22.346","min","95.623","%a.s.","Humid","20.873","deg","40969","µV","28.114","°C","1016.000","hPa","36.4","pmil","0","55.390","deg","20.000","°C","100.000","%a.s.","21.720","deg","20.000","°C","977.000","hPa","0.861","-0.02617","0.00035","0","0","13.56","Humid","26.25","0","44.00","378483.95","SABD0000000001","AAV1.0.0.11","4.0.0.2323","PSt7-10","170328-019","7/29/2022 11:23:46 AM","0000-00","0","no battery","V","","µV","","µV"
"08/09/2022","10:24:24","6","default","383292078","Oxt_06","22.362","min","95.588","%a.s.","Humid","20.878","deg","40965","µV","28.106","°C","1016.000","hPa","36.4","pmil","0","55.390","deg","20.000","°C","100.000","%a.s.","21.720","deg","20.000","°C","977.000","hPa","0.861","-0.02617","0.00035","0","0","13.56","Humid","26.25","0","44.00","378484.90","SABD0000000001","AAV1.0.0.11","4.0.0.2323","PSt7-10","170328-019","7/29/2022 11:23:46 AM","0000-00","0","no battery","V","","µV","","µV"
"08/09/2022","10:24:25","6","default","383292078","Oxt_06","22.379","min","95.593","%a.s.","Humid","20.879","deg","40962","µV","28.091","°C","1016.000","hPa","36.4","pmil","0","55.390","deg","20.000","°C","100.000","%a.s.","21.720","deg","20.000","°C","977.000","hPa","0.861","-0.02617","0.00035","0","0","13.56","Humid","26.25","0","44.00","378484.54","SABD0000000001","AAV1.0.0.11","4.0.0.2323","PSt7-10","170328-019","7/29/2022 11:23:46 AM","0000-00","0","no battery","V","","µV","","µV"
"08/09/2022","10:24:26","6","default","383292078","Oxt_06","22.396","min","95.666","%a.s.","Humid","20.870","deg","40964","µV","28.095","°C","1016.000","hPa","36.4","pmil","0","55.390","deg","20.000","°C","100.000","%a.s.","21.720","deg","20.000","°C","977.000","hPa","0.861","-0.02617","0.00035","0","0","13.56","Humid","26.25","0","44.00","378487.04","SABD0000000001","AAV1.0.0.11","4.0.0.2323","PSt7-10","170328-019","7/29/2022 11:23:46 AM","0000-00","0","no battery","V","","µV","","µV"
"08/09/2022","10:24:27","6","default","383292078","Oxt_06","22.412","min","95.618","%a.s.","Humid","20.876","deg","40955","µV","28.092","°C","1016.000","hPa","36.4","pmil","0","55.390","deg","20.000","°C","100.000","%a.s.","21.720","deg","20.000","°C","977.000","hPa","0.861","-0.02617","0.00035","0","0","13.56","Humid","26.25","0","44.00","378493.37","SABD0000000001","AAV1.0.0.11","4.0.0.2323","PSt7-10","170328-019","7/29/2022 11:23:46 AM","0000-00","0","no battery","V","","µV","","µV"
"08/09/2022","10:24:28","6","default","383292078","Oxt_06","22.429","min","95.703","%a.s.","Humid","20.866","deg","40960","µV","28.092","°C","1016.000","hPa","36.4","pmil","0","55.390","deg","20.000","°C","100.000","%a.s.","21.720","deg","20.000","°C","977.000","hPa","0.861","-0.02617","0.00035","0","0","13.56","Humid","26.25","0","44.00","378486.56","SABD0000000001","AAV1.0.0.11","4.0.0.2323","PSt7-10","170328-019","7/29/2022 11:23:46 AM","0000-00","0","no battery","V","","µV","","µV"
"08/09/2022","10:24:29","6","default","383292078","Oxt_06","22.446","min","95.682","%a.s.","Humid","20.869","deg","40952","µV","28.088","°C","1016.000","hPa","36.4","pmil","0","55.390","deg","20.000","°C","100.000","%a.s.","21.720","deg","20.000","°C","977.000","hPa","0.861","-0.02617","0.00035","0","0","13.56","Humid","26.25","0","44.00","378504.32","SABD0000000001","AAV1.0.0.11","4.0.0.2323","PSt7-10","170328-019","7/29/2022 11:23:46 AM","0000-00","0","no battery","V","","µV","","µV"
"08/09/2022","10:24:30","6","default","383292078","Oxt_06","22.462","min","95.660","%a.s.","Humid","20.871","deg","40951","µV","28.092","°C","1016.000","hPa","36.4","pmil","0","55.390","deg","20.000","°C","100.000","%a.s.","21.720","deg","20.000","°C","977.000","hPa","0.861","-0.02617","0.00035","0","0","13.56","Humid","26.25","0","44.00","378483.47","SABD0000000001","AAV1.0.0.11","4.0.0.2323","PSt7-10","170328-019","7/29/2022 11:23:46 AM","0000-00","0","no battery","V","","µV","","µV"
"08/09/2022","10:24:31","6","default","383292078","Oxt_06","22.479","min","95.681","%a.s.","Humid","20.868","deg","40947","µV","28.098","°C","1016.000","hPa","36.4","pmil","0","55.390","deg","20.000","°C","100.000","%a.s.","21.720","deg","20.000","°C","977.000","hPa","0.861","-0.02617","0.00035","0","0","13.56","Humid","26.25","0","44.00","378482.99","SABD0000000001","AAV1.0.0.11","4.0.0.2323","PSt7-10","170328-019","7/29/2022 11:23:46 AM","0000-00","0","no battery","V","","µV","","µV"
"08/09/2022","10:24:32","6","default","383292078","Oxt_06","22.496","min","95.612","%a.s.","Humid","20.876","deg","40947","µV","28.099","°C","1016.000","hPa","36.4","pmil","0","55.390","deg","20.000","°C","100.000","%a.s.","21.720","deg","20.000","°C","977.000","hPa","0.861","-0.02617","0.00035","0","0","13.56","Humid","26.25","0","44.00","378475.46","SABD0000000001","AAV1.0.0.11","4.0.0.2323","PSt7-10","170328-019","7/29/2022 11:23:46 AM","0000-00","0","no battery","V","","µV","","µV"
"08/09/2022","10:24:33","6","default","383292078","Oxt_06","22.512","min","95.652","%a.s.","Humid","20.871","deg","40946","µV","28.102","°C","1016.000","hPa","36.4","pmil","0","55.390","deg","20.000","°C","100.000","%a.s.","21.720","deg","20.000","°C","977.000","hPa","0.861","-0.02617","0.00035","0","0","13.56","Humid","26.25","0","44.00","378479.72","SABD0000000001","AAV1.0.0.11","4.0.0.2323","PSt7-10","170328-019","7/29/2022 11:23:46 AM","0000-00","0","no battery","V","","µV","","µV"
"08/09/2022","10:24:34","6","default","383292078","Oxt_06","22.529","min","95.652","%a.s.","Humid","20.870","deg","40939","µV","28.111","°C","1016.000","hPa","36.4","pmil","0","55.390","deg","20.000","°C","100.000","%a.s.","21.720","deg","20.000","°C","977.000","hPa","0.861","-0.02617","0.00035","0","0","13.56","Humid","26.25","0","44.00","378483.61","SABD0000000001","AAV1.0.0.11","4.0.0.2323","PSt7-10","170328-019","7/29/2022 11:23:46 AM","0000-00","0","no battery","V","","µV","","µV"
"08/09/2022","10:24:35","6","default","383292078","Oxt_06","22.546","min","95.618","%a.s.","Humid","20.874","deg","40939","µV","28.110","°C","1016.000","hPa","36.4","pmil","0","55.390","deg","20.000","°C","100.000","%a.s.","21.720","deg","20.000","°C","977.000","hPa","0.861","-0.02617","0.00035","0","0","13.56","Humid","26.25","0","44.00","378479.10","SABD0000000001","AAV1.0.0.11","4.0.0.2323","PSt7-10","170328-019","7/29/2022 11:23:46 AM","0000-00","0","no battery","V","","µV","","µV"
"08/09/2022","10:24:36","6","default","383292078","Oxt_06","22.562","min","95.654","%a.s.","Humid","20.870","deg","40949","µV","28.108","°C","1016.000","hPa","36.4","pmil","0","55.390","deg","20.000","°C","100.000","%a.s.","21.720","deg","20.000","°C","977.000","hPa","0.861","-0.02617","0.00035","0","0","13.56","Humid","26.25","0","44.00","378486.17","SABD0000000001","AAV1.0.0.11","4.0.0.2323","PSt7-10","170328-019","7/29/2022 11:23:46 AM","0000-00","0","no battery","V","","µV","","µV"
"08/09/2022","10:24:37","6","default","383292078","Oxt_06","22.579","min","95.721","%a.s.","Humid","20.862","deg","40945","µV","28.110","°C","1016.000","hPa","36.4","pmil","0","55.390","deg","20.000","°C","100.000","%a.s.","21.720","deg","20.000","°C","977.000","hPa","0.861","-0.02617","0.00035","0","0","13.56","Humid","26.25","0","44.00","378494.42","SABD0000000001","AAV1.0.0.11","4.0.0.2323","PSt7-10","170328-019","7/29/2022 11:23:46 AM","0000-00","0","no battery","V","","µV","","µV"
"08/09/2022","10:24:38","6","default","383292078","Oxt_06","22.596","min","95.656","%a.s.","Humid","20.870","deg","40944","µV","28.106","°C","1016.000","hPa","36.4","pmil","0","55.390","deg","20.000","°C","100.000","%a.s.","21.720","deg","20.000","°C","977.000","hPa","0.861","-0.02617","0.00035","0","0","13.56","Humid","26.25","0","44.00","378499.03","SABD0000000001","AAV1.0.0.11","4.0.0.2323","PSt7-10","170328-019","7/29/2022 11:23:46 AM","0000-00","0","no battery","V","","µV","","µV"
"08/09/2022","10:24:39","6","default","383292078","Oxt_06","22.613","min","95.650","%a.s.","Humid","20.873","deg","40942","µV","28.085","°C","1016.000","hPa","36.4","pmil","0","55.390","deg","20.000","°C","100.000","%a.s.","21.720","deg","20.000","°C","977.000","hPa","0.861","-0.02617","0.00035","0","0","13.56","Humid","26.25","0","44.00","378501.02","SABD0000000001","AAV1.0.0.11","4.0.0.2323","PSt7-10","170328-019","7/29/2022 11:23:46 AM","0000-00","0","no battery","V","","µV","","µV"
"08/09/2022","10:24:40","6","default","383292078","Oxt_06","22.629","min","95.745","%a.s.","Humid","20.862","deg","40940","µV","28.084","°C","1016.000","hPa","36.4","pmil","0","55.390","deg","20.000","°C","100.000","%a.s.","21.720","deg","20.000","°C","977.000","hPa","0.861","-0.02617","0.00035","0","0","13.56","Humid","26.25","0","44.00","378491.61","SABD0000000001","AAV1.0.0.11","4.0.0.2323","PSt7-10","170328-019","7/29/2022 11:23:46 AM","0000-00","0","no battery","V","","µV","","µV"
"08/09/2022","10:24:41","6","default","383292078","Oxt_06","22.646","min","95.744","%a.s.","Humid","20.862","deg","40943","µV","28.084","°C","1016.000","hPa","36.4","pmil","0","55.390","deg","20.000","°C","100.000","%a.s.","21.720","deg","20.000","°C","977.000","hPa","0.861","-0.02617","0.00035","0","0","13.56","Humid","26.25","0","44.00","378499.93","SABD0000000001","AAV1.0.0.11","4.0.0.2323","PSt7-10","170328-019","7/29/2022 11:23:46 AM","0000-00","0","no battery","V","","µV","","µV"
"08/09/2022","10:24:42","6","default","383292078","Oxt_06","22.663","min","95.707","%a.s.","Humid","20.865","deg","40944","µV","28.098","°C","1016.000","hPa","36.4","pmil","0","55.390","deg","20.000","°C","100.000","%a.s.","21.720","deg","20.000","°C","977.000","hPa","0.861","-0.02617","0.00035","0","0","13.56","Humid","26.25","0","44.00","378484.76","SABD0000000001","AAV1.0.0.11","4.0.0.2323","PSt7-10","170328-019","7/29/2022 11:23:46 AM","0000-00","0","no battery","V","","µV","","µV"
"08/09/2022","10:24:43","6","default","383292078","Oxt_06","22.679","min","95.744","%a.s.","Humid","20.861","deg","40941","µV","28.094","°C","1016.000","hPa","36.4","pmil","0","55.390","deg","20.000","°C","100.000","%a.s.","21.720","deg","20.000","°C","977.000","hPa","0.861","-0.02617","0.00035","0","0","13.56","Humid","26.25","0","44.00","378485.02","SABD0000000001","AAV1.0.0.11","4.0.0.2323","PSt7-10","170328-019","7/29/2022 11:23:46 AM","0000-00","0","no battery","V","","µV","","µV"
"08/09/2022","10:24:44","6","default","383292078","Oxt_06","22.696","min","95.732","%a.s.","Humid","20.863","deg","40936","µV","28.089","°C","1016.000","hPa","36.4","pmil","0","55.390","deg","20.000","°C","100.000","%a.s.","21.720","deg","20.000","°C","977.000","hPa","0.861","-0.02617","0.00035","0","0","13.56","Humid","26.25","0","44.00","378506.58","SABD0000000001","AAV1.0.0.11","4.0.0.2323","PSt7-10","170328-019","7/29/2022 11:23:46 AM","0000-00","0","no battery","V","","µV","","µV"
"08/09/2022","10:24:45","6","default","383292078","Oxt_06","22.712","min","95.757","%a.s.","Humid","20.858","deg","40939","µV","28.108","°C","1016.000","hPa","36.4","pmil","0","55.390","deg","20.000","°C","100.000","%a.s.","21.720","deg","20.000","°C","977.000","hPa","0.861","-0.02617","0.00035","0","0","13.56","Humid","26.25","0","44.00","378491.15","SABD0000000001","AAV1.0.0.11","4.0.0.2323","PSt7-10","170328-019","7/29/2022 11:23:46 AM","0000-00","0","no battery","V","","µV","","µV"
"08/09/2022","10:24:46","6","default","383292078","Oxt_06","22.729","min","95.658","%a.s.","Humid","20.870","deg","40936","µV","28.105","°C","1016.000","hPa","36.4","pmil","0","55.390","deg","20.000","°C","100.000","%a.s.","21.720","deg","20.000","°C","977.000","hPa","0.861","-0.02617","0.00035","0","0","13.56","Humid","26.25","0","44.00","378504.18","SABD0000000001","AAV1.0.0.11","4.0.0.2323","PSt7-10","170328-019","7/29/2022 11:23:46 AM","0000-00","0","no battery","V","","µV","","µV"
"08/09/2022","10:24:47","6","default","383292078","Oxt_06","22.745","min","95.775","%a.s.","Humid","20.856","deg","40941","µV","28.107","°C","1016.000","hPa","36.4","pmil","0","55.390","deg","20.000","°C","100.000","%a.s.","21.720","deg","20.000","°C","977.000","hPa","0.861","-0.02617","0.00035","0","0","13.56","Humid","26.25","0","44.00","378498.82","SABD0000000001","AAV1.0.0.11","4.0.0.2323","PSt7-10","170328-019","7/29/2022 11:23:46 AM","0000-00","0","no battery","V","","µV","","µV"
"08/09/2022","10:24:48","6","default","383292078","Oxt_06","22.762","min","95.740","%a.s.","Humid","20.862","deg","40945","µV","28.090","°C","1016.000","hPa","36.4","pmil","0","55.390","deg","20.000","°C","100.000","%a.s.","21.720","deg","20.000","°C","977.000","hPa","0.861","-0.02617","0.00035","0","0","13.56","Humid","26.25","0","44.00","378496.69","SABD0000000001","AAV1.0.0.11","4.0.0.2323","PSt7-10","170328-019","7/29/2022 11:23:46 AM","0000-00","0","no battery","V","","µV","","µV"
"08/09/2022","10:24:49","6","default","383292078","Oxt_06","22.779","min","95.710","%a.s.","Humid","20.865","deg","40937","µV","28.093","°C","1016.000","hPa","36.4","pmil","0","55.390","deg","20.000","°C","100.000","%a.s.","21.720","deg","20.000","°C","977.000","hPa","0.861","-0.02617","0.00035","0","0","13.56","Humid","26.25","0","44.00","378494.34","SABD0000000001","AAV1.0.0.11","4.0.0.2323","PSt7-10","170328-019","7/29/2022 11:23:46 AM","0000-00","0","no battery","V","","µV","","µV"
"08/09/2022","10:24:50","6","default","383292078","Oxt_06","22.795","min","95.793","%a.s.","Humid","20.855","deg","40936","µV","28.097","°C","1016.000","hPa","36.4","pmil","0","55.390","deg","20.000","°C","100.000","%a.s.","21.720","deg","20.000","°C","977.000","hPa","0.861","-0.02617","0.00035","0","0","13.56","Humid","26.25","0","44.00","378490.87","SABD0000000001","AAV1.0.0.11","4.0.0.2323","PSt7-10","170328-019","7/29/2022 11:23:46 AM","0000-00","0","no battery","V","","µV","","µV"
"08/09/2022","10:24:51","6","default","383292078","Oxt_06","22.812","min","95.701","%a.s.","Humid","20.864","deg","40933","µV","28.113","°C","1016.000","hPa","36.4","pmil","0","55.390","deg","20.000","°C","100.000","%a.s.","21.720","deg","20.000","°C","977.000","hPa","0.861","-0.02617","0.00035","0","0","13.56","Humid","26.25","0","44.00","378510.67","SABD0000000001","AAV1.0.0.11","4.0.0.2323","PSt7-10","170328-019","7/29/2022 11:23:46 AM","0000-00","0","no battery","V","","µV","","µV"
"08/09/2022","10:24:52","6","default","383292078","Oxt_06","22.828","min","95.747","%a.s.","Humid","20.859","deg","40933","µV","28.109","°C","1016.000","hPa","36.4","pmil","0","55.390","deg","20.000","°C","100.000","%a.s.","21.720","deg","20.000","°C","977.000","hPa","0.861","-0.02617","0.00035","0","0","13.56","Humid","26.25","0","44.00","378501.31","SABD0000000001","AAV1.0.0.11","4.0.0.2323","PSt7-10","170328-019","7/29/2022 11:23:46 AM","0000-00","0","no battery","V","","µV","","µV"
"08/09/2022","10:24:53","6","default","383292078","Oxt_06","22.845","min","95.769","%a.s.","Humid","20.855","deg","40938","µV","28.123","°C","1016.000","hPa","36.4","pmil","0","55.390","deg","20.000","°C","100.000","%a.s.","21.720","deg","20.000","°C","977.000","hPa","0.861","-0.02617","0.00035","0","0","13.56","Humid","26.25","0","44.00","378513.47","SABD0000000001","AAV1.0.0.11","4.0.0.2323","PSt7-10","170328-019","7/29/2022 11:23:46 AM","0000-00","0","no battery","V","","µV","","µV"
"08/09/2022","10:24:54","6","default","383292078","Oxt_06","22.862","min","95.721","%a.s.","Humid","20.864","deg","40938","µV","28.092","°C","1016.000","hPa","36.4","pmil","0","55.390","deg","20.000","°C","100.000","%a.s.","21.720","deg","20.000","°C","977.000","hPa","0.861","-0.02617","0.00035","0","0","13.56","Humid","26.25","0","44.00","378514.17","SABD0000000001","AAV1.0.0.11","4.0.0.2323","PSt7-10","170328-019","7/29/2022 11:23:46 AM","0000-00","0","no battery","V","","µV","","µV"
"08/09/2022","10:24:55","6","default","383292078","Oxt_06","22.879","min","95.763","%a.s.","Humid","20.858","deg","40932","µV","28.101","°C","1016.000","hPa","36.4","pmil","0","55.390","deg","20.000","°C","100.000","%a.s.","21.720","deg","20.000","°C","977.000","hPa","0.861","-0.02617","0.00035","0","0","13.56","Humid","26.25","0","44.00","378509.63","SABD0000000001","AAV1.0.0.11","4.0.0.2323","PSt7-10","170328-019","7/29/2022 11:23:46 AM","0000-00","0","no battery","V","","µV","","µV"
"08/09/2022","10:24:56","6","default","383292078","Oxt_06","22.895","min","95.783","%a.s.","Humid","20.854","deg","40935","µV","28.116","°C","1016.000","hPa","36.4","pmil","0","55.390","deg","20.000","°C","100.000","%a.s.","21.720","deg","20.000","°C","977.000","hPa","0.861","-0.02617","0.00035","0","0","13.56","Humid","26.25","0","44.00","378506.21","SABD0000000001","AAV1.0.0.11","4.0.0.2323","PSt7-10","170328-019","7/29/2022 11:23:46 AM","0000-00","0","no battery","V","","µV","","µV"
"08/09/2022","10:24:57","6","default","383292078","Oxt_06","22.912","min","95.776","%a.s.","Humid","20.855","deg","40927","µV","28.115","°C","1016.000","hPa","36.4","pmil","0","55.390","deg","20.000","°C","100.000","%a.s.","21.720","deg","20.000","°C","977.000","hPa","0.861","-0.02617","0.00035","0","0","13.56","Humid","26.25","0","44.00","378531.38","SABD0000000001","AAV1.0.0.11","4.0.0.2323","PSt7-10","170328-019","7/29/2022 11:23:46 AM","0000-00","0","no battery","V","","µV","","µV"
"08/09/2022","10:24:58","6","default","383292078","Oxt_06","22.929","min","95.764","%a.s.","Humid","20.857","deg","40934","µV","28.110","°C","1016.000","hPa","36.4","pmil","0","55.390","deg","20.000","°C","100.000","%a.s.","21.720","deg","20.000","°C","977.000","hPa","0.861","-0.02617","0.00035","0","0","13.56","Humid","26.25","0","44.00","378516.78","SABD0000000001","AAV1.0.0.11","4.0.0.2323","PSt7-10","170328-019","7/29/2022 11:23:46 AM","0000-00","0","no battery","V","","µV","","µV"
"08/09/2022","10:24:59","6","default","383292078","Oxt_06","22.945","min","95.806","%a.s.","Humid","20.853","deg","40929","µV","28.101","°C","1016.000","hPa","36.4","pmil","0","55.390","deg","20.000","°C","100.000","%a.s.","21.720","deg","20.000","°C","977.000","hPa","0.861","-0.02617","0.00035","0","0","13.56","Humid","26.25","0","44.00","378521.21","SABD0000000001","AAV1.0.0.11","4.0.0.2323","PSt7-10","170328-019","7/29/2022 11:23:46 AM","0000-00","0","no battery","V","","µV","","µV"
"08/09/2022","10:25:00","6","default","383292078","Oxt_06","22.962","min","95.830","%a.s.","Humid","20.850","deg","40927","µV","28.103","°C","1016.000","hPa","36.4","pmil","0","55.390","deg","20.000","°C","100.000","%a.s.","21.720","deg","20.000","°C","977.000","hPa","0.861","-0.02617","0.00035","0","0","13.56","Humid","26.25","0","44.00","378514.46","SABD0000000001","AAV1.0.0.11","4.0.0.2323","PSt7-10","170328-019","7/29/2022 11:23:46 AM","0000-00","0","no battery","V","","µV","","µV"
"08/09/2022","10:25:01","6","default","383292078","Oxt_06","22.979","min","95.756","%a.s.","Humid","20.857","deg","40928","µV","28.118","°C","1016.000","hPa","36.4","pmil","0","55.390","deg","20.000","°C","100.000","%a.s.","21.720","deg","20.000","°C","977.000","hPa","0.861","-0.02617","0.00035","0","0","13.56","Humid","26.25","0","44.00","378508.63","SABD0000000001","AAV1.0.0.11","4.0.0.2323","PSt7-10","170328-019","7/29/2022 11:23:46 AM","0000-00","0","no battery","V","","µV","","µV"
"08/09/2022","10:25:02","6","default","383292078","Oxt_06","22.995","min","95.856","%a.s.","Humid","20.847","deg","40930","µV","28.102","°C","1016.000","hPa","36.4","pmil","0","55.390","deg","20.000","°C","100.000","%a.s.","21.720","deg","20.000","°C","977.000","hPa","0.861","-0.02617","0.00035","0","0","13.56","Humid","26.25","0","44.00","378514.74","SABD0000000001","AAV1.0.0.11","4.0.0.2323","PSt7-10","170328-019","7/29/2022 11:23:46 AM","0000-00","0","no battery","V","","µV","","µV"
"08/09/2022","10:25:03","6","default","383292078","Oxt_06","23.012","min","95.831","%a.s.","Humid","20.850","deg","40926","µV","28.102","°C","1016.000","hPa","36.4","pmil","0","55.390","deg","20.000","°C","100.000","%a.s.","21.720","deg","20.000","°C","977.000","hPa","0.861","-0.02617","0.00035","0","0","13.56","Humid","26.25","0","44.00","378526.20","SABD0000000001","AAV1.0.0.11","4.0.0.2323","PSt7-10","170328-019","7/29/2022 11:23:46 AM","0000-00","0","no battery","V","","µV","","µV"
"08/09/2022","10:25:04","6","default","383292078","Oxt_06","23.029","min","95.854","%a.s.","Humid","20.847","deg","40933","µV","28.104","°C","1016.000","hPa","36.4","pmil","0","55.390","deg","20.000","°C","100.000","%a.s.","21.720","deg","20.000","°C","977.000","hPa","0.861","-0.02617","0.00035","0","0","13.56","Humid","26.25","0","44.00","378513.66","SABD0000000001","AAV1.0.0.11","4.0.0.2323","PSt7-10","170328-019","7/29/2022 11:23:46 AM","0000-00","0","no battery","V","","µV","","µV"
"08/09/2022","10:25:05","6","default","383292078","Oxt_06","23.045","min","95.764","%a.s.","Humid","20.857","deg","40934","µV","28.110","°C","1016.000","hPa","36.4","pmil","0","55.390","deg","20.000","°C","100.000","%a.s.","21.720","deg","20.000","°C","977.000","hPa","0.861","-0.02617","0.00035","0","0","13.56","Humid","26.25","0","44.00","378511.99","SABD0000000001","AAV1.0.0.11","4.0.0.2323","PSt7-10","170328-019","7/29/2022 11:23:46 AM","0000-00","0","no battery","V","","µV","","µV"
"08/09/2022","10:25:06","6","default","383292078","Oxt_06","23.062","min","95.808","%a.s.","Humid","20.853","deg","40928","µV","28.099","°C","1016.000","hPa","36.4","pmil","0","55.390","deg","20.000","°C","100.000","%a.s.","21.720","deg","20.000","°C","977.000","hPa","0.861","-0.02617","0.00035","0","0","13.56","Humid","26.25","0","44.00","378528.95","SABD0000000001","AAV1.0.0.11","4.0.0.2323","PSt7-10","170328-019","7/29/2022 11:23:46 AM","0000-00","0","no battery","V","","µV","","µV"
"08/09/2022","10:25:07","6","default","383292078","Oxt_06","23.079","min","95.825","%a.s.","Humid","20.852","deg","40936","µV","28.090","°C","1016.000","hPa","36.4","pmil","0","55.390","deg","20.000","°C","100.000","%a.s.","21.720","deg","20.000","°C","977.000","hPa","0.861","-0.02617","0.00035","0","0","13.56","Humid","26.25","0","44.00","378527.18","SABD0000000001","AAV1.0.0.11","4.0.0.2323","PSt7-10","170328-019","7/29/2022 11:23:46 AM","0000-00","0","no battery","V","","µV","","µV"
"08/09/2022","10:25:08","6","default","383292078","Oxt_06","23.095","min","95.861","%a.s.","Humid","20.847","deg","40925","µV","28.097","°C","1016.000","hPa","36.4","pmil","0","55.390","deg","20.000","°C","100.000","%a.s.","21.720","deg","20.000","°C","977.000","hPa","0.861","-0.02617","0.00035","0","0","13.56","Humid","26.25","0","44.00","378519.73","SABD0000000001","AAV1.0.0.11","4.0.0.2323","PSt7-10","170328-019","7/29/2022 11:23:46 AM","0000-00","0","no battery","V","","µV","","µV"
"08/09/2022","10:25:09","6","default","383292078","Oxt_06","23.112","min","95.848","%a.s.","Humid","20.848","deg","40926","µV","28.102","°C","1016.000","hPa","36.4","pmil","0","55.390","deg","20.000","°C","100.000","%a.s.","21.720","deg","20.000","°C","977.000","hPa","0.861","-0.02617","0.00035","0","0","13.56","Humid","26.25","0","44.00","378522.24","SABD0000000001","AAV1.0.0.11","4.0.0.2323","PSt7-10","170328-019","7/29/2022 11:23:46 AM","0000-00","0","no battery","V","","µV","","µV"
"08/09/2022","10:25:10","6","default","383292078","Oxt_06","23.129","min","95.837","%a.s.","Humid","20.847","deg","40925","µV","28.123","°C","1016.000","hPa","36.4","pmil","0","55.390","deg","20.000","°C","100.000","%a.s.","21.720","deg","20.000","°C","977.000","hPa","0.861","-0.02617","0.00035","0","0","13.56","Humid","26.25","0","44.00","378524.53","SABD0000000001","AAV1.0.0.11","4.0.0.2323","PSt7-10","170328-019","7/29/2022 11:23:46 AM","0000-00","0","no battery","V","","µV","","µV"
"08/09/2022","10:25:11","6","default","383292078","Oxt_06","23.145","min","95.821","%a.s.","Humid","20.850","deg","40921","µV","28.113","°C","1016.000","hPa","36.4","pmil","0","55.390","deg","20.000","°C","100.000","%a.s.","21.720","deg","20.000","°C","977.000","hPa","0.861","-0.02617","0.00035","0","0","13.56","Humid","26.25","0","44.00","378523.14","SABD0000000001","AAV1.0.0.11","4.0.0.2323","PSt7-10","170328-019","7/29/2022 11:23:46 AM","0000-00","0","no battery","V","","µV","","µV"
"08/09/2022","10:25:12","6","default","383292078","Oxt_06","23.162","min","95.828","%a.s.","Humid","20.848","deg","40919","µV","28.123","°C","1016.000","hPa","36.4","pmil","0","55.390","deg","20.000","°C","100.000","%a.s.","21.720","deg","20.000","°C","977.000","hPa","0.861","-0.02617","0.00035","0","0","13.56","Humid","26.25","0","44.00","378533.04","SABD0000000001","AAV1.0.0.11","4.0.0.2323","PSt7-10","170328-019","7/29/2022 11:23:46 AM","0000-00","0","no battery","V","","µV","","µV"
"08/09/2022","10:25:13","6","default","383292078","Oxt_06","23.179","min","95.823","%a.s.","Humid","20.849","deg","40924","µV","28.120","°C","1016.000","hPa","36.4","pmil","0","55.390","deg","20.000","°C","100.000","%a.s.","21.720","deg","20.000","°C","977.000","hPa","0.861","-0.02617","0.00035","0","0","13.56","Humid","26.25","0","44.00","378534.32","SABD0000000001","AAV1.0.0.11","4.0.0.2323","PSt7-10","170328-019","7/29/2022 11:23:46 AM","0000-00","0","no battery","V","","µV","","µV"
"08/09/2022","10:25:14","6","default","383292078","Oxt_06","23.196","min","95.864","%a.s.","Humid","20.844","deg","40919","µV","28.121","°C","1016.000","hPa","36.4","pmil","0","55.390","deg","20.000","°C","100.000","%a.s.","21.720","deg","20.000","°C","977.000","hPa","0.861","-0.02617","0.00035","0","0","13.56","Humid","26.25","0","44.00","378523.35","SABD0000000001","AAV1.0.0.11","4.0.0.2323","PSt7-10","170328-019","7/29/2022 11:23:46 AM","0000-00","0","no battery","V","","µV","","µV"
"08/09/2022","10:25:15","6","default","383292078","Oxt_06","23.212","min","95.817","%a.s.","Humid","20.851","deg","40919","µV","28.108","°C","1016.000","hPa","36.4","pmil","0","55.390","deg","20.000","°C","100.000","%a.s.","21.720","deg","20.000","°C","977.000","hPa","0.861","-0.02617","0.00035","0","0","13.56","Humid","26.25","0","44.00","378522.95","SABD0000000001","AAV1.0.0.11","4.0.0.2323","PSt7-10","170328-019","7/29/2022 11:23:46 AM","0000-00","0","no battery","V","","µV","","µV"
"08/09/2022","10:25:16","6","default","383292078","Oxt_06","23.229","min","95.826","%a.s.","Humid","20.850","deg","40919","µV","28.107","°C","1016.000","hPa","36.4","pmil","0","55.390","deg","20.000","°C","100.000","%a.s.","21.720","deg","20.000","°C","977.000","hPa","0.861","-0.02617","0.00035","0","0","13.56","Humid","26.25","0","44.00","378530.38","SABD0000000001","AAV1.0.0.11","4.0.0.2323","PSt7-10","170328-019","7/29/2022 11:23:46 AM","0000-00","0","no battery","V","","µV","","µV"
"08/09/2022","10:25:17","6","default","383292078","Oxt_06","23.246","min","95.859","%a.s.","Humid","20.846","deg","40918","µV","28.108","°C","1016.000","hPa","36.4","pmil","0","55.390","deg","20.000","°C","100.000","%a.s.","21.720","deg","20.000","°C","977.000","hPa","0.861","-0.02617","0.00035","0","0","13.56","Humid","26.25","0","44.00","378536.89","SABD0000000001","AAV1.0.0.11","4.0.0.2323","PSt7-10","170328-019","7/29/2022 11:23:46 AM","0000-00","0","no battery","V","","µV","","µV"
"08/09/2022","10:25:18","6","default","383292078","Oxt_06","23.262","min","95.918","%a.s.","Humid","20.840","deg","40916","µV","28.101","°C","1016.000","hPa","36.4","pmil","0","55.390","deg","20.000","°C","100.000","%a.s.","21.720","deg","20.000","°C","977.000","hPa","0.861","-0.02617","0.00035","0","0","13.56","Humid","26.25","0","44.00","378521.14","SABD0000000001","AAV1.0.0.11","4.0.0.2323","PSt7-10","170328-019","7/29/2022 11:23:46 AM","0000-00","0","no battery","V","","µV","","µV"
"08/09/2022","10:25:19","6","default","383292078","Oxt_06","23.279","min","95.877","%a.s.","Humid","20.844","deg","40919","µV","28.108","°C","1016.000","hPa","36.4","pmil","0","55.390","deg","20.000","°C","100.000","%a.s.","21.720","deg","20.000","°C","977.000","hPa","0.861","-0.02617","0.00035","0","0","13.56","Humid","26.25","0","44.00","378533.81","SABD0000000001","AAV1.0.0.11","4.0.0.2323","PSt7-10","170328-019","7/29/2022 11:23:46 AM","0000-00","0","no battery","V","","µV","","µV"
"08/09/2022","10:25:20","6","default","383292078","Oxt_06","23.296","min","95.922","%a.s.","Humid","20.839","deg","40915","µV","28.105","°C","1016.000","hPa","36.4","pmil","0","55.390","deg","20.000","°C","100.000","%a.s.","21.720","deg","20.000","°C","977.000","hPa","0.861","-0.02617","0.00035","0","0","13.56","Humid","26.25","0","44.00","378524.32","SABD0000000001","AAV1.0.0.11","4.0.0.2323","PSt7-10","170328-019","7/29/2022 11:23:46 AM","0000-00","0","no battery","V","","µV","","µV"
"08/09/2022","10:25:21","6","default","383292078","Oxt_06","23.312","min","95.938","%a.s.","Humid","20.838","deg","40908","µV","28.097","°C","1016.000","hPa","36.4","pmil","0","55.390","deg","20.000","°C","100.000","%a.s.","21.720","deg","20.000","°C","977.000","hPa","0.861","-0.02617","0.00035","0","0","13.56","Humid","26.25","0","44.00","378530.61","SABD0000000001","AAV1.0.0.11","4.0.0.2323","PSt7-10","170328-019","7/29/2022 11:23:46 AM","0000-00","0","no battery","V","","µV","","µV"
"08/09/2022","10:25:22","6","default","383292078","Oxt_06","23.329","min","95.864","%a.s.","Humid","20.846","deg","40905","µV","28.103","°C","1016.000","hPa","36.4","pmil","0","55.390","deg","20.000","°C","100.000","%a.s.","21.720","deg","20.000","°C","977.000","hPa","0.861","-0.02617","0.00035","0","0","13.56","Humid","26.25","0","44.00","378535.87","SABD0000000001","AAV1.0.0.11","4.0.0.2323","PSt7-10","170328-019","7/29/2022 11:23:46 AM","0000-00","0","no battery","V","","µV","","µV"
"08/09/2022","10:25:23","6","default","383292078","Oxt_06","23.346","min","95.980","%a.s.","Humid","20.832","deg","40907","µV","28.107","°C","1016.000","hPa","36.4","pmil","0","55.390","deg","20.000","°C","100.000","%a.s.","21.720","deg","20.000","°C","977.000","hPa","0.861","-0.02617","0.00035","0","0","13.56","Humid","26.25","0","44.00","378553.90","SABD0000000001","AAV1.0.0.11","4.0.0.2323","PSt7-10","170328-019","7/29/2022 11:23:46 AM","0000-00","0","no battery","V","","µV","","µV"
"08/09/2022","10:25:24","6","default","383292078","Oxt_06","23.362","min","95.900","%a.s.","Humid","20.842","deg","40899","µV","28.101","°C","1016.000","hPa","36.4","pmil","0","55.390","deg","20.000","°C","100.000","%a.s.","21.720","deg","20.000","°C","977.000","hPa","0.861","-0.02617","0.00035","0","0","13.56","Humid","26.25","0","44.00","378541.46","SABD0000000001","AAV1.0.0.11","4.0.0.2323","PSt7-10","170328-019","7/29/2022 11:23:46 AM","0000-00","0","no battery","V","","µV","","µV"
"08/09/2022","10:25:25","6","default","383292078","Oxt_06","23.379","min","95.929","%a.s.","Humid","20.838","deg","40906","µV","28.107","°C","1016.000","hPa","36.4","pmil","0","55.390","deg","20.000","°C","100.000","%a.s.","21.720","deg","20.000","°C","977.000","hPa","0.861","-0.02617","0.00035","0","0","13.56","Humid","26.25","0","44.00","378551.46","SABD0000000001","AAV1.0.0.11","4.0.0.2323","PSt7-10","170328-019","7/29/2022 11:23:46 AM","0000-00","0","no battery","V","","µV","","µV"
"08/09/2022","10:25:26","6","default","383292078","Oxt_06","23.396","min","95.988","%a.s.","Humid","20.832","deg","40911","µV","28.099","°C","1016.000","hPa","36.4","pmil","0","55.390","deg","20.000","°C","100.000","%a.s.","21.720","deg","20.000","°C","977.000","hPa","0.861","-0.02617","0.00035","0","0","13.56","Humid","26.25","0","44.00","378530.68","SABD0000000001","AAV1.0.0.11","4.0.0.2323","PSt7-10","170328-019","7/29/2022 11:23:46 AM","0000-00","0","no battery","V","","µV","","µV"
"08/09/2022","10:25:27","6","default","383292078","Oxt_06","23.412","min","95.905","%a.s.","Humid","20.842","deg","40908","µV","28.096","°C","1016.000","hPa","36.4","pmil","0","55.390","deg","20.000","°C","100.000","%a.s.","21.720","deg","20.000","°C","977.000","hPa","0.861","-0.02617","0.00035","0","0","13.56","Humid","26.25","0","44.00","378536.71","SABD0000000001","AAV1.0.0.11","4.0.0.2323","PSt7-10","170328-019","7/29/2022 11:23:46 AM","0000-00","0","no battery","V","","µV","","µV"
"08/09/2022","10:25:28","6","default","383292078","Oxt_06","23.429","min","95.978","%a.s.","Humid","20.833","deg","40907","µV","28.100","°C","1016.000","hPa","36.4","pmil","0","55.390","deg","20.000","°C","100.000","%a.s.","21.720","deg","20.000","°C","977.000","hPa","0.861","-0.02617","0.00035","0","0","13.56","Humid","26.25","0","44.00","378552.40","SABD0000000001","AAV1.0.0.11","4.0.0.2323","PSt7-10","170328-019","7/29/2022 11:23:46 AM","0000-00","0","no battery","V","","µV","","µV"
"08/09/2022","10:25:29","6","default","383292078","Oxt_06","23.446","min","95.971","%a.s.","Humid","20.832","deg","40903","µV","28.116","°C","1016.000","hPa","36.4","pmil","0","55.390","deg","20.000","°C","100.000","%a.s.","21.720","deg","20.000","°C","977.000","hPa","0.861","-0.02617","0.00035","0","0","13.56","Humid","26.25","0","44.00","378558.40","SABD0000000001","AAV1.0.0.11","4.0.0.2323","PSt7-10","170328-019","7/29/2022 11:23:46 AM","0000-00","0","no battery","V","","µV","","µV"
"08/09/2022","10:25:30","6","default","383292078","Oxt_06","23.462","min","95.915","%a.s.","Humid","20.838","deg","40906","µV","28.122","°C","1016.000","hPa","36.4","pmil","0","55.390","deg","20.000","°C","100.000","%a.s.","21.720","deg","20.000","°C","977.000","hPa","0.861","-0.02617","0.00035","0","0","13.56","Humid","26.25","0","44.00","378554.51","SABD0000000001","AAV1.0.0.11","4.0.0.2323","PSt7-10","170328-019","7/29/2022 11:23:46 AM","0000-00","0","no battery","V","","µV","","µV"
"08/09/2022","10:25:31","6","default","383292078","Oxt_06","23.479","min","95.857","%a.s.","Humid","20.845","deg","40904","µV","28.120","°C","1016.000","hPa","36.4","pmil","0","55.390","deg","20.000","°C","100.000","%a.s.","21.720","deg","20.000","°C","977.000","hPa","0.861","-0.02617","0.00035","0","0","13.56","Humid","26.25","0","44.00","378559.96","SABD0000000001","AAV1.0.0.11","4.0.0.2323","PSt7-10","170328-019","7/29/2022 11:23:46 AM","0000-00","0","no battery","V","","µV","","µV"
"08/09/2022","10:25:32","6","default","383292078","Oxt_06","23.496","min","95.878","%a.s.","Humid","20.843","deg","40907","µV","28.116","°C","1016.000","hPa","36.4","pmil","0","55.390","deg","20.000","°C","100.000","%a.s.","21.720","deg","20.000","°C","977.000","hPa","0.861","-0.02617","0.00035","0","0","13.56","Humid","26.25","0","44.00","378552.64","SABD0000000001","AAV1.0.0.11","4.0.0.2323","PSt7-10","170328-019","7/29/2022 11:23:46 AM","0000-00","0","no battery","V","","µV","","µV"
"08/09/2022","10:25:33","6","default","383292078","Oxt_06","23.513","min","95.930","%a.s.","Humid","20.837","deg","40903","µV","28.115","°C","1016.000","hPa","36.4","pmil","0","55.390","deg","20.000","°C","100.000","%a.s.","21.720","deg","20.000","°C","977.000","hPa","0.861","-0.02617","0.00035","0","0","13.56","Humid","26.25","0","44.00","378548.33","SABD0000000001","AAV1.0.0.11","4.0.0.2323","PSt7-10","170328-019","7/29/2022 11:23:46 AM","0000-00","0","no battery","V","","µV","","µV"
"08/09/2022","10:25:34","6","default","383292078","Oxt_06","23.529","min","95.855","%a.s.","Humid","20.846","deg","40899","µV","28.112","°C","1016.000","hPa","36.4","pmil","0","55.390","deg","20.000","°C","100.000","%a.s.","21.720","deg","20.000","°C","977.000","hPa","0.861","-0.02617","0.00035","0","0","13.56","Humid","26.25","0","44.00","378541.18","SABD0000000001","AAV1.0.0.11","4.0.0.2323","PSt7-10","170328-019","7/29/2022 11:23:46 AM","0000-00","0","no battery","V","","µV","","µV"
"08/09/2022","10:25:35","6","default","383292078","Oxt_06","23.546","min","95.952","%a.s.","Humid","20.834","deg","40903","µV","28.119","°C","1016.000","hPa","36.4","pmil","0","55.390","deg","20.000","°C","100.000","%a.s.","21.720","deg","20.000","°C","977.000","hPa","0.861","-0.02617","0.00035","0","0","13.56","Humid","26.25","0","44.00","378547.37","SABD0000000001","AAV1.0.0.11","4.0.0.2323","PSt7-10","170328-019","7/29/2022 11:23:46 AM","0000-00","0","no battery","V","","µV","","µV"
"08/09/2022","10:25:36","6","default","383292078","Oxt_06","23.563","min","95.928","%a.s.","Humid","20.839","deg","40899","µV","28.099","°C","1016.000","hPa","36.4","pmil","0","55.390","deg","20.000","°C","100.000","%a.s.","21.720","deg","20.000","°C","977.000","hPa","0.861","-0.02617","0.00035","0","0","13.56","Humid","26.25","0","44.00","378554.29","SABD0000000001","AAV1.0.0.11","4.0.0.2323","PSt7-10","170328-019","7/29/2022 11:23:46 AM","0000-00","0","no battery","V","","µV","","µV"
"08/09/2022","10:25:37","6","default","383292078","Oxt_06","23.579","min","95.992","%a.s.","Humid","20.831","deg","40896","µV","28.103","°C","1016.000","hPa","36.4","pmil","0","55.390","deg","20.000","°C","100.000","%a.s.","21.720","deg","20.000","°C","977.000","hPa","0.861","-0.02617","0.00035","0","0","13.56","Humid","26.25","0","44.00","378538.17","SABD0000000001","AAV1.0.0.11","4.0.0.2323","PSt7-10","170328-019","7/29/2022 11:23:46 AM","0000-00","0","no battery","V","","µV","","µV"
"08/09/2022","10:25:38","6","default","383292078","Oxt_06","23.596","min","95.950","%a.s.","Humid","20.836","deg","40892","µV","28.103","°C","1016.000","hPa","36.4","pmil","0","55.390","deg","20.000","°C","100.000","%a.s.","21.720","deg","20.000","°C","977.000","hPa","0.861","-0.02617","0.00035","0","0","13.56","Humid","26.25","0","44.00","378528.35","SABD0000000001","AAV1.0.0.11","4.0.0.2323","PSt7-10","170328-019","7/29/2022 11:23:46 AM","0000-00","0","no battery","V","","µV","","µV"
"08/09/2022","10:25:39","6","default","383292078","Oxt_06","23.612","min","95.940","%a.s.","Humid","20.837","deg","40896","µV","28.104","°C","1016.000","hPa","36.4","pmil","0","55.390","deg","20.000","°C","100.000","%a.s.","21.720","deg","20.000","°C","977.000","hPa","0.861","-0.02617","0.00035","0","0","13.56","Humid","26.25","0","44.00","378549.31","SABD0000000001","AAV1.0.0.11","4.0.0.2323","PSt7-10","170328-019","7/29/2022 11:23:46 AM","0000-00","0","no battery","V","","µV","","µV"
"08/09/2022","10:25:40","6","default","383292078","Oxt_06","23.629","min","95.998","%a.s.","Humid","20.829","deg","40893","µV","28.116","°C","1016.000","hPa","36.4","pmil","0","55.390","deg","20.000","°C","100.000","%a.s.","21.720","deg","20.000","°C","977.000","hPa","0.861","-0.02617","0.00035","0","0","13.56","Humid","26.25","0","44.00","378536.15","SABD0000000001","AAV1.0.0.11","4.0.0.2323","PSt7-10","170328-019","7/29/2022 11:23:46 AM","0000-00","0","no battery","V","","µV","","µV"
"08/09/2022","10:25:41","6","default","383292078","Oxt_06","23.645","min","96.043","%a.s.","Humid","20.826","deg","40890","µV","28.094","°C","1016.000","hPa","36.4","pmil","0","55.390","deg","20.000","°C","100.000","%a.s.","21.720","deg","20.000","°C","977.000","hPa","0.861","-0.02617","0.00035","0","0","13.56","Humid","26.25","0","44.00","378544.86","SABD0000000001","AAV1.0.0.11","4.0.0.2323","PSt7-10","170328-019","7/29/2022 11:23:46 AM","0000-00","0","no battery","V","","µV","","µV"
"08/09/2022","10:25:42","6","default","383292078","Oxt_06","23.662","min","96.031","%a.s.","Humid","20.827","deg","40886","µV","28.099","°C","1016.000","hPa","36.4","pmil","0","55.390","deg","20.000","°C","100.000","%a.s.","21.720","deg","20.000","°C","977.000","hPa","0.861","-0.02617","0.00035","0","0","13.56","Humid","26.25","0","44.00","378537.64","SABD0000000001","AAV1.0.0.11","4.0.0.2323","PSt7-10","170328-019","7/29/2022 11:23:46 AM","0000-00","0","no battery","V","","µV","","µV"
"08/09/2022","10:25:43","6","default","383292078","Oxt_06","23.679","min","96.068","%a.s.","Humid","20.822","deg","40891","µV","28.104","°C","1016.000","hPa","36.4","pmil","0","55.390","deg","20.000","°C","100.000","%a.s.","21.720","deg","20.000","°C","977.000","hPa","0.861","-0.02617","0.00035","0","0","13.56","Humid","26.25","0","44.00","378527.26","SABD0000000001","AAV1.0.0.11","4.0.0.2323","PSt7-10","170328-019","7/29/2022 11:23:46 AM","0000-00","0","no battery","V","","µV","","µV"
"08/09/2022","10:25:44","6","default","383292078","Oxt_06","23.695","min","95.993","%a.s.","Humid","20.829","deg","40887","µV","28.121","°C","1016.000","hPa","36.4","pmil","0","55.390","deg","20.000","°C","100.000","%a.s.","21.720","deg","20.000","°C","977.000","hPa","0.861","-0.02617","0.00035","0","0","13.56","Humid","26.25","0","44.00","378528.85","SABD0000000001","AAV1.0.0.11","4.0.0.2323","PSt7-10","170328-019","7/29/2022 11:23:46 AM","0000-00","0","no battery","V","","µV","","µV"
"08/09/2022","10:25:45","6","default","383292078","Oxt_06","23.712","min","95.985","%a.s.","Humid","20.832","deg","40884","µV","28.102","°C","1016.000","hPa","36.4","pmil","0","55.390","deg","20.000","°C","100.000","%a.s.","21.720","deg","20.000","°C","977.000","hPa","0.861","-0.02617","0.00035","0","0","13.56","Humid","26.25","0","44.00","378538.48","SABD0000000001","AAV1.0.0.11","4.0.0.2323","PSt7-10","170328-019","7/29/2022 11:23:46 AM","0000-00","0","no battery","V","","µV","","µV"
"08/09/2022","10:25:46","6","default","383292078","Oxt_06","23.729","min","96.047","%a.s.","Humid","20.824","deg","40889","µV","28.109","°C","1016.000","hPa","36.4","pmil","0","55.390","deg","20.000","°C","100.000","%a.s.","21.720","deg","20.000","°C","977.000","hPa","0.861","-0.02617","0.00035","0","0","13.56","Humid","26.25","0","44.00","378540.37","SABD0000000001","AAV1.0.0.11","4.0.0.2323","PSt7-10","170328-019","7/29/2022 11:23:46 AM","0000-00","0","no battery","V","","µV","","µV"
"08/09/2022","10:25:47","6","default","383292078","Oxt_06","23.745","min","96.047","%a.s.","Humid","20.826","deg","40882","µV","28.090","°C","1016.000","hPa","36.4","pmil","0","55.390","deg","20.000","°C","100.000","%a.s.","21.720","deg","20.000","°C","977.000","hPa","0.861","-0.02617","0.00035","0","0","13.56","Humid","26.25","0","44.00","378546.65","SABD0000000001","AAV1.0.0.11","4.0.0.2323","PSt7-10","170328-019","7/29/2022 11:23:46 AM","0000-00","0","no battery","V","","µV","","µV"
"08/09/2022","10:25:48","6","default","383292078","Oxt_06","23.762","min","96.000","%a.s.","Humid","20.831","deg","40882","µV","28.095","°C","1016.000","hPa","36.4","pmil","0","55.390","deg","20.000","°C","100.000","%a.s.","21.720","deg","20.000","°C","977.000","hPa","0.861","-0.02617","0.00035","0","0","13.56","Humid","26.25","0","44.00","378535.34","SABD0000000001","AAV1.0.0.11","4.0.0.2323","PSt7-10","170328-019","7/29/2022 11:23:46 AM","0000-00","0","no battery","V","","µV","","µV"
"08/09/2022","10:25:49","6","default","383292078","Oxt_06","23.779","min","95.981","%a.s.","Humid","20.830","deg","40878","µV","28.125","°C","1016.000","hPa","36.4","pmil","0","55.390","deg","20.000","°C","100.000","%a.s.","21.720","deg","20.000","°C","977.000","hPa","0.861","-0.02617","0.00035","0","0","13.56","Humid","26.25","0","44.00","378542.19","SABD0000000001","AAV1.0.0.11","4.0.0.2323","PSt7-10","170328-019","7/29/2022 11:23:46 AM","0000-00","0","no battery","V","","µV","","µV"
"08/09/2022","10:25:50","6","default","383292078","Oxt_06","23.795","min","96.063","%a.s.","Humid","20.821","deg","40881","µV","28.120","°C","1016.000","hPa","36.4","pmil","0","55.390","deg","20.000","°C","100.000","%a.s.","21.720","deg","20.000","°C","977.000","hPa","0.861","-0.02617","0.00035","0","0","13.56","Humid","26.25","0","44.00","378540.72","SABD0000000001","AAV1.0.0.11","4.0.0.2323","PSt7-10","170328-019","7/29/2022 11:23:46 AM","0000-00","0","no battery","V","","µV","","µV"
"08/09/2022","10:25:51","6","default","383292078","Oxt_06","23.812","min","96.004","%a.s.","Humid","20.829","deg","40878","µV","28.109","°C","1016.000","hPa","36.4","pmil","0","55.390","deg","20.000","°C","100.000","%a.s.","21.720","deg","20.000","°C","977.000","hPa","0.861","-0.02617","0.00035","0","0","13.56","Humid","26.25","0","44.00","378529.70","SABD0000000001","AAV1.0.0.11","4.0.0.2323","PSt7-10","170328-019","7/29/2022 11:23:46 AM","0000-00","0","no battery","V","","µV","","µV"
"08/09/2022","10:25:52","6","default","383292078","Oxt_06","23.829","min","96.042","%a.s.","Humid","20.825","deg","40874","µV","28.105","°C","1016.000","hPa","36.4","pmil","0","55.390","deg","20.000","°C","100.000","%a.s.","21.720","deg","20.000","°C","977.000","hPa","0.861","-0.02617","0.00035","0","0","13.56","Humid","26.25","0","44.00","378546.58","SABD0000000001","AAV1.0.0.11","4.0.0.2323","PSt7-10","170328-019","7/29/2022 11:23:46 AM","0000-00","0","no battery","V","","µV","","µV"
"08/09/2022","10:25:53","6","default","383292078","Oxt_06","23.845","min","95.976","%a.s.","Humid","20.833","deg","40876","µV","28.102","°C","1016.000","hPa","36.4","pmil","0","55.390","deg","20.000","°C","100.000","%a.s.","21.720","deg","20.000","°C","977.000","hPa","0.861","-0.02617","0.00035","0","0","13.56","Humid","26.25","0","44.00","378534.63","SABD0000000001","AAV1.0.0.11","4.0.0.2323","PSt7-10","170328-019","7/29/2022 11:23:46 AM","0000-00","0","no battery","V","","µV","","µV"
"08/09/2022","10:25:54","6","default","383292078","Oxt_06","23.862","min","96.031","%a.s.","Humid","20.825","deg","40877","µV","28.117","°C","1016.000","hPa","36.4","pmil","0","55.390","deg","20.000","°C","100.000","%a.s.","21.720","deg","20.000","°C","977.000","hPa","0.861","-0.02617","0.00035","0","0","13.56","Humid","26.25","0","44.00","378552.97","SABD0000000001","AAV1.0.0.11","4.0.0.2323","PSt7-10","170328-019","7/29/2022 11:23:46 AM","0000-00","0","no battery","V","","µV","","µV"
"08/09/2022","10:25:55","6","default","383292078","Oxt_06","23.879","min","96.075","%a.s.","Humid","20.821","deg","40879","µV","28.106","°C","1016.000","hPa","36.4","pmil","0","55.390","deg","20.000","°C","100.000","%a.s.","21.720","deg","20.000","°C","977.000","hPa","0.861","-0.02617","0.00035","0","0","13.56","Humid","26.25","0","44.00","378529.87","SABD0000000001","AAV1.0.0.11","4.0.0.2323","PSt7-10","170328-019","7/29/2022 11:23:46 AM","0000-00","0","no battery","V","","µV","","µV"
"08/09/2022","10:25:56","6","default","383292078","Oxt_06","23.895","min","96.058","%a.s.","Humid","20.823","deg","40875","µV","28.106","°C","1016.000","hPa","36.4","pmil","0","55.390","deg","20.000","°C","100.000","%a.s.","21.720","deg","20.000","°C","977.000","hPa","0.861","-0.02617","0.00035","0","0","13.56","Humid","26.25","0","44.00","378529.33","SABD0000000001","AAV1.0.0.11","4.0.0.2323","PSt7-10","170328-019","7/29/2022 11:23:46 AM","0000-00","0","no battery","V","","µV","","µV"
"08/09/2022","10:25:57","6","default","383292078","Oxt_06","23.912","min","96.074","%a.s.","Humid","20.819","deg","40873","µV","28.126","°C","1016.000","hPa","36.4","pmil","0","55.390","deg","20.000","°C","100.000","%a.s.","21.720","deg","20.000","°C","977.000","hPa","0.861","-0.02617","0.00035","0","0","13.56","Humid","26.25","0","44.00","378536.16","SABD0000000001","AAV1.0.0.11","4.0.0.2323","PSt7-10","170328-019","7/29/2022 11:23:46 AM","0000-00","0","no battery","V","","µV","","µV"
"08/09/2022","10:25:58","6","default","383292078","Oxt_06","23.929","min","96.064","%a.s.","Humid","20.822","deg","40867","µV","28.109","°C","1016.000","hPa","36.4","pmil","0","55.390","deg","20.000","°C","100.000","%a.s.","21.720","deg","20.000","°C","977.000","hPa","0.861","-0.02617","0.00035","0","0","13.56","Humid","26.25","0","44.00","378537.80","SABD0000000001","AAV1.0.0.11","4.0.0.2323","PSt7-10","170328-019","7/29/2022 11:23:46 AM","0000-00","0","no battery","V","","µV","","µV"
"08/09/2022","10:25:59","6","default","383292078","Oxt_06","23.945","min","96.066","%a.s.","Humid","20.822","deg","40872","µV","28.107","°C","1016.000","hPa","36.4","pmil","0","55.390","deg","20.000","°C","100.000","%a.s.","21.720","deg","20.000","°C","977.000","hPa","0.861","-0.02617","0.00035","0","0","13.56","Humid","26.25","0","44.00","378524.63","SABD0000000001","AAV1.0.0.11","4.0.0.2323","PSt7-10","170328-019","7/29/2022 11:23:46 AM","0000-00","0","no battery","V","","µV","","µV"
"08/09/2022","10:26:00","6","default","383292078","Oxt_06","23.962","min","96.068","%a.s.","Humid","20.823","deg","40871","µV","28.095","°C","1016.000","hPa","36.4","pmil","0","55.390","deg","20.000","°C","100.000","%a.s.","21.720","deg","20.000","°C","977.000","hPa","0.861","-0.02617","0.00035","0","0","13.56","Humid","26.25","0","44.00","378530.21","SABD0000000001","AAV1.0.0.11","4.0.0.2323","PSt7-10","170328-019","7/29/2022 11:23:46 AM","0000-00","0","no battery","V","","µV","","µV"
"08/09/2022","10:26:01","6","default","383292078","Oxt_06","23.979","min","96.056","%a.s.","Humid","20.822","deg","40868","µV","28.117","°C","1016.000","hPa","36.4","pmil","0","55.390","deg","20.000","°C","100.000","%a.s.","21.720","deg","20.000","°C","977.000","hPa","0.861","-0.02617","0.00035","0","0","13.56","Humid","26.25","0","44.00","378548.29","SABD0000000001","AAV1.0.0.11","4.0.0.2323","PSt7-10","170328-019","7/29/2022 11:23:46 AM","0000-00","0","no battery","V","","µV","","µV"
"08/09/2022","10:26:02","6","default","383292078","Oxt_06","23.996","min","96.054","%a.s.","Humid","20.822","deg","40870","µV","28.120","°C","1016.000","hPa","36.4","pmil","0","55.390","deg","20.000","°C","100.000","%a.s.","21.720","deg","20.000","°C","977.000","hPa","0.861","-0.02617","0.00035","0","0","13.56","Humid","26.25","0","44.00","378535.83","SABD0000000001","AAV1.0.0.11","4.0.0.2323","PSt7-10","170328-019","7/29/2022 11:23:46 AM","0000-00","0","no battery","V","","µV","","µV"
"08/09/2022","10:26:03","6","default","383292078","Oxt_06","24.012","min","96.065","%a.s.","Humid","20.821","deg","40862","µV","28.118","°C","1016.000","hPa","36.4","pmil","0","55.390","deg","20.000","°C","100.000","%a.s.","21.720","deg","20.000","°C","977.000","hPa","0.861","-0.02617","0.00035","0","0","13.56","Humid","26.25","0","44.00","378533.03","SABD0000000001","AAV1.0.0.11","4.0.0.2323","PSt7-10","170328-019","7/29/2022 11:23:46 AM","0000-00","0","no battery","V","","µV","","µV"
"08/09/2022","10:26:04","6","default","383292078","Oxt_06","24.029","min","96.148","%a.s.","Humid","20.811","deg","40864","µV","28.121","°C","1016.000","hPa","36.4","pmil","0","55.390","deg","20.000","°C","100.000","%a.s.","21.720","deg","20.000","°C","977.000","hPa","0.861","-0.02617","0.00035","0","0","13.56","Humid","26.25","0","44.00","378546.20","SABD0000000001","AAV1.0.0.11","4.0.0.2323","PSt7-10","170328-019","7/29/2022 11:23:46 AM","0000-00","0","no battery","V","","µV","","µV"
"08/09/2022","10:26:05","6","default","383292078","Oxt_06","24.046","min","96.089","%a.s.","Humid","20.819","deg","40864","µV","28.109","°C","1016.000","hPa","36.4","pmil","0","55.390","deg","20.000","°C","100.000","%a.s.","21.720","deg","20.000","°C","977.000","hPa","0.861","-0.02617","0.00035","0","0","13.56","Humid","26.25","0","44.00","378545.05","SABD0000000001","AAV1.0.0.11","4.0.0.2323","PSt7-10","170328-019","7/29/2022 11:23:46 AM","0000-00","0","no battery","V","","µV","","µV"
"08/09/2022","10:26:06","6","default","383292078","Oxt_06","24.062","min","96.085","%a.s.","Humid","20.820","deg","40857","µV","28.105","°C","1016.000","hPa","36.4","pmil","0","55.390","deg","20.000","°C","100.000","%a.s.","21.720","deg","20.000","°C","977.000","hPa","0.861","-0.02617","0.00035","0","0","13.56","Humid","26.25","0","44.00","378535.12","SABD0000000001","AAV1.0.0.11","4.0.0.2323","PSt7-10","170328-019","7/29/2022 11:23:46 AM","0000-00","0","no battery","V","","µV","","µV"
"08/09/2022","10:26:07","6","default","383292078","Oxt_06","24.079","min","96.149","%a.s.","Humid","20.812","deg","40863","µV","28.110","°C","1016.000","hPa","36.4","pmil","0","55.390","deg","20.000","°C","100.000","%a.s.","21.720","deg","20.000","°C","977.000","hPa","0.861","-0.02617","0.00035","0","0","13.56","Humid","26.25","0","44.00","378538.61","SABD0000000001","AAV1.0.0.11","4.0.0.2323","PSt7-10","170328-019","7/29/2022 11:23:46 AM","0000-00","0","no battery","V","","µV","","µV"
"08/09/2022","10:26:08","6","default","383292078","Oxt_06","24.096","min","96.138","%a.s.","Humid","20.812","deg","40866","µV","28.122","°C","1016.000","hPa","36.4","pmil","0","55.390","deg","20.000","°C","100.000","%a.s.","21.720","deg","20.000","°C","977.000","hPa","0.861","-0.02617","0.00035","0","0","13.56","Humid","26.25","0","44.00","378533.20","SABD0000000001","AAV1.0.0.11","4.0.0.2323","PSt7-10","170328-019","7/29/2022 11:23:46 AM","0000-00","0","no battery","V","","µV","","µV"
"08/09/2022","10:26:09","6","default","383292078","Oxt_06","24.112","min","96.100","%a.s.","Humid","20.818","deg","40861","µV","28.107","°C","1016.000","hPa","36.4","pmil","0","55.390","deg","20.000","°C","100.000","%a.s.","21.720","deg","20.000","°C","977.000","hPa","0.861","-0.02617","0.00035","0","0","13.56","Humid","26.25","0","44.00","378545.46","SABD0000000001","AAV1.0.0.11","4.0.0.2323","PSt7-10","170328-019","7/29/2022 11:23:46 AM","0000-00","0","no battery","V","","µV","","µV"
"08/09/2022","10:26:10","6","default","383292078","Oxt_06","24.129","min","96.121","%a.s.","Humid","20.816","deg","40863","µV","28.103","°C","1016.000","hPa","36.4","pmil","0","55.390","deg","20.000","°C","100.000","%a.s.","21.720","deg","20.000","°C","977.000","hPa","0.861","-0.02617","0.00035","0","0","13.56","Humid","26.25","0","44.00","378546.45","SABD0000000001","AAV1.0.0.11","4.0.0.2323","PSt7-10","170328-019","7/29/2022 11:23:46 AM","0000-00","0","no battery","V","","µV","","µV"
"08/09/2022","10:26:11","6","default","383292078","Oxt_06","24.146","min","96.129","%a.s.","Humid","20.814","deg","40859","µV","28.113","°C","1016.000","hPa","36.4","pmil","0","55.390","deg","20.000","°C","100.000","%a.s.","21.720","deg","20.000","°C","977.000","hPa","0.861","-0.02617","0.00035","0","0","13.56","Humid","26.25","0","44.00","378549.14","SABD0000000001","AAV1.0.0.11","4.0.0.2323","PSt7-10","170328-019","7/29/2022 11:23:46 AM","0000-00","0","no battery","V","","µV","","µV"
"08/09/2022","10:26:12","6","default","383292078","Oxt_06","24.162","min","96.153","%a.s.","Humid","20.811","deg","40861","µV","28.115","°C","1016.000","hPa","36.4","pmil","0","55.390","deg","20.000","°C","100.000","%a.s.","21.720","deg","20.000","°C","977.000","hPa","0.861","-0.02617","0.00035","0","0","13.56","Humid","26.25","0","44.00","378545.98","SABD0000000001","AAV1.0.0.11","4.0.0.2323","PSt7-10","170328-019","7/29/2022 11:23:46 AM","0000-00","0","no battery","V","","µV","","µV"
"08/09/2022","10:26:13","6","default","383292078","Oxt_06","24.179","min","96.106","%a.s.","Humid","20.817","deg","40855","µV","28.110","°C","1016.000","hPa","36.4","pmil","0","55.390","deg","20.000","°C","100.000","%a.s.","21.720","deg","20.000","°C","977.000","hPa","0.861","-0.02617","0.00035","0","0","13.56","Humid","26.25","0","44.00","378539.48","SABD0000000001","AAV1.0.0.11","4.0.0.2323","PSt7-10","170328-019","7/29/2022 11:23:46 AM","0000-00","0","no battery","V","","µV","","µV"
"08/09/2022","10:26:14","6","default","383292078","Oxt_06","24.196","min","96.131","%a.s.","Humid","20.814","deg","40853","µV","28.111","°C","1016.000","hPa","36.4","pmil","0","55.390","deg","20.000","°C","100.000","%a.s.","21.720","deg","20.000","°C","977.000","hPa","0.861","-0.02617","0.00035","0","0","13.56","Humid","26.25","0","44.00","378546.85","SABD0000000001","AAV1.0.0.11","4.0.0.2323","PSt7-10","170328-019","7/29/2022 11:23:46 AM","0000-00","0","no battery","V","","µV","","µV"
"08/09/2022","10:26:15","6","default","383292078","Oxt_06","24.212","min","96.178","%a.s.","Humid","20.809","deg","40852","µV","28.106","°C","1016.000","hPa","36.4","pmil","0","55.390","deg","20.000","°C","100.000","%a.s.","21.720","deg","20.000","°C","977.000","hPa","0.861","-0.02617","0.00035","0","0","13.56","Humid","26.25","0","44.00","378531.97","SABD0000000001","AAV1.0.0.11","4.0.0.2323","PSt7-10","170328-019","7/29/2022 11:23:46 AM","0000-00","0","no battery","V","","µV","","µV"
"08/09/2022","10:26:16","6","default","383292078","Oxt_06","24.229","min","96.126","%a.s.","Humid","20.815","deg","40853","µV","28.107","°C","1016.000","hPa","36.4","pmil","0","55.390","deg","20.000","°C","100.000","%a.s.","21.720","deg","20.000","°C","977.000","hPa","0.861","-0.02617","0.00035","0","0","13.56","Humid","26.25","0","44.00","378546.71","SABD0000000001","AAV1.0.0.11","4.0.0.2323","PSt7-10","170328-019","7/29/2022 11:23:46 AM","0000-00","0","no battery","V","","µV","","µV"
"08/09/2022","10:26:17","6","default","383292078","Oxt_06","24.246","min","96.178","%a.s.","Humid","20.808","deg","40851","µV","28.116","°C","1016.000","hPa","36.4","pmil","0","55.390","deg","20.000","°C","100.000","%a.s.","21.720","deg","20.000","°C","977.000","hPa","0.861","-0.02617","0.00035","0","0","13.56","Humid","26.25","0","44.00","378552.13","SABD0000000001","AAV1.0.0.11","4.0.0.2323","PSt7-10","170328-019","7/29/2022 11:23:46 AM","0000-00","0","no battery","V","","µV","","µV"
"08/09/2022","10:26:18","6","default","383292078","Oxt_06","24.262","min","96.199","%a.s.","Humid","20.805","deg","40841","µV","28.120","°C","1016.000","hPa","36.4","pmil","0","55.390","deg","20.000","°C","100.000","%a.s.","21.720","deg","20.000","°C","977.000","hPa","0.861","-0.02617","0.00035","0","0","13.56","Humid","26.25","0","44.00","378535.60","SABD0000000001","AAV1.0.0.11","4.0.0.2323","PSt7-10","170328-019","7/29/2022 11:23:46 AM","0000-00","0","no battery","V","","µV","","µV"
"08/09/2022","10:26:19","6","default","383292078","Oxt_06","24.279","min","96.177","%a.s.","Humid","20.809","deg","40845","µV","28.107","°C","1016.000","hPa","36.4","pmil","0","55.390","deg","20.000","°C","100.000","%a.s.","21.720","deg","20.000","°C","977.000","hPa","0.861","-0.02617","0.00035","0","0","13.56","Humid","26.25","0","44.00","378545.87","SABD0000000001","AAV1.0.0.11","4.0.0.2323","PSt7-10","170328-019","7/29/2022 11:23:46 AM","0000-00","0","no battery","V","","µV","","µV"
"08/09/2022","10:26:20","6","default","383292078","Oxt_06","24.296","min","96.188","%a.s.","Humid","20.808","deg","40843","µV","28.105","°C","1016.000","hPa","36.4","pmil","0","55.390","deg","20.000","°C","100.000","%a.s.","21.720","deg","20.000","°C","977.000","hPa","0.861","-0.02617","0.00035","0","0","13.56","Humid","26.25","0","44.00","378546.56","SABD0000000001","AAV1.0.0.11","4.0.0.2323","PSt7-10","170328-019","7/29/2022 11:23:46 AM","0000-00","0","no battery","V","","µV","","µV"
"08/09/2022","10:26:21","6","default","383292078","Oxt_06","24.312","min","96.276","%a.s.","Humid","20.798","deg","40844","µV","28.103","°C","1016.000","hPa","36.4","pmil","0","55.390","deg","20.000","°C","100.000","%a.s.","21.720","deg","20.000","°C","977.000","hPa","0.861","-0.02617","0.00035","0","0","13.56","Humid","26.25","0","44.00","378533.90","SABD0000000001","AAV1.0.0.11","4.0.0.2323","PSt7-10","170328-019","7/29/2022 11:23:46 AM","0000-00","0","no battery","V","","µV","","µV"
"08/09/2022","10:26:22","6","default","383292078","Oxt_06","24.329","min","96.210","%a.s.","Humid","20.805","deg","40843","µV","28.109","°C","1016.000","hPa","36.4","pmil","0","55.390","deg","20.000","°C","100.000","%a.s.","21.720","deg","20.000","°C","977.000","hPa","0.861","-0.02617","0.00035","0","0","13.56","Humid","26.25","0","44.00","378549.07","SABD0000000001","AAV1.0.0.11","4.0.0.2323","PSt7-10","170328-019","7/29/2022 11:23:46 AM","0000-00","0","no battery","V","","µV","","µV"
"08/09/2022","10:26:23","6","default","383292078","Oxt_06","24.345","min","96.228","%a.s.","Humid","20.803","deg","40841","µV","28.108","°C","1016.000","hPa","36.4","pmil","0","55.390","deg","20.000","°C","100.000","%a.s.","21.720","deg","20.000","°C","977.000","hPa","0.861","-0.02617","0.00035","0","0","13.56","Humid","26.25","0","44.00","378544.65","SABD0000000001","AAV1.0.0.11","4.0.0.2323","PSt7-10","170328-019","7/29/2022 11:23:46 AM","0000-00","0","no battery","V","","µV","","µV"
"08/09/2022","10:26:24","6","default","383292078","Oxt_06","24.362","min","96.291","%a.s.","Humid","20.796","deg","40842","µV","28.105","°C","1016.000","hPa","36.4","pmil","0","55.390","deg","20.000","°C","100.000","%a.s.","21.720","deg","20.000","°C","977.000","hPa","0.861","-0.02617","0.00035","0","0","13.56","Humid","26.25","0","44.00","378540.44","SABD0000000001","AAV1.0.0.11","4.0.0.2323","PSt7-10","170328-019","7/29/2022 11:23:46 AM","0000-00","0","no battery","V","","µV","","µV"
"08/09/2022","10:26:25","6","default","383292078","Oxt_06","24.379","min","96.186","%a.s.","Humid","20.808","deg","40840","µV","28.107","°C","1016.000","hPa","36.4","pmil","0","55.390","deg","20.000","°C","100.000","%a.s.","21.720","deg","20.000","°C","977.000","hPa","0.861","-0.02617","0.00035","0","0","13.56","Humid","26.25","0","44.00","378528.95","SABD0000000001","AAV1.0.0.11","4.0.0.2323","PSt7-10","170328-019","7/29/2022 11:23:46 AM","0000-00","0","no battery","V","","µV","","µV"
"08/09/2022","10:26:26","6","default","383292078","Oxt_06","24.395","min","96.212","%a.s.","Humid","20.802","deg","40829","µV","28.134","°C","1016.000","hPa","36.4","pmil","0","55.390","deg","20.000","°C","100.000","%a.s.","21.720","deg","20.000","°C","977.000","hPa","0.861","-0.02617","0.00035","0","0","13.56","Humid","26.25","0","44.00","378530.70","SABD0000000001","AAV1.0.0.11","4.0.0.2323","PSt7-10","170328-019","7/29/2022 11:23:46 AM","0000-00","0","no battery","V","","µV","","µV"
"08/09/2022","10:26:27","6","default","383292078","Oxt_06","24.412","min","96.184","%a.s.","Humid","20.806","deg","40836","µV","28.128","°C","1016.000","hPa","36.4","pmil","0","55.390","deg","20.000","°C","100.000","%a.s.","21.720","deg","20.000","°C","977.000","hPa","0.861","-0.02617","0.00035","0","0","13.56","Humid","26.25","0","44.00","378534.86","SABD0000000001","AAV1.0.0.11","4.0.0.2323","PSt7-10","170328-019","7/29/2022 11:23:46 AM","0000-00","0","no battery","V","","µV","","µV"
"08/09/2022","10:26:28","6","default","383292078","Oxt_06","24.429","min","96.212","%a.s.","Humid","20.803","deg","40825","µV","28.125","°C","1016.000","hPa","36.4","pmil","0","55.390","deg","20.000","°C","100.000","%a.s.","21.720","deg","20.000","°C","977.000","hPa","0.861","-0.02617","0.00035","0","0","13.56","Humid","26.25","0","44.00","378528.26","SABD0000000001","AAV1.0.0.11","4.0.0.2323","PSt7-10","170328-019","7/29/2022 11:23:46 AM","0000-00","0","no battery","V","","µV","","µV"
"08/09/2022","10:26:29","6","default","383292078","Oxt_06","24.445","min","96.201","%a.s.","Humid","20.804","deg","40816","µV","28.128","°C","1016.000","hPa","36.4","pmil","0","55.390","deg","20.000","°C","100.000","%a.s.","21.720","deg","20.000","°C","977.000","hPa","0.861","-0.02617","0.00035","0","0","13.56","Humid","26.25","0","44.00","378543.93","SABD0000000001","AAV1.0.0.11","4.0.0.2323","PSt7-10","170328-019","7/29/2022 11:23:46 AM","0000-00","0","no battery","V","","µV","","µV"
"08/09/2022","10:26:30","6","default","383292078","Oxt_06","24.462","min","96.191","%a.s.","Humid","20.807","deg","40818","µV","28.111","°C","1016.000","hPa","36.4","pmil","0","55.390","deg","20.000","°C","100.000","%a.s.","21.720","deg","20.000","°C","977.000","hPa","0.861","-0.02617","0.00035","0","0","13.56","Humid","26.25","0","44.00","378526.30","SABD0000000001","AAV1.0.0.11","4.0.0.2323","PSt7-10","170328-019","7/29/2022 11:23:46 AM","0000-00","0","no battery","V","","µV","","µV"
"08/09/2022","10:26:31","6","default","383292078","Oxt_06","24.479","min","96.173","%a.s.","Humid","20.807","deg","40816","µV","28.130","°C","1016.000","hPa","36.4","pmil","0","55.390","deg","20.000","°C","100.000","%a.s.","21.720","deg","20.000","°C","977.000","hPa","0.861","-0.02617","0.00035","0","0","13.56","Humid","26.25","0","44.00","378531.07","SABD0000000001","AAV1.0.0.11","4.0.0.2323","PSt7-10","170328-019","7/29/2022 11:23:46 AM","0000-00","0","no battery","V","","µV","","µV"
"08/09/2022","10:26:32","6","default","383292078","Oxt_06","24.495","min","96.206","%a.s.","Humid","20.803","deg","40813","µV","28.132","°C","1016.000","hPa","36.4","pmil","0","55.390","deg","20.000","°C","100.000","%a.s.","21.720","deg","20.000","°C","977.000","hPa","0.861","-0.02617","0.00035","0","0","13.56","Humid","26.25","0","44.00","378545.11","SABD0000000001","AAV1.0.0.11","4.0.0.2323","PSt7-10","170328-019","7/29/2022 11:23:46 AM","0000-00","0","no battery","V","","µV","","µV"
"08/09/2022","10:26:33","6","default","383292078","Oxt_06","24.512","min","96.221","%a.s.","Humid","20.804","deg","40816","µV","28.106","°C","1016.000","hPa","36.4","pmil","0","55.390","deg","20.000","°C","100.000","%a.s.","21.720","deg","20.000","°C","977.000","hPa","0.861","-0.02617","0.00035","0","0","13.56","Humid","26.25","0","44.00","378520.68","SABD0000000001","AAV1.0.0.11","4.0.0.2323","PSt7-10","170328-019","7/29/2022 11:23:46 AM","0000-00","0","no battery","V","","µV","","µV"
"08/09/2022","10:26:34","6","default","383292078","Oxt_06","24.529","min","96.233","%a.s.","Humid","20.802","deg","40817","µV","28.112","°C","1016.000","hPa","36.4","pmil","0","55.390","deg","20.000","°C","100.000","%a.s.","21.720","deg","20.000","°C","977.000","hPa","0.861","-0.02617","0.00035","0","0","13.56","Humid","26.25","0","44.00","378535.22","SABD0000000001","AAV1.0.0.11","4.0.0.2323","PSt7-10","170328-019","7/29/2022 11:23:46 AM","0000-00","0","no battery","V","","µV","","µV"
"08/09/2022","10:26:35","6","default","383292078","Oxt_06","24.545","min","96.248","%a.s.","Humid","20.801","deg","40811","µV","28.105","°C","1016.000","hPa","36.4","pmil","0","55.390","deg","20.000","°C","100.000","%a.s.","21.720","deg","20.000","°C","977.000","hPa","0.861","-0.02617","0.00035","0","0","13.56","Humid","26.25","0","44.00","378521.91","SABD0000000001","AAV1.0.0.11","4.0.0.2323","PSt7-10","170328-019","7/29/2022 11:23:46 AM","0000-00","0","no battery","V","","µV","","µV"
"08/09/2022","10:26:36","6","default","383292078","Oxt_06","24.562","min","96.245","%a.s.","Humid","20.801","deg","40809","µV","28.108","°C","1016.000","hPa","36.4","pmil","0","55.390","deg","20.000","°C","100.000","%a.s.","21.720","deg","20.000","°C","977.000","hPa","0.861","-0.02617","0.00035","0","0","13.56","Humid","26.25","0","44.00","378522.36","SABD0000000001","AAV1.0.0.11","4.0.0.2323","PSt7-10","170328-019","7/29/2022 11:23:46 AM","0000-00","0","no battery","V","","µV","","µV"
"08/09/2022","10:26:37","6","default","383292078","Oxt_06","24.579","min","96.227","%a.s.","Humid","20.802","deg","40815","µV","28.118","°C","1016.000","hPa","36.4","pmil","0","55.390","deg","20.000","°C","100.000","%a.s.","21.720","deg","20.000","°C","977.000","hPa","0.861","-0.02617","0.00035","0","0","13.56","Humid","26.25","0","44.00","378531.31","SABD0000000001","AAV1.0.0.11","4.0.0.2323","PSt7-10","170328-019","7/29/2022 11:23:46 AM","0000-00","0","no battery","V","","µV","","µV"
"08/09/2022","10:26:38","6","default","383292078","Oxt_06","24.596","min","96.257","%a.s.","Humid","20.799","deg","40813","µV","28.114","°C","1016.000","hPa","36.4","pmil","0","55.390","deg","20.000","°C","100.000","%a.s.","21.720","deg","20.000","°C","977.000","hPa","0.861","-0.02617","0.00035","0","0","13.56","Humid","26.25","0","44.00","378522.45","SABD0000000001","AAV1.0.0.11","4.0.0.2323","PSt7-10","170328-019","7/29/2022 11:23:46 AM","0000-00","0","no battery","V","","µV","","µV"
"08/09/2022","10:26:39","6","default","383292078","Oxt_06","24.612","min","96.263","%a.s.","Humid","20.798","deg","40809","µV","28.116","°C","1016.000","hPa","36.4","pmil","0","55.390","deg","20.000","°C","100.000","%a.s.","21.720","deg","20.000","°C","977.000","hPa","0.861","-0.02617","0.00035","0","0","13.56","Humid","26.25","0","44.00","378523.55","SABD0000000001","AAV1.0.0.11","4.0.0.2323","PSt7-10","170328-019","7/29/2022 11:23:46 AM","0000-00","0","no battery","V","","µV","","µV"
"08/09/2022","10:26:40","6","default","383292078","Oxt_06","24.629","min","96.234","%a.s.","Humid","20.802","deg","40805","µV","28.110","°C","1016.000","hPa","36.4","pmil","0","55.390","deg","20.000","°C","100.000","%a.s.","21.720","deg","20.000","°C","977.000","hPa","0.861","-0.02617","0.00035","0","0","13.56","Humid","26.25","0","44.00","378528.41","SABD0000000001","AAV1.0.0.11","4.0.0.2323","PSt7-10","170328-019","7/29/2022 11:23:46 AM","0000-00","0","no battery","V","","µV","","µV"
"08/09/2022","10:26:41","6","default","383292078","Oxt_06","24.646","min","96.241","%a.s.","Humid","20.800","deg","40811","µV","28.122","°C","1016.000","hPa","36.4","pmil","0","55.390","deg","20.000","°C","100.000","%a.s.","21.720","deg","20.000","°C","977.000","hPa","0.861","-0.02617","0.00035","0","0","13.56","Humid","26.25","0","44.00","378540.47","SABD0000000001","AAV1.0.0.11","4.0.0.2323","PSt7-10","170328-019","7/29/2022 11:23:46 AM","0000-00","0","no battery","V","","µV","","µV"
"08/09/2022","10:26:42","6","default","383292078","Oxt_06","24.662","min","96.267","%a.s.","Humid","20.798","deg","40804","µV","28.112","°C","1016.000","hPa","36.4","pmil","0","55.390","deg","20.000","°C","100.000","%a.s.","21.720","deg","20.000","°C","977.000","hPa","0.861","-0.02617","0.00035","0","0","13.56","Humid","26.25","0","44.00","378541.44","SABD0000000001","AAV1.0.0.11","4.0.0.2323","PSt7-10","170328-019","7/29/2022 11:23:46 AM","0000-00","0","no battery","V","","µV","","µV"
"08/09/2022","10:26:43","6","default","383292078","Oxt_06","24.679","min","96.327","%a.s.","Humid","20.791","deg","40803","µV","28.112","°C","1016.000","hPa","36.4","pmil","0","55.390","deg","20.000","°C","100.000","%a.s.","21.720","deg","20.000","°C","977.000","hPa","0.861","-0.02617","0.00035","0","0","13.56","Humid","26.25","0","44.00","378536.54","SABD0000000001","AAV1.0.0.11","4.0.0.2323","PSt7-10","170328-019","7/29/2022 11:23:46 AM","0000-00","0","no battery","V","","µV","","µV"
"08/09/2022","10:26:44","6","default","383292078","Oxt_06","24.696","min","96.284","%a.s.","Humid","20.797","deg","40809","µV","28.103","°C","1016.000","hPa","36.4","pmil","0","55.390","deg","20.000","°C","100.000","%a.s.","21.720","deg","20.000","°C","977.000","hPa","0.861","-0.02617","0.00035","0","0","13.56","Humid","26.25","0","44.00","378527.72","SABD0000000001","AAV1.0.0.11","4.0.0.2323","PSt7-10","170328-019","7/29/2022 11:23:46 AM","0000-00","0","no battery","V","","µV","","µV"
"08/09/2022","10:26:45","6","default","383292078","Oxt_06","24.712","min","96.295","%a.s.","Humid","20.794","deg","40804","µV","28.119","°C","1016.000","hPa","36.4","pmil","0","55.390","deg","20.000","°C","100.000","%a.s.","21.720","deg","20.000","°C","977.000","hPa","0.861","-0.02617","0.00035","0","0","13.56","Humid","26.25","0","44.00","378534.44","SABD0000000001","AAV1.0.0.11","4.0.0.2323","PSt7-10","170328-019","7/29/2022 11:23:46 AM","0000-00","0","no battery","V","","µV","","µV"
"08/09/2022","10:26:46","6","default","383292078","Oxt_06","24.729","min","96.313","%a.s.","Humid","20.792","deg","40800","µV","28.119","°C","1016.000","hPa","36.4","pmil","0","55.390","deg","20.000","°C","100.000","%a.s.","21.720","deg","20.000","°C","977.000","hPa","0.861","-0.02617","0.00035","0","0","13.56","Humid","26.25","0","44.00","378532.58","SABD0000000001","AAV1.0.0.11","4.0.0.2323","PSt7-10","170328-019","7/29/2022 11:23:46 AM","0000-00","0","no battery","V","","µV","","µV"
"08/09/2022","10:26:47","6","default","383292078","Oxt_06","24.746","min","96.330","%a.s.","Humid","20.790","deg","40802","µV","28.119","°C","1016.000","hPa","36.4","pmil","0","55.390","deg","20.000","°C","100.000","%a.s.","21.720","deg","20.000","°C","977.000","hPa","0.861","-0.02617","0.00035","0","0","13.56","Humid","26.25","0","44.00","378530.41","SABD0000000001","AAV1.0.0.11","4.0.0.2323","PSt7-10","170328-019","7/29/2022 11:23:46 AM","0000-00","0","no battery","V","","µV","","µV"
"08/09/2022","10:26:48","6","default","383292078","Oxt_06","24.763","min","96.277","%a.s.","Humid","20.797","deg","40801","µV","28.111","°C","1016.000","hPa","36.4","pmil","0","55.390","deg","20.000","°C","100.000","%a.s.","21.720","deg","20.000","°C","977.000","hPa","0.861","-0.02617","0.00035","0","0","13.56","Humid","26.25","0","44.00","378524.48","SABD0000000001","AAV1.0.0.11","4.0.0.2323","PSt7-10","170328-019","7/29/2022 11:23:46 AM","0000-00","0","no battery","V","","µV","","µV"
"08/09/2022","10:26:49","6","default","383292078","Oxt_06","24.779","min","96.312","%a.s.","Humid","20.793","deg","40796","µV","28.110","°C","1016.000","hPa","36.4","pmil","0","55.390","deg","20.000","°C","100.000","%a.s.","21.720","deg","20.000","°C","977.000","hPa","0.861","-0.02617","0.00035","0","0","13.56","Humid","26.25","0","44.00","378523.45","SABD0000000001","AAV1.0.0.11","4.0.0.2323","PSt7-10","170328-019","7/29/2022 11:23:46 AM","0000-00","0","no battery","V","","µV","","µV"
"08/09/2022","10:26:50","6","default","383292078","Oxt_06","24.796","min","96.313","%a.s.","Humid","20.793","deg","40798","µV","28.109","°C","1016.000","hPa","36.4","pmil","0","55.390","deg","20.000","°C","100.000","%a.s.","21.720","deg","20.000","°C","977.000","hPa","0.861","-0.02617","0.00035","0","0","13.56","Humid","26.25","0","44.00","378522.09","SABD0000000001","AAV1.0.0.11","4.0.0.2323","PSt7-10","170328-019","7/29/2022 11:23:46 AM","0000-00","0","no battery","V","","µV","","µV"
"08/09/2022","10:26:51","6","default","383292078","Oxt_06","24.813","min","96.346","%a.s.","Humid","20.787","deg","40797","µV","28.130","°C","1016.000","hPa","36.4","pmil","0","55.390","deg","20.000","°C","100.000","%a.s.","21.720","deg","20.000","°C","977.000","hPa","0.861","-0.02617","0.00035","0","0","13.56","Humid","26.25","0","44.00","378534.95","SABD0000000001","AAV1.0.0.11","4.0.0.2323","PSt7-10","170328-019","7/29/2022 11:23:46 AM","0000-00","0","no battery","V","","µV","","µV"
"08/09/2022","10:26:52","6","default","383292078","Oxt_06","24.829","min","96.264","%a.s.","Humid","20.798","deg","40799","µV","28.116","°C","1016.000","hPa","36.4","pmil","0","55.390","deg","20.000","°C","100.000","%a.s.","21.720","deg","20.000","°C","977.000","hPa","0.861","-0.02617","0.00035","0","0","13.56","Humid","26.25","0","44.00","378523.30","SABD0000000001","AAV1.0.0.11","4.0.0.2323","PSt7-10","170328-019","7/29/2022 11:23:46 AM","0000-00","0","no battery","V","","µV","","µV"
"08/09/2022","10:26:53","6","default","383292078","Oxt_06","24.846","min","96.307","%a.s.","Humid","20.793","deg","40796","µV","28.116","°C","1016.000","hPa","36.4","pmil","0","55.390","deg","20.000","°C","100.000","%a.s.","21.720","deg","20.000","°C","977.000","hPa","0.861","-0.02617","0.00035","0","0","13.56","Humid","26.25","0","44.00","378526.63","SABD0000000001","AAV1.0.0.11","4.0.0.2323","PSt7-10","170328-019","7/29/2022 11:23:46 AM","0000-00","0","no battery","V","","µV","","µV"
"08/09/2022","10:26:54","6","default","383292078","Oxt_06","24.863","min","96.272","%a.s.","Humid","20.797","deg","40798","µV","28.116","°C","1016.000","hPa","36.4","pmil","0","55.390","deg","20.000","°C","100.000","%a.s.","21.720","deg","20.000","°C","977.000","hPa","0.861","-0.02617","0.00035","0","0","13.56","Humid","26.25","0","44.00","378533.57","SABD0000000001","AAV1.0.0.11","4.0.0.2323","PSt7-10","170328-019","7/29/2022 11:23:46 AM","0000-00","0","no battery","V","","µV","","µV"
"08/09/2022","10:26:55","6","default","383292078","Oxt_06","24.879","min","96.264","%a.s.","Humid","20.797","deg","40792","µV","28.125","°C","1016.000","hPa","36.4","pmil","0","55.390","deg","20.000","°C","100.000","%a.s.","21.720","deg","20.000","°C","977.000","hPa","0.861","-0.02617","0.00035","0","0","13.56","Humid","26.25","0","44.00","378523.43","SABD0000000001","AAV1.0.0.11","4.0.0.2323","PSt7-10","170328-019","7/29/2022 11:23:46 AM","0000-00","0","no battery","V","","µV","","µV"
"08/09/2022","10:26:56","6","default","383292078","Oxt_06","24.896","min","96.311","%a.s.","Humid","20.792","deg","40796","µV","28.121","°C","1016.000","hPa","36.4","pmil","0","55.390","deg","20.000","°C","100.000","%a.s.","21.720","deg","20.000","°C","977.000","hPa","0.861","-0.02617","0.00035","0","0","13.56","Humid","26.25","0","44.00","378532.17","SABD0000000001","AAV1.0.0.11","4.0.0.2323","PSt7-10","170328-019","7/29/2022 11:23:46 AM","0000-00","0","no battery","V","","µV","","µV"
"08/09/2022","10:26:57","6","default","383292078","Oxt_06","24.912","min","96.307","%a.s.","Humid","20.793","deg","40792","µV","28.116","°C","1016.000","hPa","36.4","pmil","0","55.390","deg","20.000","°C","100.000","%a.s.","21.720","deg","20.000","°C","977.000","hPa","0.861","-0.02617","0.00035","0","0","13.56","Humid","26.25","0","44.00","378541.43","SABD0000000001","AAV1.0.0.11","4.0.0.2323","PSt7-10","170328-019","7/29/2022 11:23:46 AM","0000-00","0","no battery","V","","µV","","µV"
"08/09/2022","10:26:58","6","default","383292078","Oxt_06","24.929","min","96.401","%a.s.","Humid","20.783","deg","40789","µV","28.107","°C","1016.000","hPa","36.4","pmil","0","55.390","deg","20.000","°C","100.000","%a.s.","21.720","deg","20.000","°C","977.000","hPa","0.861","-0.02617","0.00035","0","0","13.56","Humid","26.25","0","44.00","378535.04","SABD0000000001","AAV1.0.0.11","4.0.0.2323","PSt7-10","170328-019","7/29/2022 11:23:46 AM","0000-00","0","no battery","V","","µV","","µV"
"08/09/2022","10:26:59","6","default","383292078","Oxt_06","24.945","min","96.307","%a.s.","Humid","20.793","deg","40789","µV","28.115","°C","1016.000","hPa","36.4","pmil","0","55.390","deg","20.000","°C","100.000","%a.s.","21.720","deg","20.000","°C","977.000","hPa","0.861","-0.02617","0.00035","0","0","13.56","Humid","26.25","0","44.00","378530.62","SABD0000000001","AAV1.0.0.11","4.0.0.2323","PSt7-10","170328-019","7/29/2022 11:23:46 AM","0000-00","0","no battery","V","","µV","","µV"
"08/09/2022","10:27:00","6","default","383292078","Oxt_06","24.962","min","96.301","%a.s.","Humid","20.794","deg","40787","µV","28.112","°C","1016.000","hPa","36.4","pmil","0","55.390","deg","20.000","°C","100.000","%a.s.","21.720","deg","20.000","°C","977.000","hPa","0.861","-0.02617","0.00035","0","0","13.56","Humid","26.25","0","44.00","378527.77","SABD0000000001","AAV1.0.0.11","4.0.0.2323","PSt7-10","170328-019","7/29/2022 11:23:46 AM","0000-00","0","no battery","V","","µV","","µV"
"08/09/2022","10:27:01","6","default","383292078","Oxt_06","24.979","min","96.328","%a.s.","Humid","20.790","deg","40790","µV","28.121","°C","1016.000","hPa","36.4","pmil","0","55.390","deg","20.000","°C","100.000","%a.s.","21.720","deg","20.000","°C","977.000","hPa","0.861","-0.02617","0.00035","0","0","13.56","Humid","26.25","0","44.00","378526.04","SABD0000000001","AAV1.0.0.11","4.0.0.2323","PSt7-10","170328-019","7/29/2022 11:23:46 AM","0000-00","0","no battery","V","","µV","","µV"
"08/09/2022","10:27:02","6","default","383292078","Oxt_06","24.995","min","96.375","%a.s.","Humid","20.788","deg","40783","µV","28.089","°C","1016.000","hPa","36.4","pmil","0","55.390","deg","20.000","°C","100.000","%a.s.","21.720","deg","20.000","°C","977.000","hPa","0.861","-0.02617","0.00035","0","0","13.56","Humid","26.25","0","44.00","378524.38","SABD0000000001","AAV1.0.0.11","4.0.0.2323","PSt7-10","170328-019","7/29/2022 11:23:46 AM","0000-00","0","no battery","V","","µV","","µV"
"08/09/2022","10:27:03","6","default","383292078","Oxt_06","25.012","min","96.324","%a.s.","Humid","20.792","deg","40786","µV","28.107","°C","1016.000","hPa","36.4","pmil","0","55.390","deg","20.000","°C","100.000","%a.s.","21.720","deg","20.000","°C","977.000","hPa","0.861","-0.02617","0.00035","0","0","13.56","Humid","26.25","0","44.00","378535.81","SABD0000000001","AAV1.0.0.11","4.0.0.2323","PSt7-10","170328-019","7/29/2022 11:23:46 AM","0000-00","0","no battery","V","","µV","","µV"
"08/09/2022","10:27:04","6","default","383292078","Oxt_06","25.029","min","96.424","%a.s.","Humid","20.778","deg","40788","µV","28.129","°C","1016.000","hPa","36.4","pmil","0","55.390","deg","20.000","°C","100.000","%a.s.","21.720","deg","20.000","°C","977.000","hPa","0.861","-0.02617","0.00035","0","0","13.56","Humid","26.25","0","44.00","378527.54","SABD0000000001","AAV1.0.0.11","4.0.0.2323","PSt7-10","170328-019","7/29/2022 11:23:46 AM","0000-00","0","no battery","V","","µV","","µV"
"08/09/2022","10:27:05","6","default","383292078","Oxt_06","25.045","min","96.304","%a.s.","Humid","20.791","deg","40784","µV","28.137","°C","1016.000","hPa","36.4","pmil","0","55.390","deg","20.000","°C","100.000","%a.s.","21.720","deg","20.000","°C","977.000","hPa","0.861","-0.02617","0.00035","0","0","13.56","Humid","26.25","0","44.00","378529.76","SABD0000000001","AAV1.0.0.11","4.0.0.2323","PSt7-10","170328-019","7/29/2022 11:23:46 AM","0000-00","0","no battery","V","","µV","","µV"
"08/09/2022","10:27:06","6","default","383292078","Oxt_06","25.062","min","96.377","%a.s.","Humid","20.782","deg","40785","µV","28.142","°C","1016.000","hPa","36.4","pmil","0","55.390","deg","20.000","°C","100.000","%a.s.","21.720","deg","20.000","°C","977.000","hPa","0.861","-0.02617","0.00035","0","0","13.56","Humid","26.25","0","44.00","378523.61","SABD0000000001","AAV1.0.0.11","4.0.0.2323","PSt7-10","170328-019","7/29/2022 11:23:46 AM","0000-00","0","no battery","V","","µV","","µV"
"08/09/2022","10:27:07","6","default","383292078","Oxt_06","25.079","min","96.319","%a.s.","Humid","20.791","deg","40785","µV","28.121","°C","1016.000","hPa","36.4","pmil","0","55.390","deg","20.000","°C","100.000","%a.s.","21.720","deg","20.000","°C","977.000","hPa","0.861","-0.02617","0.00035","0","0","13.56","Humid","26.25","0","44.00","378519.97","SABD0000000001","AAV1.0.0.11","4.0.0.2323","PSt7-10","170328-019","7/29/2022 11:23:46 AM","0000-00","0","no battery","V","","µV","","µV"
"08/09/2022","10:27:08","6","default","383292078","Oxt_06","25.095","min","96.412","%a.s.","Humid","20.780","deg","40787","µV","28.123","°C","1016.000","hPa","36.4","pmil","0","55.390","deg","20.000","°C","100.000","%a.s.","21.720","deg","20.000","°C","977.000","hPa","0.861","-0.02617","0.00035","0","0","13.56","Humid","26.25","0","44.00","378518.31","SABD0000000001","AAV1.0.0.11","4.0.0.2323","PSt7-10","170328-019","7/29/2022 11:23:46 AM","0000-00","0","no battery","V","","µV","","µV"
"08/09/2022","10:27:09","6","default","383292078","Oxt_06","25.112","min","96.365","%a.s.","Humid","20.785","deg","40773","µV","28.127","°C","1016.000","hPa","36.4","pmil","0","55.390","deg","20.000","°C","100.000","%a.s.","21.720","deg","20.000","°C","977.000","hPa","0.861","-0.02617","0.00035","0","0","13.56","Humid","26.25","0","44.00","378529.30","SABD0000000001","AAV1.0.0.11","4.0.0.2323","PSt7-10","170328-019","7/29/2022 11:23:46 AM","0000-00","0","no battery","V","","µV","","µV"
"08/09/2022","10:27:10","6","default","383292078","Oxt_06","25.129","min","96.431","%a.s.","Humid","20.777","deg","40782","µV","28.130","°C","1016.000","hPa","36.4","pmil","0","55.390","deg","20.000","°C","100.000","%a.s.","21.720","deg","20.000","°C","977.000","hPa","0.861","-0.02617","0.00035","0","0","13.56","Humid","26.25","0","44.00","378532.22","SABD0000000001","AAV1.0.0.11","4.0.0.2323","PSt7-10","170328-019","7/29/2022 11:23:46 AM","0000-00","0","no battery","V","","µV","","µV"
"08/09/2022","10:27:11","6","default","383292078","Oxt_06","25.145","min","96.402","%a.s.","Humid","20.781","deg","40781","µV","28.125","°C","1016.000","hPa","36.4","pmil","0","55.390","deg","20.000","°C","100.000","%a.s.","21.720","deg","20.000","°C","977.000","hPa","0.861","-0.02617","0.00035","0","0","13.56","Humid","26.25","0","44.00","378520.81","SABD0000000001","AAV1.0.0.11","4.0.0.2323","PSt7-10","170328-019","7/29/2022 11:23:46 AM","0000-00","0","no battery","V","","µV","","µV"
"08/09/2022","10:27:12","6","default","383292078","Oxt_06","25.162","min","96.404","%a.s.","Humid","20.781","deg","40778","µV","28.122","°C","1016.000","hPa","36.4","pmil","0","55.390","deg","20.000","°C","100.000","%a.s.","21.720","deg","20.000","°C","977.000","hPa","0.861","-0.02617","0.00035","0","0","13.56","Humid","26.25","0","44.00","378532.27","SABD0000000001","AAV1.0.0.11","4.0.0.2323","PSt7-10","170328-019","7/29/2022 11:23:46 AM","0000-00","0","no battery","V","","µV","","µV"
"08/09/2022","10:27:13","6","default","383292078","Oxt_06","25.179","min","96.329","%a.s.","Humid","20.791","deg","40780","µV","28.110","°C","1016.000","hPa","36.4","pmil","0","55.390","deg","20.000","°C","100.000","%a.s.","21.720","deg","20.000","°C","977.000","hPa","0.861","-0.02617","0.00035","0","0","13.56","Humid","26.25","0","44.00","378534.75","SABD0000000001","AAV1.0.0.11","4.0.0.2323","PSt7-10","170328-019","7/29/2022 11:23:46 AM","0000-00","0","no battery","V","","µV","","µV"
"08/09/2022","10:27:14","6","default","383292078","Oxt_06","25.195","min","96.345","%a.s.","Humid","20.787","deg","40775","µV","28.130","°C","1016.000","hPa","36.4","pmil","0","55.390","deg","20.000","°C","100.000","%a.s.","21.720","deg","20.000","°C","977.000","hPa","0.861","-0.02617","0.00035","0","0","13.56","Humid","26.25","0","44.00","378518.26","SABD0000000001","AAV1.0.0.11","4.0.0.2323","PSt7-10","170328-019","7/29/2022 11:23:46 AM","0000-00","0","no battery","V","","µV","","µV"
"08/09/2022","10:27:15","6","default","383292078","Oxt_06","25.212","min","96.416","%a.s.","Humid","20.779","deg","40777","µV","28.128","°C","1016.000","hPa","36.4","pmil","0","55.390","deg","20.000","°C","100.000","%a.s.","21.720","deg","20.000","°C","977.000","hPa","0.861","-0.02617","0.00035","0","0","13.56","Humid","26.25","0","44.00","378523.48","SABD0000000001","AAV1.0.0.11","4.0.0.2323","PSt7-10","170328-019","7/29/2022 11:23:46 AM","0000-00","0","no battery","V","","µV","","µV"
"08/09/2022","10:27:16","6","default","383292078","Oxt_06","25.229","min","96.334","%a.s.","Humid","20.790","deg","40777","µV","28.115","°C","1016.000","hPa","36.4","pmil","0","55.390","deg","20.000","°C","100.000","%a.s.","21.720","deg","20.000","°C","977.000","hPa","0.861","-0.02617","0.00035","0","0","13.56","Humid","26.25","0","44.00","378515.19","SABD0000000001","AAV1.0.0.11","4.0.0.2323","PSt7-10","170328-019","7/29/2022 11:23:46 AM","0000-00","0","no battery","V","","µV","","µV"
"08/09/2022","10:27:17","6","default","383292078","Oxt_06","25.245","min","96.427","%a.s.","Humid","20.780","deg","40771","µV","28.107","°C","1016.000","hPa","36.4","pmil","0","55.390","deg","20.000","°C","100.000","%a.s.","21.720","deg","20.000","°C","977.000","hPa","0.861","-0.02617","0.00035","0","0","13.56","Humid","26.25","0","44.00","378514.85","SABD0000000001","AAV1.0.0.11","4.0.0.2323","PSt7-10","170328-019","7/29/2022 11:23:46 AM","0000-00","0","no battery","V","","µV","","µV"
"08/09/2022","10:27:18","6","default","383292078","Oxt_06","25.262","min","96.468","%a.s.","Humid","20.774","deg","40768","µV","28.119","°C","1016.000","hPa","36.4","pmil","0","55.390","deg","20.000","°C","100.000","%a.s.","21.720","deg","20.000","°C","977.000","hPa","0.861","-0.02617","0.00035","0","0","13.56","Humid","26.25","0","44.00","378515.24","SABD0000000001","AAV1.0.0.11","4.0.0.2323","PSt7-10","170328-019","7/29/2022 11:23:46 AM","0000-00","0","no battery","V","","µV","","µV"
"08/09/2022","10:27:19","6","default","383292078","Oxt_06","25.279","min","96.385","%a.s.","Humid","20.783","deg","40770","µV","28.124","°C","1016.000","hPa","36.4","pmil","0","55.390","deg","20.000","°C","100.000","%a.s.","21.720","deg","20.000","°C","977.000","hPa","0.861","-0.02617","0.00035","0","0","13.56","Humid","26.25","0","44.00","378520.34","SABD0000000001","AAV1.0.0.11","4.0.0.2323","PSt7-10","170328-019","7/29/2022 11:23:46 AM","0000-00","0","no battery","V","","µV","","µV"
"08/09/2022","10:27:20","6","default","383292078","Oxt_06","25.296","min","96.367","%a.s.","Humid","20.785","deg","40770","µV","28.125","°C","1016.000","hPa","36.4","pmil","0","55.390","deg","20.000","°C","100.000","%a.s.","21.720","deg","20.000","°C","977.000","hPa","0.861","-0.02617","0.00035","0","0","13.56","Humid","26.25","0","44.00","378510.17","SABD0000000001","AAV1.0.0.11","4.0.0.2323","PSt7-10","170328-019","7/29/2022 11:23:46 AM","0000-00","0","no battery","V","","µV","","µV"
"08/09/2022","10:27:21","6","default","383292078","Oxt_06","25.312","min","96.384","%a.s.","Humid","20.784","deg","40765","µV","28.116","°C","1016.000","hPa","36.4","pmil","0","55.390","deg","20.000","°C","100.000","%a.s.","21.720","deg","20.000","°C","977.000","hPa","0.861","-0.02617","0.00035","0","0","13.56","Humid","26.25","0","44.00","378514.06","SABD0000000001","AAV1.0.0.11","4.0.0.2323","PSt7-10","170328-019","7/29/2022 11:23:46 AM","0000-00","0","no battery","V","","µV","","µV"
"08/09/2022","10:27:22","6","default","383292078","Oxt_06","25.329","min","96.432","%a.s.","Humid","20.778","deg","40766","µV","28.120","°C","1016.000","hPa","36.4","pmil","0","55.390","deg","20.000","°C","100.000","%a.s.","21.720","deg","20.000","°C","977.000","hPa","0.861","-0.02617","0.00035","0","0","13.56","Humid","26.25","0","44.00","378525.29","SABD0000000001","AAV1.0.0.11","4.0.0.2323","PSt7-10","170328-019","7/29/2022 11:23:46 AM","0000-00","0","no battery","V","","µV","","µV"
"08/09/2022","10:27:23","6","default","383292078","Oxt_06","25.346","min","96.469","%a.s.","Humid","20.775","deg","40763","µV","28.108","°C","1016.000","hPa","36.4","pmil","0","55.390","deg","20.000","°C","100.000","%a.s.","21.720","deg","20.000","°C","977.000","hPa","0.861","-0.02617","0.00035","0","0","13.56","Humid","26.25","0","44.00","378501.01","SABD0000000001","AAV1.0.0.11","4.0.0.2323","PSt7-10","170328-019","7/29/2022 11:23:46 AM","0000-00","0","no battery","V","","µV","","µV"
"08/09/2022","10:27:24","6","default","383292078","Oxt_06","25.362","min","96.415","%a.s.","Humid","20.780","deg","40764","µV","28.119","°C","1016.000","hPa","36.4","pmil","0","55.390","deg","20.000","°C","100.000","%a.s.","21.720","deg","20.000","°C","977.000","hPa","0.861","-0.02617","0.00035","0","0","13.56","Humid","26.25","0","44.00","378496.93","SABD0000000001","AAV1.0.0.11","4.0.0.2323","PSt7-10","170328-019","7/29/2022 11:23:46 AM","0000-00","0","no battery","V","","µV","","µV"
"08/09/2022","10:27:25","6","default","383292078","Oxt_06","25.379","min","96.389","%a.s.","Humid","20.782","deg","40759","µV","28.130","°C","1016.000","hPa","36.4","pmil","0","55.390","deg","20.000","°C","100.000","%a.s.","21.720","deg","20.000","°C","977.000","hPa","0.861","-0.02617","0.00035","0","0","13.56","Humid","26.25","0","44.00","378511.57","SABD0000000001","AAV1.0.0.11","4.0.0.2323","PSt7-10","170328-019","7/29/2022 11:23:46 AM","0000-00","0","no battery","V","","µV","","µV"
"08/09/2022","10:27:26","6","default","383292078","Oxt_06","25.396","min","96.448","%a.s.","Humid","20.776","deg","40761","µV","28.121","°C","1016.000","hPa","36.4","pmil","0","55.390","deg","20.000","°C","100.000","%a.s.","21.720","deg","20.000","°C","977.000","hPa","0.861","-0.02617","0.00035","0","0","13.56","Humid","26.25","0","44.00","378505.29","SABD0000000001","AAV1.0.0.11","4.0.0.2323","PSt7-10","170328-019","7/29/2022 11:23:46 AM","0000-00","0","no battery","V","","µV","","µV"
"08/09/2022","10:27:27","6","default","383292078","Oxt_06","25.412","min","96.437","%a.s.","Humid","20.777","deg","40761","µV","28.124","°C","1016.000","hPa","36.4","pmil","0","55.390","deg","20.000","°C","100.000","%a.s.","21.720","deg","20.000","°C","977.000","hPa","0.861","-0.02617","0.00035","0","0","13.56","Humid","26.25","0","44.00","378501.21","SABD0000000001","AAV1.0.0.11","4.0.0.2323","PSt7-10","170328-019","7/29/2022 11:23:46 AM","0000-00","0","no battery","V","","µV","","µV"
"08/09/2022","10:27:28","6","default","383292078","Oxt_06","25.429","min","96.438","%a.s.","Humid","20.777","deg","40763","µV","28.123","°C","1016.000","hPa","36.4","pmil","0","55.390","deg","20.000","°C","100.000","%a.s.","21.720","deg","20.000","°C","977.000","hPa","0.861","-0.02617","0.00035","0","0","13.56","Humid","26.25","0","44.00","378511.75","SABD0000000001","AAV1.0.0.11","4.0.0.2323","PSt7-10","170328-019","7/29/2022 11:23:46 AM","0000-00","0","no battery","V","","µV","","µV"
"08/09/2022","10:27:29","6","default","383292078","Oxt_06","25.446","min","96.504","%a.s.","Humid","20.768","deg","40759","µV","28.135","°C","1016.000","hPa","36.4","pmil","0","55.390","deg","20.000","°C","100.000","%a.s.","21.720","deg","20.000","°C","977.000","hPa","0.861","-0.02617","0.00035","0","0","13.56","Humid","26.25","0","44.00","378502.35","SABD0000000001","AAV1.0.0.11","4.0.0.2323","PSt7-10","170328-019","7/29/2022 11:23:46 AM","0000-00","0","no battery","V","","µV","","µV"
"08/09/2022","10:27:30","6","default","383292078","Oxt_06","25.462","min","96.463","%a.s.","Humid","20.774","deg","40760","µV","28.124","°C","1016.000","hPa","36.4","pmil","0","55.390","deg","20.000","°C","100.000","%a.s.","21.720","deg","20.000","°C","977.000","hPa","0.861","-0.02617","0.00035","0","0","13.56","Humid","26.25","0","44.00","378507.55","SABD0000000001","AAV1.0.0.11","4.0.0.2323","PSt7-10","170328-019","7/29/2022 11:23:46 AM","0000-00","0","no battery","V","","µV","","µV"
"08/09/2022","10:27:31","6","default","383292078","Oxt_06","25.479","min","96.517","%a.s.","Humid","20.768","deg","40764","µV","28.121","°C","1016.000","hPa","36.4","pmil","0","55.390","deg","20.000","°C","100.000","%a.s.","21.720","deg","20.000","°C","977.000","hPa","0.861","-0.02617","0.00035","0","0","13.56","Humid","26.25","0","44.00","378506.21","SABD0000000001","AAV1.0.0.11","4.0.0.2323","PSt7-10","170328-019","7/29/2022 11:23:46 AM","0000-00","0","no battery","V","","µV","","µV"
"08/09/2022","10:27:32","6","default","383292078","Oxt_06","25.496","min","96.493","%a.s.","Humid","20.772","deg","40751","µV","28.110","°C","1016.000","hPa","36.4","pmil","0","55.390","deg","20.000","°C","100.000","%a.s.","21.720","deg","20.000","°C","977.000","hPa","0.861","-0.02617","0.00035","0","0","13.56","Humid","26.25","0","44.00","378508.22","SABD0000000001","AAV1.0.0.11","4.0.0.2323","PSt7-10","170328-019","7/29/2022 11:23:46 AM","0000-00","0","no battery","V","","µV","","µV"
"08/09/2022","10:27:33","6","default","383292078","Oxt_06","25.513","min","96.531","%a.s.","Humid","20.766","deg","40748","µV","28.125","°C","1016.000","hPa","36.4","pmil","0","55.390","deg","20.000","°C","100.000","%a.s.","21.720","deg","20.000","°C","977.000","hPa","0.861","-0.02617","0.00035","0","0","13.56","Humid","26.25","0","44.00","378508.95","SABD0000000001","AAV1.0.0.11","4.0.0.2323","PSt7-10","170328-019","7/29/2022 11:23:46 AM","0000-00","0","no battery","V","","µV","","µV"
"08/09/2022","10:27:34","6","default","383292078","Oxt_06","25.529","min","96.461","%a.s.","Humid","20.774","deg","40756","µV","28.126","°C","1016.000","hPa","36.4","pmil","0","55.390","deg","20.000","°C","100.000","%a.s.","21.720","deg","20.000","°C","977.000","hPa","0.861","-0.02617","0.00035","0","0","13.56","Humid","26.25","0","44.00","378516.35","SABD0000000001","AAV1.0.0.11","4.0.0.2323","PSt7-10","170328-019","7/29/2022 11:23:46 AM","0000-00","0","no battery","V","","µV","","µV"
"08/09/2022","10:27:35","6","default","383292078","Oxt_06","25.545","min","96.515","%a.s.","Humid","20.768","deg","40746","µV","28.124","°C","1016.000","hPa","36.4","pmil","0","55.390","deg","20.000","°C","100.000","%a.s.","21.720","deg","20.000","°C","977.000","hPa","0.861","-0.02617","0.00035","0","0","13.56","Humid","26.25","0","44.00","378510.39","SABD0000000001","AAV1.0.0.11","4.0.0.2323","PSt7-10","170328-019","7/29/2022 11:23:46 AM","0000-00","0","no battery","V","","µV","","µV"
"08/09/2022","10:27:36","6","default","383292078","Oxt_06","25.562","min","96.538","%a.s.","Humid","20.766","deg","40749","µV","28.117","°C","1016.000","hPa","36.4","pmil","0","55.390","deg","20.000","°C","100.000","%a.s.","21.720","deg","20.000","°C","977.000","hPa","0.861","-0.02617","0.00035","0","0","13.56","Humid","26.25","0","44.00","378501.89","SABD0000000001","AAV1.0.0.11","4.0.0.2323","PSt7-10","170328-019","7/29/2022 11:23:46 AM","0000-00","0","no battery","V","","µV","","µV"
"08/09/2022","10:27:37","6","default","383292078","Oxt_06","25.579","min","96.443","%a.s.","Humid","20.777","deg","40751","µV","28.117","°C","1016.000","hPa","36.4","pmil","0","55.390","deg","20.000","°C","100.000","%a.s.","21.720","deg","20.000","°C","977.000","hPa","0.861","-0.02617","0.00035","0","0","13.56","Humid","26.25","0","44.00","378513.65","SABD0000000001","AAV1.0.0.11","4.0.0.2323","PSt7-10","170328-019","7/29/2022 11:23:46 AM","0000-00","0","no battery","V","","µV","","µV"
"08/09/2022","10:27:38","6","default","383292078","Oxt_06","25.595","min","96.417","%a.s.","Humid","20.779","deg","40737","µV","28.127","°C","1016.000","hPa","36.4","pmil","0","55.390","deg","20.000","°C","100.000","%a.s.","21.720","deg","20.000","°C","977.000","hPa","0.861","-0.02617","0.00035","0","0","13.56","Humid","26.25","0","44.00","378504.71","SABD0000000001","AAV1.0.0.11","4.0.0.2323","PSt7-10","170328-019","7/29/2022 11:23:46 AM","0000-00","0","no battery","V","","µV","","µV"
"08/09/2022","10:27:39","6","default","383292078","Oxt_06","25.612","min","96.577","%a.s.","Humid","20.761","deg","40744","µV","28.122","°C","1016.000","hPa","36.4","pmil","0","55.390","deg","20.000","°C","100.000","%a.s.","21.720","deg","20.000","°C","977.000","hPa","0.861","-0.02617","0.00035","0","0","13.56","Humid","26.25","0","44.00","378508.51","SABD0000000001","AAV1.0.0.11","4.0.0.2323","PSt7-10","170328-019","7/29/2022 11:23:46 AM","0000-00","0","no battery","V","","µV","","µV"
"08/09/2022","10:27:40","6","default","383292078","Oxt_06","25.629","min","96.489","%a.s.","Humid","20.772","deg","40741","µV","28.114","°C","1016.000","hPa","36.4","pmil","0","55.390","deg","20.000","°C","100.000","%a.s.","21.720","deg","20.000","°C","977.000","hPa","0.861","-0.02617","0.00035","0","0","13.56","Humid","26.25","0","44.00","378515.20","SABD0000000001","AAV1.0.0.11","4.0.0.2323","PSt7-10","170328-019","7/29/2022 11:23:46 AM","0000-00","0","no battery","V","","µV","","µV"
"08/09/2022","10:27:41","6","default","383292078","Oxt_06","25.645","min","96.531","%a.s.","Humid","20.767","deg","40739","µV","28.115","°C","1016.000","hPa","36.4","pmil","0","55.390","deg","20.000","°C","100.000","%a.s.","21.720","deg","20.000","°C","977.000","hPa","0.861","-0.02617","0.00035","0","0","13.56","Humid","26.25","0","44.00","378513.94","SABD0000000001","AAV1.0.0.11","4.0.0.2323","PSt7-10","170328-019","7/29/2022 11:23:46 AM","0000-00","0","no battery","V","","µV","","µV"
"08/09/2022","10:27:42","6","default","383292078","Oxt_06","25.662","min","96.549","%a.s.","Humid","20.765","deg","40734","µV","28.115","°C","1016.000","hPa","36.4","pmil","0","55.390","deg","20.000","°C","100.000","%a.s.","21.720","deg","20.000","°C","977.000","hPa","0.861","-0.02617","0.00035","0","0","13.56","Humid","26.25","0","44.00","378509.91","SABD0000000001","AAV1.0.0.11","4.0.0.2323","PSt7-10","170328-019","7/29/2022 11:23:46 AM","0000-00","0","no battery","V","","µV","","µV"
"08/09/2022","10:27:43","6","default","383292078","Oxt_06","25.679","min","96.569","%a.s.","Humid","20.761","deg","40732","µV","28.130","°C","1016.000","hPa","36.4","pmil","0","55.390","deg","20.000","°C","100.000","%a.s.","21.720","deg","20.000","°C","977.000","hPa","0.861","-0.02617","0.00035","0","0","13.56","Humid","26.25","0","44.00","378503.34","SABD0000000001","AAV1.0.0.11","4.0.0.2323","PSt7-10","170328-019","7/29/2022 11:23:46 AM","0000-00","0","no battery","V","","µV","","µV"
"08/09/2022","10:27:44","6","default","383292078","Oxt_06","25.696","min","96.617","%a.s.","Humid","20.757","deg","40727","µV","28.116","°C","1016.000","hPa","36.4","pmil","0","55.390","deg","20.000","°C","100.000","%a.s.","21.720","deg","20.000","°C","977.000","hPa","0.861","-0.02617","0.00035","0","0","13.56","Humid","26.25","0","44.00","378497.03","SABD0000000001","AAV1.0.0.11","4.0.0.2323","PSt7-10","170328-019","7/29/2022 11:23:46 AM","0000-00","0","no battery","V","","µV","","µV"
"08/09/2022","10:27:45","6","default","383292078","Oxt_06","25.712","min","96.517","%a.s.","Humid","20.768","deg","40728","µV","28.121","°C","1016.000","hPa","36.4","pmil","0","55.390","deg","20.000","°C","100.000","%a.s.","21.720","deg","20.000","°C","977.000","hPa","0.861","-0.02617","0.00035","0","0","13.56","Humid","26.25","0","44.00","378510.88","SABD0000000001","AAV1.0.0.11","4.0.0.2323","PSt7-10","170328-019","7/29/2022 11:23:46 AM","0000-00","0","no battery","V","","µV","","µV"
"08/09/2022","10:27:46","6","default","383292078","Oxt_06","25.729","min","96.488","%a.s.","Humid","20.771","deg","40728","µV","28.125","°C","1016.000","hPa","36.4","pmil","0","55.390","deg","20.000","°C","100.000","%a.s.","21.720","deg","20.000","°C","977.000","hPa","0.861","-0.02617","0.00035","0","0","13.56","Humid","26.25","0","44.00","378497.81","SABD0000000001","AAV1.0.0.11","4.0.0.2323","PSt7-10","170328-019","7/29/2022 11:23:46 AM","0000-00","0","no battery","V","","µV","","µV"
"08/09/2022","10:27:47","6","default","383292078","Oxt_06","25.746","min","96.520","%a.s.","Humid","20.767","deg","40720","µV","28.128","°C","1016.000","hPa","36.4","pmil","0","55.390","deg","20.000","°C","100.000","%a.s.","21.720","deg","20.000","°C","977.000","hPa","0.861","-0.02617","0.00035","0","0","13.56","Humid","26.25","0","44.00","378497.40","SABD0000000001","AAV1.0.0.11","4.0.0.2323","PSt7-10","170328-019","7/29/2022 11:23:46 AM","0000-00","0","no battery","V","","µV","","µV"
"08/09/2022","10:27:48","6","default","383292078","Oxt_06","25.762","min","96.546","%a.s.","Humid","20.764","deg","40721","µV","28.127","°C","1016.000","hPa","36.4","pmil","0","55.390","deg","20.000","°C","100.000","%a.s.","21.720","deg","20.000","°C","977.000","hPa","0.861","-0.02617","0.00035","0","0","13.56","Humid","26.25","0","44.00","378496.43","SABD0000000001","AAV1.0.0.11","4.0.0.2323","PSt7-10","170328-019","7/29/2022 11:23:46 AM","0000-00","0","no battery","V","","µV","","µV"
"08/09/2022","10:27:49","6","default","383292078","Oxt_06","25.779","min","96.600","%a.s.","Humid","20.759","deg","40719","µV","28.116","°C","1016.000","hPa","36.4","pmil","0","55.390","deg","20.000","°C","100.000","%a.s.","21.720","deg","20.000","°C","977.000","hPa","0.861","-0.02617","0.00035","0","0","13.56","Humid","26.25","0","44.00","378496.96","SABD0000000001","AAV1.0.0.11","4.0.0.2323","PSt7-10","170328-019","7/29/2022 11:23:46 AM","0000-00","0","no battery","V","","µV","","µV"
"08/09/2022","10:27:50","6","default","383292078","Oxt_06","25.796","min","96.623","%a.s.","Humid","20.757","deg","40719","µV","28.110","°C","1016.000","hPa","36.4","pmil","0","55.390","deg","20.000","°C","100.000","%a.s.","21.720","deg","20.000","°C","977.000","hPa","0.861","-0.02617","0.00035","0","0","13.56","Humid","26.25","0","44.00","378499.59","SABD0000000001","AAV1.0.0.11","4.0.0.2323","PSt7-10","170328-019","7/29/2022 11:23:46 AM","0000-00","0","no battery","V","","µV","","µV"
"08/09/2022","10:27:51","6","default","383292078","Oxt_06","25.813","min","96.551","%a.s.","Humid","20.763","deg","40718","µV","28.131","°C","1016.000","hPa","36.4","pmil","0","55.390","deg","20.000","°C","100.000","%a.s.","21.720","deg","20.000","°C","977.000","hPa","0.861","-0.02617","0.00035","0","0","13.56","Humid","26.25","0","44.00","378498.47","SABD0000000001","AAV1.0.0.11","4.0.0.2323","PSt7-10","170328-019","7/29/2022 11:23:46 AM","0000-00","0","no battery","V","","µV","","µV"
"08/09/2022","10:27:52","6","default","383292078","Oxt_06","25.829","min","96.606","%a.s.","Humid","20.757","deg","40726","µV","28.128","°C","1016.000","hPa","36.4","pmil","0","55.390","deg","20.000","°C","100.000","%a.s.","21.720","deg","20.000","°C","977.000","hPa","0.861","-0.02617","0.00035","0","0","13.56","Humid","26.25","0","44.00","378515.52","SABD0000000001","AAV1.0.0.11","4.0.0.2323","PSt7-10","170328-019","7/29/2022 11:23:46 AM","0000-00","0","no battery","V","","µV","","µV"
"08/09/2022","10:27:53","6","default","383292078","Oxt_06","25.846","min","96.611","%a.s.","Humid","20.756","deg","40709","µV","28.132","°C","1016.000","hPa","36.4","pmil","0","55.390","deg","20.000","°C","100.000","%a.s.","21.720","deg","20.000","°C","977.000","hPa","0.861","-0.02617","0.00035","0","0","13.56","Humid","26.25","0","44.00","378506.41","SABD0000000001","AAV1.0.0.11","4.0.0.2323","PSt7-10","170328-019","7/29/2022 11:23:46 AM","0000-00","0","no battery","V","","µV","","µV"
"08/09/2022","10:27:54","6","default","383292078","Oxt_06","25.863","min","96.556","%a.s.","Humid","20.763","deg","40720","µV","28.126","°C","1016.000","hPa","36.4","pmil","0","55.390","deg","20.000","°C","100.000","%a.s.","21.720","deg","20.000","°C","977.000","hPa","0.861","-0.02617","0.00035","0","0","13.56","Humid","26.25","0","44.00","378498.13","SABD0000000001","AAV1.0.0.11","4.0.0.2323","PSt7-10","170328-019","7/29/2022 11:23:46 AM","0000-00","0","no battery","V","","µV","","µV"
"08/09/2022","10:27:55","6","default","383292078","Oxt_06","25.879","min","96.607","%a.s.","Humid","20.756","deg","40714","µV","28.136","°C","1016.000","hPa","36.4","pmil","0","55.390","deg","20.000","°C","100.000","%a.s.","21.720","deg","20.000","°C","977.000","hPa","0.861","-0.02617","0.00035","0","0","13.56","Humid","26.25","0","44.00","378498.69","SABD0000000001","AAV1.0.0.11","4.0.0.2323","PSt7-10","170328-019","7/29/2022 11:23:46 AM","0000-00","0","no battery","V","","µV","","µV"
"08/09/2022","10:27:56","6","default","383292078","Oxt_06","25.895","min","96.641","%a.s.","Humid","20.752","deg","40713","µV","28.136","°C","1016.000","hPa","36.4","pmil","0","55.390","deg","20.000","°C","100.000","%a.s.","21.720","deg","20.000","°C","977.000","hPa","0.861","-0.02617","0.00035","0","0","13.56","Humid","26.25","0","44.00","378512.76","SABD0000000001","AAV1.0.0.11","4.0.0.2323","PSt7-10","170328-019","7/29/2022 11:23:46 AM","0000-00","0","no battery","V","","µV","","µV"
"08/09/2022","10:27:57","6","default","383292078","Oxt_06","25.912","min","96.558","%a.s.","Humid","20.763","deg","40708","µV","28.123","°C","1016.000","hPa","36.4","pmil","0","55.390","deg","20.000","°C","100.000","%a.s.","21.720","deg","20.000","°C","977.000","hPa","0.861","-0.02617","0.00035","0","0","13.56","Humid","26.25","0","44.00","378496.95","SABD0000000001","AAV1.0.0.11","4.0.0.2323","PSt7-10","170328-019","7/29/2022 11:23:46 AM","0000-00","0","no battery","V","","µV","","µV"
"08/09/2022","10:27:58","6","default","383292078","Oxt_06","25.929","min","96.619","%a.s.","Humid","20.757","deg","40712","µV","28.114","°C","1016.000","hPa","36.4","pmil","0","55.390","deg","20.000","°C","100.000","%a.s.","21.720","deg","20.000","°C","977.000","hPa","0.861","-0.02617","0.00035","0","0","13.56","Humid","26.25","0","44.00","378508.45","SABD0000000001","AAV1.0.0.11","4.0.0.2323","PSt7-10","170328-019","7/29/2022 11:23:46 AM","0000-00","0","no battery","V","","µV","","µV"
"08/09/2022","10:27:59","6","default","383292078","Oxt_06","25.945","min","96.643","%a.s.","Humid","20.755","deg","40709","µV","28.106","°C","1016.000","hPa","36.4","pmil","0","55.390","deg","20.000","°C","100.000","%a.s.","21.720","deg","20.000","°C","977.000","hPa","0.861","-0.02617","0.00035","0","0","13.56","Humid","26.25","0","44.00","378499.35","SABD0000000001","AAV1.0.0.11","4.0.0.2323","PSt7-10","170328-019","7/29/2022 11:23:46 AM","0000-00","0","no battery","V","","µV","","µV"
"08/09/2022","10:28:00","6","default","383292078","Oxt_06","25.962","min","96.582","%a.s.","Humid","20.762","deg","40703","µV","28.107","°C","1016.000","hPa","36.4","pmil","0","55.390","deg","20.000","°C","100.000","%a.s.","21.720","deg","20.000","°C","977.000","hPa","0.861","-0.02617","0.00035","0","0","13.56","Humid","26.25","0","44.00","378499.44","SABD0000000001","AAV1.0.0.11","4.0.0.2323","PSt7-10","170328-019","7/29/2022 11:23:46 AM","0000-00","0","no battery","V","","µV","","µV"
"08/09/2022","10:28:01","6","default","383292078","Oxt_06","25.979","min","96.640","%a.s.","Humid","20.755","deg","40706","µV","28.110","°C","1016.000","hPa","36.4","pmil","0","55.390","deg","20.000","°C","100.000","%a.s.","21.720","deg","20.000","°C","977.000","hPa","0.861","-0.02617","0.00035","0","0","13.56","Humid","26.25","0","44.00","378481.86","SABD0000000001","AAV1.0.0.11","4.0.0.2323","PSt7-10","170328-019","7/29/2022 11:23:46 AM","0000-00","0","no battery","V","","µV","","µV"
"08/09/2022","10:28:02","6","default","383292078","Oxt_06","25.995","min","96.627","%a.s.","Humid","20.754","deg","40708","µV","28.133","°C","1016.000","hPa","36.4","pmil","0","55.390","deg","20.000","°C","100.000","%a.s.","21.720","deg","20.000","°C","977.000","hPa","0.861","-0.02617","0.00035","0","0","13.56","Humid","26.25","0","44.00","378500.90","SABD0000000001","AAV1.0.0.11","4.0.0.2323","PSt7-10","170328-019","7/29/2022 11:23:46 AM","0000-00","0","no battery","V","","µV","","µV"
"08/09/2022","10:28:03","6","default","383292078","Oxt_06","26.012","min","96.616","%a.s.","Humid","20.756","deg","40704","µV","28.127","°C","1016.000","hPa","36.4","pmil","0","55.390","deg","20.000","°C","100.000","%a.s.","21.720","deg","20.000","°C","977.000","hPa","0.861","-0.02617","0.00035","0","0","13.56","Humid","26.25","0","44.00","378495.05","SABD0000000001","AAV1.0.0.11","4.0.0.2323","PSt7-10","170328-019","7/29/2022 11:23:46 AM","0000-00","0","no battery","V","","µV","","µV"
"08/09/2022","10:28:04","6","default","383292078","Oxt_06","26.029","min","96.630","%a.s.","Humid","20.754","deg","40704","µV","28.130","°C","1016.000","hPa","36.4","pmil","0","55.390","deg","20.000","°C","100.000","%a.s.","21.720","deg","20.000","°C","977.000","hPa","0.861","-0.02617","0.00035","0","0","13.56","Humid","26.25","0","44.00","378494.55","SABD0000000001","AAV1.0.0.11","4.0.0.2323","PSt7-10","170328-019","7/29/2022 11:23:46 AM","0000-00","0","no battery","V","","µV","","µV"
"08/09/2022","10:28:05","6","default","383292078","Oxt_06","26.045","min","96.696","%a.s.","Humid","20.747","deg","40694","µV","28.124","°C","1016.000","hPa","36.4","pmil","0","55.390","deg","20.000","°C","100.000","%a.s.","21.720","deg","20.000","°C","977.000","hPa","0.861","-0.02617","0.00035","0","0","13.56","Humid","26.25","0","44.00","378497.18","SABD0000000001","AAV1.0.0.11","4.0.0.2323","PSt7-10","170328-019","7/29/2022 11:23:46 AM","0000-00","0","no battery","V","","µV","","µV"
"08/09/2022","10:28:06","6","default","383292078","Oxt_06","26.062","min","96.653","%a.s.","Humid","20.752","deg","40701","µV","28.124","°C","1016.000","hPa","36.4","pmil","0","55.390","deg","20.000","°C","100.000","%a.s.","21.720","deg","20.000","°C","977.000","hPa","0.861","-0.02617","0.00035","0","0","13.56","Humid","26.25","0","44.00","378485.82","SABD0000000001","AAV1.0.0.11","4.0.0.2323","PSt7-10","170328-019","7/29/2022 11:23:46 AM","0000-00","0","no battery","V","","µV","","µV"
"08/09/2022","10:28:07","6","default","383292078","Oxt_06","26.079","min","96.696","%a.s.","Humid","20.747","deg","40699","µV","28.124","°C","1016.000","hPa","36.4","pmil","0","55.390","deg","20.000","°C","100.000","%a.s.","21.720","deg","20.000","°C","977.000","hPa","0.861","-0.02617","0.00035","0","0","13.56","Humid","26.25","0","44.00","378499.54","SABD0000000001","AAV1.0.0.11","4.0.0.2323","PSt7-10","170328-019","7/29/2022 11:23:46 AM","0000-00","0","no battery","V","","µV","","µV"
"08/09/2022","10:28:08","6","default","383292078","Oxt_06","26.095","min","96.624","%a.s.","Humid","20.754","deg","40692","µV","28.136","°C","1016.000","hPa","36.4","pmil","0","55.390","deg","20.000","°C","100.000","%a.s.","21.720","deg","20.000","°C","977.000","hPa","0.861","-0.02617","0.00035","0","0","13.56","Humid","26.25","0","44.00","378502.72","SABD0000000001","AAV1.0.0.11","4.0.0.2323","PSt7-10","170328-019","7/29/2022 11:23:46 AM","0000-00","0","no battery","V","","µV","","µV"
"08/09/2022","10:28:09","6","default","383292078","Oxt_06","26.112","min","96.673","%a.s.","Humid","20.750","deg","40697","µV","28.121","°C","1016.000","hPa","36.4","pmil","0","55.390","deg","20.000","°C","100.000","%a.s.","21.720","deg","20.000","°C","977.000","hPa","0.861","-0.02617","0.00035","0","0","13.56","Humid","26.25","0","44.00","378509.86","SABD0000000001","AAV1.0.0.11","4.0.0.2323","PSt7-10","170328-019","7/29/2022 11:23:46 AM","0000-00","0","no battery","V","","µV","","µV"
"08/09/2022","10:28:10","6","default","383292078","Oxt_06","26.129","min","96.620","%a.s.","Humid","20.757","deg","40693","µV","28.113","°C","1016.000","hPa","36.4","pmil","0","55.390","deg","20.000","°C","100.000","%a.s.","21.720","deg","20.000","°C","977.000","hPa","0.861","-0.02617","0.00035","0","0","13.56","Humid","26.25","0","44.00","378494.69","SABD0000000001","AAV1.0.0.11","4.0.0.2323","PSt7-10","170328-019","7/29/2022 11:23:46 AM","0000-00","0","no battery","V","","µV","","µV"
"08/09/2022","10:28:11","6","default","383292078","Oxt_06","26.145","min","96.681","%a.s.","Humid","20.748","deg","40694","µV","28.131","°C","1016.000","hPa","36.4","pmil","0","55.390","deg","20.000","°C","100.000","%a.s.","21.720","deg","20.000","°C","977.000","hPa","0.861","-0.02617","0.00035","0","0","13.56","Humid","26.25","0","44.00","378500.87","SABD0000000001","AAV1.0.0.11","4.0.0.2323","PSt7-10","170328-019","7/29/2022 11:23:46 AM","0000-00","0","no battery","V","","µV","","µV"
"08/09/2022","10:28:12","6","default","383292078","Oxt_06","26.162","min","96.613","%a.s.","Humid","20.756","deg","40696","µV","28.130","°C","1016.000","hPa","36.4","pmil","0","55.390","deg","20.000","°C","100.000","%a.s.","21.720","deg","20.000","°C","977.000","hPa","0.861","-0.02617","0.00035","0","0","13.56","Humid","26.25","0","44.00","378508.27","SABD0000000001","AAV1.0.0.11","4.0.0.2323","PSt7-10","170328-019","7/29/2022 11:23:46 AM","0000-00","0","no battery","V","","µV","","µV"
"08/09/2022","10:28:13","6","default","383292078","Oxt_06","26.179","min","96.679","%a.s.","Humid","20.748","deg","40693","µV","28.133","°C","1016.000","hPa","36.4","pmil","0","55.390","deg","20.000","°C","100.000","%a.s.","21.720","deg","20.000","°C","977.000","hPa","0.861","-0.02617","0.00035","0","0","13.56","Humid","26.25","0","44.00","378499.39","SABD0000000001","AAV1.0.0.11","4.0.0.2323","PSt7-10","170328-019","7/29/2022 11:23:46 AM","0000-00","0","no battery","V","","µV","","µV"
"08/09/2022","10:28:14","6","default","383292078","Oxt_06","26.195","min","96.731","%a.s.","Humid","20.744","deg","40693","µV","28.114","°C","1016.000","hPa","36.4","pmil","0","55.390","deg","20.000","°C","100.000","%a.s.","21.720","deg","20.000","°C","977.000","hPa","0.861","-0.02617","0.00035","0","0","13.56","Humid","26.25","0","44.00","378487.14","SABD0000000001","AAV1.0.0.11","4.0.0.2323","PSt7-10","170328-019","7/29/2022 11:23:46 AM","0000-00","0","no battery","V","","µV","","µV"
"08/09/2022","10:28:15","6","default","383292078","Oxt_06","26.212","min","96.689","%a.s.","Humid","20.749","deg","40696","µV","28.113","°C","1016.000","hPa","36.4","pmil","0","55.390","deg","20.000","°C","100.000","%a.s.","21.720","deg","20.000","°C","977.000","hPa","0.861","-0.02617","0.00035","0","0","13.56","Humid","26.25","0","44.00","378490.98","SABD0000000001","AAV1.0.0.11","4.0.0.2323","PSt7-10","170328-019","7/29/2022 11:23:46 AM","0000-00","0","no battery","V","","µV","","µV"
"08/09/2022","10:28:16","6","default","383292078","Oxt_06","26.229","min","96.618","%a.s.","Humid","20.756","deg","40685","µV","28.124","°C","1016.000","hPa","36.4","pmil","0","55.390","deg","20.000","°C","100.000","%a.s.","21.720","deg","20.000","°C","977.000","hPa","0.861","-0.02617","0.00035","0","0","13.56","Humid","26.25","0","44.00","378483.03","SABD0000000001","AAV1.0.0.11","4.0.0.2323","PSt7-10","170328-019","7/29/2022 11:23:46 AM","0000-00","0","no battery","V","","µV","","µV"
"08/09/2022","10:28:17","6","default","383292078","Oxt_06","26.246","min","96.740","%a.s.","Humid","20.741","deg","40688","µV","28.132","°C","1016.000","hPa","36.4","pmil","0","55.390","deg","20.000","°C","100.000","%a.s.","21.720","deg","20.000","°C","977.000","hPa","0.861","-0.02617","0.00035","0","0","13.56","Humid","26.25","0","44.00","378490.71","SABD0000000001","AAV1.0.0.11","4.0.0.2323","PSt7-10","170328-019","7/29/2022 11:23:46 AM","0000-00","0","no battery","V","","µV","","µV"
"08/09/2022","10:28:18","6","default","383292078","Oxt_06","26.262","min","96.656","%a.s.","Humid","20.751","deg","40687","µV","28.130","°C","1016.000","hPa","36.4","pmil","0","55.390","deg","20.000","°C","100.000","%a.s.","21.720","deg","20.000","°C","977.000","hPa","0.861","-0.02617","0.00035","0","0","13.56","Humid","26.25","0","44.00","378487.59","SABD0000000001","AAV1.0.0.11","4.0.0.2323","PSt7-10","170328-019","7/29/2022 11:23:46 AM","0000-00","0","no battery","V","","µV","","µV"
"08/09/2022","10:28:19","6","default","383292078","Oxt_06","26.279","min","96.712","%a.s.","Humid","20.746","deg","40684","µV","28.116","°C","1016.000","hPa","36.4","pmil","0","55.390","deg","20.000","°C","100.000","%a.s.","21.720","deg","20.000","°C","977.000","hPa","0.861","-0.02617","0.00035","0","0","13.56","Humid","26.25","0","44.00","378494.59","SABD0000000001","AAV1.0.0.11","4.0.0.2323","PSt7-10","170328-019","7/29/2022 11:23:46 AM","0000-00","0","no battery","V","","µV","","µV"
"08/09/2022","10:28:20","6","default","383292078","Oxt_06","26.296","min","96.726","%a.s.","Humid","20.745","deg","40692","µV","28.110","°C","1016.000","hPa","36.4","pmil","0","55.390","deg","20.000","°C","100.000","%a.s.","21.720","deg","20.000","°C","977.000","hPa","0.861","-0.02617","0.00035","0","0","13.56","Humid","26.25","0","44.00","378495.88","SABD0000000001","AAV1.0.0.11","4.0.0.2323","PSt7-10","170328-019","7/29/2022 11:23:46 AM","0000-00","0","no battery","V","","µV","","µV"
"08/09/2022","10:28:21","6","default","383292078","Oxt_06","26.312","min","96.711","%a.s.","Humid","20.744","deg","40683","µV","28.135","°C","1016.000","hPa","36.4","pmil","0","55.390","deg","20.000","°C","100.000","%a.s.","21.720","deg","20.000","°C","977.000","hPa","0.861","-0.02617","0.00035","0","0","13.56","Humid","26.25","0","44.00","378490.27","SABD0000000001","AAV1.0.0.11","4.0.0.2323","PSt7-10","170328-019","7/29/2022 11:23:46 AM","0000-00","0","no battery","V","","µV","","µV"
"08/09/2022","10:28:22","6","default","383292078","Oxt_06","26.329","min","96.754","%a.s.","Humid","20.739","deg","40682","µV","28.136","°C","1016.000","hPa","36.4","pmil","0","55.390","deg","20.000","°C","100.000","%a.s.","21.720","deg","20.000","°C","977.000","hPa","0.861","-0.02617","0.00035","0","0","13.56","Humid","26.25","0","44.00","378491.52","SABD0000000001","AAV1.0.0.11","4.0.0.2323","PSt7-10","170328-019","7/29/2022 11:23:46 AM","0000-00","0","no battery","V","","µV","","µV"
"08/09/2022","10:28:23","6","default","383292078","Oxt_06","26.346","min","96.696","%a.s.","Humid","20.746","deg","40691","µV","28.133","°C","1016.000","hPa","36.4","pmil","0","55.390","deg","20.000","°C","100.000","%a.s.","21.720","deg","20.000","°C","977.000","hPa","0.861","-0.02617","0.00035","0","0","13.56","Humid","26.25","0","44.00","378493.60","SABD0000000001","AAV1.0.0.11","4.0.0.2323","PSt7-10","170328-019","7/29/2022 11:23:46 AM","0000-00","0","no battery","V","","µV","","µV"
"08/09/2022","10:28:24","6","default","383292078","Oxt_06","26.362","min","96.683","%a.s.","Humid","20.747","deg","40682","µV","28.138","°C","1016.000","hPa","36.4","pmil","0","55.390","deg","20.000","°C","100.000","%a.s.","21.720","deg","20.000","°C","977.000","hPa","0.861","-0.02617","0.00035","0","0","13.56","Humid","26.25","0","44.00","378497.51","SABD0000000001","AAV1.0.0.11","4.0.0.2323","PSt7-10","170328-019","7/29/2022 11:23:46 AM","0000-00","0","no battery","V","","µV","","µV"
"08/09/2022","10:28:25","6","default","383292078","Oxt_06","26.379","min","96.699","%a.s.","Humid","20.746","deg","40678","µV","28.130","°C","1016.000","hPa","36.4","pmil","0","55.390","deg","20.000","°C","100.000","%a.s.","21.720","deg","20.000","°C","977.000","hPa","0.861","-0.02617","0.00035","0","0","13.56","Humid","26.25","0","44.00","378478.35","SABD0000000001","AAV1.0.0.11","4.0.0.2323","PSt7-10","170328-019","7/29/2022 11:23:46 AM","0000-00","0","no battery","V","","µV","","µV"
"08/09/2022","10:28:26","6","default","383292078","Oxt_06","26.396","min","96.783","%a.s.","Humid","20.736","deg","40682","µV","28.133","°C","1016.000","hPa","36.4","pmil","0","55.390","deg","20.000","°C","100.000","%a.s.","21.720","deg","20.000","°C","977.000","hPa","0.861","-0.02617","0.00035","0","0","13.56","Humid","26.25","0","44.00","378481.04","SABD0000000001","AAV1.0.0.11","4.0.0.2323","PSt7-10","170328-019","7/29/2022 11:23:46 AM","0000-00","0","no battery","V","","µV","","µV"
"08/09/2022","10:28:27","6","default","383292078","Oxt_06","26.412","min","96.763","%a.s.","Humid","20.739","deg","40681","µV","28.126","°C","1016.000","hPa","36.4","pmil","0","55.390","deg","20.000","°C","100.000","%a.s.","21.720","deg","20.000","°C","977.000","hPa","0.861","-0.02617","0.00035","0","0","13.56","Humid","26.25","0","44.00","378467.90","SABD0000000001","AAV1.0.0.11","4.0.0.2323","PSt7-10","170328-019","7/29/2022 11:23:46 AM","0000-00","0","no battery","V","","µV","","µV"
"08/09/2022","10:28:28","6","default","383292078","Oxt_06","26.429","min","96.756","%a.s.","Humid","20.740","deg","40678","µV","28.124","°C","1016.000","hPa","36.4","pmil","0","55.390","deg","20.000","°C","100.000","%a.s.","21.720","deg","20.000","°C","977.000","hPa","0.861","-0.02617","0.00035","0","0","13.56","Humid","26.25","0","44.00","378491.94","SABD0000000001","AAV1.0.0.11","4.0.0.2323","PSt7-10","170328-019","7/29/2022 11:23:46 AM","0000-00","0","no battery","V","","µV","","µV"
"08/09/2022","10:28:29","6","default","383292078","Oxt_06","26.446","min","96.747","%a.s.","Humid","20.741","deg","40678","µV","28.125","°C","1016.000","hPa","36.4","pmil","0","55.390","deg","20.000","°C","100.000","%a.s.","21.720","deg","20.000","°C","977.000","hPa","0.861","-0.02617","0.00035","0","0","13.56","Humid","26.25","0","44.00","378476.09","SABD0000000001","AAV1.0.0.11","4.0.0.2323","PSt7-10","170328-019","7/29/2022 11:23:46 AM","0000-00","0","no battery","V","","µV","","µV"
"08/09/2022","10:28:30","6","default","383292078","Oxt_06","26.462","min","96.686","%a.s.","Humid","20.747","deg","40680","µV","28.135","°C","1016.000","hPa","36.4","pmil","0","55.390","deg","20.000","°C","100.000","%a.s.","21.720","deg","20.000","°C","977.000","hPa","0.861","-0.02617","0.00035","0","0","13.56","Humid","26.25","0","44.00","378481.87","SABD0000000001","AAV1.0.0.11","4.0.0.2323","PSt7-10","170328-019","7/29/2022 11:23:46 AM","0000-00","0","no battery","V","","µV","","µV"
"08/09/2022","10:28:31","6","default","383292078","Oxt_06","26.479","min","96.800","%a.s.","Humid","20.735","deg","40672","µV","28.124","°C","1016.000","hPa","36.4","pmil","0","55.390","deg","20.000","°C","100.000","%a.s.","21.720","deg","20.000","°C","977.000","hPa","0.861","-0.02617","0.00035","0","0","13.56","Humid","26.25","0","44.00","378487.60","SABD0000000001","AAV1.0.0.11","4.0.0.2323","PSt7-10","170328-019","7/29/2022 11:23:46 AM","0000-00","0","no battery","V","","µV","","µV"
"08/09/2022","10:28:32","6","default","383292078","Oxt_06","26.496","min","96.762","%a.s.","Humid","20.738","deg","40675","µV","28.137","°C","1016.000","hPa","36.4","pmil","0","55.390","deg","20.000","°C","100.000","%a.s.","21.720","deg","20.000","°C","977.000","hPa","0.861","-0.02617","0.00035","0","0","13.56","Humid","26.25","0","44.00","378465.75","SABD0000000001","AAV1.0.0.11","4.0.0.2323","PSt7-10","170328-019","7/29/2022 11:23:46 AM","0000-00","0","no battery","V","","µV","","µV"
"08/09/2022","10:28:33","6","default","383292078","Oxt_06","26.512","min","96.738","%a.s.","Humid","20.741","deg","40676","µV","28.134","°C","1016.000","hPa","36.4","pmil","0","55.390","deg","20.000","°C","100.000","%a.s.","21.720","deg","20.000","°C","977.000","hPa","0.861","-0.02617","0.00035","0","0","13.56","Humid","26.25","0","44.00","378477.91","SABD0000000001","AAV1.0.0.11","4.0.0.2323","PSt7-10","170328-019","7/29/2022 11:23:46 AM","0000-00","0","no battery","V","","µV","","µV"
"08/09/2022","10:28:34","6","default","383292078","Oxt_06","26.529","min","96.777","%a.s.","Humid","20.737","deg","40671","µV","28.129","°C","1016.000","hPa","36.4","pmil","0","55.390","deg","20.000","°C","100.000","%a.s.","21.720","deg","20.000","°C","977.000","hPa","0.861","-0.02617","0.00035","0","0","13.56","Humid","26.25","0","44.00","378491.73","SABD0000000001","AAV1.0.0.11","4.0.0.2323","PSt7-10","170328-019","7/29/2022 11:23:46 AM","0000-00","0","no battery","V","","µV","","µV"
"08/09/2022","10:28:35","6","default","383292078","Oxt_06","26.546","min","96.809","%a.s.","Humid","20.734","deg","40665","µV","28.123","°C","1016.000","hPa","36.4","pmil","0","55.390","deg","20.000","°C","100.000","%a.s.","21.720","deg","20.000","°C","977.000","hPa","0.861","-0.02617","0.00035","0","0","13.56","Humid","26.25","0","44.00","378487.26","SABD0000000001","AAV1.0.0.11","4.0.0.2323","PSt7-10","170328-019","7/29/2022 11:23:46 AM","0000-00","0","no battery","V","","µV","","µV"
"08/09/2022","10:28:36","6","default","383292078","Oxt_06","26.562","min","96.745","%a.s.","Humid","20.741","deg","40666","µV","28.127","°C","1016.000","hPa","36.4","pmil","0","55.390","deg","20.000","°C","100.000","%a.s.","21.720","deg","20.000","°C","977.000","hPa","0.861","-0.02617","0.00035","0","0","13.56","Humid","26.25","0","44.00","378485.45","SABD0000000001","AAV1.0.0.11","4.0.0.2323","PSt7-10","170328-019","7/29/2022 11:23:46 AM","0000-00","0","no battery","V","","µV","","µV"
"08/09/2022","10:28:37","6","default","383292078","Oxt_06","26.579","min","96.811","%a.s.","Humid","20.735","deg","40665","µV","28.112","°C","1016.000","hPa","36.4","pmil","0","55.390","deg","20.000","°C","100.000","%a.s.","21.720","deg","20.000","°C","977.000","hPa","0.861","-0.02617","0.00035","0","0","13.56","Humid","26.25","0","44.00","378478.47","SABD0000000001","AAV1.0.0.11","4.0.0.2323","PSt7-10","170328-019","7/29/2022 11:23:46 AM","0000-00","0","no battery","V","","µV","","µV"
"08/09/2022","10:28:38","6","default","383292078","Oxt_06","26.596","min","96.751","%a.s.","Humid","20.742","deg","40672","µV","28.111","°C","1016.000","hPa","36.4","pmil","0","55.390","deg","20.000","°C","100.000","%a.s.","21.720","deg","20.000","°C","977.000","hPa","0.861","-0.02617","0.00035","0","0","13.56","Humid","26.25","0","44.00","378483.63","SABD0000000001","AAV1.0.0.11","4.0.0.2323","PSt7-10","170328-019","7/29/2022 11:23:46 AM","0000-00","0","no battery","V","","µV","","µV"
"08/09/2022","10:28:39","6","default","383292078","Oxt_06","26.613","min","96.740","%a.s.","Humid","20.740","deg","40673","µV","28.141","°C","1016.000","hPa","36.4","pmil","0","55.390","deg","20.000","°C","100.000","%a.s.","21.720","deg","20.000","°C","977.000","hPa","0.861","-0.02617","0.00035","0","0","13.56","Humid","26.25","0","44.00","378483.70","SABD0000000001","AAV1.0.0.11","4.0.0.2323","PSt7-10","170328-019","7/29/2022 11:23:46 AM","0000-00","0","no battery","V","","µV","","µV"
"08/09/2022","10:28:40","6","default","383292078","Oxt_06","26.629","min","96.754","%a.s.","Humid","20.738","deg","40662","µV","28.146","°C","1016.000","hPa","36.4","pmil","0","55.390","deg","20.000","°C","100.000","%a.s.","21.720","deg","20.000","°C","977.000","hPa","0.861","-0.02617","0.00035","0","0","13.56","Humid","26.25","0","44.00","378475.77","SABD0000000001","AAV1.0.0.11","4.0.0.2323","PSt7-10","170328-019","7/29/2022 11:23:46 AM","0000-00","0","no battery","V","","µV","","µV"
"08/09/2022","10:28:41","6","default","383292078","Oxt_06","26.645","min","96.764","%a.s.","Humid","20.738","deg","40667","µV","28.134","°C","1016.000","hPa","36.4","pmil","0","55.390","deg","20.000","°C","100.000","%a.s.","21.720","deg","20.000","°C","977.000","hPa","0.861","-0.02617","0.00035","0","0","13.56","Humid","26.25","0","44.00","378489.44","SABD0000000001","AAV1.0.0.11","4.0.0.2323","PSt7-10","170328-019","7/29/2022 11:23:46 AM","0000-00","0","no battery","V","","µV","","µV"
"08/09/2022","10:28:42","6","default","383292078","Oxt_06","26.662","min","96.809","%a.s.","Humid","20.732","deg","40662","µV","28.142","°C","1016.000","hPa","36.4","pmil","0","55.390","deg","20.000","°C","100.000","%a.s.","21.720","deg","20.000","°C","977.000","hPa","0.861","-0.02617","0.00035","0","0","13.56","Humid","26.25","0","44.00","378470.59","SABD0000000001","AAV1.0.0.11","4.0.0.2323","PSt7-10","170328-019","7/29/2022 11:23:46 AM","0000-00","0","no battery","V","","µV","","µV"
"08/09/2022","10:28:43","6","default","383292078","Oxt_06","26.679","min","96.820","%a.s.","Humid","20.733","deg","40662","µV","28.121","°C","1016.000","hPa","36.4","pmil","0","55.390","deg","20.000","°C","100.000","%a.s.","21.720","deg","20.000","°C","977.000","hPa","0.861","-0.02617","0.00035","0","0","13.56","Humid","26.25","0","44.00","378482.76","SABD0000000001","AAV1.0.0.11","4.0.0.2323","PSt7-10","170328-019","7/29/2022 11:23:46 AM","0000-00","0","no battery","V","","µV","","µV"
"08/09/2022","10:28:44","6","default","383292078","Oxt_06","26.695","min","96.783","%a.s.","Humid","20.736","deg","40658","µV","28.132","°C","1016.000","hPa","36.4","pmil","0","55.390","deg","20.000","°C","100.000","%a.s.","21.720","deg","20.000","°C","977.000","hPa","0.861","-0.02617","0.00035","0","0","13.56","Humid","26.25","0","44.00","378469.19","SABD0000000001","AAV1.0.0.11","4.0.0.2323","PSt7-10","170328-019","7/29/2022 11:23:46 AM","0000-00","0","no battery","V","","µV","","µV"
"08/09/2022","10:28:45","6","default","383292078","Oxt_06","26.712","min","96.753","%a.s.","Humid","20.739","deg","40659","µV","28.137","°C","1016.000","hPa","36.4","pmil","0","55.390","deg","20.000","°C","100.000","%a.s.","21.720","deg","20.000","°C","977.000","hPa","0.861","-0.02617","0.00035","0","0","13.56","Humid","26.25","0","44.00","378482.90","SABD0000000001","AAV1.0.0.11","4.0.0.2323","PSt7-10","170328-019","7/29/2022 11:23:46 AM","0000-00","0","no battery","V","","µV","","µV"
"08/09/2022","10:28:46","6","default","383292078","Oxt_06","26.729","min","96.775","%a.s.","Humid","20.737","deg","40654","µV","28.132","°C","1016.000","hPa","36.4","pmil","0","55.390","deg","20.000","°C","100.000","%a.s.","21.720","deg","20.000","°C","977.000","hPa","0.861","-0.02617","0.00035","0","0","13.56","Humid","26.25","0","44.00","378476.21","SABD0000000001","AAV1.0.0.11","4.0.0.2323","PSt7-10","170328-019","7/29/2022 11:23:46 AM","0000-00","0","no battery","V","","µV","","µV"
"08/09/2022","10:28:47","6","default","383292078","Oxt_06","26.745","min","96.803","%a.s.","Humid","20.735","deg","40656","µV","28.120","°C","1016.000","hPa","36.4","pmil","0","55.390","deg","20.000","°C","100.000","%a.s.","21.720","deg","20.000","°C","977.000","hPa","0.861","-0.02617","0.00035","0","0","13.56","Humid","26.25","0","44.00","378469.46","SABD0000000001","AAV1.0.0.11","4.0.0.2323","PSt7-10","170328-019","7/29/2022 11:23:46 AM","0000-00","0","no battery","V","","µV","","µV"
"08/09/2022","10:28:48","6","default","383292078","Oxt_06","26.762","min","96.860","%a.s.","Humid","20.728","deg","40651","µV","28.125","°C","1016.000","hPa","36.4","pmil","0","55.390","deg","20.000","°C","100.000","%a.s.","21.720","deg","20.000","°C","977.000","hPa","0.861","-0.02617","0.00035","0","0","13.56","Humid","26.25","0","44.00","378451.83","SABD0000000001","AAV1.0.0.11","4.0.0.2323","PSt7-10","170328-019","7/29/2022 11:23:46 AM","0000-00","0","no battery","V","","µV","","µV"
"08/09/2022","10:28:49","6","default","383292078","Oxt_06","26.779","min","96.858","%a.s.","Humid","20.728","deg","40658","µV","28.126","°C","1016.000","hPa","36.4","pmil","0","55.390","deg","20.000","°C","100.000","%a.s.","21.720","deg","20.000","°C","977.000","hPa","0.861","-0.02617","0.00035","0","0","13.56","Humid","26.25","0","44.00","378453.75","SABD0000000001","AAV1.0.0.11","4.0.0.2323","PSt7-10","170328-019","7/29/2022 11:23:46 AM","0000-00","0","no battery","V","","µV","","µV"
"08/09/2022","10:28:50","6","default","383292078","Oxt_06","26.795","min","96.827","%a.s.","Humid","20.731","deg","40657","µV","28.132","°C","1016.000","hPa","36.4","pmil","0","55.390","deg","20.000","°C","100.000","%a.s.","21.720","deg","20.000","°C","977.000","hPa","0.861","-0.02617","0.00035","0","0","13.56","Humid","26.25","0","44.00","378460.15","SABD0000000001","AAV1.0.0.11","4.0.0.2323","PSt7-10","170328-019","7/29/2022 11:23:46 AM","0000-00","0","no battery","V","","µV","","µV"
"08/09/2022","10:28:51","6","default","383292078","Oxt_06","26.812","min","96.848","%a.s.","Humid","20.729","deg","40652","µV","28.128","°C","1016.000","hPa","36.4","pmil","0","55.390","deg","20.000","°C","100.000","%a.s.","21.720","deg","20.000","°C","977.000","hPa","0.861","-0.02617","0.00035","0","0","13.56","Humid","26.25","0","44.00","378461.44","SABD0000000001","AAV1.0.0.11","4.0.0.2323","PSt7-10","170328-019","7/29/2022 11:23:46 AM","0000-00","0","no battery","V","","µV","","µV"
"08/09/2022","10:28:52","6","default","383292078","Oxt_06","26.829","min","96.841","%a.s.","Humid","20.731","deg","40644","µV","28.117","°C","1016.000","hPa","36.4","pmil","0","55.390","deg","20.000","°C","100.000","%a.s.","21.720","deg","20.000","°C","977.000","hPa","0.861","-0.02617","0.00035","0","0","13.56","Humid","26.25","0","44.00","378459.55","SABD0000000001","AAV1.0.0.11","4.0.0.2323","PSt7-10","170328-019","7/29/2022 11:23:46 AM","0000-00","0","no battery","V","","µV","","µV"
"08/09/2022","10:28:53","6","default","383292078","Oxt_06","26.846","min","96.804","%a.s.","Humid","20.735","deg","40653","µV","28.119","°C","1016.000","hPa","36.4","pmil","0","55.390","deg","20.000","°C","100.000","%a.s.","21.720","deg","20.000","°C","977.000","hPa","0.861","-0.02617","0.00035","0","0","13.56","Humid","26.25","0","44.00","378443.99","SABD0000000001","AAV1.0.0.11","4.0.0.2323","PSt7-10","170328-019","7/29/2022 11:23:46 AM","0000-00","0","no battery","V","","µV","","µV"
"08/09/2022","10:28:54","6","default","383292078","Oxt_06","26.862","min","96.854","%a.s.","Humid","20.729","deg","40643","µV","28.121","°C","1016.000","hPa","36.4","pmil","0","55.390","deg","20.000","°C","100.000","%a.s.","21.720","deg","20.000","°C","977.000","hPa","0.861","-0.02617","0.00035","0","0","13.56","Humid","26.25","0","44.00","378440.90","SABD0000000001","AAV1.0.0.11","4.0.0.2323","PSt7-10","170328-019","7/29/2022 11:23:46 AM","0000-00","0","no battery","V","","µV","","µV"
"08/09/2022","10:28:55","6","default","383292078","Oxt_06","26.879","min","96.888","%a.s.","Humid","20.725","deg","40646","µV","28.122","°C","1016.000","hPa","36.4","pmil","0","55.390","deg","20.000","°C","100.000","%a.s.","21.720","deg","20.000","°C","977.000","hPa","0.861","-0.02617","0.00035","0","0","13.56","Humid","26.25","0","44.00","378465.44","SABD0000000001","AAV1.0.0.11","4.0.0.2323","PSt7-10","170328-019","7/29/2022 11:23:46 AM","0000-00","0","no battery","V","","µV","","µV"
"08/09/2022","10:28:56","6","default","383292078","Oxt_06","26.896","min","96.875","%a.s.","Humid","20.727","deg","40646","µV","28.118","°C","1016.000","hPa","36.4","pmil","0","55.390","deg","20.000","°C","100.000","%a.s.","21.720","deg","20.000","°C","977.000","hPa","0.861","-0.02617","0.00035","0","0","13.56","Humid","26.25","0","44.00","378461.88","SABD0000000001","AAV1.0.0.11","4.0.0.2323","PSt7-10","170328-019","7/29/2022 11:23:46 AM","0000-00","0","no battery","V","","µV","","µV"
"08/09/2022","10:28:57","6","default","383292078","Oxt_06","26.912","min","96.931","%a.s.","Humid","20.721","deg","40635","µV","28.113","°C","1016.000","hPa","36.4","pmil","0","55.390","deg","20.000","°C","100.000","%a.s.","21.720","deg","20.000","°C","977.000","hPa","0.861","-0.02617","0.00035","0","0","13.56","Humid","26.25","0","44.00","378456.84","SABD0000000001","AAV1.0.0.11","4.0.0.2323","PSt7-10","170328-019","7/29/2022 11:23:46 AM","0000-00","0","no battery","V","","µV","","µV"
"08/09/2022","10:28:58","6","default","383292078","Oxt_06","26.929","min","96.839","%a.s.","Humid","20.731","deg","40639","µV","28.119","°C","1016.000","hPa","36.4","pmil","0","55.390","deg","20.000","°C","100.000","%a.s.","21.720","deg","20.000","°C","977.000","hPa","0.861","-0.02617","0.00035","0","0","13.56","Humid","26.25","0","44.00","378474.36","SABD0000000001","AAV1.0.0.11","4.0.0.2323","PSt7-10","170328-019","7/29/2022 11:23:46 AM","0000-00","0","no battery","V","","µV","","µV"
"08/09/2022","10:28:59","6","default","383292078","Oxt_06","26.946","min","96.897","%a.s.","Humid","20.723","deg","40640","µV","28.132","°C","1016.000","hPa","36.4","pmil","0","55.390","deg","20.000","°C","100.000","%a.s.","21.720","deg","20.000","°C","977.000","hPa","0.861","-0.02617","0.00035","0","0","13.56","Humid","26.25","0","44.00","378455.50","SABD0000000001","AAV1.0.0.11","4.0.0.2323","PSt7-10","170328-019","7/29/2022 11:23:46 AM","0000-00","0","no battery","V","","µV","","µV"
"08/09/2022","10:29:00","6","default","383292078","Oxt_06","26.962","min","96.900","%a.s.","Humid","20.723","deg","40634","µV","28.128","°C","1016.000","hPa","36.4","pmil","0","55.390","deg","20.000","°C","100.000","%a.s.","21.720","deg","20.000","°C","977.000","hPa","0.861","-0.02617","0.00035","0","0","13.56","Humid","26.25","0","44.00","378464.56","SABD0000000001","AAV1.0.0.11","4.0.0.2323","PSt7-10","170328-019","7/29/2022 11:23:46 AM","0000-00","0","no battery","V","","µV","","µV"
"08/09/2022","10:29:01","6","default","383292078","Oxt_06","26.979","min","96.967","%a.s.","Humid","20.716","deg","40629","µV","28.122","°C","1016.000","hPa","36.4","pmil","0","55.390","deg","20.000","°C","100.000","%a.s.","21.720","deg","20.000","°C","977.000","hPa","0.861","-0.02617","0.00035","0","0","13.56","Humid","26.25","0","44.00","378450.49","SABD0000000001","AAV1.0.0.11","4.0.0.2323","PSt7-10","170328-019","7/29/2022 11:23:46 AM","0000-00","0","no battery","V","","µV","","µV"
"08/09/2022","10:29:02","6","default","383292078","Oxt_06","26.996","min","96.893","%a.s.","Humid","20.724","deg","40632","µV","28.126","°C","1016.000","hPa","36.4","pmil","0","55.390","deg","20.000","°C","100.000","%a.s.","21.720","deg","20.000","°C","977.000","hPa","0.861","-0.02617","0.00035","0","0","13.56","Humid","26.25","0","44.00","378454.05","SABD0000000001","AAV1.0.0.11","4.0.0.2323","PSt7-10","170328-019","7/29/2022 11:23:46 AM","0000-00","0","no battery","V","","µV","","µV"
"08/09/2022","10:29:03","6","default","383292078","Oxt_06","27.012","min","96.915","%a.s.","Humid","20.722","deg","40629","µV","28.121","°C","1016.000","hPa","36.4","pmil","0","55.390","deg","20.000","°C","100.000","%a.s.","21.720","deg","20.000","°C","977.000","hPa","0.861","-0.02617","0.00035","0","0","13.56","Humid","26.25","0","44.00","378449.56","SABD0000000001","AAV1.0.0.11","4.0.0.2323","PSt7-10","170328-019","7/29/2022 11:23:46 AM","0000-00","0","no battery","V","","µV","","µV"
"08/09/2022","10:29:04","6","default","383292078","Oxt_06","27.029","min","96.896","%a.s.","Humid","20.723","deg","40625","µV","28.133","°C","1016.000","hPa","36.4","pmil","0","55.390","deg","20.000","°C","100.000","%a.s.","21.720","deg","20.000","°C","977.000","hPa","0.861","-0.02617","0.00035","0","0","13.56","Humid","26.25","0","44.00","378443.14","SABD0000000001","AAV1.0.0.11","4.0.0.2323","PSt7-10","170328-019","7/29/2022 11:23:46 AM","0000-00","0","no battery","V","","µV","","µV"
"08/09/2022","10:29:05","6","default","383292078","Oxt_06","27.046","min","96.931","%a.s.","Humid","20.719","deg","40629","µV","28.131","°C","1016.000","hPa","36.4","pmil","0","55.390","deg","20.000","°C","100.000","%a.s.","21.720","deg","20.000","°C","977.000","hPa","0.861","-0.02617","0.00035","0","0","13.56","Humid","26.25","0","44.00","378443.35","SABD0000000001","AAV1.0.0.11","4.0.0.2323","PSt7-10","170328-019","7/29/2022 11:23:46 AM","0000-00","0","no battery","V","","µV","","µV"
"08/09/2022","10:29:06","6","default","383292078","Oxt_06","27.063","min","96.924","%a.s.","Humid","20.721","deg","40624","µV","28.121","°C","1016.000","hPa","36.4","pmil","0","55.390","deg","20.000","°C","100.000","%a.s.","21.720","deg","20.000","°C","977.000","hPa","0.861","-0.02617","0.00035","0","0","13.56","Humid","26.25","0","44.00","378443.29","SABD0000000001","AAV1.0.0.11","4.0.0.2323","PSt7-10","170328-019","7/29/2022 11:23:46 AM","0000-00","0","no battery","V","","µV","","µV"
"08/09/2022","10:29:07","6","default","383292078","Oxt_06","27.079","min","96.959","%a.s.","Humid","20.717","deg","40627","µV","28.120","°C","1016.000","hPa","36.4","pmil","0","55.390","deg","20.000","°C","100.000","%a.s.","21.720","deg","20.000","°C","977.000","hPa","0.861","-0.02617","0.00035","0","0","13.56","Humid","26.25","0","44.00","378445.16","SABD0000000001","AAV1.0.0.11","4.0.0.2323","PSt7-10","170328-019","7/29/2022 11:23:46 AM","0000-00","0","no battery","V","","µV","","µV"
"08/09/2022","10:29:08","6","default","383292078","Oxt_06","27.096","min","96.929","%a.s.","Humid","20.720","deg","40620","µV","28.125","°C","1016.000","hPa","36.4","pmil","0","55.390","deg","20.000","°C","100.000","%a.s.","21.720","deg","20.000","°C","977.000","hPa","0.861","-0.02617","0.00035","0","0","13.56","Humid","26.25","0","44.00","378457.51","SABD0000000001","AAV1.0.0.11","4.0.0.2323","PSt7-10","170328-019","7/29/2022 11:23:46 AM","0000-00","0","no battery","V","","µV","","µV"
"08/09/2022","10:29:09","6","default","383292078","Oxt_06","27.112","min","96.897","%a.s.","Humid","20.723","deg","40618","µV","28.131","°C","1016.000","hPa","36.4","pmil","0","55.390","deg","20.000","°C","100.000","%a.s.","21.720","deg","20.000","°C","977.000","hPa","0.861","-0.02617","0.00035","0","0","13.56","Humid","26.25","0","44.00","378452.03","SABD0000000001","AAV1.0.0.11","4.0.0.2323","PSt7-10","170328-019","7/29/2022 11:23:46 AM","0000-00","0","no battery","V","","µV","","µV"
"08/09/2022","10:29:10","6","default","383292078","Oxt_06","27.129","min","96.909","%a.s.","Humid","20.722","deg","40615","µV","28.128","°C","1016.000","hPa","36.4","pmil","0","55.390","deg","20.000","°C","100.000","%a.s.","21.720","deg","20.000","°C","977.000","hPa","0.861","-0.02617","0.00035","0","0","13.56","Humid","26.25","0","44.00","378448.77","SABD0000000001","AAV1.0.0.11","4.0.0.2323","PSt7-10","170328-019","7/29/2022 11:23:46 AM","0000-00","0","no battery","V","","µV","","µV"
"08/09/2022","10:29:11","6","default","383292078","Oxt_06","27.145","min","96.925","%a.s.","Humid","20.721","deg","40614","µV","28.120","°C","1016.000","hPa","36.4","pmil","0","55.390","deg","20.000","°C","100.000","%a.s.","21.720","deg","20.000","°C","977.000","hPa","0.861","-0.02617","0.00035","0","0","13.56","Humid","26.25","0","44.00","378440.96","SABD0000000001","AAV1.0.0.11","4.0.0.2323","PSt7-10","170328-019","7/29/2022 11:23:46 AM","0000-00","0","no battery","V","","µV","","µV"
"08/09/2022","10:29:12","6","default","383292078","Oxt_06","27.162","min","96.952","%a.s.","Humid","20.718","deg","40615","µV","28.119","°C","1016.000","hPa","36.4","pmil","0","55.390","deg","20.000","°C","100.000","%a.s.","21.720","deg","20.000","°C","977.000","hPa","0.861","-0.02617","0.00035","0","0","13.56","Humid","26.25","0","44.00","378443.05","SABD0000000001","AAV1.0.0.11","4.0.0.2323","PSt7-10","170328-019","7/29/2022 11:23:46 AM","0000-00","0","no battery","V","","µV","","µV"
"08/09/2022","10:29:13","6","default","383292078","Oxt_06","27.179","min","96.901","%a.s.","Humid","20.723","deg","40615","µV","28.127","°C","1016.000","hPa","36.4","pmil","0","55.390","deg","20.000","°C","100.000","%a.s.","21.720","deg","20.000","°C","977.000","hPa","0.861","-0.02617","0.00035","0","0","13.56","Humid","26.25","0","44.00","378443.44","SABD0000000001","AAV1.0.0.11","4.0.0.2323","PSt7-10","170328-019","7/29/2022 11:23:46 AM","0000-00","0","no battery","V","","µV","","µV"
"08/09/2022","10:29:14","6","default","383292078","Oxt_06","27.195","min","96.978","%a.s.","Humid","20.714","deg","40616","µV","28.128","°C","1016.000","hPa","36.4","pmil","0","55.390","deg","20.000","°C","100.000","%a.s.","21.720","deg","20.000","°C","977.000","hPa","0.861","-0.02617","0.00035","0","0","13.56","Humid","26.25","0","44.00","378450.69","SABD0000000001","AAV1.0.0.11","4.0.0.2323","PSt7-10","170328-019","7/29/2022 11:23:46 AM","0000-00","0","no battery","V","","µV","","µV"
"08/09/2022","10:29:15","6","default","383292078","Oxt_06","27.212","min","96.981","%a.s.","Humid","20.714","deg","40611","µV","28.125","°C","1016.000","hPa","36.4","pmil","0","55.390","deg","20.000","°C","100.000","%a.s.","21.720","deg","20.000","°C","977.000","hPa","0.861","-0.02617","0.00035","0","0","13.56","Humid","26.25","0","44.00","378447.59","SABD0000000001","AAV1.0.0.11","4.0.0.2323","PSt7-10","170328-019","7/29/2022 11:23:46 AM","0000-00","0","no battery","V","","µV","","µV"
"08/09/2022","10:29:16","6","default","383292078","Oxt_06","27.229","min","96.941","%a.s.","Humid","20.721","deg","40611","µV","28.103","°C","1016.000","hPa","36.4","pmil","0","55.390","deg","20.000","°C","100.000","%a.s.","21.720","deg","20.000","°C","977.000","hPa","0.861","-0.02617","0.00035","0","0","13.56","Humid","26.25","0","44.00","378443.23","SABD0000000001","AAV1.0.0.11","4.0.0.2323","PSt7-10","170328-019","7/29/2022 11:23:46 AM","0000-00","0","no battery","V","","µV","","µV"
"08/09/2022","10:29:17","6","default","383292078","Oxt_06","27.245","min","96.959","%a.s.","Humid","20.717","deg","40609","µV","28.120","°C","1016.000","hPa","36.4","pmil","0","55.390","deg","20.000","°C","100.000","%a.s.","21.720","deg","20.000","°C","977.000","hPa","0.861","-0.02617","0.00035","0","0","13.56","Humid","26.25","0","44.00","378437.62","SABD0000000001","AAV1.0.0.11","4.0.0.2323","PSt7-10","170328-019","7/29/2022 11:23:46 AM","0000-00","0","no battery","V","","µV","","µV"
"08/09/2022","10:29:18","6","default","383292078","Oxt_06","27.262","min","96.972","%a.s.","Humid","20.714","deg","40604","µV","28.135","°C","1016.000","hPa","36.4","pmil","0","55.390","deg","20.000","°C","100.000","%a.s.","21.720","deg","20.000","°C","977.000","hPa","0.861","-0.02617","0.00035","0","0","13.56","Humid","26.25","0","44.00","378440.00","SABD0000000001","AAV1.0.0.11","4.0.0.2323","PSt7-10","170328-019","7/29/2022 11:23:46 AM","0000-00","0","no battery","V","","µV","","µV"
"08/09/2022","10:29:19","6","default","383292078","Oxt_06","27.279","min","96.977","%a.s.","Humid","20.713","deg","40614","µV","28.138","°C","1016.000","hPa","36.4","pmil","0","55.390","deg","20.000","°C","100.000","%a.s.","21.720","deg","20.000","°C","977.000","hPa","0.861","-0.02617","0.00035","0","0","13.56","Humid","26.25","0","44.00","378431.36","SABD0000000001","AAV1.0.0.11","4.0.0.2323","PSt7-10","170328-019","7/29/2022 11:23:46 AM","0000-00","0","no battery","V","","µV","","µV"
"08/09/2022","10:29:20","6","default","383292078","Oxt_06","27.295","min","96.938","%a.s.","Humid","20.717","deg","40609","µV","28.143","°C","1016.000","hPa","36.4","pmil","0","55.390","deg","20.000","°C","100.000","%a.s.","21.720","deg","20.000","°C","977.000","hPa","0.861","-0.02617","0.00035","0","0","13.56","Humid","26.25","0","44.00","378437.36","SABD0000000001","AAV1.0.0.11","4.0.0.2323","PSt7-10","170328-019","7/29/2022 11:23:46 AM","0000-00","0","no battery","V","","µV","","µV"
"08/09/2022","10:29:21","6","default","383292078","Oxt_06","27.312","min","96.996","%a.s.","Humid","20.712","deg","40603","µV","28.128","°C","1016.000","hPa","36.4","pmil","0","55.390","deg","20.000","°C","100.000","%a.s.","21.720","deg","20.000","°C","977.000","hPa","0.861","-0.02617","0.00035","0","0","13.56","Humid","26.25","0","44.00","378430.40","SABD0000000001","AAV1.0.0.11","4.0.0.2323","PSt7-10","170328-019","7/29/2022 11:23:46 AM","0000-00","0","no battery","V","","µV","","µV"
"08/09/2022","10:29:22","6","default","383292078","Oxt_06","27.329","min","96.976","%a.s.","Humid","20.715","deg","40597","µV","28.121","°C","1016.000","hPa","36.4","pmil","0","55.390","deg","20.000","°C","100.000","%a.s.","21.720","deg","20.000","°C","977.000","hPa","0.861","-0.02617","0.00035","0","0","13.56","Humid","26.25","0","44.00","378441.03","SABD0000000001","AAV1.0.0.11","4.0.0.2323","PSt7-10","170328-019","7/29/2022 11:23:46 AM","0000-00","0","no battery","V","","µV","","µV"
"08/09/2022","10:29:23","6","default","383292078","Oxt_06","27.346","min","96.941","%a.s.","Humid","20.718","deg","40600","µV","28.130","°C","1016.000","hPa","36.4","pmil","0","55.390","deg","20.000","°C","100.000","%a.s.","21.720","deg","20.000","°C","977.000","hPa","0.861","-0.02617","0.00035","0","0","13.56","Humid","26.25","0","44.00","378437.27","SABD0000000001","AAV1.0.0.11","4.0.0.2323","PSt7-10","170328-019","7/29/2022 11:23:46 AM","0000-00","0","no battery","V","","µV","","µV"
"08/09/2022","10:29:24","6","default","383292078","Oxt_06","27.362","min","96.998","%a.s.","Humid","20.712","deg","40599","µV","28.125","°C","1016.000","hPa","36.4","pmil","0","55.390","deg","20.000","°C","100.000","%a.s.","21.720","deg","20.000","°C","977.000","hPa","0.861","-0.02617","0.00035","0","0","13.56","Humid","26.25","0","44.00","378441.40","SABD0000000001","AAV1.0.0.11","4.0.0.2323","PSt7-10","170328-019","7/29/2022 11:23:46 AM","0000-00","0","no battery","V","","µV","","µV"
"08/09/2022","10:29:25","6","default","383292078","Oxt_06","27.379","min","97.055","%a.s.","Humid","20.706","deg","40599","µV","28.120","°C","1016.000","hPa","36.4","pmil","0","55.390","deg","20.000","°C","100.000","%a.s.","21.720","deg","20.000","°C","977.000","hPa","0.861","-0.02617","0.00035","0","0","13.56","Humid","26.25","0","44.00","378437.46","SABD0000000001","AAV1.0.0.11","4.0.0.2323","PSt7-10","170328-019","7/29/2022 11:23:46 AM","0000-00","0","no battery","V","","µV","","µV"
"08/09/2022","10:29:26","6","default","383292078","Oxt_06","27.396","min","97.041","%a.s.","Humid","20.709","deg","40599","µV","28.107","°C","1016.000","hPa","36.4","pmil","0","55.390","deg","20.000","°C","100.000","%a.s.","21.720","deg","20.000","°C","977.000","hPa","0.861","-0.02617","0.00035","0","0","13.56","Humid","26.25","0","44.00","378433.31","SABD0000000001","AAV1.0.0.11","4.0.0.2323","PSt7-10","170328-019","7/29/2022 11:23:46 AM","0000-00","0","no battery","V","","µV","","µV"
"08/09/2022","10:29:27","6","default","383292078","Oxt_06","27.412","min","97.013","%a.s.","Humid","20.710","deg","40589","µV","28.128","°C","1016.000","hPa","36.4","pmil","0","55.390","deg","20.000","°C","100.000","%a.s.","21.720","deg","20.000","°C","977.000","hPa","0.861","-0.02617","0.00035","0","0","13.56","Humid","26.25","0","44.00","378428.50","SABD0000000001","AAV1.0.0.11","4.0.0.2323","PSt7-10","170328-019","7/29/2022 11:23:46 AM","0000-00","0","no battery","V","","µV","","µV"
"08/09/2022","10:29:28","6","default","383292078","Oxt_06","27.429","min","97.006","%a.s.","Humid","20.710","deg","40588","µV","28.135","°C","1016.000","hPa","36.4","pmil","0","55.390","deg","20.000","°C","100.000","%a.s.","21.720","deg","20.000","°C","977.000","hPa","0.861","-0.02617","0.00035","0","0","13.56","Humid","26.25","0","44.00","378426.84","SABD0000000001","AAV1.0.0.11","4.0.0.2323","PSt7-10","170328-019","7/29/2022 11:23:46 AM","0000-00","0","no battery","V","","µV","","µV"
"08/09/2022","10:29:29","6","default","383292078","Oxt_06","27.446","min","97.027","%a.s.","Humid","20.708","deg","40593","µV","28.132","°C","1016.000","hPa","36.4","pmil","0","55.390","deg","20.000","°C","100.000","%a.s.","21.720","deg","20.000","°C","977.000","hPa","0.861","-0.02617","0.00035","0","0","13.56","Humid","26.25","0","44.00","378432.39","SABD0000000001","AAV1.0.0.11","4.0.0.2323","PSt7-10","170328-019","7/29/2022 11:23:46 AM","0000-00","0","no battery","V","","µV","","µV"
"08/09/2022","10:29:30","6","default","383292078","Oxt_06","27.462","min","97.029","%a.s.","Humid","20.708","deg","40591","µV","28.129","°C","1016.000","hPa","36.4","pmil","0","55.390","deg","20.000","°C","100.000","%a.s.","21.720","deg","20.000","°C","977.000","hPa","0.861","-0.02617","0.00035","0","0","13.56","Humid","26.25","0","44.00","378439.29","SABD0000000001","AAV1.0.0.11","4.0.0.2323","PSt7-10","170328-019","7/29/2022 11:23:46 AM","0000-00","0","no battery","V","","µV","","µV"
"08/09/2022","10:29:31","6","default","383292078","Oxt_06","27.479","min","97.014","%a.s.","Humid","20.709","deg","40588","µV","28.136","°C","1016.000","hPa","36.4","pmil","0","55.390","deg","20.000","°C","100.000","%a.s.","21.720","deg","20.000","°C","977.000","hPa","0.861","-0.02617","0.00035","0","0","13.56","Humid","26.25","0","44.00","378424.02","SABD0000000001","AAV1.0.0.11","4.0.0.2323","PSt7-10","170328-019","7/29/2022 11:23:46 AM","0000-00","0","no battery","V","","µV","","µV"
"08/09/2022","10:29:32","6","default","383292078","Oxt_06","27.496","min","97.011","%a.s.","Humid","20.710","deg","40594","µV","28.130","°C","1016.000","hPa","36.4","pmil","0","55.390","deg","20.000","°C","100.000","%a.s.","21.720","deg","20.000","°C","977.000","hPa","0.861","-0.02617","0.00035","0","0","13.56","Humid","26.25","0","44.00","378426.17","SABD0000000001","AAV1.0.0.11","4.0.0.2323","PSt7-10","170328-019","7/29/2022 11:23:46 AM","0000-00","0","no battery","V","","µV","","µV"
"08/09/2022","10:29:33","6","default","383292078","Oxt_06","27.512","min","96.983","%a.s.","Humid","20.713","deg","40583","µV","28.133","°C","1016.000","hPa","36.4","pmil","0","55.390","deg","20.000","°C","100.000","%a.s.","21.720","deg","20.000","°C","977.000","hPa","0.861","-0.02617","0.00035","0","0","13.56","Humid","26.25","0","44.00","378427.70","SABD0000000001","AAV1.0.0.11","4.0.0.2323","PSt7-10","170328-019","7/29/2022 11:23:46 AM","0000-00","0","no battery","V","","µV","","µV"
"08/09/2022","10:29:34","6","default","383292078","Oxt_06","27.529","min","96.996","%a.s.","Humid","20.712","deg","40589","µV","28.128","°C","1016.000","hPa","36.4","pmil","0","55.390","deg","20.000","°C","100.000","%a.s.","21.720","deg","20.000","°C","977.000","hPa","0.861","-0.02617","0.00035","0","0","13.56","Humid","26.25","0","44.00","378418.94","SABD0000000001","AAV1.0.0.11","4.0.0.2323","PSt7-10","170328-019","7/29/2022 11:23:46 AM","0000-00","0","no battery","V","","µV","","µV"
"08/09/2022","10:29:35","6","default","383292078","Oxt_06","27.546","min","97.093","%a.s.","Humid","20.702","deg","40594","µV","28.117","°C","1016.000","hPa","36.4","pmil","0","55.390","deg","20.000","°C","100.000","%a.s.","21.720","deg","20.000","°C","977.000","hPa","0.861","-0.02617","0.00035","0","0","13.56","Humid","26.25","0","44.00","378439.86","SABD0000000001","AAV1.0.0.11","4.0.0.2323","PSt7-10","170328-019","7/29/2022 11:23:46 AM","0000-00","0","no battery","V","","µV","","µV"
"08/09/2022","10:29:36","6","default","383292078","Oxt_06","27.562","min","97.094","%a.s.","Humid","20.703","deg","40581","µV","28.106","°C","1016.000","hPa","36.4","pmil","0","55.390","deg","20.000","°C","100.000","%a.s.","21.720","deg","20.000","°C","977.000","hPa","0.861","-0.02617","0.00035","0","0","13.56","Humid","26.25","0","44.00","378425.22","SABD0000000001","AAV1.0.0.11","4.0.0.2323","PSt7-10","170328-019","7/29/2022 11:23:46 AM","0000-00","0","no battery","V","","µV","","µV"
"08/09/2022","10:29:37","6","default","383292078","Oxt_06","27.579","min","96.997","%a.s.","Humid","20.710","deg","40584","µV","28.145","°C","1016.000","hPa","36.4","pmil","0","55.390","deg","20.000","°C","100.000","%a.s.","21.720","deg","20.000","°C","977.000","hPa","0.861","-0.02617","0.00035","0","0","13.56","Humid","26.25","0","44.00","378423.76","SABD0000000001","AAV1.0.0.11","4.0.0.2323","PSt7-10","170328-019","7/29/2022 11:23:46 AM","0000-00","0","no battery","V","","µV","","µV"
"08/09/2022","10:29:38","6","default","383292078","Oxt_06","27.596","min","97.019","%a.s.","Humid","20.710","deg","40585","µV","28.121","°C","1016.000","hPa","36.4","pmil","0","55.390","deg","20.000","°C","100.000","%a.s.","21.720","deg","20.000","°C","977.000","hPa","0.861","-0.02617","0.00035","0","0","13.56","Humid","26.25","0","44.00","378426.75","SABD0000000001","AAV1.0.0.11","4.0.0.2323","PSt7-10","170328-019","7/29/2022 11:23:46 AM","0000-00","0","no battery","V","","µV","","µV"
"08/09/2022","10:29:39","6","default","383292078","Oxt_06","27.612","min","97.060","%a.s.","Humid","20.705","deg","40581","µV","28.123","°C","1016.000","hPa","36.4","pmil","0","55.390","deg","20.000","°C","100.000","%a.s.","21.720","deg","20.000","°C","977.000","hPa","0.861","-0.02617","0.00035","0","0","13.56","Humid","26.25","0","44.00","378411.16","SABD0000000001","AAV1.0.0.11","4.0.0.2323","PSt7-10","170328-019","7/29/2022 11:23:46 AM","0000-00","0","no battery","V","","µV","","µV"
"08/09/2022","10:29:40","6","default","383292078","Oxt_06","27.629","min","97.077","%a.s.","Humid","20.702","deg","40585","µV","28.134","°C","1016.000","hPa","36.4","pmil","0","55.390","deg","20.000","°C","100.000","%a.s.","21.720","deg","20.000","°C","977.000","hPa","0.861","-0.02617","0.00035","0","0","13.56","Humid","26.25","0","44.00","378416.18","SABD0000000001","AAV1.0.0.11","4.0.0.2323","PSt7-10","170328-019","7/29/2022 11:23:46 AM","0000-00","0","no battery","V","","µV","","µV"
"08/09/2022","10:29:41","6","default","383292078","Oxt_06","27.646","min","96.987","%a.s.","Humid","20.712","deg","40582","µV","28.137","°C","1016.000","hPa","36.4","pmil","0","55.390","deg","20.000","°C","100.000","%a.s.","21.720","deg","20.000","°C","977.000","hPa","0.861","-0.02617","0.00035","0","0","13.56","Humid","26.25","0","44.00","378411.86","SABD0000000001","AAV1.0.0.11","4.0.0.2323","PSt7-10","170328-019","7/29/2022 11:23:46 AM","0000-00","0","no battery","V","","µV","","µV"
"08/09/2022","10:29:42","6","default","383292078","Oxt_06","27.663","min","97.022","%a.s.","Humid","20.708","deg","40572","µV","28.137","°C","1016.000","hPa","36.4","pmil","0","55.390","deg","20.000","°C","100.000","%a.s.","21.720","deg","20.000","°C","977.000","hPa","0.861","-0.02617","0.00035","0","0","13.56","Humid","26.25","0","44.00","378409.09","SABD0000000001","AAV1.0.0.11","4.0.0.2323","PSt7-10","170328-019","7/29/2022 11:23:46 AM","0000-00","0","no battery","V","","µV","","µV"
"08/09/2022","10:29:43","6","default","383292078","Oxt_06","27.679","min","97.060","%a.s.","Humid","20.705","deg","40587","µV","28.124","°C","1016.000","hPa","36.4","pmil","0","55.390","deg","20.000","°C","100.000","%a.s.","21.720","deg","20.000","°C","977.000","hPa","0.861","-0.02617","0.00035","0","0","13.56","Humid","26.25","0","44.00","378413.32","SABD0000000001","AAV1.0.0.11","4.0.0.2323","PSt7-10","170328-019","7/29/2022 11:23:46 AM","0000-00","0","no battery","V","","µV","","µV"
"08/09/2022","10:29:44","6","default","383292078","Oxt_06","27.695","min","97.073","%a.s.","Humid","20.703","deg","40581","µV","28.128","°C","1016.000","hPa","36.4","pmil","0","55.390","deg","20.000","°C","100.000","%a.s.","21.720","deg","20.000","°C","977.000","hPa","0.861","-0.02617","0.00035","0","0","13.56","Humid","26.25","0","44.00","378414.02","SABD0000000001","AAV1.0.0.11","4.0.0.2323","PSt7-10","170328-019","7/29/2022 11:23:46 AM","0000-00","0","no battery","V","","µV","","µV"
"08/09/2022","10:29:45","6","default","383292078","Oxt_06","27.712","min","97.102","%a.s.","Humid","20.701","deg","40575","µV","28.116","°C","1016.000","hPa","36.4","pmil","0","55.390","deg","20.000","°C","100.000","%a.s.","21.720","deg","20.000","°C","977.000","hPa","0.861","-0.02617","0.00035","0","0","13.56","Humid","26.25","0","44.00","378415.01","SABD0000000001","AAV1.0.0.11","4.0.0.2323","PSt7-10","170328-019","7/29/2022 11:23:46 AM","0000-00","0","no battery","V","","µV","","µV"
"08/09/2022","10:29:46","6","default","383292078","Oxt_06","27.728","min","97.065","%a.s.","Humid","20.703","deg","40570","µV","28.138","°C","1016.000","hPa","36.4","pmil","0","55.390","deg","20.000","°C","100.000","%a.s.","21.720","deg","20.000","°C","977.000","hPa","0.861","-0.02617","0.00035","0","0","13.56","Humid","26.25","0","44.00","378414.11","SABD0000000001","AAV1.0.0.11","4.0.0.2323","PSt7-10","170328-019","7/29/2022 11:23:46 AM","0000-00","0","no battery","V","","µV","","µV"
"08/09/2022","10:29:47","6","default","383292078","Oxt_06","27.745","min","97.099","%a.s.","Humid","20.699","deg","40577","µV","28.138","°C","1016.000","hPa","36.4","pmil","0","55.390","deg","20.000","°C","100.000","%a.s.","21.720","deg","20.000","°C","977.000","hPa","0.861","-0.02617","0.00035","0","0","13.56","Humid","26.25","0","44.00","378408.97","SABD0000000001","AAV1.0.0.11","4.0.0.2323","PSt7-10","170328-019","7/29/2022 11:23:46 AM","0000-00","0","no battery","V","","µV","","µV"
"08/09/2022","10:29:48","6","default","383292078","Oxt_06","27.762","min","97.098","%a.s.","Humid","20.699","deg","40569","µV","28.139","°C","1016.000","hPa","36.4","pmil","0","55.390","deg","20.000","°C","100.000","%a.s.","21.720","deg","20.000","°C","977.000","hPa","0.861","-0.02617","0.00035","0","0","13.56","Humid","26.25","0","44.00","378403.33","SABD0000000001","AAV1.0.0.11","4.0.0.2323","PSt7-10","170328-019","7/29/2022 11:23:46 AM","0000-00","0","no battery","V","","µV","","µV"
"08/09/2022","10:29:49","6","default","383292078","Oxt_06","27.779","min","97.041","%a.s.","Humid","20.707","deg","40569","µV","28.126","°C","1016.000","hPa","36.4","pmil","0","55.390","deg","20.000","°C","100.000","%a.s.","21.720","deg","20.000","°C","977.000","hPa","0.861","-0.02617","0.00035","0","0","13.56","Humid","26.25","0","44.00","378414.46","SABD0000000001","AAV1.0.0.11","4.0.0.2323","PSt7-10","170328-019","7/29/2022 11:23:46 AM","0000-00","0","no battery","V","","µV","","µV"
"08/09/2022","10:29:50","6","default","383292078","Oxt_06","27.795","min","97.112","%a.s.","Humid","20.700","deg","40568","µV","28.115","°C","1016.000","hPa","36.4","pmil","0","55.390","deg","20.000","°C","100.000","%a.s.","21.720","deg","20.000","°C","977.000","hPa","0.861","-0.02617","0.00035","0","0","13.56","Humid","26.25","0","44.00","378410.99","SABD0000000001","AAV1.0.0.11","4.0.0.2323","PSt7-10","170328-019","7/29/2022 11:23:46 AM","0000-00","0","no battery","V","","µV","","µV"
"08/09/2022","10:29:51","6","default","383292078","Oxt_06","27.812","min","97.106","%a.s.","Humid","20.700","deg","40574","µV","28.121","°C","1016.000","hPa","36.4","pmil","0","55.390","deg","20.000","°C","100.000","%a.s.","21.720","deg","20.000","°C","977.000","hPa","0.861","-0.02617","0.00035","0","0","13.56","Humid","26.25","0","44.00","378396.73","SABD0000000001","AAV1.0.0.11","4.0.0.2323","PSt7-10","170328-019","7/29/2022 11:23:46 AM","0000-00","0","no battery","V","","µV","","µV"
"08/09/2022","10:29:52","6","default","383292078","Oxt_06","27.829","min","97.119","%a.s.","Humid","20.699","deg","40567","µV","28.117","°C","1016.000","hPa","36.4","pmil","0","55.390","deg","20.000","°C","100.000","%a.s.","21.720","deg","20.000","°C","977.000","hPa","0.861","-0.02617","0.00035","0","0","13.56","Humid","26.25","0","44.00","378397.51","SABD0000000001","AAV1.0.0.11","4.0.0.2323","PSt7-10","170328-019","7/29/2022 11:23:46 AM","0000-00","0","no battery","V","","µV","","µV"
"08/09/2022","10:29:53","6","default","383292078","Oxt_06","27.845","min","97.205","%a.s.","Humid","20.690","deg","40566","µV","28.109","°C","1016.000","hPa","36.4","pmil","0","55.390","deg","20.000","°C","100.000","%a.s.","21.720","deg","20.000","°C","977.000","hPa","0.861","-0.02617","0.00035","0","0","13.56","Humid","26.25","0","44.00","378406.42","SABD0000000001","AAV1.0.0.11","4.0.0.2323","PSt7-10","170328-019","7/29/2022 11:23:46 AM","0000-00","0","no battery","V","","µV","","µV"
"08/09/2022","10:29:54","6","default","383292078","Oxt_06","27.862","min","97.169","%a.s.","Humid","20.692","deg","40569","µV","28.128","°C","1016.000","hPa","36.4","pmil","0","55.390","deg","20.000","°C","100.000","%a.s.","21.720","deg","20.000","°C","977.000","hPa","0.861","-0.02617","0.00035","0","0","13.56","Humid","26.25","0","44.00","378402.37","SABD0000000001","AAV1.0.0.11","4.0.0.2323","PSt7-10","170328-019","7/29/2022 11:23:46 AM","0000-00","0","no battery","V","","µV","","µV"
"08/09/2022","10:29:55","6","default","383292078","Oxt_06","27.879","min","97.151","%a.s.","Humid","20.695","deg","40561","µV","28.119","°C","1016.000","hPa","36.4","pmil","0","55.390","deg","20.000","°C","100.000","%a.s.","21.720","deg","20.000","°C","977.000","hPa","0.861","-0.02617","0.00035","0","0","13.56","Humid","26.25","0","44.00","378391.42","SABD0000000001","AAV1.0.0.11","4.0.0.2323","PSt7-10","170328-019","7/29/2022 11:23:46 AM","0000-00","0","no battery","V","","µV","","µV"
"08/09/2022","10:29:56","6","default","383292078","Oxt_06","27.895","min","97.114","%a.s.","Humid","20.698","deg","40561","µV","28.131","°C","1016.000","hPa","36.4","pmil","0","55.390","deg","20.000","°C","100.000","%a.s.","21.720","deg","20.000","°C","977.000","hPa","0.861","-0.02617","0.00035","0","0","13.56","Humid","26.25","0","44.00","378388.67","SABD0000000001","AAV1.0.0.11","4.0.0.2323","PSt7-10","170328-019","7/29/2022 11:23:46 AM","0000-00","0","no battery","V","","µV","","µV"
"08/09/2022","10:29:57","6","default","383292078","Oxt_06","27.912","min","97.171","%a.s.","Humid","20.691","deg","40557","µV","28.135","°C","1016.000","hPa","36.4","pmil","0","55.390","deg","20.000","°C","100.000","%a.s.","21.720","deg","20.000","°C","977.000","hPa","0.861","-0.02617","0.00035","0","0","13.56","Humid","26.25","0","44.00","378384.53","SABD0000000001","AAV1.0.0.11","4.0.0.2323","PSt7-10","170328-019","7/29/2022 11:23:46 AM","0000-00","0","no battery","V","","µV","","µV"
"08/09/2022","10:29:58","6","default","383292078","Oxt_06","27.929","min","97.118","%a.s.","Humid","20.697","deg","40567","µV","28.136","°C","1016.000","hPa","36.4","pmil","0","55.390","deg","20.000","°C","100.000","%a.s.","21.720","deg","20.000","°C","977.000","hPa","0.861","-0.02617","0.00035","0","0","13.56","Humid","26.25","0","44.00","378393.01","SABD0000000001","AAV1.0.0.11","4.0.0.2323","PSt7-10","170328-019","7/29/2022 11:23:46 AM","0000-00","0","no battery","V","","µV","","µV"
"08/09/2022","10:29:59","6","default","383292078","Oxt_06","27.945","min","97.157","%a.s.","Humid","20.693","deg","40556","µV","28.131","°C","1016.000","hPa","36.4","pmil","0","55.390","deg","20.000","°C","100.000","%a.s.","21.720","deg","20.000","°C","977.000","hPa","0.861","-0.02617","0.00035","0","0","13.56","Humid","26.25","0","44.00","378387.85","SABD0000000001","AAV1.0.0.11","4.0.0.2323","PSt7-10","170328-019","7/29/2022 11:23:46 AM","0000-00","0","no battery","V","","µV","","µV"
"08/09/2022","10:30:00","6","default","383292078","Oxt_06","27.962","min","97.130","%a.s.","Humid","20.696","deg","40566","µV","28.133","°C","1016.000","hPa","36.4","pmil","0","55.390","deg","20.000","°C","100.000","%a.s.","21.720","deg","20.000","°C","977.000","hPa","0.861","-0.02617","0.00035","0","0","13.56","Humid","26.25","0","44.00","378389.70","SABD0000000001","AAV1.0.0.11","4.0.0.2323","PSt7-10","170328-019","7/29/2022 11:23:46 AM","0000-00","0","no battery","V","","µV","","µV"
"08/09/2022","10:30:01","6","default","383292078","Oxt_06","27.979","min","97.181","%a.s.","Humid","20.691","deg","40556","µV","28.125","°C","1016.000","hPa","36.4","pmil","0","55.390","deg","20.000","°C","100.000","%a.s.","21.720","deg","20.000","°C","977.000","hPa","0.861","-0.02617","0.00035","0","0","13.56","Humid","26.25","0","44.00","378396.11","SABD0000000001","AAV1.0.0.11","4.0.0.2323","PSt7-10","170328-019","7/29/2022 11:23:46 AM","0000-00","0","no battery","V","","µV","","µV"
"08/09/2022","10:30:02","6","default","383292078","Oxt_06","27.996","min","97.117","%a.s.","Humid","20.698","deg","40557","µV","28.128","°C","1016.000","hPa","36.4","pmil","0","55.390","deg","20.000","°C","100.000","%a.s.","21.720","deg","20.000","°C","977.000","hPa","0.861","-0.02617","0.00035","0","0","13.56","Humid","26.25","0","44.00","378390.05","SABD0000000001","AAV1.0.0.11","4.0.0.2323","PSt7-10","170328-019","7/29/2022 11:23:46 AM","0000-00","0","no battery","V","","µV","","µV"
"08/09/2022","10:30:03","6","default","383292078","Oxt_06","28.012","min","97.141","%a.s.","Humid","20.697","deg","40555","µV","28.112","°C","1016.000","hPa","36.4","pmil","0","55.390","deg","20.000","°C","100.000","%a.s.","21.720","deg","20.000","°C","977.000","hPa","0.861","-0.02617","0.00035","0","0","13.56","Humid","26.25","0","44.00","378391.87","SABD0000000001","AAV1.0.0.11","4.0.0.2323","PSt7-10","170328-019","7/29/2022 11:23:46 AM","0000-00","0","no battery","V","","µV","","µV"
"08/09/2022","10:30:04","6","default","383292078","Oxt_06","28.029","min","97.152","%a.s.","Humid","20.695","deg","40546","µV","28.118","°C","1016.000","hPa","36.4","pmil","0","55.390","deg","20.000","°C","100.000","%a.s.","21.720","deg","20.000","°C","977.000","hPa","0.861","-0.02617","0.00035","0","0","13.56","Humid","26.25","0","44.00","378370.75","SABD0000000001","AAV1.0.0.11","4.0.0.2323","PSt7-10","170328-019","7/29/2022 11:23:46 AM","0000-00","0","no battery","V","","µV","","µV"
"08/09/2022","10:30:05","6","default","383292078","Oxt_06","28.046","min","97.155","%a.s.","Humid","20.694","deg","40553","µV","28.124","°C","1016.000","hPa","36.4","pmil","0","55.390","deg","20.000","°C","100.000","%a.s.","21.720","deg","20.000","°C","977.000","hPa","0.861","-0.02617","0.00035","0","0","13.56","Humid","26.25","0","44.00","378385.24","SABD0000000001","AAV1.0.0.11","4.0.0.2323","PSt7-10","170328-019","7/29/2022 11:23:46 AM","0000-00","0","no battery","V","","µV","","µV"
"08/09/2022","10:30:06","6","default","383292078","Oxt_06","28.062","min","97.104","%a.s.","Humid","20.699","deg","40548","µV","28.133","°C","1016.000","hPa","36.4","pmil","0","55.390","deg","20.000","°C","100.000","%a.s.","21.720","deg","20.000","°C","977.000","hPa","0.861","-0.02617","0.00035","0","0","13.56","Humid","26.25","0","44.00","378355.96","SABD0000000001","AAV1.0.0.11","4.0.0.2323","PSt7-10","170328-019","7/29/2022 11:23:46 AM","0000-00","0","no battery","V","","µV","","µV"
"08/09/2022","10:30:07","6","default","383292078","Oxt_06","28.079","min","97.199","%a.s.","Humid","20.688","deg","40552","µV","28.134","°C","1016.000","hPa","36.4","pmil","0","55.390","deg","20.000","°C","100.000","%a.s.","21.720","deg","20.000","°C","977.000","hPa","0.861","-0.02617","0.00035","0","0","13.56","Humid","26.25","0","44.00","378378.98","SABD0000000001","AAV1.0.0.11","4.0.0.2323","PSt7-10","170328-019","7/29/2022 11:23:46 AM","0000-00","0","no battery","V","","µV","","µV"
"08/09/2022","10:30:08","6","default","383292078","Oxt_06","28.096","min","97.154","%a.s.","Humid","20.694","deg","40542","µV","28.125","°C","1016.000","hPa","36.4","pmil","0","55.390","deg","20.000","°C","100.000","%a.s.","21.720","deg","20.000","°C","977.000","hPa","0.861","-0.02617","0.00035","0","0","13.56","Humid","26.25","0","44.00","378374.72","SABD0000000001","AAV1.0.0.11","4.0.0.2323","PSt7-10","170328-019","7/29/2022 11:23:46 AM","0000-00","0","no battery","V","","µV","","µV"
"08/09/2022","10:30:09","6","default","383292078","Oxt_06","28.112","min","97.179","%a.s.","Humid","20.691","deg","40541","µV","28.127","°C","1016.000","hPa","36.4","pmil","0","55.390","deg","20.000","°C","100.000","%a.s.","21.720","deg","20.000","°C","977.000","hPa","0.861","-0.02617","0.00035","0","0","13.56","Humid","26.25","0","44.00","378368.66","SABD0000000001","AAV1.0.0.11","4.0.0.2323","PSt7-10","170328-019","7/29/2022 11:23:46 AM","0000-00","0","no battery","V","","µV","","µV"
"08/09/2022","10:30:10","6","default","383292078","Oxt_06","28.129","min","97.164","%a.s.","Humid","20.692","deg","40538","µV","28.134","°C","1016.000","hPa","36.4","pmil","0","55.390","deg","20.000","°C","100.000","%a.s.","21.720","deg","20.000","°C","977.000","hPa","0.861","-0.02617","0.00035","0","0","13.56","Humid","26.25","0","44.00","378377.41","SABD0000000001","AAV1.0.0.11","4.0.0.2323","PSt7-10","170328-019","7/29/2022 11:23:46 AM","0000-00","0","no battery","V","","µV","","µV"
"08/09/2022","10:30:11","6","default","383292078","Oxt_06","28.146","min","97.235","%a.s.","Humid","20.685","deg","40544","µV","28.123","°C","1016.000","hPa","36.4","pmil","0","55.390","deg","20.000","°C","100.000","%a.s.","21.720","deg","20.000","°C","977.000","hPa","0.861","-0.02617","0.00035","0","0","13.56","Humid","26.25","0","44.00","378370.99","SABD0000000001","AAV1.0.0.11","4.0.0.2323","PSt7-10","170328-019","7/29/2022 11:23:46 AM","0000-00","0","no battery","V","","µV","","µV"
"08/09/2022","10:30:12","6","default","383292078","Oxt_06","28.163","min","97.248","%a.s.","Humid","20.682","deg","40539","µV","28.137","°C","1016.000","hPa","36.4","pmil","0","55.390","deg","20.000","°C","100.000","%a.s.","21.720","deg","20.000","°C","977.000","hPa","0.861","-0.02617","0.00035","0","0","13.56","Humid","26.25","0","44.00","378362.28","SABD0000000001","AAV1.0.0.11","4.0.0.2323","PSt7-10","170328-019","7/29/2022 11:23:46 AM","0000-00","0","no battery","V","","µV","","µV"
"08/09/2022","10:30:13","6","default","383292078","Oxt_06","28.179","min","97.193","%a.s.","Humid","20.690","deg","40534","µV","28.122","°C","1016.000","hPa","36.4","pmil","0","55.390","deg","20.000","°C","100.000","%a.s.","21.720","deg","20.000","°C","977.000","hPa","0.861","-0.02617","0.00035","0","0","13.56","Humid","26.25","0","44.00","378362.16","SABD0000000001","AAV1.0.0.11","4.0.0.2323","PSt7-10","170328-019","7/29/2022 11:23:46 AM","0000-00","0","no battery","V","","µV","","µV"
"08/09/2022","10:30:14","6","default","383292078","Oxt_06","28.196","min","97.226","%a.s.","Humid","20.685","deg","40534","µV","28.133","°C","1016.000","hPa","36.4","pmil","0","55.390","deg","20.000","°C","100.000","%a.s.","21.720","deg","20.000","°C","977.000","hPa","0.861","-0.02617","0.00035","0","0","13.56","Humid","26.25","0","44.00","378372.36","SABD0000000001","AAV1.0.0.11","4.0.0.2323","PSt7-10","170328-019","7/29/2022 11:23:46 AM","0000-00","0","no battery","V","","µV","","µV"
"08/09/2022","10:30:15","6","default","383292078","Oxt_06","28.213","min","97.198","%a.s.","Humid","20.688","deg","40538","µV","28.134","°C","1016.000","hPa","36.4","pmil","0","55.390","deg","20.000","°C","100.000","%a.s.","21.720","deg","20.000","°C","977.000","hPa","0.861","-0.02617","0.00035","0","0","13.56","Humid","26.25","0","44.00","378371.21","SABD0000000001","AAV1.0.0.11","4.0.0.2323","PSt7-10","170328-019","7/29/2022 11:23:46 AM","0000-00","0","no battery","V","","µV","","µV"
"08/09/2022","10:30:16","6","default","383292078","Oxt_06","28.229","min","97.196","%a.s.","Humid","20.687","deg","40534","µV","28.146","°C","1016.000","hPa","36.4","pmil","0","55.390","deg","20.000","°C","100.000","%a.s.","21.720","deg","20.000","°C","977.000","hPa","0.861","-0.02617","0.00035","0","0","13.56","Humid","26.25","0","44.00","378362.84","SABD0000000001","AAV1.0.0.11","4.0.0.2323","PSt7-10","170328-019","7/29/2022 11:23:46 AM","0000-00","0","no battery","V","","µV","","µV"
"08/09/2022","10:30:17","6","default","383292078","Oxt_06","28.246","min","97.211","%a.s.","Humid","20.686","deg","40532","µV","28.139","°C","1016.000","hPa","36.4","pmil","0","55.390","deg","20.000","°C","100.000","%a.s.","21.720","deg","20.000","°C","977.000","hPa","0.861","-0.02617","0.00035","0","0","13.56","Humid","26.25","0","44.00","378356.01","SABD0000000001","AAV1.0.0.11","4.0.0.2323","PSt7-10","170328-019","7/29/2022 11:23:46 AM","0000-00","0","no battery","V","","µV","","µV"
"08/09/2022","10:30:18","6","default","383292078","Oxt_06","28.262","min","97.168","%a.s.","Humid","20.692","deg","40531","µV","28.129","°C","1016.000","hPa","36.4","pmil","0","55.390","deg","20.000","°C","100.000","%a.s.","21.720","deg","20.000","°C","977.000","hPa","0.861","-0.02617","0.00035","0","0","13.56","Humid","26.25","0","44.00","378379.75","SABD0000000001","AAV1.0.0.11","4.0.0.2323","PSt7-10","170328-019","7/29/2022 11:23:46 AM","0000-00","0","no battery","V","","µV","","µV"
"08/09/2022","10:30:19","6","default","383292078","Oxt_06","28.278","min","97.271","%a.s.","Humid","20.681","deg","40528","µV","28.122","°C","1016.000","hPa","36.4","pmil","0","55.390","deg","20.000","°C","100.000","%a.s.","21.720","deg","20.000","°C","977.000","hPa","0.861","-0.02617","0.00035","0","0","13.56","Humid","26.25","0","44.00","378367.91","SABD0000000001","AAV1.0.0.11","4.0.0.2323","PSt7-10","170328-019","7/29/2022 11:23:46 AM","0000-00","0","no battery","V","","µV","","µV"
"08/09/2022","10:30:20","6","default","383292078","Oxt_06","28.295","min","97.183","%a.s.","Humid","20.691","deg","40527","µV","28.123","°C","1016.000","hPa","36.4","pmil","0","55.390","deg","20.000","°C","100.000","%a.s.","21.720","deg","20.000","°C","977.000","hPa","0.861","-0.02617","0.00035","0","0","13.56","Humid","26.25","0","44.00","378375.33","SABD0000000001","AAV1.0.0.11","4.0.0.2323","PSt7-10","170328-019","7/29/2022 11:23:46 AM","0000-00","0","no battery","V","","µV","","µV"
"08/09/2022","10:30:21","6","default","383292078","Oxt_06","28.312","min","97.217","%a.s.","Humid","20.687","deg","40528","µV","28.124","°C","1016.000","hPa","36.4","pmil","0","55.390","deg","20.000","°C","100.000","%a.s.","21.720","deg","20.000","°C","977.000","hPa","0.861","-0.02617","0.00035","0","0","13.56","Humid","26.25","0","44.00","378352.63","SABD0000000001","AAV1.0.0.11","4.0.0.2323","PSt7-10","170328-019","7/29/2022 11:23:46 AM","0000-00","0","no battery","V","","µV","","µV"
"08/09/2022","10:30:22","6","default","383292078","Oxt_06","28.329","min","97.205","%a.s.","Humid","20.688","deg","40527","µV","28.127","°C","1016.000","hPa","36.4","pmil","0","55.390","deg","20.000","°C","100.000","%a.s.","21.720","deg","20.000","°C","977.000","hPa","0.861","-0.02617","0.00035","0","0","13.56","Humid","26.25","0","44.00","378369.90","SABD0000000001","AAV1.0.0.11","4.0.0.2323","PSt7-10","170328-019","7/29/2022 11:23:46 AM","0000-00","0","no battery","V","","µV","","µV"
"08/09/2022","10:30:23","6","default","383292078","Oxt_06","28.345","min","97.285","%a.s.","Humid","20.679","deg","40528","µV","28.125","°C","1016.000","hPa","36.4","pmil","0","55.390","deg","20.000","°C","100.000","%a.s.","21.720","deg","20.000","°C","977.000","hPa","0.861","-0.02617","0.00035","0","0","13.56","Humid","26.25","0","44.00","378354.37","SABD0000000001","AAV1.0.0.11","4.0.0.2323","PSt7-10","170328-019","7/29/2022 11:23:46 AM","0000-00","0","no battery","V","","µV","","µV"
"08/09/2022","10:30:24","6","default","383292078","Oxt_06","28.362","min","97.244","%a.s.","Humid","20.683","deg","40524","µV","28.131","°C","1016.000","hPa","36.4","pmil","0","55.390","deg","20.000","°C","100.000","%a.s.","21.720","deg","20.000","°C","977.000","hPa","0.861","-0.02617","0.00035","0","0","13.56","Humid","26.25","0","44.00","378363.94","SABD0000000001","AAV1.0.0.11","4.0.0.2323","PSt7-10","170328-019","7/29/2022 11:23:46 AM","0000-00","0","no battery","V","","µV","","µV"
"08/09/2022","10:30:25","6","default","383292078","Oxt_06","28.379","min","97.296","%a.s.","Humid","20.677","deg","40520","µV","28.132","°C","1016.000","hPa","36.4","pmil","0","55.390","deg","20.000","°C","100.000","%a.s.","21.720","deg","20.000","°C","977.000","hPa","0.861","-0.02617","0.00035","0","0","13.56","Humid","26.25","0","44.00","378362.90","SABD0000000001","AAV1.0.0.11","4.0.0.2323","PSt7-10","170328-019","7/29/2022 11:23:46 AM","0000-00","0","no battery","V","","µV","","µV"
"08/09/2022","10:30:26","6","default","383292078","Oxt_06","28.395","min","97.289","%a.s.","Humid","20.678","deg","40519","µV","28.130","°C","1016.000","hPa","36.4","pmil","0","55.390","deg","20.000","°C","100.000","%a.s.","21.720","deg","20.000","°C","977.000","hPa","0.861","-0.02617","0.00035","0","0","13.56","Humid","26.25","0","44.00","378354.20","SABD0000000001","AAV1.0.0.11","4.0.0.2323","PSt7-10","170328-019","7/29/2022 11:23:46 AM","0000-00","0","no battery","V","","µV","","µV"
"08/09/2022","10:30:27","6","default","383292078","Oxt_06","28.412","min","97.264","%a.s.","Humid","20.681","deg","40524","µV","28.130","°C","1016.000","hPa","36.4","pmil","0","55.390","deg","20.000","°C","100.000","%a.s.","21.720","deg","20.000","°C","977.000","hPa","0.861","-0.02617","0.00035","0","0","13.56","Humid","26.25","0","44.00","378363.43","SABD0000000001","AAV1.0.0.11","4.0.0.2323","PSt7-10","170328-019","7/29/2022 11:23:46 AM","0000-00","0","no battery","V","","µV","","µV"
"08/09/2022","10:30:28","6","default","383292078","Oxt_06","28.429","min","97.344","%a.s.","Humid","20.672","deg","40517","µV","28.127","°C","1016.000","hPa","36.4","pmil","0","55.390","deg","20.000","°C","100.000","%a.s.","21.720","deg","20.000","°C","977.000","hPa","0.861","-0.02617","0.00035","0","0","13.56","Humid","26.25","0","44.00","378373.53","SABD0000000001","AAV1.0.0.11","4.0.0.2323","PSt7-10","170328-019","7/29/2022 11:23:46 AM","0000-00","0","no battery","V","","µV","","µV"
"08/09/2022","10:30:29","6","default","383292078","Oxt_06","28.445","min","97.186","%a.s.","Humid","20.690","deg","40514","µV","28.129","°C","1016.000","hPa","36.4","pmil","0","55.390","deg","20.000","°C","100.000","%a.s.","21.720","deg","20.000","°C","977.000","hPa","0.861","-0.02617","0.00035","0","0","13.56","Humid","26.25","0","44.00","378343.09","SABD0000000001","AAV1.0.0.11","4.0.0.2323","PSt7-10","170328-019","7/29/2022 11:23:46 AM","0000-00","0","no battery","V","","µV","","µV"
"08/09/2022","10:30:30","6","default","383292078","Oxt_06","28.462","min","97.349","%a.s.","Humid","20.672","deg","40511","µV","28.122","°C","1016.000","hPa","36.4","pmil","0","55.390","deg","20.000","°C","100.000","%a.s.","21.720","deg","20.000","°C","977.000","hPa","0.861","-0.02617","0.00035","0","0","13.56","Humid","26.25","0","44.00","378340.73","SABD0000000001","AAV1.0.0.11","4.0.0.2323","PSt7-10","170328-019","7/29/2022 11:23:46 AM","0000-00","0","no battery","V","","µV","","µV"
"08/09/2022","10:30:31","6","default","383292078","Oxt_06","28.479","min","97.336","%a.s.","Humid","20.674","deg","40505","µV","28.118","°C","1016.000","hPa","36.4","pmil","0","55.390","deg","20.000","°C","100.000","%a.s.","21.720","deg","20.000","°C","977.000","hPa","0.861","-0.02617","0.00035","0","0","13.56","Humid","26.25","0","44.00","378351.72","SABD0000000001","AAV1.0.0.11","4.0.0.2323","PSt7-10","170328-019","7/29/2022 11:23:46 AM","0000-00","0","no battery","V","","µV","","µV"
"08/09/2022","10:30:32","6","default","383292078","Oxt_06","28.495","min","97.351","%a.s.","Humid","20.672","deg","40510","µV","28.120","°C","1016.000","hPa","36.4","pmil","0","55.390","deg","20.000","°C","100.000","%a.s.","21.720","deg","20.000","°C","977.000","hPa","0.861","-0.02617","0.00035","0","0","13.56","Humid","26.25","0","44.00","378350.48","SABD0000000001","AAV1.0.0.11","4.0.0.2323","PSt7-10","170328-019","7/29/2022 11:23:46 AM","0000-00","0","no battery","V","","µV","","µV"
"08/09/2022","10:30:33","6","default","383292078","Oxt_06","28.512","min","97.325","%a.s.","Humid","20.676","deg","40503","µV","28.111","°C","1016.000","hPa","36.4","pmil","0","55.390","deg","20.000","°C","100.000","%a.s.","21.720","deg","20.000","°C","977.000","hPa","0.861","-0.02617","0.00035","0","0","13.56","Humid","26.25","0","44.00","378342.71","SABD0000000001","AAV1.0.0.11","4.0.0.2323","PSt7-10","170328-019","7/29/2022 11:23:46 AM","0000-00","0","no battery","V","","µV","","µV"
"08/09/2022","10:30:34","6","default","383292078","Oxt_06","28.529","min","97.252","%a.s.","Humid","20.680","deg","40501","µV","28.152","°C","1016.000","hPa","36.4","pmil","0","55.390","deg","20.000","°C","100.000","%a.s.","21.720","deg","20.000","°C","977.000","hPa","0.861","-0.02617","0.00035","0","0","13.56","Humid","26.25","0","44.00","378344.94","SABD0000000001","AAV1.0.0.11","4.0.0.2323","PSt7-10","170328-019","7/29/2022 11:23:46 AM","0000-00","0","no battery","V","","µV","","µV"
"08/09/2022","10:30:35","6","default","383292078","Oxt_06","28.546","min","97.355","%a.s.","Humid","20.670","deg","40502","µV","28.134","°C","1016.000","hPa","36.4","pmil","0","55.390","deg","20.000","°C","100.000","%a.s.","21.720","deg","20.000","°C","977.000","hPa","0.861","-0.02617","0.00035","0","0","13.56","Humid","26.25","0","44.00","378365.40","SABD0000000001","AAV1.0.0.11","4.0.0.2323","PSt7-10","170328-019","7/29/2022 11:23:46 AM","0000-00","0","no battery","V","","µV","","µV"
"08/09/2022","10:30:36","6","default","383292078","Oxt_06","28.562","min","97.301","%a.s.","Humid","20.676","deg","40496","µV","28.136","°C","1016.000","hPa","36.4","pmil","0","55.390","deg","20.000","°C","100.000","%a.s.","21.720","deg","20.000","°C","977.000","hPa","0.861","-0.02617","0.00035","0","0","13.56","Humid","26.25","0","44.00","378348.28","SABD0000000001","AAV1.0.0.11","4.0.0.2323","PSt7-10","170328-019","7/29/2022 11:23:46 AM","0000-00","0","no battery","V","","µV","","µV"
"08/09/2022","10:30:37","6","default","383292078","Oxt_06","28.579","min","97.352","%a.s.","Humid","20.670","deg","40503","µV","28.138","°C","1016.000","hPa","36.4","pmil","0","55.390","deg","20.000","°C","100.000","%a.s.","21.720","deg","20.000","°C","977.000","hPa","0.861","-0.02617","0.00035","0","0","13.56","Humid","26.25","0","44.00","378347.61","SABD0000000001","AAV1.0.0.11","4.0.0.2323","PSt7-10","170328-019","7/29/2022 11:23:46 AM","0000-00","0","no battery","V","","µV","","µV"
"08/09/2022","10:30:38","6","default","383292078","Oxt_06","28.596","min","97.332","%a.s.","Humid","20.672","deg","40494","µV","28.141","°C","1016.000","hPa","36.4","pmil","0","55.390","deg","20.000","°C","100.000","%a.s.","21.720","deg","20.000","°C","977.000","hPa","0.861","-0.02617","0.00035","0","0","13.56","Humid","26.25","0","44.00","378340.55","SABD0000000001","AAV1.0.0.11","4.0.0.2323","PSt7-10","170328-019","7/29/2022 11:23:46 AM","0000-00","0","no battery","V","","µV","","µV"
"08/09/2022","10:30:39","6","default","383292078","Oxt_06","28.612","min","97.335","%a.s.","Humid","20.672","deg","40496","µV","28.137","°C","1016.000","hPa","36.4","pmil","0","55.390","deg","20.000","°C","100.000","%a.s.","21.720","deg","20.000","°C","977.000","hPa","0.861","-0.02617","0.00035","0","0","13.56","Humid","26.25","0","44.00","378329.28","SABD0000000001","AAV1.0.0.11","4.0.0.2323","PSt7-10","170328-019","7/29/2022 11:23:46 AM","0000-00","0","no battery","V","","µV","","µV"
"08/09/2022","10:30:40","6","default","383292078","Oxt_06","28.629","min","97.376","%a.s.","Humid","20.668","deg","40497","µV","28.131","°C","1016.000","hPa","36.4","pmil","0","55.390","deg","20.000","°C","100.000","%a.s.","21.720","deg","20.000","°C","977.000","hPa","0.861","-0.02617","0.00035","0","0","13.56","Humid","26.25","0","44.00","378334.90","SABD0000000001","AAV1.0.0.11","4.0.0.2323","PSt7-10","170328-019","7/29/2022 11:23:46 AM","0000-00","0","no battery","V","","µV","","µV"
"08/09/2022","10:30:41","6","default","383292078","Oxt_06","28.646","min","97.308","%a.s.","Humid","20.676","deg","40497","µV","28.129","°C","1016.000","hPa","36.4","pmil","0","55.390","deg","20.000","°C","100.000","%a.s.","21.720","deg","20.000","°C","977.000","hPa","0.861","-0.02617","0.00035","0","0","13.56","Humid","26.25","0","44.00","378338.71","SABD0000000001","AAV1.0.0.11","4.0.0.2323","PSt7-10","170328-019","7/29/2022 11:23:46 AM","0000-00","0","no battery","V","","µV","","µV"
"08/09/2022","10:30:42","6","default","383292078","Oxt_06","28.663","min","97.328","%a.s.","Humid","20.675","deg","40496","µV","28.117","°C","1016.000","hPa","36.4","pmil","0","55.390","deg","20.000","°C","100.000","%a.s.","21.720","deg","20.000","°C","977.000","hPa","0.861","-0.02617","0.00035","0","0","13.56","Humid","26.25","0","44.00","378341.03","SABD0000000001","AAV1.0.0.11","4.0.0.2323","PSt7-10","170328-019","7/29/2022 11:23:46 AM","0000-00","0","no battery","V","","µV","","µV"
"08/09/2022","10:30:43","6","default","383292078","Oxt_06","28.679","min","97.381","%a.s.","Humid","20.669","deg","40491","µV","28.116","°C","1016.000","hPa","36.4","pmil","0","55.390","deg","20.000","°C","100.000","%a.s.","21.720","deg","20.000","°C","977.000","hPa","0.861","-0.02617","0.00035","0","0","13.56","Humid","26.25","0","44.00","378340.28","SABD0000000001","AAV1.0.0.11","4.0.0.2323","PSt7-10","170328-019","7/29/2022 11:23:46 AM","0000-00","0","no battery","V","","µV","","µV"
"08/09/2022","10:30:44","6","default","383292078","Oxt_06","28.696","min","97.372","%a.s.","Humid","20.668","deg","40495","µV","28.135","°C","1016.000","hPa","36.4","pmil","0","55.390","deg","20.000","°C","100.000","%a.s.","21.720","deg","20.000","°C","977.000","hPa","0.861","-0.02617","0.00035","0","0","13.56","Humid","26.25","0","44.00","378342.25","SABD0000000001","AAV1.0.0.11","4.0.0.2323","PSt7-10","170328-019","7/29/2022 11:23:46 AM","0000-00","0","no battery","V","","µV","","µV"
"08/09/2022","10:30:45","6","default","383292078","Oxt_06","28.713","min","97.373","%a.s.","Humid","20.668","deg","40494","µV","28.134","°C","1016.000","hPa","36.4","pmil","0","55.390","deg","20.000","°C","100.000","%a.s.","21.720","deg","20.000","°C","977.000","hPa","0.861","-0.02617","0.00035","0","0","13.56","Humid","26.25","0","44.00","378342.56","SABD0000000001","AAV1.0.0.11","4.0.0.2323","PSt7-10","170328-019","7/29/2022 11:23:46 AM","0000-00","0","no battery","V","","µV","","µV"
"08/09/2022","10:30:46","6","default","383292078","Oxt_06","28.729","min","97.376","%a.s.","Humid","20.668","deg","40491","µV","28.131","°C","1016.000","hPa","36.4","pmil","0","55.390","deg","20.000","°C","100.000","%a.s.","21.720","deg","20.000","°C","977.000","hPa","0.861","-0.02617","0.00035","0","0","13.56","Humid","26.25","0","44.00","378332.45","SABD0000000001","AAV1.0.0.11","4.0.0.2323","PSt7-10","170328-019","7/29/2022 11:23:46 AM","0000-00","0","no battery","V","","µV","","µV"
"08/09/2022","10:30:47","6","default","383292078","Oxt_06","28.746","min","97.371","%a.s.","Humid","20.669","deg","40487","µV","28.127","°C","1016.000","hPa","36.4","pmil","0","55.390","deg","20.000","°C","100.000","%a.s.","21.720","deg","20.000","°C","977.000","hPa","0.861","-0.02617","0.00035","0","0","13.56","Humid","26.25","0","44.00","378325.99","SABD0000000001","AAV1.0.0.11","4.0.0.2323","PSt7-10","170328-019","7/29/2022 11:23:46 AM","0000-00","0","no battery","V","","µV","","µV"
"08/09/2022","10:30:48","6","default","383292078","Oxt_06","28.762","min","97.344","%a.s.","Humid","20.672","deg","40488","µV","28.128","°C","1016.000","hPa","36.4","pmil","0","55.390","deg","20.000","°C","100.000","%a.s.","21.720","deg","20.000","°C","977.000","hPa","0.861","-0.02617","0.00035","0","0","13.56","Humid","26.25","0","44.00","378336.33","SABD0000000001","AAV1.0.0.11","4.0.0.2323","PSt7-10","170328-019","7/29/2022 11:23:46 AM","0000-00","0","no battery","V","","µV","","µV"
"08/09/2022","10:30:49","6","default","383292078","Oxt_06","28.779","min","97.323","%a.s.","Humid","20.674","deg","40488","µV","28.131","°C","1016.000","hPa","36.4","pmil","0","55.390","deg","20.000","°C","100.000","%a.s.","21.720","deg","20.000","°C","977.000","hPa","0.861","-0.02617","0.00035","0","0","13.56","Humid","26.25","0","44.00","378333.11","SABD0000000001","AAV1.0.0.11","4.0.0.2323","PSt7-10","170328-019","7/29/2022 11:23:46 AM","0000-00","0","no battery","V","","µV","","µV"
"08/09/2022","10:30:50","6","default","383292078","Oxt_06","28.795","min","97.373","%a.s.","Humid","20.668","deg","40479","µV","28.134","°C","1016.000","hPa","36.4","pmil","0","55.390","deg","20.000","°C","100.000","%a.s.","21.720","deg","20.000","°C","977.000","hPa","0.861","-0.02617","0.00035","0","0","13.56","Humid","26.25","0","44.00","378316.59","SABD0000000001","AAV1.0.0.11","4.0.0.2323","PSt7-10","170328-019","7/29/2022 11:23:46 AM","0000-00","0","no battery","V","","µV","","µV"
"08/09/2022","10:30:51","6","default","383292078","Oxt_06","28.812","min","97.409","%a.s.","Humid","20.665","deg","40482","µV","28.124","°C","1016.000","hPa","36.4","pmil","0","55.390","deg","20.000","°C","100.000","%a.s.","21.720","deg","20.000","°C","977.000","hPa","0.861","-0.02617","0.00035","0","0","13.56","Humid","26.25","0","44.00","378339.91","SABD0000000001","AAV1.0.0.11","4.0.0.2323","PSt7-10","170328-019","7/29/2022 11:23:46 AM","0000-00","0","no battery","V","","µV","","µV"
"08/09/2022","10:30:52","6","default","383292078","Oxt_06","28.829","min","97.324","%a.s.","Humid","20.674","deg","40483","µV","28.130","°C","1016.000","hPa","36.4","pmil","0","55.390","deg","20.000","°C","100.000","%a.s.","21.720","deg","20.000","°C","977.000","hPa","0.861","-0.02617","0.00035","0","0","13.56","Humid","26.25","0","44.00","378323.77","SABD0000000001","AAV1.0.0.11","4.0.0.2323","PSt7-10","170328-019","7/29/2022 11:23:46 AM","0000-00","0","no battery","V","","µV","","µV"
"08/09/2022","10:30:53","6","default","383292078","Oxt_06","28.845","min","97.437","%a.s.","Humid","20.661","deg","40478","µV","28.130","°C","1016.000","hPa","36.4","pmil","0","55.390","deg","20.000","°C","100.000","%a.s.","21.720","deg","20.000","°C","977.000","hPa","0.861","-0.02617","0.00035","0","0","13.56","Humid","26.25","0","44.00","378325.92","SABD0000000001","AAV1.0.0.11","4.0.0.2323","PSt7-10","170328-019","7/29/2022 11:23:46 AM","0000-00","0","no battery","V","","µV","","µV"
"08/09/2022","10:30:54","6","default","383292078","Oxt_06","28.862","min","97.354","%a.s.","Humid","20.670","deg","40483","µV","28.136","°C","1016.000","hPa","36.4","pmil","0","55.390","deg","20.000","°C","100.000","%a.s.","21.720","deg","20.000","°C","977.000","hPa","0.861","-0.02617","0.00035","0","0","13.56","Humid","26.25","0","44.00","378314.12","SABD0000000001","AAV1.0.0.11","4.0.0.2323","PSt7-10","170328-019","7/29/2022 11:23:46 AM","0000-00","0","no battery","V","","µV","","µV"
"08/09/2022","10:30:55","6","default","383292078","Oxt_06","28.879","min","97.383","%a.s.","Humid","20.666","deg","40482","µV","28.141","°C","1016.000","hPa","36.4","pmil","0","55.390","deg","20.000","°C","100.000","%a.s.","21.720","deg","20.000","°C","977.000","hPa","0.861","-0.02617","0.00035","0","0","13.56","Humid","26.25","0","44.00","378320.92","SABD0000000001","AAV1.0.0.11","4.0.0.2323","PSt7-10","170328-019","7/29/2022 11:23:46 AM","0000-00","0","no battery","V","","µV","","µV"
"08/09/2022","10:30:56","6","default","383292078","Oxt_06","28.895","min","97.472","%a.s.","Humid","20.657","deg","40476","µV","28.130","°C","1016.000","hPa","36.4","pmil","0","55.390","deg","20.000","°C","100.000","%a.s.","21.720","deg","20.000","°C","977.000","hPa","0.861","-0.02617","0.00035","0","0","13.56","Humid","26.25","0","44.00","378322.31","SABD0000000001","AAV1.0.0.11","4.0.0.2323","PSt7-10","170328-019","7/29/2022 11:23:46 AM","0000-00","0","no battery","V","","µV","","µV"
"08/09/2022","10:30:57","6","default","383292078","Oxt_06","28.912","min","97.340","%a.s.","Humid","20.672","deg","40474","µV","28.132","°C","1016.000","hPa","36.4","pmil","0","55.390","deg","20.000","°C","100.000","%a.s.","21.720","deg","20.000","°C","977.000","hPa","0.861","-0.02617","0.00035","0","0","13.56","Humid","26.25","0","44.00","378316.04","SABD0000000001","AAV1.0.0.11","4.0.0.2323","PSt7-10","170328-019","7/29/2022 11:23:46 AM","0000-00","0","no battery","V","","µV","","µV"
"08/09/2022","10:30:58","6","default","383292078","Oxt_06","28.929","min","97.346","%a.s.","Humid","20.670","deg","40472","µV","28.144","°C","1016.000","hPa","36.4","pmil","0","55.390","deg","20.000","°C","100.000","%a.s.","21.720","deg","20.000","°C","977.000","hPa","0.861","-0.02617","0.00035","0","0","13.56","Humid","26.25","0","44.00","378307.40","SABD0000000001","AAV1.0.0.11","4.0.0.2323","PSt7-10","170328-019","7/29/2022 11:23:46 AM","0000-00","0","no battery","V","","µV","","µV"
"08/09/2022","10:30:59","6","default","383292078","Oxt_06","28.946","min","97.377","%a.s.","Humid","20.667","deg","40478","µV","28.139","°C","1016.000","hPa","36.4","pmil","0","55.390","deg","20.000","°C","100.000","%a.s.","21.720","deg","20.000","°C","977.000","hPa","0.861","-0.02617","0.00035","0","0","13.56","Humid","26.25","0","44.00","378303.46","SABD0000000001","AAV1.0.0.11","4.0.0.2323","PSt7-10","170328-019","7/29/2022 11:23:46 AM","0000-00","0","no battery","V","","µV","","µV"
"08/09/2022","10:31:00","6","default","383292078","Oxt_06","28.962","min","97.481","%a.s.","Humid","20.655","deg","40468","µV","28.140","°C","1016.000","hPa","36.4","pmil","0","55.390","deg","20.000","°C","100.000","%a.s.","21.720","deg","20.000","°C","977.000","hPa","0.861","-0.02617","0.00035","0","0","13.56","Humid","26.25","0","44.00","378308.20","SABD0000000001","AAV1.0.0.11","4.0.0.2323","PSt7-10","170328-019","7/29/2022 11:23:46 AM","0000-00","0","no battery","V","","µV","","µV"
"08/09/2022","10:31:01","6","default","383292078","Oxt_06","28.979","min","97.432","%a.s.","Humid","20.662","deg","40471","µV","28.126","°C","1016.000","hPa","36.4","pmil","0","55.390","deg","20.000","°C","100.000","%a.s.","21.720","deg","20.000","°C","977.000","hPa","0.861","-0.02617","0.00035","0","0","13.56","Humid","26.25","0","44.00","378306.40","SABD0000000001","AAV1.0.0.11","4.0.0.2323","PSt7-10","170328-019","7/29/2022 11:23:46 AM","0000-00","0","no battery","V","","µV","","µV"
"08/09/2022","10:31:02","6","default","383292078","Oxt_06","28.996","min","97.348","%a.s.","Humid","20.672","deg","40465","µV","28.123","°C","1016.000","hPa","36.4","pmil","0","55.390","deg","20.000","°C","100.000","%a.s.","21.720","deg","20.000","°C","977.000","hPa","0.861","-0.02617","0.00035","0","0","13.56","Humid","26.25","0","44.00","378315.56","SABD0000000001","AAV1.0.0.11","4.0.0.2323","PSt7-10","170328-019","7/29/2022 11:23:46 AM","0000-00","0","no battery","V","","µV","","µV"
"08/09/2022","10:31:03","6","default","383292078","Oxt_06","29.012","min","97.443","%a.s.","Humid","20.660","deg","40469","µV","28.134","°C","1016.000","hPa","36.4","pmil","0","55.390","deg","20.000","°C","100.000","%a.s.","21.720","deg","20.000","°C","977.000","hPa","0.861","-0.02617","0.00035","0","0","13.56","Humid","26.25","0","44.00","378300.30","SABD0000000001","AAV1.0.0.11","4.0.0.2323","PSt7-10","170328-019","7/29/2022 11:23:46 AM","0000-00","0","no battery","V","","µV","","µV"
"08/09/2022","10:31:04","6","default","383292078","Oxt_06","29.029","min","97.427","%a.s.","Humid","20.661","deg","40465","µV","28.141","°C","1016.000","hPa","36.4","pmil","0","55.390","deg","20.000","°C","100.000","%a.s.","21.720","deg","20.000","°C","977.000","hPa","0.861","-0.02617","0.00035","0","0","13.56","Humid","26.25","0","44.00","378311.18","SABD0000000001","AAV1.0.0.11","4.0.0.2323","PSt7-10","170328-019","7/29/2022 11:23:46 AM","0000-00","0","no battery","V","","µV","","µV"
"08/09/2022","10:31:05","6","default","383292078","Oxt_06","29.046","min","97.434","%a.s.","Humid","20.660","deg","40463","µV","28.143","°C","1016.000","hPa","36.4","pmil","0","55.390","deg","20.000","°C","100.000","%a.s.","21.720","deg","20.000","°C","977.000","hPa","0.861","-0.02617","0.00035","0","0","13.56","Humid","26.25","0","44.00","378327.25","SABD0000000001","AAV1.0.0.11","4.0.0.2323","PSt7-10","170328-019","7/29/2022 11:23:46 AM","0000-00","0","no battery","V","","µV","","µV"
"08/09/2022","10:31:06","6","default","383292078","Oxt_06","29.063","min","97.395","%a.s.","Humid","20.666","deg","40462","µV","28.129","°C","1016.000","hPa","36.4","pmil","0","55.390","deg","20.000","°C","100.000","%a.s.","21.720","deg","20.000","°C","977.000","hPa","0.861","-0.02617","0.00035","0","0","13.56","Humid","26.25","0","44.00","378305.78","SABD0000000001","AAV1.0.0.11","4.0.0.2323","PSt7-10","170328-019","7/29/2022 11:23:46 AM","0000-00","0","no battery","V","","µV","","µV"
"08/09/2022","10:31:07","6","default","383292078","Oxt_06","29.079","min","97.485","%a.s.","Humid","20.657","deg","40461","µV","28.117","°C","1016.000","hPa","36.4","pmil","0","55.390","deg","20.000","°C","100.000","%a.s.","21.720","deg","20.000","°C","977.000","hPa","0.861","-0.02617","0.00035","0","0","13.56","Humid","26.25","0","44.00","378297.21","SABD0000000001","AAV1.0.0.11","4.0.0.2323","PSt7-10","170328-019","7/29/2022 11:23:46 AM","0000-00","0","no battery","V","","µV","","µV"
"08/09/2022","10:31:08","6","default","383292078","Oxt_06","29.096","min","97.497","%a.s.","Humid","20.655","deg","40455","µV","28.123","°C","1016.000","hPa","36.4","pmil","0","55.390","deg","20.000","°C","100.000","%a.s.","21.720","deg","20.000","°C","977.000","hPa","0.861","-0.02617","0.00035","0","0","13.56","Humid","26.25","0","44.00","378293.01","SABD0000000001","AAV1.0.0.11","4.0.0.2323","PSt7-10","170328-019","7/29/2022 11:23:46 AM","0000-00","0","no battery","V","","µV","","µV"
"08/09/2022","10:31:09","6","default","383292078","Oxt_06","29.113","min","97.364","%a.s.","Humid","20.670","deg","40455","µV","28.125","°C","1016.000","hPa","36.4","pmil","0","55.390","deg","20.000","°C","100.000","%a.s.","21.720","deg","20.000","°C","977.000","hPa","0.861","-0.02617","0.00035","0","0","13.56","Humid","26.25","0","44.00","378284.64","SABD0000000001","AAV1.0.0.11","4.0.0.2323","PSt7-10","170328-019","7/29/2022 11:23:46 AM","0000-00","0","no battery","V","","µV","","µV"
"08/09/2022","10:31:10","6","default","383292078","Oxt_06","29.129","min","97.526","%a.s.","Humid","20.652","deg","40456","µV","28.119","°C","1016.000","hPa","36.4","pmil","0","55.390","deg","20.000","°C","100.000","%a.s.","21.720","deg","20.000","°C","977.000","hPa","0.861","-0.02617","0.00035","0","0","13.56","Humid","26.25","0","44.00","378291.47","SABD0000000001","AAV1.0.0.11","4.0.0.2323","PSt7-10","170328-019","7/29/2022 11:23:46 AM","0000-00","0","no battery","V","","µV","","µV"
"08/09/2022","10:31:11","6","default","383292078","Oxt_06","29.146","min","97.485","%a.s.","Humid","20.657","deg","40456","µV","28.117","°C","1016.000","hPa","36.4","pmil","0","55.390","deg","20.000","°C","100.000","%a.s.","21.720","deg","20.000","°C","977.000","hPa","0.861","-0.02617","0.00035","0","0","13.56","Humid","26.25","0","44.00","378290.89","SABD0000000001","AAV1.0.0.11","4.0.0.2323","PSt7-10","170328-019","7/29/2022 11:23:46 AM","0000-00","0","no battery","V","","µV","","µV"
"08/09/2022","10:31:12","6","default","383292078","Oxt_06","29.163","min","97.484","%a.s.","Humid","20.656","deg","40455","µV","28.127","°C","1016.000","hPa","36.4","pmil","0","55.390","deg","20.000","°C","100.000","%a.s.","21.720","deg","20.000","°C","977.000","hPa","0.861","-0.02617","0.00035","0","0","13.56","Humid","26.25","0","44.00","378300.73","SABD0000000001","AAV1.0.0.11","4.0.0.2323","PSt7-10","170328-019","7/29/2022 11:23:46 AM","0000-00","0","no battery","V","","µV","","µV"
"08/09/2022","10:31:13","6","default","383292078","Oxt_06","29.179","min","97.490","%a.s.","Humid","20.654","deg","40457","µV","28.140","°C","1016.000","hPa","36.4","pmil","0","55.390","deg","20.000","°C","100.000","%a.s.","21.720","deg","20.000","°C","977.000","hPa","0.861","-0.02617","0.00035","0","0","13.56","Humid","26.25","0","44.00","378290.59","SABD0000000001","AAV1.0.0.11","4.0.0.2323","PSt7-10","170328-019","7/29/2022 11:23:46 AM","0000-00","0","no battery","V","","µV","","µV"
"08/09/2022","10:31:14","6","default","383292078","Oxt_06","29.196","min","97.458","%a.s.","Humid","20.656","deg","40448","µV","28.155","°C","1016.000","hPa","36.4","pmil","0","55.390","deg","20.000","°C","100.000","%a.s.","21.720","deg","20.000","°C","977.000","hPa","0.861","-0.02617","0.00035","0","0","13.56","Humid","26.25","0","44.00","378288.36","SABD0000000001","AAV1.0.0.11","4.0.0.2323","PSt7-10","170328-019","7/29/2022 11:23:46 AM","0000-00","0","no battery","V","","µV","","µV"
"08/09/2022","10:31:15","6","default","383292078","Oxt_06","29.212","min","97.440","%a.s.","Humid","20.661","deg","40453","µV","28.128","°C","1016.000","hPa","36.4","pmil","0","55.390","deg","20.000","°C","100.000","%a.s.","21.720","deg","20.000","°C","977.000","hPa","0.861","-0.02617","0.00035","0","0","13.56","Humid","26.25","0","44.00","378278.83","SABD0000000001","AAV1.0.0.11","4.0.0.2323","PSt7-10","170328-019","7/29/2022 11:23:46 AM","0000-00","0","no battery","V","","µV","","µV"
"08/09/2022","10:31:16","6","default","383292078","Oxt_06","29.229","min","97.514","%a.s.","Humid","20.653","deg","40448","µV","28.124","°C","1016.000","hPa","36.4","pmil","0","55.390","deg","20.000","°C","100.000","%a.s.","21.720","deg","20.000","°C","977.000","hPa","0.861","-0.02617","0.00035","0","0","13.56","Humid","26.25","0","44.00","378283.17","SABD0000000001","AAV1.0.0.11","4.0.0.2323","PSt7-10","170328-019","7/29/2022 11:23:46 AM","0000-00","0","no battery","V","","µV","","µV"
"08/09/2022","10:31:17","6","default","383292078","Oxt_06","29.245","min","97.465","%a.s.","Humid","20.657","deg","40441","µV","28.138","°C","1016.000","hPa","36.4","pmil","0","55.390","deg","20.000","°C","100.000","%a.s.","21.720","deg","20.000","°C","977.000","hPa","0.861","-0.02617","0.00035","0","0","13.56","Humid","26.25","0","44.00","378288.18","SABD0000000001","AAV1.0.0.11","4.0.0.2323","PSt7-10","170328-019","7/29/2022 11:23:46 AM","0000-00","0","no battery","V","","µV","","µV"
"08/09/2022","10:31:18","6","default","383292078","Oxt_06","29.262","min","97.477","%a.s.","Humid","20.656","deg","40447","µV","28.135","°C","1016.000","hPa","36.4","pmil","0","55.390","deg","20.000","°C","100.000","%a.s.","21.720","deg","20.000","°C","977.000","hPa","0.861","-0.02617","0.00035","0","0","13.56","Humid","26.25","0","44.00","378289.05","SABD0000000001","AAV1.0.0.11","4.0.0.2323","PSt7-10","170328-019","7/29/2022 11:23:46 AM","0000-00","0","no battery","V","","µV","","µV"
"08/09/2022","10:31:19","6","default","383292078","Oxt_06","29.279","min","97.451","%a.s.","Humid","20.660","deg","40435","µV","28.125","°C","1016.000","hPa","36.4","pmil","0","55.390","deg","20.000","°C","100.000","%a.s.","21.720","deg","20.000","°C","977.000","hPa","0.861","-0.02617","0.00035","0","0","13.56","Humid","26.25","0","44.00","378281.07","SABD0000000001","AAV1.0.0.11","4.0.0.2323","PSt7-10","170328-019","7/29/2022 11:23:46 AM","0000-00","0","no battery","V","","µV","","µV"
"08/09/2022","10:31:20","6","default","383292078","Oxt_06","29.295","min","97.436","%a.s.","Humid","20.662","deg","40436","µV","28.122","°C","1016.000","hPa","36.4","pmil","0","55.390","deg","20.000","°C","100.000","%a.s.","21.720","deg","20.000","°C","977.000","hPa","0.861","-0.02617","0.00035","0","0","13.56","Humid","26.25","0","44.00","378271.41","SABD0000000001","AAV1.0.0.11","4.0.0.2323","PSt7-10","170328-019","7/29/2022 11:23:46 AM","0000-00","0","no battery","V","","µV","","µV"
"08/09/2022","10:31:21","6","default","383292078","Oxt_06","29.312","min","97.461","%a.s.","Humid","20.658","deg","40438","µV","28.133","°C","1016.000","hPa","36.4","pmil","0","55.390","deg","20.000","°C","100.000","%a.s.","21.720","deg","20.000","°C","977.000","hPa","0.861","-0.02617","0.00035","0","0","13.56","Humid","26.25","0","44.00","378277.45","SABD0000000001","AAV1.0.0.11","4.0.0.2323","PSt7-10","170328-019","7/29/2022 11:23:46 AM","0000-00","0","no battery","V","","µV","","µV"
"08/09/2022","10:31:22","6","default","383292078","Oxt_06","29.329","min","97.579","%a.s.","Humid","20.645","deg","40437","µV","28.128","°C","1016.000","hPa","36.4","pmil","0","55.390","deg","20.000","°C","100.000","%a.s.","21.720","deg","20.000","°C","977.000","hPa","0.861","-0.02617","0.00035","0","0","13.56","Humid","26.25","0","44.00","378269.57","SABD0000000001","AAV1.0.0.11","4.0.0.2323","PSt7-10","170328-019","7/29/2022 11:23:46 AM","0000-00","0","no battery","V","","µV","","µV"
"08/09/2022","10:31:23","6","default","383292078","Oxt_06","29.345","min","97.504","%a.s.","Humid","20.651","deg","40434","µV","28.152","°C","1016.000","hPa","36.4","pmil","0","55.390","deg","20.000","°C","100.000","%a.s.","21.720","deg","20.000","°C","977.000","hPa","0.861","-0.02617","0.00035","0","0","13.56","Humid","26.25","0","44.00","378273.39","SABD0000000001","AAV1.0.0.11","4.0.0.2323","PSt7-10","170328-019","7/29/2022 11:23:46 AM","0000-00","0","no battery","V","","µV","","µV"
"08/09/2022","10:31:24","6","default","383292078","Oxt_06","29.362","min","97.538","%a.s.","Humid","20.650","deg","40434","µV","28.125","°C","1016.000","hPa","36.4","pmil","0","55.390","deg","20.000","°C","100.000","%a.s.","21.720","deg","20.000","°C","977.000","hPa","0.861","-0.02617","0.00035","0","0","13.56","Humid","26.25","0","44.00","378268.22","SABD0000000001","AAV1.0.0.11","4.0.0.2323","PSt7-10","170328-019","7/29/2022 11:23:46 AM","0000-00","0","no battery","V","","µV","","µV"
"08/09/2022","10:31:25","6","default","383292078","Oxt_06","29.379","min","97.546","%a.s.","Humid","20.648","deg","40432","µV","28.135","°C","1016.000","hPa","36.4","pmil","0","55.390","deg","20.000","°C","100.000","%a.s.","21.720","deg","20.000","°C","977.000","hPa","0.861","-0.02617","0.00035","0","0","13.56","Humid","26.25","0","44.00","378267.66","SABD0000000001","AAV1.0.0.11","4.0.0.2323","PSt7-10","170328-019","7/29/2022 11:23:46 AM","0000-00","0","no battery","V","","µV","","µV"
"08/09/2022","10:31:26","6","default","383292078","Oxt_06","29.395","min","97.491","%a.s.","Humid","20.655","deg","40433","µV","28.129","°C","1016.000","hPa","36.4","pmil","0","55.390","deg","20.000","°C","100.000","%a.s.","21.720","deg","20.000","°C","977.000","hPa","0.861","-0.02617","0.00035","0","0","13.56","Humid","26.25","0","44.00","378259.20","SABD0000000001","AAV1.0.0.11","4.0.0.2323","PSt7-10","170328-019","7/29/2022 11:23:46 AM","0000-00","0","no battery","V","","µV","","µV"
"08/09/2022","10:31:27","6","default","383292078","Oxt_06","29.412","min","97.568","%a.s.","Humid","20.646","deg","40428","µV","28.131","°C","1016.000","hPa","36.4","pmil","0","55.390","deg","20.000","°C","100.000","%a.s.","21.720","deg","20.000","°C","977.000","hPa","0.861","-0.02617","0.00035","0","0","13.56","Humid","26.25","0","44.00","378262.08","SABD0000000001","AAV1.0.0.11","4.0.0.2323","PSt7-10","170328-019","7/29/2022 11:23:46 AM","0000-00","0","no battery","V","","µV","","µV"
"08/09/2022","10:31:28","6","default","383292078","Oxt_06","29.429","min","97.512","%a.s.","Humid","20.652","deg","40430","µV","28.134","°C","1016.000","hPa","36.4","pmil","0","55.390","deg","20.000","°C","100.000","%a.s.","21.720","deg","20.000","°C","977.000","hPa","0.861","-0.02617","0.00035","0","0","13.56","Humid","26.25","0","44.00","378275.47","SABD0000000001","AAV1.0.0.11","4.0.0.2323","PSt7-10","170328-019","7/29/2022 11:23:46 AM","0000-00","0","no battery","V","","µV","","µV"
"08/09/2022","10:31:29","6","default","383292078","Oxt_06","29.445","min","97.540","%a.s.","Humid","20.649","deg","40434","µV","28.132","°C","1016.000","hPa","36.4","pmil","0","55.390","deg","20.000","°C","100.000","%a.s.","21.720","deg","20.000","°C","977.000","hPa","0.861","-0.02617","0.00035","0","0","13.56","Humid","26.25","0","44.00","378261.76","SABD0000000001","AAV1.0.0.11","4.0.0.2323","PSt7-10","170328-019","7/29/2022 11:23:46 AM","0000-00","0","no battery","V","","µV","","µV"
"08/09/2022","10:31:30","6","default","383292078","Oxt_06","29.462","min","97.484","%a.s.","Humid","20.656","deg","40423","µV","28.127","°C","1016.000","hPa","36.4","pmil","0","55.390","deg","20.000","°C","100.000","%a.s.","21.720","deg","20.000","°C","977.000","hPa","0.861","-0.02617","0.00035","0","0","13.56","Humid","26.25","0","44.00","378260.83","SABD0000000001","AAV1.0.0.11","4.0.0.2323","PSt7-10","170328-019","7/29/2022 11:23:46 AM","0000-00","0","no battery","V","","µV","","µV"
"08/09/2022","10:31:31","6","default","383292078","Oxt_06","29.479","min","97.558","%a.s.","Humid","20.645","deg","40426","µV","28.151","°C","1016.000","hPa","36.4","pmil","0","55.390","deg","20.000","°C","100.000","%a.s.","21.720","deg","20.000","°C","977.000","hPa","0.861","-0.02617","0.00035","0","0","13.56","Humid","26.25","0","44.00","378255.25","SABD0000000001","AAV1.0.0.11","4.0.0.2323","PSt7-10","170328-019","7/29/2022 11:23:46 AM","0000-00","0","no battery","V","","µV","","µV"
"08/09/2022","10:31:32","6","default","383292078","Oxt_06","29.496","min","97.537","%a.s.","Humid","20.648","deg","40418","µV","28.145","°C","1016.000","hPa","36.4","pmil","0","55.390","deg","20.000","°C","100.000","%a.s.","21.720","deg","20.000","°C","977.000","hPa","0.861","-0.02617","0.00035","0","0","13.56","Humid","26.25","0","44.00","378258.71","SABD0000000001","AAV1.0.0.11","4.0.0.2323","PSt7-10","170328-019","7/29/2022 11:23:46 AM","0000-00","0","no battery","V","","µV","","µV"
"08/09/2022","10:31:33","6","default","383292078","Oxt_06","29.512","min","97.601","%a.s.","Humid","20.641","deg","40419","µV","28.142","°C","1016.000","hPa","36.4","pmil","0","55.390","deg","20.000","°C","100.000","%a.s.","21.720","deg","20.000","°C","977.000","hPa","0.861","-0.02617","0.00035","0","0","13.56","Humid","26.25","0","44.00","378262.30","SABD0000000001","AAV1.0.0.11","4.0.0.2323","PSt7-10","170328-019","7/29/2022 11:23:46 AM","0000-00","0","no battery","V","","µV","","µV"
"08/09/2022","10:31:34","6","default","383292078","Oxt_06","29.529","min","97.508","%a.s.","Humid","20.651","deg","40421","µV","28.148","°C","1016.000","hPa","36.4","pmil","0","55.390","deg","20.000","°C","100.000","%a.s.","21.720","deg","20.000","°C","977.000","hPa","0.861","-0.02617","0.00035","0","0","13.56","Humid","26.25","0","44.00","378261.84","SABD0000000001","AAV1.0.0.11","4.0.0.2323","PSt7-10","170328-019","7/29/2022 11:23:46 AM","0000-00","0","no battery","V","","µV","","µV"
"08/09/2022","10:31:35","6","default","383292078","Oxt_06","29.546","min","97.591","%a.s.","Humid","20.643","deg","40412","µV","28.134","°C","1016.000","hPa","36.4","pmil","0","55.390","deg","20.000","°C","100.000","%a.s.","21.720","deg","20.000","°C","977.000","hPa","0.861","-0.02617","0.00035","0","0","13.56","Humid","26.25","0","44.00","378271.25","SABD0000000001","AAV1.0.0.11","4.0.0.2323","PSt7-10","170328-019","7/29/2022 11:23:46 AM","0000-00","0","no battery","V","","µV","","µV"
"08/09/2022","10:31:36","6","default","383292078","Oxt_06","29.562","min","97.666","%a.s.","Humid","20.636","deg","40410","µV","28.120","°C","1016.000","hPa","36.4","pmil","0","55.390","deg","20.000","°C","100.000","%a.s.","21.720","deg","20.000","°C","977.000","hPa","0.861","-0.02617","0.00035","0","0","13.56","Humid","26.25","0","44.00","378250.27","SABD0000000001","AAV1.0.0.11","4.0.0.2323","PSt7-10","170328-019","7/29/2022 11:23:46 AM","0000-00","0","no battery","V","","µV","","µV"
"08/09/2022","10:31:37","6","default","383292078","Oxt_06","29.579","min","97.572","%a.s.","Humid","20.644","deg","40413","µV","28.145","°C","1016.000","hPa","36.4","pmil","0","55.390","deg","20.000","°C","100.000","%a.s.","21.720","deg","20.000","°C","977.000","hPa","0.861","-0.02617","0.00035","0","0","13.56","Humid","26.25","0","44.00","378254.07","SABD0000000001","AAV1.0.0.11","4.0.0.2323","PSt7-10","170328-019","7/29/2022 11:23:46 AM","0000-00","0","no battery","V","","µV","","µV"
"08/09/2022","10:31:38","6","default","383292078","Oxt_06","29.596","min","97.531","%a.s.","Humid","20.650","deg","40408","µV","28.133","°C","1016.000","hPa","36.4","pmil","0","55.390","deg","20.000","°C","100.000","%a.s.","21.720","deg","20.000","°C","977.000","hPa","0.861","-0.02617","0.00035","0","0","13.56","Humid","26.25","0","44.00","378258.21","SABD0000000001","AAV1.0.0.11","4.0.0.2323","PSt7-10","170328-019","7/29/2022 11:23:46 AM","0000-00","0","no battery","V","","µV","","µV"
"08/09/2022","10:31:39","6","default","383292078","Oxt_06","29.613","min","97.624","%a.s.","Humid","20.639","deg","40412","µV","28.136","°C","1016.000","hPa","36.4","pmil","0","55.390","deg","20.000","°C","100.000","%a.s.","21.720","deg","20.000","°C","977.000","hPa","0.861","-0.02617","0.00035","0","0","13.56","Humid","26.25","0","44.00","378254.60","SABD0000000001","AAV1.0.0.11","4.0.0.2323","PSt7-10","170328-019","7/29/2022 11:23:46 AM","0000-00","0","no battery","V","","µV","","µV"
"08/09/2022","10:31:40","6","default","383292078","Oxt_06","29.629","min","97.630","%a.s.","Humid","20.639","deg","40407","µV","28.130","°C","1016.000","hPa","36.4","pmil","0","55.390","deg","20.000","°C","100.000","%a.s.","21.720","deg","20.000","°C","977.000","hPa","0.861","-0.02617","0.00035","0","0","13.56","Humid","26.25","0","44.00","378252.76","SABD0000000001","AAV1.0.0.11","4.0.0.2323","PSt7-10","170328-019","7/29/2022 11:23:46 AM","0000-00","0","no battery","V","","µV","","µV"
"08/09/2022","10:31:41","6","default","383292078","Oxt_06","29.646","min","97.548","%a.s.","Humid","20.647","deg","40402","µV","28.143","°C","1016.000","hPa","36.4","pmil","0","55.390","deg","20.000","°C","100.000","%a.s.","21.720","deg","20.000","°C","977.000","hPa","0.861","-0.02617","0.00035","0","0","13.56","Humid","26.25","0","44.00","378264.32","SABD0000000001","AAV1.0.0.11","4.0.0.2323","PSt7-10","170328-019","7/29/2022 11:23:46 AM","0000-00","0","no battery","V","","µV","","µV"
"08/09/2022","10:31:42","6","default","383292078","Oxt_06","29.663","min","97.530","%a.s.","Humid","20.649","deg","40399","µV","28.143","°C","1016.000","hPa","36.4","pmil","0","55.390","deg","20.000","°C","100.000","%a.s.","21.720","deg","20.000","°C","977.000","hPa","0.861","-0.02617","0.00035","0","0","13.56","Humid","26.25","0","44.00","378262.48","SABD0000000001","AAV1.0.0.11","4.0.0.2323","PSt7-10","170328-019","7/29/2022 11:23:46 AM","0000-00","0","no battery","V","","µV","","µV"
"08/09/2022","10:31:43","6","default","383292078","Oxt_06","29.679","min","97.578","%a.s.","Humid","20.645","deg","40399","µV","28.129","°C","1016.000","hPa","36.4","pmil","0","55.390","deg","20.000","°C","100.000","%a.s.","21.720","deg","20.000","°C","977.000","hPa","0.861","-0.02617","0.00035","0","0","13.56","Humid","26.25","0","44.00","378248.58","SABD0000000001","AAV1.0.0.11","4.0.0.2323","PSt7-10","170328-019","7/29/2022 11:23:46 AM","0000-00","0","no battery","V","","µV","","µV"
"08/09/2022","10:31:44","6","default","383292078","Oxt_06","29.696","min","97.620","%a.s.","Humid","20.640","deg","40399","µV","28.131","°C","1016.000","hPa","36.4","pmil","0","55.390","deg","20.000","°C","100.000","%a.s.","21.720","deg","20.000","°C","977.000","hPa","0.861","-0.02617","0.00035","0","0","13.56","Humid","26.25","0","44.00","378242.25","SABD0000000001","AAV1.0.0.11","4.0.0.2323","PSt7-10","170328-019","7/29/2022 11:23:46 AM","0000-00","0","no battery","V","","µV","","µV"
"08/09/2022","10:31:45","6","default","383292078","Oxt_06","29.712","min","97.565","%a.s.","Humid","20.645","deg","40396","µV","28.144","°C","1016.000","hPa","36.4","pmil","0","55.390","deg","20.000","°C","100.000","%a.s.","21.720","deg","20.000","°C","977.000","hPa","0.861","-0.02617","0.00035","0","0","13.56","Humid","26.25","0","44.00","378246.48","SABD0000000001","AAV1.0.0.11","4.0.0.2323","PSt7-10","170328-019","7/29/2022 11:23:46 AM","0000-00","0","no battery","V","","µV","","µV"
"08/09/2022","10:31:46","6","default","383292078","Oxt_06","29.729","min","97.582","%a.s.","Humid","20.646","deg","40392","µV","28.116","°C","1016.000","hPa","36.4","pmil","0","55.390","deg","20.000","°C","100.000","%a.s.","21.720","deg","20.000","°C","977.000","hPa","0.861","-0.02617","0.00035","0","0","13.56","Humid","26.25","0","44.00","378231.46","SABD0000000001","AAV1.0.0.11","4.0.0.2323","PSt7-10","170328-019","7/29/2022 11:23:46 AM","0000-00","0","no battery","V","","µV","","µV"
"08/09/2022","10:31:47","6","default","383292078","Oxt_06","29.745","min","97.583","%a.s.","Humid","20.645","deg","40391","µV","28.124","°C","1016.000","hPa","36.4","pmil","0","55.390","deg","20.000","°C","100.000","%a.s.","21.720","deg","20.000","°C","977.000","hPa","0.861","-0.02617","0.00035","0","0","13.56","Humid","26.25","0","44.00","378232.19","SABD0000000001","AAV1.0.0.11","4.0.0.2323","PSt7-10","170328-019","7/29/2022 11:23:46 AM","0000-00","0","no battery","V","","µV","","µV"
"08/09/2022","10:31:48","6","default","383292078","Oxt_06","29.762","min","97.634","%a.s.","Humid","20.639","deg","40386","µV","28.126","°C","1016.000","hPa","36.4","pmil","0","55.390","deg","20.000","°C","100.000","%a.s.","21.720","deg","20.000","°C","977.000","hPa","0.861","-0.02617","0.00035","0","0","13.56","Humid","26.25","0","44.00","378240.94","SABD0000000001","AAV1.0.0.11","4.0.0.2323","PSt7-10","170328-019","7/29/2022 11:23:46 AM","0000-00","0","no battery","V","","µV","","µV"
"08/09/2022","10:31:49","6","default","383292078","Oxt_06","29.779","min","97.668","%a.s.","Humid","20.635","deg","40393","µV","28.127","°C","1016.000","hPa","36.4","pmil","0","55.390","deg","20.000","°C","100.000","%a.s.","21.720","deg","20.000","°C","977.000","hPa","0.861","-0.02617","0.00035","0","0","13.56","Humid","26.25","0","44.00","378239.47","SABD0000000001","AAV1.0.0.11","4.0.0.2323","PSt7-10","170328-019","7/29/2022 11:23:46 AM","0000-00","0","no battery","V","","µV","","µV"
"08/09/2022","10:31:50","6","default","383292078","Oxt_06","29.795","min","97.717","%a.s.","Humid","20.630","deg","40385","µV","28.121","°C","1016.000","hPa","36.4","pmil","0","55.390","deg","20.000","°C","100.000","%a.s.","21.720","deg","20.000","°C","977.000","hPa","0.861","-0.02617","0.00035","0","0","13.56","Humid","26.25","0","44.00","378239.23","SABD0000000001","AAV1.0.0.11","4.0.0.2323","PSt7-10","170328-019","7/29/2022 11:23:46 AM","0000-00","0","no battery","V","","µV","","µV"
"08/09/2022","10:31:51","6","default","383292078","Oxt_06","29.812","min","97.664","%a.s.","Humid","20.634","deg","40389","µV","28.141","°C","1016.000","hPa","36.4","pmil","0","55.390","deg","20.000","°C","100.000","%a.s.","21.720","deg","20.000","°C","977.000","hPa","0.861","-0.02617","0.00035","0","0","13.56","Humid","26.25","0","44.00","378240.68","SABD0000000001","AAV1.0.0.11","4.0.0.2323","PSt7-10","170328-019","7/29/2022 11:23:46 AM","0000-00","0","no battery","V","","µV","","µV"
"08/09/2022","10:31:52","6","default","383292078","Oxt_06","29.829","min","97.710","%a.s.","Humid","20.630","deg","40381","µV","28.129","°C","1016.000","hPa","36.4","pmil","0","55.390","deg","20.000","°C","100.000","%a.s.","21.720","deg","20.000","°C","977.000","hPa","0.861","-0.02617","0.00035","0","0","13.56","Humid","26.25","0","44.00","378247.03","SABD0000000001","AAV1.0.0.11","4.0.0.2323","PSt7-10","170328-019","7/29/2022 11:23:46 AM","0000-00","0","no battery","V","","µV","","µV"
"08/09/2022","10:31:53","6","default","383292078","Oxt_06","29.845","min","97.642","%a.s.","Humid","20.638","deg","40383","µV","28.127","°C","1016.000","hPa","36.4","pmil","0","55.390","deg","20.000","°C","100.000","%a.s.","21.720","deg","20.000","°C","977.000","hPa","0.861","-0.02617","0.00035","0","0","13.56","Humid","26.25","0","44.00","378235.66","SABD0000000001","AAV1.0.0.11","4.0.0.2323","PSt7-10","170328-019","7/29/2022 11:23:46 AM","0000-00","0","no battery","V","","µV","","µV"
"08/09/2022","10:31:54","6","default","383292078","Oxt_06","29.862","min","97.624","%a.s.","Humid","20.639","deg","40383","µV","28.136","°C","1016.000","hPa","36.4","pmil","0","55.390","deg","20.000","°C","100.000","%a.s.","21.720","deg","20.000","°C","977.000","hPa","0.861","-0.02617","0.00035","0","0","13.56","Humid","26.25","0","44.00","378230.55","SABD0000000001","AAV1.0.0.11","4.0.0.2323","PSt7-10","170328-019","7/29/2022 11:23:46 AM","0000-00","0","no battery","V","","µV","","µV"
"08/09/2022","10:31:55","6","default","383292078","Oxt_06","29.879","min","97.700","%a.s.","Humid","20.631","deg","40381","µV","28.130","°C","1016.000","hPa","36.4","pmil","0","55.390","deg","20.000","°C","100.000","%a.s.","21.720","deg","20.000","°C","977.000","hPa","0.861","-0.02617","0.00035","0","0","13.56","Humid","26.25","0","44.00","378230.82","SABD0000000001","AAV1.0.0.11","4.0.0.2323","PSt7-10","170328-019","7/29/2022 11:23:46 AM","0000-00","0","no battery","V","","µV","","µV"
"08/09/2022","10:31:56","6","default","383292078","Oxt_06","29.895","min","97.650","%a.s.","Humid","20.635","deg","40382","µV","28.146","°C","1016.000","hPa","36.4","pmil","0","55.390","deg","20.000","°C","100.000","%a.s.","21.720","deg","20.000","°C","977.000","hPa","0.861","-0.02617","0.00035","0","0","13.56","Humid","26.25","0","44.00","378228.00","SABD0000000001","AAV1.0.0.11","4.0.0.2323","PSt7-10","170328-019","7/29/2022 11:23:46 AM","0000-00","0","no battery","V","","µV","","µV"
"08/09/2022","10:31:57","6","default","383292078","Oxt_06","29.912","min","97.672","%a.s.","Humid","20.633","deg","40379","µV","28.141","°C","1016.000","hPa","36.4","pmil","0","55.390","deg","20.000","°C","100.000","%a.s.","21.720","deg","20.000","°C","977.000","hPa","0.861","-0.02617","0.00035","0","0","13.56","Humid","26.25","0","44.00","378225.83","SABD0000000001","AAV1.0.0.11","4.0.0.2323","PSt7-10","170328-019","7/29/2022 11:23:46 AM","0000-00","0","no battery","V","","µV","","µV"
"08/09/2022","10:31:58","6","default","383292078","Oxt_06","29.929","min","97.700","%a.s.","Humid","20.630","deg","40381","µV","28.140","°C","1016.000","hPa","36.4","pmil","0","55.390","deg","20.000","°C","100.000","%a.s.","21.720","deg","20.000","°C","977.000","hPa","0.861","-0.02617","0.00035","0","0","13.56","Humid","26.25","0","44.00","378221.66","SABD0000000001","AAV1.0.0.11","4.0.0.2323","PSt7-10","170328-019","7/29/2022 11:23:46 AM","0000-00","0","no battery","V","","µV","","µV"
"08/09/2022","10:31:59","6","default","383292078","Oxt_06","29.945","min","97.705","%a.s.","Humid","20.630","deg","40377","µV","28.134","°C","1016.000","hPa","36.4","pmil","0","55.390","deg","20.000","°C","100.000","%a.s.","21.720","deg","20.000","°C","977.000","hPa","0.861","-0.02617","0.00035","0","0","13.56","Humid","26.25","0","44.00","378218.86","SABD0000000001","AAV1.0.0.11","4.0.0.2323","PSt7-10","170328-019","7/29/2022 11:23:46 AM","0000-00","0","no battery","V","","µV","","µV"
"08/09/2022","10:32:00","6","default","383292078","Oxt_06","29.962","min","97.720","%a.s.","Humid","20.628","deg","40376","µV","28.137","°C","1016.000","hPa","36.4","pmil","0","55.390","deg","20.000","°C","100.000","%a.s.","21.720","deg","20.000","°C","977.000","hPa","0.861","-0.02617","0.00035","0","0","13.56","Humid","26.25","0","44.00","378207.35","SABD0000000001","AAV1.0.0.11","4.0.0.2323","PSt7-10","170328-019","7/29/2022 11:23:46 AM","0000-00","0","no battery","V","","µV","","µV"
"08/09/2022","10:32:01","6","default","383292078","Oxt_06","29.979","min","97.638","%a.s.","Humid","20.637","deg","40375","µV","28.141","°C","1016.000","hPa","36.4","pmil","0","55.390","deg","20.000","°C","100.000","%a.s.","21.720","deg","20.000","°C","977.000","hPa","0.861","-0.02617","0.00035","0","0","13.56","Humid","26.25","0","44.00","378228.36","SABD0000000001","AAV1.0.0.11","4.0.0.2323","PSt7-10","170328-019","7/29/2022 11:23:46 AM","0000-00","0","no battery","V","","µV","","µV"
"08/09/2022","10:32:02","6","default","383292078","Oxt_06","29.995","min","97.655","%a.s.","Humid","20.636","deg","40376","µV","28.131","°C","1016.000","hPa","36.4","pmil","0","55.390","deg","20.000","°C","100.000","%a.s.","21.720","deg","20.000","°C","977.000","hPa","0.861","-0.02617","0.00035","0","0","13.56","Humid","26.25","0","44.00","378224.09","SABD0000000001","AAV1.0.0.11","4.0.0.2323","PSt7-10","170328-019","7/29/2022 11:23:46 AM","0000-00","0","no battery","V","","µV","","µV"
"08/09/2022","10:32:03","6","default","383292078","Oxt_06","30.012","min","97.745","%a.s.","Humid","20.625","deg","40363","µV","28.138","°C","1016.000","hPa","36.4","pmil","0","55.390","deg","20.000","°C","100.000","%a.s.","21.720","deg","20.000","°C","977.000","hPa","0.861","-0.02617","0.00035","0","0","13.56","Humid","26.25","0","44.00","378212.67","SABD0000000001","AAV1.0.0.11","4.0.0.2323","PSt7-10","170328-019","7/29/2022 11:23:46 AM","0000-00","0","no battery","V","","µV","","µV"
"08/09/2022","10:32:04","6","default","383292078","Oxt_06","30.029","min","97.705","%a.s.","Humid","20.630","deg","40369","µV","28.135","°C","1016.000","hPa","36.4","pmil","0","55.390","deg","20.000","°C","100.000","%a.s.","21.720","deg","20.000","°C","977.000","hPa","0.861","-0.02617","0.00035","0","0","13.56","Humid","26.25","0","44.00","378212.07","SABD0000000001","AAV1.0.0.11","4.0.0.2323","PSt7-10","170328-019","7/29/2022 11:23:46 AM","0000-00","0","no battery","V","","µV","","µV"
"08/09/2022","10:32:05","6","default","383292078","Oxt_06","30.045","min","97.755","%a.s.","Humid","20.626","deg","40367","µV","28.119","°C","1016.000","hPa","36.4","pmil","0","55.390","deg","20.000","°C","100.000","%a.s.","21.720","deg","20.000","°C","977.000","hPa","0.861","-0.02617","0.00035","0","0","13.56","Humid","26.25","0","44.00","378217.11","SABD0000000001","AAV1.0.0.11","4.0.0.2323","PSt7-10","170328-019","7/29/2022 11:23:46 AM","0000-00","0","no battery","V","","µV","","µV"
"08/09/2022","10:32:06","6","default","383292078","Oxt_06","30.062","min","97.732","%a.s.","Humid","20.628","deg","40364","µV","28.124","°C","1016.000","hPa","36.4","pmil","0","55.390","deg","20.000","°C","100.000","%a.s.","21.720","deg","20.000","°C","977.000","hPa","0.861","-0.02617","0.00035","0","0","13.56","Humid","26.25","0","44.00","378204.98","SABD0000000001","AAV1.0.0.11","4.0.0.2323","PSt7-10","170328-019","7/29/2022 11:23:46 AM","0000-00","0","no battery","V","","µV","","µV"
"08/09/2022","10:32:07","6","default","383292078","Oxt_06","30.079","min","97.683","%a.s.","Humid","20.634","deg","40363","µV","28.120","°C","1016.000","hPa","36.4","pmil","0","55.390","deg","20.000","°C","100.000","%a.s.","21.720","deg","20.000","°C","977.000","hPa","0.861","-0.02617","0.00035","0","0","13.56","Humid","26.25","0","44.00","378215.62","SABD0000000001","AAV1.0.0.11","4.0.0.2323","PSt7-10","170328-019","7/29/2022 11:23:46 AM","0000-00","0","no battery","V","","µV","","µV"
"08/09/2022","10:32:08","6","default","383292078","Oxt_06","30.096","min","97.702","%a.s.","Humid","20.631","deg","40353","µV","28.128","°C","1016.000","hPa","36.4","pmil","0","55.390","deg","20.000","°C","100.000","%a.s.","21.720","deg","20.000","°C","977.000","hPa","0.861","-0.02617","0.00035","0","0","13.56","Humid","26.25","0","44.00","378202.11","SABD0000000001","AAV1.0.0.11","4.0.0.2323","PSt7-10","170328-019","7/29/2022 11:23:46 AM","0000-00","0","no battery","V","","µV","","µV"
"08/09/2022","10:32:09","6","default","383292078","Oxt_06","30.112","min","97.762","%a.s.","Humid","20.623","deg","40358","µV","28.138","°C","1016.000","hPa","36.4","pmil","0","55.390","deg","20.000","°C","100.000","%a.s.","21.720","deg","20.000","°C","977.000","hPa","0.861","-0.02617","0.00035","0","0","13.56","Humid","26.25","0","44.00","378191.55","SABD0000000001","AAV1.0.0.11","4.0.0.2323","PSt7-10","170328-019","7/29/2022 11:23:46 AM","0000-00","0","no battery","V","","µV","","µV"
"08/09/2022","10:32:10","6","default","383292078","Oxt_06","30.129","min","97.695","%a.s.","Humid","20.631","deg","40359","µV","28.136","°C","1016.000","hPa","36.4","pmil","0","55.390","deg","20.000","°C","100.000","%a.s.","21.720","deg","20.000","°C","977.000","hPa","0.861","-0.02617","0.00035","0","0","13.56","Humid","26.25","0","44.00","378184.64","SABD0000000001","AAV1.0.0.11","4.0.0.2323","PSt7-10","170328-019","7/29/2022 11:23:46 AM","0000-00","0","no battery","V","","µV","","µV"
"08/09/2022","10:32:11","6","default","383292078","Oxt_06","30.146","min","97.776","%a.s.","Humid","20.622","deg","40355","µV","28.134","°C","1016.000","hPa","36.4","pmil","0","55.390","deg","20.000","°C","100.000","%a.s.","21.720","deg","20.000","°C","977.000","hPa","0.861","-0.02617","0.00035","0","0","13.56","Humid","26.25","0","44.00","378188.19","SABD0000000001","AAV1.0.0.11","4.0.0.2323","PSt7-10","170328-019","7/29/2022 11:23:46 AM","0000-00","0","no battery","V","","µV","","µV"
"08/09/2022","10:32:12","6","default","383292078","Oxt_06","30.162","min","97.643","%a.s.","Humid","20.638","deg","40359","µV","28.126","°C","1016.000","hPa","36.4","pmil","0","55.390","deg","20.000","°C","100.000","%a.s.","21.720","deg","20.000","°C","977.000","hPa","0.861","-0.02617","0.00035","0","0","13.56","Humid","26.25","0","44.00","378191.36","SABD0000000001","AAV1.0.0.11","4.0.0.2323","PSt7-10","170328-019","7/29/2022 11:23:46 AM","0000-00","0","no battery","V","","µV","","µV"
"08/09/2022","10:32:13","6","default","383292078","Oxt_06","30.179","min","97.746","%a.s.","Humid","20.625","deg","40359","µV","28.137","°C","1016.000","hPa","36.4","pmil","0","55.390","deg","20.000","°C","100.000","%a.s.","21.720","deg","20.000","°C","977.000","hPa","0.861","-0.02617","0.00035","0","0","13.56","Humid","26.25","0","44.00","378205.49","SABD0000000001","AAV1.0.0.11","4.0.0.2323","PSt7-10","170328-019","7/29/2022 11:23:46 AM","0000-00","0","no battery","V","","µV","","µV"
"08/09/2022","10:32:14","6","default","383292078","Oxt_06","30.196","min","97.712","%a.s.","Humid","20.628","deg","40354","µV","28.145","°C","1016.000","hPa","36.4","pmil","0","55.390","deg","20.000","°C","100.000","%a.s.","21.720","deg","20.000","°C","977.000","hPa","0.861","-0.02617","0.00035","0","0","13.56","Humid","26.25","0","44.00","378206.40","SABD0000000001","AAV1.0.0.11","4.0.0.2323","PSt7-10","170328-019","7/29/2022 11:23:46 AM","0000-00","0","no battery","V","","µV","","µV"
"08/09/2022","10:32:15","6","default","383292078","Oxt_06","30.212","min","97.751","%a.s.","Humid","20.625","deg","40350","µV","28.131","°C","1016.000","hPa","36.4","pmil","0","55.390","deg","20.000","°C","100.000","%a.s.","21.720","deg","20.000","°C","977.000","hPa","0.861","-0.02617","0.00035","0","0","13.56","Humid","26.25","0","44.00","378187.17","SABD0000000001","AAV1.0.0.11","4.0.0.2323","PSt7-10","170328-019","7/29/2022 11:23:46 AM","0000-00","0","no battery","V","","µV","","µV"
"08/09/2022","10:32:16","6","default","383292078","Oxt_06","30.229","min","97.797","%a.s.","Humid","20.620","deg","40350","µV","28.130","°C","1016.000","hPa","36.4","pmil","0","55.390","deg","20.000","°C","100.000","%a.s.","21.720","deg","20.000","°C","977.000","hPa","0.861","-0.02617","0.00035","0","0","13.56","Humid","26.25","0","44.00","378188.65","SABD0000000001","AAV1.0.0.11","4.0.0.2323","PSt7-10","170328-019","7/29/2022 11:23:46 AM","0000-00","0","no battery","V","","µV","","µV"
"08/09/2022","10:32:17","6","default","383292078","Oxt_06","30.246","min","97.750","%a.s.","Humid","20.625","deg","40351","µV","28.133","°C","1016.000","hPa","36.4","pmil","0","55.390","deg","20.000","°C","100.000","%a.s.","21.720","deg","20.000","°C","977.000","hPa","0.861","-0.02617","0.00035","0","0","13.56","Humid","26.25","0","44.00","378179.27","SABD0000000001","AAV1.0.0.11","4.0.0.2323","PSt7-10","170328-019","7/29/2022 11:23:46 AM","0000-00","0","no battery","V","","µV","","µV"
"08/09/2022","10:32:18","6","default","383292078","Oxt_06","30.262","min","97.741","%a.s.","Humid","20.627","deg","40341","µV","28.123","°C","1016.000","hPa","36.4","pmil","0","55.390","deg","20.000","°C","100.000","%a.s.","21.720","deg","20.000","°C","977.000","hPa","0.861","-0.02617","0.00035","0","0","13.56","Humid","26.25","0","44.00","378191.76","SABD0000000001","AAV1.0.0.11","4.0.0.2323","PSt7-10","170328-019","7/29/2022 11:23:46 AM","0000-00","0","no battery","V","","µV","","µV"
"08/09/2022","10:32:19","6","default","383292078","Oxt_06","30.279","min","97.736","%a.s.","Humid","20.625","deg","40341","µV","28.148","°C","1016.000","hPa","36.4","pmil","0","55.390","deg","20.000","°C","100.000","%a.s.","21.720","deg","20.000","°C","977.000","hPa","0.861","-0.02617","0.00035","0","0","13.56","Humid","26.25","0","44.00","378197.43","SABD0000000001","AAV1.0.0.11","4.0.0.2323","PSt7-10","170328-019","7/29/2022 11:23:46 AM","0000-00","0","no battery","V","","µV","","µV"
"08/09/2022","10:32:20","6","default","383292078","Oxt_06","30.296","min","97.741","%a.s.","Humid","20.625","deg","40340","µV","28.143","°C","1016.000","hPa","36.4","pmil","0","55.390","deg","20.000","°C","100.000","%a.s.","21.720","deg","20.000","°C","977.000","hPa","0.861","-0.02617","0.00035","0","0","13.56","Humid","26.25","0","44.00","378200.34","SABD0000000001","AAV1.0.0.11","4.0.0.2323","PSt7-10","170328-019","7/29/2022 11:23:46 AM","0000-00","0","no battery","V","","µV","","µV"
"08/09/2022","10:32:21","6","default","383292078","Oxt_06","30.313","min","97.794","%a.s.","Humid","20.621","deg","40338","µV","28.123","°C","1016.000","hPa","36.4","pmil","0","55.390","deg","20.000","°C","100.000","%a.s.","21.720","deg","20.000","°C","977.000","hPa","0.861","-0.02617","0.00035","0","0","13.56","Humid","26.25","0","44.00","378201.58","SABD0000000001","AAV1.0.0.11","4.0.0.2323","PSt7-10","170328-019","7/29/2022 11:23:46 AM","0000-00","0","no battery","V","","µV","","µV"
"08/09/2022","10:32:22","6","default","383292078","Oxt_06","30.329","min","97.777","%a.s.","Humid","20.622","deg","40336","µV","28.133","°C","1016.000","hPa","36.4","pmil","0","55.390","deg","20.000","°C","100.000","%a.s.","21.720","deg","20.000","°C","977.000","hPa","0.861","-0.02617","0.00035","0","0","13.56","Humid","26.25","0","44.00","378187.50","SABD0000000001","AAV1.0.0.11","4.0.0.2323","PSt7-10","170328-019","7/29/2022 11:23:46 AM","0000-00","0","no battery","V","","µV","","µV"
"08/09/2022","10:32:23","6","default","383292078","Oxt_06","30.346","min","97.806","%a.s.","Humid","20.619","deg","40338","µV","28.129","°C","1016.000","hPa","36.4","pmil","0","55.390","deg","20.000","°C","100.000","%a.s.","21.720","deg","20.000","°C","977.000","hPa","0.861","-0.02617","0.00035","0","0","13.56","Humid","26.25","0","44.00","378183.97","SABD0000000001","AAV1.0.0.11","4.0.0.2323","PSt7-10","170328-019","7/29/2022 11:23:46 AM","0000-00","0","no battery","V","","µV","","µV"
"08/09/2022","10:32:24","6","default","383292078","Oxt_06","30.363","min","97.740","%a.s.","Humid","20.626","deg","40334","µV","28.134","°C","1016.000","hPa","36.4","pmil","0","55.390","deg","20.000","°C","100.000","%a.s.","21.720","deg","20.000","°C","977.000","hPa","0.861","-0.02617","0.00035","0","0","13.56","Humid","26.25","0","44.00","378185.36","SABD0000000001","AAV1.0.0.11","4.0.0.2323","PSt7-10","170328-019","7/29/2022 11:23:46 AM","0000-00","0","no battery","V","","µV","","µV"
"08/09/2022","10:32:25","6","default","383292078","Oxt_06","30.379","min","97.731","%a.s.","Humid","20.628","deg","40333","µV","28.125","°C","1016.000","hPa","36.4","pmil","0","55.390","deg","20.000","°C","100.000","%a.s.","21.720","deg","20.000","°C","977.000","hPa","0.861","-0.02617","0.00035","0","0","13.56","Humid","26.25","0","44.00","378173.25","SABD0000000001","AAV1.0.0.11","4.0.0.2323","PSt7-10","170328-019","7/29/2022 11:23:46 AM","0000-00","0","no battery","V","","µV","","µV"
"08/09/2022","10:32:26","6","default","383292078","Oxt_06","30.395","min","97.793","%a.s.","Humid","20.620","deg","40334","µV","28.133","°C","1016.000","hPa","36.4","pmil","0","55.390","deg","20.000","°C","100.000","%a.s.","21.720","deg","20.000","°C","977.000","hPa","0.861","-0.02617","0.00035","0","0","13.56","Humid","26.25","0","44.00","378179.55","SABD0000000001","AAV1.0.0.11","4.0.0.2323","PSt7-10","170328-019","7/29/2022 11:23:46 AM","0000-00","0","no battery","V","","µV","","µV"
"08/09/2022","10:32:27","6","default","383292078","Oxt_06","30.412","min","97.881","%a.s.","Humid","20.610","deg","40332","µV","28.134","°C","1016.000","hPa","36.4","pmil","0","55.390","deg","20.000","°C","100.000","%a.s.","21.720","deg","20.000","°C","977.000","hPa","0.861","-0.02617","0.00035","0","0","13.56","Humid","26.25","0","44.00","378188.96","SABD0000000001","AAV1.0.0.11","4.0.0.2323","PSt7-10","170328-019","7/29/2022 11:23:46 AM","0000-00","0","no battery","V","","µV","","µV"
"08/09/2022","10:32:28","6","default","383292078","Oxt_06","30.428","min","97.802","%a.s.","Humid","20.619","deg","40332","µV","28.133","°C","1016.000","hPa","36.4","pmil","0","55.390","deg","20.000","°C","100.000","%a.s.","21.720","deg","20.000","°C","977.000","hPa","0.861","-0.02617","0.00035","0","0","13.56","Humid","26.25","0","44.00","378186.33","SABD0000000001","AAV1.0.0.11","4.0.0.2323","PSt7-10","170328-019","7/29/2022 11:23:46 AM","0000-00","0","no battery","V","","µV","","µV"
"08/09/2022","10:32:29","6","default","383292078","Oxt_06","30.445","min","97.791","%a.s.","Humid","20.618","deg","40330","µV","28.154","°C","1016.000","hPa","36.4","pmil","0","55.390","deg","20.000","°C","100.000","%a.s.","21.720","deg","20.000","°C","977.000","hPa","0.861","-0.02617","0.00035","0","0","13.56","Humid","26.25","0","44.00","378188.83","SABD0000000001","AAV1.0.0.11","4.0.0.2323","PSt7-10","170328-019","7/29/2022 11:23:46 AM","0000-00","0","no battery","V","","µV","","µV"
"08/09/2022","10:32:30","6","default","383292078","Oxt_06","30.462","min","97.840","%a.s.","Humid","20.613","deg","40337","µV","28.149","°C","1016.000","hPa","36.4","pmil","0","55.390","deg","20.000","°C","100.000","%a.s.","21.720","deg","20.000","°C","977.000","hPa","0.861","-0.02617","0.00035","0","0","13.56","Humid","26.25","0","44.00","378175.24","SABD0000000001","AAV1.0.0.11","4.0.0.2323","PSt7-10","170328-019","7/29/2022 11:23:46 AM","0000-00","0","no battery","V","","µV","","µV"
"08/09/2022","10:32:31","6","default","383292078","Oxt_06","30.479","min","97.742","%a.s.","Humid","20.625","deg","40328","µV","28.141","°C","1016.000","hPa","36.4","pmil","0","55.390","deg","20.000","°C","100.000","%a.s.","21.720","deg","20.000","°C","977.000","hPa","0.861","-0.02617","0.00035","0","0","13.56","Humid","26.25","0","44.00","378193.50","SABD0000000001","AAV1.0.0.11","4.0.0.2323","PSt7-10","170328-019","7/29/2022 11:23:46 AM","0000-00","0","no battery","V","","µV","","µV"
"08/09/2022","10:32:32","6","default","383292078","Oxt_06","30.495","min","97.821","%a.s.","Humid","20.616","deg","40324","µV","28.141","°C","1016.000","hPa","36.4","pmil","0","55.390","deg","20.000","°C","100.000","%a.s.","21.720","deg","20.000","°C","977.000","hPa","0.861","-0.02617","0.00035","0","0","13.56","Humid","26.25","0","44.00","378189.52","SABD0000000001","AAV1.0.0.11","4.0.0.2323","PSt7-10","170328-019","7/29/2022 11:23:46 AM","0000-00","0","no battery","V","","µV","","µV"
"08/09/2022","10:32:33","6","default","383292078","Oxt_06","30.512","min","97.806","%a.s.","Humid","20.618","deg","40326","µV","28.138","°C","1016.000","hPa","36.4","pmil","0","55.390","deg","20.000","°C","100.000","%a.s.","21.720","deg","20.000","°C","977.000","hPa","0.861","-0.02617","0.00035","0","0","13.56","Humid","26.25","0","44.00","378184.46","SABD0000000001","AAV1.0.0.11","4.0.0.2323","PSt7-10","170328-019","7/29/2022 11:23:46 AM","0000-00","0","no battery","V","","µV","","µV"
"08/09/2022","10:32:34","6","default","383292078","Oxt_06","30.529","min","97.835","%a.s.","Humid","20.615","deg","40324","µV","28.135","°C","1016.000","hPa","36.4","pmil","0","55.390","deg","20.000","°C","100.000","%a.s.","21.720","deg","20.000","°C","977.000","hPa","0.861","-0.02617","0.00035","0","0","13.56","Humid","26.25","0","44.00","378183.27","SABD0000000001","AAV1.0.0.11","4.0.0.2323","PSt7-10","170328-019","7/29/2022 11:23:46 AM","0000-00","0","no battery","V","","µV","","µV"
"08/09/2022","10:32:35","6","default","383292078","Oxt_06","30.546","min","97.788","%a.s.","Humid","20.619","deg","40318","µV","28.148","°C","1016.000","hPa","36.4","pmil","0","55.390","deg","20.000","°C","100.000","%a.s.","21.720","deg","20.000","°C","977.000","hPa","0.861","-0.02617","0.00035","0","0","13.56","Humid","26.25","0","44.00","378181.62","SABD0000000001","AAV1.0.0.11","4.0.0.2323","PSt7-10","170328-019","7/29/2022 11:23:46 AM","0000-00","0","no battery","V","","µV","","µV"
"08/09/2022","10:32:36","6","default","383292078","Oxt_06","30.562","min","97.846","%a.s.","Humid","20.614","deg","40314","µV","28.133","°C","1016.000","hPa","36.4","pmil","0","55.390","deg","20.000","°C","100.000","%a.s.","21.720","deg","20.000","°C","977.000","hPa","0.861","-0.02617","0.00035","0","0","13.56","Humid","26.25","0","44.00","378161.61","SABD0000000001","AAV1.0.0.11","4.0.0.2323","PSt7-10","170328-019","7/29/2022 11:23:46 AM","0000-00","0","no battery","V","","µV","","µV"
"08/09/2022","10:32:37","6","default","383292078","Oxt_06","30.579","min","97.762","%a.s.","Humid","20.623","deg","40318","µV","28.138","°C","1016.000","hPa","36.4","pmil","0","55.390","deg","20.000","°C","100.000","%a.s.","21.720","deg","20.000","°C","977.000","hPa","0.861","-0.02617","0.00035","0","0","13.56","Humid","26.25","0","44.00","378172.39","SABD0000000001","AAV1.0.0.11","4.0.0.2323","PSt7-10","170328-019","7/29/2022 11:23:46 AM","0000-00","0","no battery","V","","µV","","µV"
"08/09/2022","10:32:38","6","default","383292078","Oxt_06","30.596","min","97.816","%a.s.","Humid","20.616","deg","40316","µV","28.147","°C","1016.000","hPa","36.4","pmil","0","55.390","deg","20.000","°C","100.000","%a.s.","21.720","deg","20.000","°C","977.000","hPa","0.861","-0.02617","0.00035","0","0","13.56","Humid","26.25","0","44.00","378177.36","SABD0000000001","AAV1.0.0.11","4.0.0.2323","PSt7-10","170328-019","7/29/2022 11:23:46 AM","0000-00","0","no battery","V","","µV","","µV"
"08/09/2022","10:32:39","6","default","383292078","Oxt_06","30.612","min","97.872","%a.s.","Humid","20.611","deg","40315","µV","28.134","°C","1016.000","hPa","36.4","pmil","0","55.390","deg","20.000","°C","100.000","%a.s.","21.720","deg","20.000","°C","977.000","hPa","0.861","-0.02617","0.00035","0","0","13.56","Humid","26.25","0","44.00","378171.01","SABD0000000001","AAV1.0.0.11","4.0.0.2323","PSt7-10","170328-019","7/29/2022 11:23:46 AM","0000-00","0","no battery","V","","µV","","µV"
"08/09/2022","10:32:40","6","default","383292078","Oxt_06","30.629","min","97.852","%a.s.","Humid","20.613","deg","40310","µV","28.136","°C","1016.000","hPa","36.4","pmil","0","55.390","deg","20.000","°C","100.000","%a.s.","21.720","deg","20.000","°C","977.000","hPa","0.861","-0.02617","0.00035","0","0","13.56","Humid","26.25","0","44.00","378173.32","SABD0000000001","AAV1.0.0.11","4.0.0.2323","PSt7-10","170328-019","7/29/2022 11:23:46 AM","0000-00","0","no battery","V","","µV","","µV"
"08/09/2022","10:32:41","6","default","383292078","Oxt_06","30.646","min","97.939","%a.s.","Humid","20.603","deg","40302","µV","28.137","°C","1016.000","hPa","36.4","pmil","0","55.390","deg","20.000","°C","100.000","%a.s.","21.720","deg","20.000","°C","977.000","hPa","0.861","-0.02617","0.00035","0","0","13.56","Humid","26.25","0","44.00","378161.93","SABD0000000001","AAV1.0.0.11","4.0.0.2323","PSt7-10","170328-019","7/29/2022 11:23:46 AM","0000-00","0","no battery","V","","µV","","µV"
"08/09/2022","10:32:42","6","default","383292078","Oxt_06","30.662","min","97.833","%a.s.","Humid","20.614","deg","40307","µV","28.147","°C","1016.000","hPa","36.4","pmil","0","55.390","deg","20.000","°C","100.000","%a.s.","21.720","deg","20.000","°C","977.000","hPa","0.861","-0.02617","0.00035","0","0","13.56","Humid","26.25","0","44.00","378151.34","SABD0000000001","AAV1.0.0.11","4.0.0.2323","PSt7-10","170328-019","7/29/2022 11:23:46 AM","0000-00","0","no battery","V","","µV","","µV"
"08/09/2022","10:32:43","6","default","383292078","Oxt_06","30.679","min","97.884","%a.s.","Humid","20.610","deg","40309","µV","28.130","°C","1016.000","hPa","36.4","pmil","0","55.390","deg","20.000","°C","100.000","%a.s.","21.720","deg","20.000","°C","977.000","hPa","0.861","-0.02617","0.00035","0","0","13.56","Humid","26.25","0","44.00","378169.90","SABD0000000001","AAV1.0.0.11","4.0.0.2323","PSt7-10","170328-019","7/29/2022 11:23:46 AM","0000-00","0","no battery","V","","µV","","µV"
"08/09/2022","10:32:44","6","default","383292078","Oxt_06","30.696","min","97.926","%a.s.","Humid","20.606","deg","40300","µV","28.123","°C","1016.000","hPa","36.4","pmil","0","55.390","deg","20.000","°C","100.000","%a.s.","21.720","deg","20.000","°C","977.000","hPa","0.861","-0.02617","0.00035","0","0","13.56","Humid","26.25","0","44.00","378164.14","SABD0000000001","AAV1.0.0.11","4.0.0.2323","PSt7-10","170328-019","7/29/2022 11:23:46 AM","0000-00","0","no battery","V","","µV","","µV"
"08/09/2022","10:32:45","6","default","383292078","Oxt_06","30.712","min","97.945","%a.s.","Humid","20.604","deg","40303","µV","28.122","°C","1016.000","hPa","36.4","pmil","0","55.390","deg","20.000","°C","100.000","%a.s.","21.720","deg","20.000","°C","977.000","hPa","0.861","-0.02617","0.00035","0","0","13.56","Humid","26.25","0","44.00","378159.22","SABD0000000001","AAV1.0.0.11","4.0.0.2323","PSt7-10","170328-019","7/29/2022 11:23:46 AM","0000-00","0","no battery","V","","µV","","µV"
"08/09/2022","10:32:46","6","default","383292078","Oxt_06","30.729","min","97.965","%a.s.","Humid","20.602","deg","40298","µV","28.120","°C","1016.000","hPa","36.4","pmil","0","55.390","deg","20.000","°C","100.000","%a.s.","21.720","deg","20.000","°C","977.000","hPa","0.861","-0.02617","0.00035","0","0","13.56","Humid","26.25","0","44.00","378161.94","SABD0000000001","AAV1.0.0.11","4.0.0.2323","PSt7-10","170328-019","7/29/2022 11:23:46 AM","0000-00","0","no battery","V","","µV","","µV"
"08/09/2022","10:32:47","6","default","383292078","Oxt_06","30.746","min","97.870","%a.s.","Humid","20.611","deg","40300","µV","28.136","°C","1016.000","hPa","36.4","pmil","0","55.390","deg","20.000","°C","100.000","%a.s.","21.720","deg","20.000","°C","977.000","hPa","0.861","-0.02617","0.00035","0","0","13.56","Humid","26.25","0","44.00","378155.66","SABD0000000001","AAV1.0.0.11","4.0.0.2323","PSt7-10","170328-019","7/29/2022 11:23:46 AM","0000-00","0","no battery","V","","µV","","µV"
"08/09/2022","10:32:48","6","default","383292078","Oxt_06","30.763","min","97.910","%a.s.","Humid","20.604","deg","40296","µV","28.159","°C","1016.000","hPa","36.4","pmil","0","55.390","deg","20.000","°C","100.000","%a.s.","21.720","deg","20.000","°C","977.000","hPa","0.861","-0.02617","0.00035","0","0","13.56","Humid","26.25","0","44.00","378146.45","SABD0000000001","AAV1.0.0.11","4.0.0.2323","PSt7-10","170328-019","7/29/2022 11:23:46 AM","0000-00","0","no battery","V","","µV","","µV"
"08/09/2022","10:32:49","6","default","383292078","Oxt_06","30.779","min","97.837","%a.s.","Humid","20.613","deg","40304","µV","28.153","°C","1016.000","hPa","36.4","pmil","0","55.390","deg","20.000","°C","100.000","%a.s.","21.720","deg","20.000","°C","977.000","hPa","0.861","-0.02617","0.00035","0","0","13.56","Humid","26.25","0","44.00","378151.32","SABD0000000001","AAV1.0.0.11","4.0.0.2323","PSt7-10","170328-019","7/29/2022 11:23:46 AM","0000-00","0","no battery","V","","µV","","µV"
"08/09/2022","10:32:50","6","default","383292078","Oxt_06","30.796","min","97.887","%a.s.","Humid","20.608","deg","40298","µV","28.146","°C","1016.000","hPa","36.4","pmil","0","55.390","deg","20.000","°C","100.000","%a.s.","21.720","deg","20.000","°C","977.000","hPa","0.861","-0.02617","0.00035","0","0","13.56","Humid","26.25","0","44.00","378168.57","SABD0000000001","AAV1.0.0.11","4.0.0.2323","PSt7-10","170328-019","7/29/2022 11:23:46 AM","0000-00","0","no battery","V","","µV","","µV"
"08/09/2022","10:32:51","6","default","383292078","Oxt_06","30.813","min","97.880","%a.s.","Humid","20.609","deg","40292","µV","28.144","°C","1016.000","hPa","36.4","pmil","0","55.390","deg","20.000","°C","100.000","%a.s.","21.720","deg","20.000","°C","977.000","hPa","0.861","-0.02617","0.00035","0","0","13.56","Humid","26.25","0","44.00","378165.93","SABD0000000001","AAV1.0.0.11","4.0.0.2323","PSt7-10","170328-019","7/29/2022 11:23:46 AM","0000-00","0","no battery","V","","µV","","µV"
"08/09/2022","10:32:52","6","default","383292078","Oxt_06","30.829","min","97.872","%a.s.","Humid","20.611","deg","40298","µV","28.134","°C","1016.000","hPa","36.4","pmil","0","55.390","deg","20.000","°C","100.000","%a.s.","21.720","deg","20.000","°C","977.000","hPa","0.861","-0.02617","0.00035","0","0","13.56","Humid","26.25","0","44.00","378151.90","SABD0000000001","AAV1.0.0.11","4.0.0.2323","PSt7-10","170328-019","7/29/2022 11:23:46 AM","0000-00","0","no battery","V","","µV","","µV"
"08/09/2022","10:32:53","6","default","383292078","Oxt_06","30.846","min","97.855","%a.s.","Humid","20.612","deg","40294","µV","28.142","°C","1016.000","hPa","36.4","pmil","0","55.390","deg","20.000","°C","100.000","%a.s.","21.720","deg","20.000","°C","977.000","hPa","0.861","-0.02617","0.00035","0","0","13.56","Humid","26.25","0","44.00","378154.59","SABD0000000001","AAV1.0.0.11","4.0.0.2323","PSt7-10","170328-019","7/29/2022 11:23:46 AM","0000-00","0","no battery","V","","µV","","µV"
"08/09/2022","10:32:54","6","default","383292078","Oxt_06","30.862","min","97.904","%a.s.","Humid","20.607","deg","40293","µV","28.137","°C","1016.000","hPa","36.4","pmil","0","55.390","deg","20.000","°C","100.000","%a.s.","21.720","deg","20.000","°C","977.000","hPa","0.861","-0.02617","0.00035","0","0","13.56","Humid","26.25","0","44.00","378142.55","SABD0000000001","AAV1.0.0.11","4.0.0.2323","PSt7-10","170328-019","7/29/2022 11:23:46 AM","0000-00","0","no battery","V","","µV","","µV"
"08/09/2022","10:32:55","6","default","383292078","Oxt_06","30.878","min","97.894","%a.s.","Humid","20.608","deg","40291","µV","28.138","°C","1016.000","hPa","36.4","pmil","0","55.390","deg","20.000","°C","100.000","%a.s.","21.720","deg","20.000","°C","977.000","hPa","0.861","-0.02617","0.00035","0","0","13.56","Humid","26.25","0","44.00","378137.05","SABD0000000001","AAV1.0.0.11","4.0.0.2323","PSt7-10","170328-019","7/29/2022 11:23:46 AM","0000-00","0","no battery","V","","µV","","µV"
"08/09/2022","10:32:56","6","default","383292078","Oxt_06","30.895","min","97.995","%a.s.","Humid","20.597","deg","40285","µV","28.134","°C","1016.000","hPa","36.4","pmil","0","55.390","deg","20.000","°C","100.000","%a.s.","21.720","deg","20.000","°C","977.000","hPa","0.861","-0.02617","0.00035","0","0","13.56","Humid","26.25","0","44.00","378141.22","SABD0000000001","AAV1.0.0.11","4.0.0.2323","PSt7-10","170328-019","7/29/2022 11:23:46 AM","0000-00","0","no battery","V","","µV","","µV"
"08/09/2022","10:32:57","6","default","383292078","Oxt_06","30.912","min","98.012","%a.s.","Humid","20.596","deg","40290","µV","28.125","°C","1016.000","hPa","36.4","pmil","0","55.390","deg","20.000","°C","100.000","%a.s.","21.720","deg","20.000","°C","977.000","hPa","0.861","-0.02617","0.00035","0","0","13.56","Humid","26.25","0","44.00","378134.76","SABD0000000001","AAV1.0.0.11","4.0.0.2323","PSt7-10","170328-019","7/29/2022 11:23:46 AM","0000-00","0","no battery","V","","µV","","µV"
"08/09/2022","10:32:58","6","default","383292078","Oxt_06","30.929","min","97.904","%a.s.","Humid","20.606","deg","40283","µV","28.146","°C","1016.000","hPa","36.4","pmil","0","55.390","deg","20.000","°C","100.000","%a.s.","21.720","deg","20.000","°C","977.000","hPa","0.861","-0.02617","0.00035","0","0","13.56","Humid","26.25","0","44.00","378143.57","SABD0000000001","AAV1.0.0.11","4.0.0.2323","PSt7-10","170328-019","7/29/2022 11:23:46 AM","0000-00","0","no battery","V","","µV","","µV"
"08/09/2022","10:32:59","6","default","383292078","Oxt_06","30.945","min","97.937","%a.s.","Humid","20.603","deg","40289","µV","28.139","°C","1016.000","hPa","36.4","pmil","0","55.390","deg","20.000","°C","100.000","%a.s.","21.720","deg","20.000","°C","977.000","hPa","0.861","-0.02617","0.00035","0","0","13.56","Humid","26.25","0","44.00","378146.36","SABD0000000001","AAV1.0.0.11","4.0.0.2323","PSt7-10","170328-019","7/29/2022 11:23:46 AM","0000-00","0","no battery","V","","µV","","µV"
"08/09/2022","10:33:00","6","default","383292078","Oxt_06","30.962","min","97.880","%a.s.","Humid","20.610","deg","40286","µV","28.134","°C","1016.000","hPa","36.4","pmil","0","55.390","deg","20.000","°C","100.000","%a.s.","21.720","deg","20.000","°C","977.000","hPa","0.861","-0.02617","0.00035","0","0","13.56","Humid","26.25","0","44.00","378139.99","SABD0000000001","AAV1.0.0.11","4.0.0.2323","PSt7-10","170328-019","7/29/2022 11:23:46 AM","0000-00","0","no battery","V","","µV","","µV"
"08/09/2022","10:33:01","6","default","383292078","Oxt_06","30.979","min","97.970","%a.s.","Humid","20.600","deg","40284","µV","28.132","°C","1016.000","hPa","36.4","pmil","0","55.390","deg","20.000","°C","100.000","%a.s.","21.720","deg","20.000","°C","977.000","hPa","0.861","-0.02617","0.00035","0","0","13.56","Humid","26.25","0","44.00","378145.58","SABD0000000001","AAV1.0.0.11","4.0.0.2323","PSt7-10","170328-019","7/29/2022 11:23:46 AM","0000-00","0","no battery","V","","µV","","µV"
"08/09/2022","10:33:02","6","default","383292078","Oxt_06","30.995","min","97.905","%a.s.","Humid","20.607","deg","40278","µV","28.136","°C","1016.000","hPa","36.4","pmil","0","55.390","deg","20.000","°C","100.000","%a.s.","21.720","deg","20.000","°C","977.000","hPa","0.861","-0.02617","0.00035","0","0","13.56","Humid","26.25","0","44.00","378151.06","SABD0000000001","AAV1.0.0.11","4.0.0.2323","PSt7-10","170328-019","7/29/2022 11:23:46 AM","0000-00","0","no battery","V","","µV","","µV"
"08/09/2022","10:33:03","6","default","383292078","Oxt_06","31.012","min","97.992","%a.s.","Humid","20.597","deg","40283","µV","28.137","°C","1016.000","hPa","36.4","pmil","0","55.390","deg","20.000","°C","100.000","%a.s.","21.720","deg","20.000","°C","977.000","hPa","0.861","-0.02617","0.00035","0","0","13.56","Humid","26.25","0","44.00","378135.43","SABD0000000001","AAV1.0.0.11","4.0.0.2323","PSt7-10","170328-019","7/29/2022 11:23:46 AM","0000-00","0","no battery","V","","µV","","µV"
"08/09/2022","10:33:04","6","default","383292078","Oxt_06","31.029","min","97.981","%a.s.","Humid","20.597","deg","40273","µV","28.149","°C","1016.000","hPa","36.4","pmil","0","55.390","deg","20.000","°C","100.000","%a.s.","21.720","deg","20.000","°C","977.000","hPa","0.861","-0.02617","0.00035","0","0","13.56","Humid","26.25","0","44.00","378129.35","SABD0000000001","AAV1.0.0.11","4.0.0.2323","PSt7-10","170328-019","7/29/2022 11:23:46 AM","0000-00","0","no battery","V","","µV","","µV"
"08/09/2022","10:33:05","6","default","383292078","Oxt_06","31.045","min","97.981","%a.s.","Humid","20.598","deg","40267","µV","28.139","°C","1016.000","hPa","36.4","pmil","0","55.390","deg","20.000","°C","100.000","%a.s.","21.720","deg","20.000","°C","977.000","hPa","0.861","-0.02617","0.00035","0","0","13.56","Humid","26.25","0","44.00","378134.92","SABD0000000001","AAV1.0.0.11","4.0.0.2323","PSt7-10","170328-019","7/29/2022 11:23:46 AM","0000-00","0","no battery","V","","µV","","µV"
"08/09/2022","10:33:06","6","default","383292078","Oxt_06","31.062","min","98.014","%a.s.","Humid","20.593","deg","40263","µV","28.151","°C","1016.000","hPa","36.4","pmil","0","55.390","deg","20.000","°C","100.000","%a.s.","21.720","deg","20.000","°C","977.000","hPa","0.861","-0.02617","0.00035","0","0","13.56","Humid","26.25","0","44.00","378146.21","SABD0000000001","AAV1.0.0.11","4.0.0.2323","PSt7-10","170328-019","7/29/2022 11:23:46 AM","0000-00","0","no battery","V","","µV","","µV"
"08/09/2022","10:33:07","6","default","383292078","Oxt_06","31.079","min","97.961","%a.s.","Humid","20.599","deg","40265","µV","28.152","°C","1016.000","hPa","36.4","pmil","0","55.390","deg","20.000","°C","100.000","%a.s.","21.720","deg","20.000","°C","977.000","hPa","0.861","-0.02617","0.00035","0","0","13.56","Humid","26.25","0","44.00","378142.48","SABD0000000001","AAV1.0.0.11","4.0.0.2323","PSt7-10","170328-019","7/29/2022 11:23:46 AM","0000-00","0","no battery","V","","µV","","µV"
"08/09/2022","10:33:08","6","default","383292078","Oxt_06","31.096","min","98.012","%a.s.","Humid","20.594","deg","40262","µV","28.144","°C","1016.000","hPa","36.4","pmil","0","55.390","deg","20.000","°C","100.000","%a.s.","21.720","deg","20.000","°C","977.000","hPa","0.861","-0.02617","0.00035","0","0","13.56","Humid","26.25","0","44.00","378141.06","SABD0000000001","AAV1.0.0.11","4.0.0.2323","PSt7-10","170328-019","7/29/2022 11:23:46 AM","0000-00","0","no battery","V","","µV","","µV"
"08/09/2022","10:33:09","6","default","383292078","Oxt_06","31.112","min","97.934","%a.s.","Humid","20.603","deg","40261","µV","28.142","°C","1016.000","hPa","36.4","pmil","0","55.390","deg","20.000","°C","100.000","%a.s.","21.720","deg","20.000","°C","977.000","hPa","0.861","-0.02617","0.00035","0","0","13.56","Humid","26.25","0","44.00","378138.12","SABD0000000001","AAV1.0.0.11","4.0.0.2323","PSt7-10","170328-019","7/29/2022 11:23:46 AM","0000-00","0","no battery","V","","µV","","µV"
"08/09/2022","10:33:10","6","default","383292078","Oxt_06","31.129","min","98.012","%a.s.","Humid","20.595","deg","40254","µV","28.135","°C","1016.000","hPa","36.4","pmil","0","55.390","deg","20.000","°C","100.000","%a.s.","21.720","deg","20.000","°C","977.000","hPa","0.861","-0.02617","0.00035","0","0","13.56","Humid","26.25","0","44.00","378134.54","SABD0000000001","AAV1.0.0.11","4.0.0.2323","PSt7-10","170328-019","7/29/2022 11:23:46 AM","0000-00","0","no battery","V","","µV","","µV"
"08/09/2022","10:33:11","6","default","383292078","Oxt_06","31.146","min","98.006","%a.s.","Humid","20.593","deg","40256","µV","28.160","°C","1016.000","hPa","36.4","pmil","0","55.390","deg","20.000","°C","100.000","%a.s.","21.720","deg","20.000","°C","977.000","hPa","0.861","-0.02617","0.00035","0","0","13.56","Humid","26.25","0","44.00","378131.86","SABD0000000001","AAV1.0.0.11","4.0.0.2323","PSt7-10","170328-019","7/29/2022 11:23:46 AM","0000-00","0","no battery","V","","µV","","µV"
"08/09/2022","10:33:12","6","default","383292078","Oxt_06","31.162","min","97.975","%a.s.","Humid","20.598","deg","40256","µV","28.146","°C","1016.000","hPa","36.4","pmil","0","55.390","deg","20.000","°C","100.000","%a.s.","21.720","deg","20.000","°C","977.000","hPa","0.861","-0.02617","0.00035","0","0","13.56","Humid","26.25","0","44.00","378127.98","SABD0000000001","AAV1.0.0.11","4.0.0.2323","PSt7-10","170328-019","7/29/2022 11:23:46 AM","0000-00","0","no battery","V","","µV","","µV"
"08/09/2022","10:33:13","6","default","383292078","Oxt_06","31.179","min","97.970","%a.s.","Humid","20.600","deg","40254","µV","28.132","°C","1016.000","hPa","36.4","pmil","0","55.390","deg","20.000","°C","100.000","%a.s.","21.720","deg","20.000","°C","977.000","hPa","0.861","-0.02617","0.00035","0","0","13.56","Humid","26.25","0","44.00","378119.79","SABD0000000001","AAV1.0.0.11","4.0.0.2323","PSt7-10","170328-019","7/29/2022 11:23:46 AM","0000-00","0","no battery","V","","µV","","µV"
"08/09/2022","10:33:14","6","default","383292078","Oxt_06","31.196","min","98.034","%a.s.","Humid","20.591","deg","40254","µV","28.149","°C","1016.000","hPa","36.4","pmil","0","55.390","deg","20.000","°C","100.000","%a.s.","21.720","deg","20.000","°C","977.000","hPa","0.861","-0.02617","0.00035","0","0","13.56","Humid","26.25","0","44.00","378122.63","SABD0000000001","AAV1.0.0.11","4.0.0.2323","PSt7-10","170328-019","7/29/2022 11:23:46 AM","0000-00","0","no battery","V","","µV","","µV"
"08/09/2022","10:33:15","6","default","383292078","Oxt_06","31.212","min","97.989","%a.s.","Humid","20.598","deg","40251","µV","28.131","°C","1016.000","hPa","36.4","pmil","0","55.390","deg","20.000","°C","100.000","%a.s.","21.720","deg","20.000","°C","977.000","hPa","0.861","-0.02617","0.00035","0","0","13.56","Humid","26.25","0","44.00","378114.73","SABD0000000001","AAV1.0.0.11","4.0.0.2323","PSt7-10","170328-019","7/29/2022 11:23:46 AM","0000-00","0","no battery","V","","µV","","µV"
"08/09/2022","10:33:16","6","default","383292078","Oxt_06","31.229","min","97.959","%a.s.","Humid","20.600","deg","40244","µV","28.145","°C","1016.000","hPa","36.4","pmil","0","55.390","deg","20.000","°C","100.000","%a.s.","21.720","deg","20.000","°C","977.000","hPa","0.861","-0.02617","0.00035","0","0","13.56","Humid","26.25","0","44.00","378118.25","SABD0000000001","AAV1.0.0.11","4.0.0.2323","PSt7-10","170328-019","7/29/2022 11:23:46 AM","0000-00","0","no battery","V","","µV","","µV"
"08/09/2022","10:33:17","6","default","383292078","Oxt_06","31.246","min","97.986","%a.s.","Humid","20.596","deg","40251","µV","28.153","°C","1016.000","hPa","36.4","pmil","0","55.390","deg","20.000","°C","100.000","%a.s.","21.720","deg","20.000","°C","977.000","hPa","0.861","-0.02617","0.00035","0","0","13.56","Humid","26.25","0","44.00","378111.58","SABD0000000001","AAV1.0.0.11","4.0.0.2323","PSt7-10","170328-019","7/29/2022 11:23:46 AM","0000-00","0","no battery","V","","µV","","µV"
"08/09/2022","10:33:18","6","default","383292078","Oxt_06","31.263","min","98.063","%a.s.","Humid","20.589","deg","40244","µV","28.137","°C","1016.000","hPa","36.4","pmil","0","55.390","deg","20.000","°C","100.000","%a.s.","21.720","deg","20.000","°C","977.000","hPa","0.861","-0.02617","0.00035","0","0","13.56","Humid","26.25","0","44.00","378105.50","SABD0000000001","AAV1.0.0.11","4.0.0.2323","PSt7-10","170328-019","7/29/2022 11:23:46 AM","0000-00","0","no battery","V","","µV","","µV"
"08/09/2022","10:33:19","6","default","383292078","Oxt_06","31.279","min","98.102","%a.s.","Humid","20.584","deg","40249","µV","28.142","°C","1016.000","hPa","36.4","pmil","0","55.390","deg","20.000","°C","100.000","%a.s.","21.720","deg","20.000","°C","977.000","hPa","0.861","-0.02617","0.00035","0","0","13.56","Humid","26.25","0","44.00","378116.07","SABD0000000001","AAV1.0.0.11","4.0.0.2323","PSt7-10","170328-019","7/29/2022 11:23:46 AM","0000-00","0","no battery","V","","µV","","µV"
"08/09/2022","10:33:20","6","default","383292078","Oxt_06","31.296","min","98.039","%a.s.","Humid","20.592","deg","40244","µV","28.134","°C","1016.000","hPa","36.4","pmil","0","55.390","deg","20.000","°C","100.000","%a.s.","21.720","deg","20.000","°C","977.000","hPa","0.861","-0.02617","0.00035","0","0","13.56","Humid","26.25","0","44.00","378117.31","SABD0000000001","AAV1.0.0.11","4.0.0.2323","PSt7-10","170328-019","7/29/2022 11:23:46 AM","0000-00","0","no battery","V","","µV","","µV"
"08/09/2022","10:33:21","6","default","383292078","Oxt_06","31.313","min","98.036","%a.s.","Humid","20.593","deg","40244","µV","28.127","°C","1016.000","hPa","36.4","pmil","0","55.390","deg","20.000","°C","100.000","%a.s.","21.720","deg","20.000","°C","977.000","hPa","0.861","-0.02617","0.00035","0","0","13.56","Humid","26.25","0","44.00","378117.16","SABD0000000001","AAV1.0.0.11","4.0.0.2323","PSt7-10","170328-019","7/29/2022 11:23:46 AM","0000-00","0","no battery","V","","µV","","µV"
"08/09/2022","10:33:22","6","default","383292078","Oxt_06","31.329","min","98.010","%a.s.","Humid","20.595","deg","40250","µV","28.137","°C","1016.000","hPa","36.4","pmil","0","55.390","deg","20.000","°C","100.000","%a.s.","21.720","deg","20.000","°C","977.000","hPa","0.861","-0.02617","0.00035","0","0","13.56","Humid","26.25","0","44.00","378114.45","SABD0000000001","AAV1.0.0.11","4.0.0.2323","PSt7-10","170328-019","7/29/2022 11:23:46 AM","0000-00","0","no battery","V","","µV","","µV"
"08/09/2022","10:33:23","6","default","383292078","Oxt_06","31.346","min","98.084","%a.s.","Humid","20.587","deg","40244","µV","28.133","°C","1016.000","hPa","36.4","pmil","0","55.390","deg","20.000","°C","100.000","%a.s.","21.720","deg","20.000","°C","977.000","hPa","0.861","-0.02617","0.00035","0","0","13.56","Humid","26.25","0","44.00","378114.24","SABD0000000001","AAV1.0.0.11","4.0.0.2323","PSt7-10","170328-019","7/29/2022 11:23:46 AM","0000-00","0","no battery","V","","µV","","µV"
"08/09/2022","10:33:24","6","default","383292078","Oxt_06","31.363","min","98.002","%a.s.","Humid","20.596","deg","40239","µV","28.136","°C","1016.000","hPa","36.4","pmil","0","55.390","deg","20.000","°C","100.000","%a.s.","21.720","deg","20.000","°C","977.000","hPa","0.861","-0.02617","0.00035","0","0","13.56","Humid","26.25","0","44.00","378133.10","SABD0000000001","AAV1.0.0.11","4.0.0.2323","PSt7-10","170328-019","7/29/2022 11:23:46 AM","0000-00","0","no battery","V","","µV","","µV"
"08/09/2022","10:33:25","6","default","383292078","Oxt_06","31.379","min","98.056","%a.s.","Humid","20.591","deg","40241","µV","28.125","°C","1016.000","hPa","36.4","pmil","0","55.390","deg","20.000","°C","100.000","%a.s.","21.720","deg","20.000","°C","977.000","hPa","0.861","-0.02617","0.00035","0","0","13.56","Humid","26.25","0","44.00","378117.17","SABD0000000001","AAV1.0.0.11","4.0.0.2323","PSt7-10","170328-019","7/29/2022 11:23:46 AM","0000-00","0","no battery","V","","µV","","µV"
"08/09/2022","10:33:26","6","default","383292078","Oxt_06","31.396","min","98.017","%a.s.","Humid","20.593","deg","40237","µV","28.147","°C","1016.000","hPa","36.4","pmil","0","55.390","deg","20.000","°C","100.000","%a.s.","21.720","deg","20.000","°C","977.000","hPa","0.861","-0.02617","0.00035","0","0","13.56","Humid","26.25","0","44.00","378111.22","SABD0000000001","AAV1.0.0.11","4.0.0.2323","PSt7-10","170328-019","7/29/2022 11:23:46 AM","0000-00","0","no battery","V","","µV","","µV"
"08/09/2022","10:33:27","6","default","383292078","Oxt_06","31.413","min","98.080","%a.s.","Humid","20.586","deg","40236","µV","28.147","°C","1016.000","hPa","36.4","pmil","0","55.390","deg","20.000","°C","100.000","%a.s.","21.720","deg","20.000","°C","977.000","hPa","0.861","-0.02617","0.00035","0","0","13.56","Humid","26.25","0","44.00","378107.60","SABD0000000001","AAV1.0.0.11","4.0.0.2323","PSt7-10","170328-019","7/29/2022 11:23:46 AM","0000-00","0","no battery","V","","µV","","µV"
"08/09/2022","10:33:28","6","default","383292078","Oxt_06","31.429","min","98.027","%a.s.","Humid","20.592","deg","40231","µV","28.146","°C","1016.000","hPa","36.4","pmil","0","55.390","deg","20.000","°C","100.000","%a.s.","21.720","deg","20.000","°C","977.000","hPa","0.861","-0.02617","0.00035","0","0","13.56","Humid","26.25","0","44.00","378107.32","SABD0000000001","AAV1.0.0.11","4.0.0.2323","PSt7-10","170328-019","7/29/2022 11:23:46 AM","0000-00","0","no battery","V","","µV","","µV"
"08/09/2022","10:33:29","6","default","383292078","Oxt_06","31.446","min","98.026","%a.s.","Humid","20.592","deg","40238","µV","28.147","°C","1016.000","hPa","36.4","pmil","0","55.390","deg","20.000","°C","100.000","%a.s.","21.720","deg","20.000","°C","977.000","hPa","0.861","-0.02617","0.00035","0","0","13.56","Humid","26.25","0","44.00","378104.39","SABD0000000001","AAV1.0.0.11","4.0.0.2323","PSt7-10","170328-019","7/29/2022 11:23:46 AM","0000-00","0","no battery","V","","µV","","µV"
"08/09/2022","10:33:30","6","default","383292078","Oxt_06","31.462","min","98.010","%a.s.","Humid","20.593","deg","40231","µV","28.155","°C","1016.000","hPa","36.4","pmil","0","55.390","deg","20.000","°C","100.000","%a.s.","21.720","deg","20.000","°C","977.000","hPa","0.861","-0.02617","0.00035","0","0","13.56","Humid","26.25","0","44.00","378111.57","SABD0000000001","AAV1.0.0.11","4.0.0.2323","PSt7-10","170328-019","7/29/2022 11:23:46 AM","0000-00","0","no battery","V","","µV","","µV"
"08/09/2022","10:33:31","6","default","383292078","Oxt_06","31.479","min","98.140","%a.s.","Humid","20.580","deg","40228","µV","28.139","°C","1016.000","hPa","36.4","pmil","0","55.390","deg","20.000","°C","100.000","%a.s.","21.720","deg","20.000","°C","977.000","hPa","0.861","-0.02617","0.00035","0","0","13.56","Humid","26.25","0","44.00","378114.49","SABD0000000001","AAV1.0.0.11","4.0.0.2323","PSt7-10","170328-019","7/29/2022 11:23:46 AM","0000-00","0","no battery","V","","µV","","µV"
"08/09/2022","10:33:32","6","default","383292078","Oxt_06","31.495","min","98.078","%a.s.","Humid","20.586","deg","40228","µV","28.149","°C","1016.000","hPa","36.4","pmil","0","55.390","deg","20.000","°C","100.000","%a.s.","21.720","deg","20.000","°C","977.000","hPa","0.861","-0.02617","0.00035","0","0","13.56","Humid","26.25","0","44.00","378094.60","SABD0000000001","AAV1.0.0.11","4.0.0.2323","PSt7-10","170328-019","7/29/2022 11:23:46 AM","0000-00","0","no battery","V","","µV","","µV"
"08/09/2022","10:33:33","6","default","383292078","Oxt_06","31.512","min","98.061","%a.s.","Humid","20.588","deg","40225","µV","28.148","°C","1016.000","hPa","36.4","pmil","0","55.390","deg","20.000","°C","100.000","%a.s.","21.720","deg","20.000","°C","977.000","hPa","0.861","-0.02617","0.00035","0","0","13.56","Humid","26.25","0","44.00","378092.28","SABD0000000001","AAV1.0.0.11","4.0.0.2323","PSt7-10","170328-019","7/29/2022 11:23:46 AM","0000-00","0","no battery","V","","µV","","µV"
"08/09/2022","10:33:34","6","default","383292078","Oxt_06","31.529","min","98.051","%a.s.","Humid","20.590","deg","40234","µV","28.139","°C","1016.000","hPa","36.4","pmil","0","55.390","deg","20.000","°C","100.000","%a.s.","21.720","deg","20.000","°C","977.000","hPa","0.861","-0.02617","0.00035","0","0","13.56","Humid","26.25","0","44.00","378117.70","SABD0000000001","AAV1.0.0.11","4.0.0.2323","PSt7-10","170328-019","7/29/2022 11:23:46 AM","0000-00","0","no battery","V","","µV","","µV"
"08/09/2022","10:33:35","6","default","383292078","Oxt_06","31.545","min","98.125","%a.s.","Humid","20.581","deg","40227","µV","28.146","°C","1016.000","hPa","36.4","pmil","0","55.390","deg","20.000","°C","100.000","%a.s.","21.720","deg","20.000","°C","977.000","hPa","0.861","-0.02617","0.00035","0","0","13.56","Humid","26.25","0","44.00","378104.82","SABD0000000001","AAV1.0.0.11","4.0.0.2323","PSt7-10","170328-019","7/29/2022 11:23:46 AM","0000-00","0","no battery","V","","µV","","µV"
"08/09/2022","10:33:36","6","default","383292078","Oxt_06","31.562","min","98.054","%a.s.","Humid","20.589","deg","40225","µV","28.146","°C","1016.000","hPa","36.4","pmil","0","55.390","deg","20.000","°C","100.000","%a.s.","21.720","deg","20.000","°C","977.000","hPa","0.861","-0.02617","0.00035","0","0","13.56","Humid","26.25","0","44.00","378106.35","SABD0000000001","AAV1.0.0.11","4.0.0.2323","PSt7-10","170328-019","7/29/2022 11:23:46 AM","0000-00","0","no battery","V","","µV","","µV"
"08/09/2022","10:33:37","6","default","383292078","Oxt_06","31.579","min","98.114","%a.s.","Humid","20.582","deg","40225","µV","28.148","°C","1016.000","hPa","36.4","pmil","0","55.390","deg","20.000","°C","100.000","%a.s.","21.720","deg","20.000","°C","977.000","hPa","0.861","-0.02617","0.00035","0","0","13.56","Humid","26.25","0","44.00","378106.14","SABD0000000001","AAV1.0.0.11","4.0.0.2323","PSt7-10","170328-019","7/29/2022 11:23:46 AM","0000-00","0","no battery","V","","µV","","µV"
"08/09/2022","10:33:38","6","default","383292078","Oxt_06","31.595","min","98.164","%a.s.","Humid","20.577","deg","40226","µV","28.141","°C","1016.000","hPa","36.4","pmil","0","55.390","deg","20.000","°C","100.000","%a.s.","21.720","deg","20.000","°C","977.000","hPa","0.861","-0.02617","0.00035","0","0","13.56","Humid","26.25","0","44.00","378107.75","SABD0000000001","AAV1.0.0.11","4.0.0.2323","PSt7-10","170328-019","7/29/2022 11:23:46 AM","0000-00","0","no battery","V","","µV","","µV"
"08/09/2022","10:33:39","6","default","383292078","Oxt_06","31.612","min","98.160","%a.s.","Humid","20.578","deg","40219","µV","28.137","°C","1016.000","hPa","36.4","pmil","0","55.390","deg","20.000","°C","100.000","%a.s.","21.720","deg","20.000","°C","977.000","hPa","0.861","-0.02617","0.00035","0","0","13.56","Humid","26.25","0","44.00","378104.52","SABD0000000001","AAV1.0.0.11","4.0.0.2323","PSt7-10","170328-019","7/29/2022 11:23:46 AM","0000-00","0","no battery","V","","µV","","µV"
"08/09/2022","10:33:40","6","default","383292078","Oxt_06","31.629","min","98.055","%a.s.","Humid","20.590","deg","40217","µV","28.135","°C","1016.000","hPa","36.4","pmil","0","55.390","deg","20.000","°C","100.000","%a.s.","21.720","deg","20.000","°C","977.000","hPa","0.861","-0.02617","0.00035","0","0","13.56","Humid","26.25","0","44.00","378104.78","SABD0000000001","AAV1.0.0.11","4.0.0.2323","PSt7-10","170328-019","7/29/2022 11:23:46 AM","0000-00","0","no battery","V","","µV","","µV"
"08/09/2022","10:33:41","6","default","383292078","Oxt_06","31.645","min","98.151","%a.s.","Humid","20.579","deg","40220","µV","28.137","°C","1016.000","hPa","36.4","pmil","0","55.390","deg","20.000","°C","100.000","%a.s.","21.720","deg","20.000","°C","977.000","hPa","0.861","-0.02617","0.00035","0","0","13.56","Humid","26.25","0","44.00","378099.72","SABD0000000001","AAV1.0.0.11","4.0.0.2323","PSt7-10","170328-019","7/29/2022 11:23:46 AM","0000-00","0","no battery","V","","µV","","µV"
"08/09/2022","10:33:42","6","default","383292078","Oxt_06","31.662","min","98.157","%a.s.","Humid","20.578","deg","40216","µV","28.139","°C","1016.000","hPa","36.4","pmil","0","55.390","deg","20.000","°C","100.000","%a.s.","21.720","deg","20.000","°C","977.000","hPa","0.861","-0.02617","0.00035","0","0","13.56","Humid","26.25","0","44.00","378113.70","SABD0000000001","AAV1.0.0.11","4.0.0.2323","PSt7-10","170328-019","7/29/2022 11:23:46 AM","0000-00","0","no battery","V","","µV","","µV"
"08/09/2022","10:33:43","6","default","383292078","Oxt_06","31.679","min","98.188","%a.s.","Humid","20.576","deg","40211","µV","28.125","°C","1016.000","hPa","36.4","pmil","0","55.390","deg","20.000","°C","100.000","%a.s.","21.720","deg","20.000","°C","977.000","hPa","0.861","-0.02617","0.00035","0","0","13.56","Humid","26.25","0","44.00","378099.07","SABD0000000001","AAV1.0.0.11","4.0.0.2323","PSt7-10","170328-019","7/29/2022 11:23:46 AM","0000-00","0","no battery","V","","µV","","µV"
"08/09/2022","10:33:44","6","default","383292078","Oxt_06","31.695","min","98.044","%a.s.","Humid","20.590","deg","40211","µV","28.147","°C","1016.000","hPa","36.4","pmil","0","55.390","deg","20.000","°C","100.000","%a.s.","21.720","deg","20.000","°C","977.000","hPa","0.861","-0.02617","0.00035","0","0","13.56","Humid","26.25","0","44.00","378086.79","SABD0000000001","AAV1.0.0.11","4.0.0.2323","PSt7-10","170328-019","7/29/2022 11:23:46 AM","0000-00","0","no battery","V","","µV","","µV"
"08/09/2022","10:33:45","6","default","383292078","Oxt_06","31.712","min","98.107","%a.s.","Humid","20.582","deg","40213","µV","28.155","°C","1016.000","hPa","36.4","pmil","0","55.390","deg","20.000","°C","100.000","%a.s.","21.720","deg","20.000","°C","977.000","hPa","0.861","-0.02617","0.00035","0","0","13.56","Humid","26.25","0","44.00","378102.03","SABD0000000001","AAV1.0.0.11","4.0.0.2323","PSt7-10","170328-019","7/29/2022 11:23:46 AM","0000-00","0","no battery","V","","µV","","µV"
"08/09/2022","10:33:46","6","default","383292078","Oxt_06","31.729","min","98.150","%a.s.","Humid","20.578","deg","40213","µV","28.147","°C","1016.000","hPa","36.4","pmil","0","55.390","deg","20.000","°C","100.000","%a.s.","21.720","deg","20.000","°C","977.000","hPa","0.861","-0.02617","0.00035","0","0","13.56","Humid","26.25","0","44.00","378100.23","SABD0000000001","AAV1.0.0.11","4.0.0.2323","PSt7-10","170328-019","7/29/2022 11:23:46 AM","0000-00","0","no battery","V","","µV","","µV"
"08/09/2022","10:33:47","6","default","383292078","Oxt_06","31.746","min","98.097","%a.s.","Humid","20.584","deg","40212","µV","28.147","°C","1016.000","hPa","36.4","pmil","0","55.390","deg","20.000","°C","100.000","%a.s.","21.720","deg","20.000","°C","977.000","hPa","0.861","-0.02617","0.00035","0","0","13.56","Humid","26.25","0","44.00","378095.79","SABD0000000001","AAV1.0.0.11","4.0.0.2323","PSt7-10","170328-019","7/29/2022 11:23:46 AM","0000-00","0","no battery","V","","µV","","µV"
"08/09/2022","10:33:48","6","default","383292078","Oxt_06","31.762","min","98.110","%a.s.","Humid","20.584","deg","40211","µV","28.133","°C","1016.000","hPa","36.4","pmil","0","55.390","deg","20.000","°C","100.000","%a.s.","21.720","deg","20.000","°C","977.000","hPa","0.861","-0.02617","0.00035","0","0","13.56","Humid","26.25","0","44.00","378086.12","SABD0000000001","AAV1.0.0.11","4.0.0.2323","PSt7-10","170328-019","7/29/2022 11:23:46 AM","0000-00","0","no battery","V","","µV","","µV"
"08/09/2022","10:33:49","6","default","383292078","Oxt_06","31.779","min","98.181","%a.s.","Humid","20.574","deg","40208","µV","28.152","°C","1016.000","hPa","36.4","pmil","0","55.390","deg","20.000","°C","100.000","%a.s.","21.720","deg","20.000","°C","977.000","hPa","0.861","-0.02617","0.00035","0","0","13.56","Humid","26.25","0","44.00","378092.25","SABD0000000001","AAV1.0.0.11","4.0.0.2323","PSt7-10","170328-019","7/29/2022 11:23:46 AM","0000-00","0","no battery","V","","µV","","µV"
"08/09/2022","10:33:50","6","default","383292078","Oxt_06","31.796","min","98.161","%a.s.","Humid","20.577","deg","40203","µV","28.145","°C","1016.000","hPa","36.4","pmil","0","55.390","deg","20.000","°C","100.000","%a.s.","21.720","deg","20.000","°C","977.000","hPa","0.861","-0.02617","0.00035","0","0","13.56","Humid","26.25","0","44.00","378085.51","SABD0000000001","AAV1.0.0.11","4.0.0.2323","PSt7-10","170328-019","7/29/2022 11:23:46 AM","0000-00","0","no battery","V","","µV","","µV"
"08/09/2022","10:33:51","6","default","383292078","Oxt_06","31.813","min","98.118","%a.s.","Humid","20.581","deg","40201","µV","28.153","°C","1016.000","hPa","36.4","pmil","0","55.390","deg","20.000","°C","100.000","%a.s.","21.720","deg","20.000","°C","977.000","hPa","0.861","-0.02617","0.00035","0","0","13.56","Humid","26.25","0","44.00","378101.12","SABD0000000001","AAV1.0.0.11","4.0.0.2323","PSt7-10","170328-019","7/29/2022 11:23:46 AM","0000-00","0","no battery","V","","µV","","µV"
"08/09/2022","10:33:52","6","default","383292078","Oxt_06","31.829","min","98.190","%a.s.","Humid","20.574","deg","40204","µV","28.142","°C","1016.000","hPa","36.4","pmil","0","55.390","deg","20.000","°C","100.000","%a.s.","21.720","deg","20.000","°C","977.000","hPa","0.861","-0.02617","0.00035","0","0","13.56","Humid","26.25","0","44.00","378098.31","SABD0000000001","AAV1.0.0.11","4.0.0.2323","PSt7-10","170328-019","7/29/2022 11:23:46 AM","0000-00","0","no battery","V","","µV","","µV"
"08/09/2022","10:33:53","6","default","383292078","Oxt_06","31.846","min","98.127","%a.s.","Humid","20.582","deg","40208","µV","28.134","°C","1016.000","hPa","36.4","pmil","0","55.390","deg","20.000","°C","100.000","%a.s.","21.720","deg","20.000","°C","977.000","hPa","0.861","-0.02617","0.00035","0","0","13.56","Humid","26.25","0","44.00","378100.68","SABD0000000001","AAV1.0.0.11","4.0.0.2323","PSt7-10","170328-019","7/29/2022 11:23:46 AM","0000-00","0","no battery","V","","µV","","µV"
"08/09/2022","10:33:54","6","default","383292078","Oxt_06","31.863","min","98.216","%a.s.","Humid","20.571","deg","40199","µV","28.142","°C","1016.000","hPa","36.4","pmil","0","55.390","deg","20.000","°C","100.000","%a.s.","21.720","deg","20.000","°C","977.000","hPa","0.861","-0.02617","0.00035","0","0","13.56","Humid","26.25","0","44.00","378099.95","SABD0000000001","AAV1.0.0.11","4.0.0.2323","PSt7-10","170328-019","7/29/2022 11:23:46 AM","0000-00","0","no battery","V","","µV","","µV"
"08/09/2022","10:33:55","6","default","383292078","Oxt_06","31.879","min","98.201","%a.s.","Humid","20.573","deg","40193","µV","28.140","°C","1016.000","hPa","36.4","pmil","0","55.390","deg","20.000","°C","100.000","%a.s.","21.720","deg","20.000","°C","977.000","hPa","0.861","-0.02617","0.00035","0","0","13.56","Humid","26.25","0","44.00","378102.10","SABD0000000001","AAV1.0.0.11","4.0.0.2323","PSt7-10","170328-019","7/29/2022 11:23:46 AM","0000-00","0","no battery","V","","µV","","µV"
"08/09/2022","10:33:56","6","default","383292078","Oxt_06","31.896","min","98.205","%a.s.","Humid","20.573","deg","40200","µV","28.135","°C","1016.000","hPa","36.4","pmil","0","55.390","deg","20.000","°C","100.000","%a.s.","21.720","deg","20.000","°C","977.000","hPa","0.861","-0.02617","0.00035","0","0","13.56","Humid","26.25","0","44.00","378084.55","SABD0000000001","AAV1.0.0.11","4.0.0.2323","PSt7-10","170328-019","7/29/2022 11:23:46 AM","0000-00","0","no battery","V","","µV","","µV"
"08/09/2022","10:33:57","6","default","383292078","Oxt_06","31.913","min","98.194","%a.s.","Humid","20.574","deg","40194","µV","28.138","°C","1016.000","hPa","36.4","pmil","0","55.390","deg","20.000","°C","100.000","%a.s.","21.720","deg","20.000","°C","977.000","hPa","0.861","-0.02617","0.00035","0","0","13.56","Humid","26.25","0","44.00","378093.97","SABD0000000001","AAV1.0.0.11","4.0.0.2323","PSt7-10","170328-019","7/29/2022 11:23:46 AM","0000-00","0","no battery","V","","µV","","µV"
"08/09/2022","10:33:58","6","default","383292078","Oxt_06","31.929","min","98.134","%a.s.","Humid","20.581","deg","40189","µV","28.136","°C","1016.000","hPa","36.4","pmil","0","55.390","deg","20.000","°C","100.000","%a.s.","21.720","deg","20.000","°C","977.000","hPa","0.861","-0.02617","0.00035","0","0","13.56","Humid","26.25","0","44.00","378095.52","SABD0000000001","AAV1.0.0.11","4.0.0.2323","PSt7-10","170328-019","7/29/2022 11:23:46 AM","0000-00","0","no battery","V","","µV","","µV"
"08/09/2022","10:33:59","6","default","383292078","Oxt_06","31.946","min","98.192","%a.s.","Humid","20.575","deg","40191","µV","28.131","°C","1016.000","hPa","36.4","pmil","0","55.390","deg","20.000","°C","100.000","%a.s.","21.720","deg","20.000","°C","977.000","hPa","0.861","-0.02617","0.00035","0","0","13.56","Humid","26.25","0","44.00","378087.47","SABD0000000001","AAV1.0.0.11","4.0.0.2323","PSt7-10","170328-019","7/29/2022 11:23:46 AM","0000-00","0","no battery","V","","µV","","µV"
"08/09/2022","10:34:00","6","default","383292078","Oxt_06","31.962","min","98.213","%a.s.","Humid","20.571","deg","40190","µV","28.146","°C","1016.000","hPa","36.4","pmil","0","55.390","deg","20.000","°C","100.000","%a.s.","21.720","deg","20.000","°C","977.000","hPa","0.861","-0.02617","0.00035","0","0","13.56","Humid","26.25","0","44.00","378085.66","SABD0000000001","AAV1.0.0.11","4.0.0.2323","PSt7-10","170328-019","7/29/2022 11:23:46 AM","0000-00","0","no battery","V","","µV","","µV"
"08/09/2022","10:34:01","6","default","383292078","Oxt_06","31.978","min","98.173","%a.s.","Humid","20.578","deg","40195","µV","28.123","°C","1016.000","hPa","36.4","pmil","0","55.390","deg","20.000","°C","100.000","%a.s.","21.720","deg","20.000","°C","977.000","hPa","0.861","-0.02617","0.00035","0","0","13.56","Humid","26.25","0","44.00","378090.04","SABD0000000001","AAV1.0.0.11","4.0.0.2323","PSt7-10","170328-019","7/29/2022 11:23:46 AM","0000-00","0","no battery","V","","µV","","µV"
"08/09/2022","10:34:02","6","default","383292078","Oxt_06","31.995","min","98.225","%a.s.","Humid","20.571","deg","40189","µV","28.133","°C","1016.000","hPa","36.4","pmil","0","55.390","deg","20.000","°C","100.000","%a.s.","21.720","deg","20.000","°C","977.000","hPa","0.861","-0.02617","0.00035","0","0","13.56","Humid","26.25","0","44.00","378092.28","SABD0000000001","AAV1.0.0.11","4.0.0.2323","PSt7-10","170328-019","7/29/2022 11:23:46 AM","0000-00","0","no battery","V","","µV","","µV"
"08/09/2022","10:34:03","6","default","383292078","Oxt_06","32.012","min","98.210","%a.s.","Humid","20.573","deg","40190","µV","28.130","°C","1016.000","hPa","36.4","pmil","0","55.390","deg","20.000","°C","100.000","%a.s.","21.720","deg","20.000","°C","977.000","hPa","0.861","-0.02617","0.00035","0","0","13.56","Humid","26.25","0","44.00","378087.78","SABD0000000001","AAV1.0.0.11","4.0.0.2323","PSt7-10","170328-019","7/29/2022 11:23:46 AM","0000-00","0","no battery","V","","µV","","µV"
"08/09/2022","10:34:04","6","default","383292078","Oxt_06","32.029","min","98.255","%a.s.","Humid","20.565","deg","40192","µV","28.157","°C","1016.000","hPa","36.4","pmil","0","55.390","deg","20.000","°C","100.000","%a.s.","21.720","deg","20.000","°C","977.000","hPa","0.861","-0.02617","0.00035","0","0","13.56","Humid","26.25","0","44.00","378094.49","SABD0000000001","AAV1.0.0.11","4.0.0.2323","PSt7-10","170328-019","7/29/2022 11:23:46 AM","0000-00","0","no battery","V","","µV","","µV"
"08/09/2022","10:34:05","6","default","383292078","Oxt_06","32.045","min","98.135","%a.s.","Humid","20.580","deg","40187","µV","28.145","°C","1016.000","hPa","36.4","pmil","0","55.390","deg","20.000","°C","100.000","%a.s.","21.720","deg","20.000","°C","977.000","hPa","0.861","-0.02617","0.00035","0","0","13.56","Humid","26.25","0","44.00","378103.29","SABD0000000001","AAV1.0.0.11","4.0.0.2323","PSt7-10","170328-019","7/29/2022 11:23:46 AM","0000-00","0","no battery","V","","µV","","µV"
"08/09/2022","10:34:06","6","default","383292078","Oxt_06","32.062","min","98.228","%a.s.","Humid","20.569","deg","40182","µV","28.148","°C","1016.000","hPa","36.4","pmil","0","55.390","deg","20.000","°C","100.000","%a.s.","21.720","deg","20.000","°C","977.000","hPa","0.861","-0.02617","0.00035","0","0","13.56","Humid","26.25","0","44.00","378073.07","SABD0000000001","AAV1.0.0.11","4.0.0.2323","PSt7-10","170328-019","7/29/2022 11:23:46 AM","0000-00","0","no battery","V","","µV","","µV"
"08/09/2022","10:34:07","6","default","383292078","Oxt_06","32.079","min","98.220","%a.s.","Humid","20.571","deg","40191","µV","28.138","°C","1016.000","hPa","36.4","pmil","0","55.390","deg","20.000","°C","100.000","%a.s.","21.720","deg","20.000","°C","977.000","hPa","0.861","-0.02617","0.00035","0","0","13.56","Humid","26.25","0","44.00","378093.08","SABD0000000001","AAV1.0.0.11","4.0.0.2323","PSt7-10","170328-019","7/29/2022 11:23:46 AM","0000-00","0","no battery","V","","µV","","µV"
"08/09/2022","10:34:08","6","default","383292078","Oxt_06","32.095","min","98.225","%a.s.","Humid","20.570","deg","40176","µV","28.142","°C","1016.000","hPa","36.4","pmil","0","55.390","deg","20.000","°C","100.000","%a.s.","21.720","deg","20.000","°C","977.000","hPa","0.861","-0.02617","0.00035","0","0","13.56","Humid","26.25","0","44.00","378096.91","SABD0000000001","AAV1.0.0.11","4.0.0.2323","PSt7-10","170328-019","7/29/2022 11:23:46 AM","0000-00","0","no battery","V","","µV","","µV"
"08/09/2022","10:34:09","6","default","383292078","Oxt_06","32.112","min","98.272","%a.s.","Humid","20.565","deg","40177","µV","28.139","°C","1016.000","hPa","36.4","pmil","0","55.390","deg","20.000","°C","100.000","%a.s.","21.720","deg","20.000","°C","977.000","hPa","0.861","-0.02617","0.00035","0","0","13.56","Humid","26.25","0","44.00","378086.64","SABD0000000001","AAV1.0.0.11","4.0.0.2323","PSt7-10","170328-019","7/29/2022 11:23:46 AM","0000-00","0","no battery","V","","µV","","µV"
"08/09/2022","10:34:10","6","default","383292078","Oxt_06","32.129","min","98.283","%a.s.","Humid","20.565","deg","40177","µV","28.128","°C","1016.000","hPa","36.4","pmil","0","55.390","deg","20.000","°C","100.000","%a.s.","21.720","deg","20.000","°C","977.000","hPa","0.861","-0.02617","0.00035","0","0","13.56","Humid","26.25","0","44.00","378097.78","SABD0000000001","AAV1.0.0.11","4.0.0.2323","PSt7-10","170328-019","7/29/2022 11:23:46 AM","0000-00","0","no battery","V","","µV","","µV"
"08/09/2022","10:34:11","6","default","383292078","Oxt_06","32.145","min","98.227","%a.s.","Humid","20.568","deg","40176","µV","28.159","°C","1016.000","hPa","36.4","pmil","0","55.390","deg","20.000","°C","100.000","%a.s.","21.720","deg","20.000","°C","977.000","hPa","0.861","-0.02617","0.00035","0","0","13.56","Humid","26.25","0","44.00","378073.68","SABD0000000001","AAV1.0.0.11","4.0.0.2323","PSt7-10","170328-019","7/29/2022 11:23:46 AM","0000-00","0","no battery","V","","µV","","µV"
"08/09/2022","10:34:12","6","default","383292078","Oxt_06","32.162","min","98.266","%a.s.","Humid","20.566","deg","40171","µV","28.136","°C","1016.000","hPa","36.4","pmil","0","55.390","deg","20.000","°C","100.000","%a.s.","21.720","deg","20.000","°C","977.000","hPa","0.861","-0.02617","0.00035","0","0","13.56","Humid","26.25","0","44.00","378081.20","SABD0000000001","AAV1.0.0.11","4.0.0.2323","PSt7-10","170328-019","7/29/2022 11:23:46 AM","0000-00","0","no battery","V","","µV","","µV"
"08/09/2022","10:34:13","6","default","383292078","Oxt_06","32.179","min","98.251","%a.s.","Humid","20.567","deg","40167","µV","28.143","°C","1016.000","hPa","36.4","pmil","0","55.390","deg","20.000","°C","100.000","%a.s.","21.720","deg","20.000","°C","977.000","hPa","0.861","-0.02617","0.00035","0","0","13.56","Humid","26.25","0","44.00","378084.24","SABD0000000001","AAV1.0.0.11","4.0.0.2323","PSt7-10","170328-019","7/29/2022 11:23:46 AM","0000-00","0","no battery","V","","µV","","µV"
"08/09/2022","10:34:14","6","default","383292078","Oxt_06","32.195","min","98.313","%a.s.","Humid","20.560","deg","40167","µV","28.143","°C","1016.000","hPa","36.4","pmil","0","55.390","deg","20.000","°C","100.000","%a.s.","21.720","deg","20.000","°C","977.000","hPa","0.861","-0.02617","0.00035","0","0","13.56","Humid","26.25","0","44.00","378094.13","SABD0000000001","AAV1.0.0.11","4.0.0.2323","PSt7-10","170328-019","7/29/2022 11:23:46 AM","0000-00","0","no battery","V","","µV","","µV"
"08/09/2022","10:34:15","6","default","383292078","Oxt_06","32.212","min","98.362","%a.s.","Humid","20.555","deg","40163","µV","28.138","°C","1016.000","hPa","36.4","pmil","0","55.390","deg","20.000","°C","100.000","%a.s.","21.720","deg","20.000","°C","977.000","hPa","0.861","-0.02617","0.00035","0","0","13.56","Humid","26.25","0","44.00","378092.11","SABD0000000001","AAV1.0.0.11","4.0.0.2323","PSt7-10","170328-019","7/29/2022 11:23:46 AM","0000-00","0","no battery","V","","µV","","µV"
"08/09/2022","10:34:16","6","default","383292078","Oxt_06","32.229","min","98.269","%a.s.","Humid","20.567","deg","40159","µV","28.123","°C","1016.000","hPa","36.4","pmil","0","55.390","deg","20.000","°C","100.000","%a.s.","21.720","deg","20.000","°C","977.000","hPa","0.861","-0.02617","0.00035","0","0","13.56","Humid","26.25","0","44.00","378089.17","SABD0000000001","AAV1.0.0.11","4.0.0.2323","PSt7-10","170328-019","7/29/2022 11:23:46 AM","0000-00","0","no battery","V","","µV","","µV"
"08/09/2022","10:34:17","6","default","383292078","Oxt_06","32.245","min","98.324","%a.s.","Humid","20.560","deg","40166","µV","28.132","°C","1016.000","hPa","36.4","pmil","0","55.390","deg","20.000","°C","100.000","%a.s.","21.720","deg","20.000","°C","977.000","hPa","0.861","-0.02617","0.00035","0","0","13.56","Humid","26.25","0","44.00","378099.24","SABD0000000001","AAV1.0.0.11","4.0.0.2323","PSt7-10","170328-019","7/29/2022 11:23:46 AM","0000-00","0","no battery","V","","µV","","µV"
"08/09/2022","10:34:18","6","default","383292078","Oxt_06","32.262","min","98.256","%a.s.","Humid","20.566","deg","40164","µV","28.147","°C","1016.000","hPa","36.4","pmil","0","55.390","deg","20.000","°C","100.000","%a.s.","21.720","deg","20.000","°C","977.000","hPa","0.861","-0.02617","0.00035","0","0","13.56","Humid","26.25","0","44.00","378085.83","SABD0000000001","AAV1.0.0.11","4.0.0.2323","PSt7-10","170328-019","7/29/2022 11:23:46 AM","0000-00","0","no battery","V","","µV","","µV"
"08/09/2022","10:34:19","6","default","383292078","Oxt_06","32.279","min","98.306","%a.s.","Humid","20.561","deg","40165","µV","28.141","°C","1016.000","hPa","36.4","pmil","0","55.390","deg","20.000","°C","100.000","%a.s.","21.720","deg","20.000","°C","977.000","hPa","0.861","-0.02617","0.00035","0","0","13.56","Humid","26.25","0","44.00","378094.88","SABD0000000001","AAV1.0.0.11","4.0.0.2323","PSt7-10","170328-019","7/29/2022 11:23:46 AM","0000-00","0","no battery","V","","µV","","µV"
"08/09/2022","10:34:20","6","default","383292078","Oxt_06","32.295","min","98.315","%a.s.","Humid","20.560","deg","40159","µV","28.140","°C","1016.000","hPa","36.4","pmil","0","55.390","deg","20.000","°C","100.000","%a.s.","21.720","deg","20.000","°C","977.000","hPa","0.861","-0.02617","0.00035","0","0","13.56","Humid","26.25","0","44.00","378072.51","SABD0000000001","AAV1.0.0.11","4.0.0.2323","PSt7-10","170328-019","7/29/2022 11:23:46 AM","0000-00","0","no battery","V","","µV","","µV"
"08/09/2022","10:34:21","6","default","383292078","Oxt_06","32.312","min","98.288","%a.s.","Humid","20.563","deg","40164","µV","28.142","°C","1016.000","hPa","36.4","pmil","0","55.390","deg","20.000","°C","100.000","%a.s.","21.720","deg","20.000","°C","977.000","hPa","0.861","-0.02617","0.00035","0","0","13.56","Humid","26.25","0","44.00","378097.58","SABD0000000001","AAV1.0.0.11","4.0.0.2323","PSt7-10","170328-019","7/29/2022 11:23:46 AM","0000-00","0","no battery","V","","µV","","µV"
"08/09/2022","10:34:22","6","default","383292078","Oxt_06","32.329","min","98.252","%a.s.","Humid","20.567","deg","40163","µV","28.142","°C","1016.000","hPa","36.4","pmil","0","55.390","deg","20.000","°C","100.000","%a.s.","21.720","deg","20.000","°C","977.000","hPa","0.861","-0.02617","0.00035","0","0","13.56","Humid","26.25","0","44.00","378089.35","SABD0000000001","AAV1.0.0.11","4.0.0.2323","PSt7-10","170328-019","7/29/2022 11:23:46 AM","0000-00","0","no battery","V","","µV","","µV"
"08/09/2022","10:34:23","6","default","383292078","Oxt_06","32.346","min","98.286","%a.s.","Humid","20.563","deg","40161","µV","28.143","°C","1016.000","hPa","36.4","pmil","0","55.390","deg","20.000","°C","100.000","%a.s.","21.720","deg","20.000","°C","977.000","hPa","0.861","-0.02617","0.00035","0","0","13.56","Humid","26.25","0","44.00","378092.55","SABD0000000001","AAV1.0.0.11","4.0.0.2323","PSt7-10","170328-019","7/29/2022 11:23:46 AM","0000-00","0","no battery","V","","µV","","µV"
"08/09/2022","10:34:24","6","default","383292078","Oxt_06","32.362","min","98.412","%a.s.","Humid","20.547","deg","40161","µV","28.160","°C","1016.000","hPa","36.4","pmil","0","55.390","deg","20.000","°C","100.000","%a.s.","21.720","deg","20.000","°C","977.000","hPa","0.861","-0.02617","0.00035","0","0","13.56","Humid","26.25","0","44.00","378093.46","SABD0000000001","AAV1.0.0.11","4.0.0.2323","PSt7-10","170328-019","7/29/2022 11:23:46 AM","0000-00","0","no battery","V","","µV","","µV"
"08/09/2022","10:34:25","6","default","383292078","Oxt_06","32.379","min","98.259","%a.s.","Humid","20.565","deg","40152","µV","28.154","°C","1016.000","hPa","36.4","pmil","0","55.390","deg","20.000","°C","100.000","%a.s.","21.720","deg","20.000","°C","977.000","hPa","0.861","-0.02617","0.00035","0","0","13.56","Humid","26.25","0","44.00","378088.27","SABD0000000001","AAV1.0.0.11","4.0.0.2323","PSt7-10","170328-019","7/29/2022 11:23:46 AM","0000-00","0","no battery","V","","µV","","µV"
"08/09/2022","10:34:26","6","default","383292078","Oxt_06","32.396","min","98.348","%a.s.","Humid","20.557","deg","40157","µV","28.134","°C","1016.000","hPa","36.4","pmil","0","55.390","deg","20.000","°C","100.000","%a.s.","21.720","deg","20.000","°C","977.000","hPa","0.861","-0.02617","0.00035","0","0","13.56","Humid","26.25","0","44.00","378080.69","SABD0000000001","AAV1.0.0.11","4.0.0.2323","PSt7-10","170328-019","7/29/2022 11:23:46 AM","0000-00","0","no battery","V","","µV","","µV"
"08/09/2022","10:34:27","6","default","383292078","Oxt_06","32.412","min","98.292","%a.s.","Humid","20.563","deg","40153","µV","28.137","°C","1016.000","hPa","36.4","pmil","0","55.390","deg","20.000","°C","100.000","%a.s.","21.720","deg","20.000","°C","977.000","hPa","0.861","-0.02617","0.00035","0","0","13.56","Humid","26.25","0","44.00","378069.02","SABD0000000001","AAV1.0.0.11","4.0.0.2323","PSt7-10","170328-019","7/29/2022 11:23:46 AM","0000-00","0","no battery","V","","µV","","µV"
"08/09/2022","10:34:28","6","default","383292078","Oxt_06","32.429","min","98.317","%a.s.","Humid","20.559","deg","40149","µV","28.148","°C","1016.000","hPa","36.4","pmil","0","55.390","deg","20.000","°C","100.000","%a.s.","21.720","deg","20.000","°C","977.000","hPa","0.861","-0.02617","0.00035","0","0","13.56","Humid","26.25","0","44.00","378077.13","SABD0000000001","AAV1.0.0.11","4.0.0.2323","PSt7-10","170328-019","7/29/2022 11:23:46 AM","0000-00","0","no battery","V","","µV","","µV"
"08/09/2022","10:34:29","6","default","383292078","Oxt_06","32.446","min","98.372","%a.s.","Humid","20.552","deg","40146","µV","28.155","°C","1016.000","hPa","36.4","pmil","0","55.390","deg","20.000","°C","100.000","%a.s.","21.720","deg","20.000","°C","977.000","hPa","0.861","-0.02617","0.00035","0","0","13.56","Humid","26.25","0","44.00","378079.79","SABD0000000001","AAV1.0.0.11","4.0.0.2323","PSt7-10","170328-019","7/29/2022 11:23:46 AM","0000-00","0","no battery","V","","µV","","µV"
"08/09/2022","10:34:30","6","default","383292078","Oxt_06","32.462","min","98.357","%a.s.","Humid","20.555","deg","40158","µV","28.143","°C","1016.000","hPa","36.4","pmil","0","55.390","deg","20.000","°C","100.000","%a.s.","21.720","deg","20.000","°C","977.000","hPa","0.861","-0.02617","0.00035","0","0","13.56","Humid","26.25","0","44.00","378078.73","SABD0000000001","AAV1.0.0.11","4.0.0.2323","PSt7-10","170328-019","7/29/2022 11:23:46 AM","0000-00","0","no battery","V","","µV","","µV"
"08/09/2022","10:34:31","6","default","383292078","Oxt_06","32.479","min","98.324","%a.s.","Humid","20.559","deg","40145","µV","28.140","°C","1016.000","hPa","36.4","pmil","0","55.390","deg","20.000","°C","100.000","%a.s.","21.720","deg","20.000","°C","977.000","hPa","0.861","-0.02617","0.00035","0","0","13.56","Humid","26.25","0","44.00","378074.26","SABD0000000001","AAV1.0.0.11","4.0.0.2323","PSt7-10","170328-019","7/29/2022 11:23:46 AM","0000-00","0","no battery","V","","µV","","µV"
"08/09/2022","10:34:32","6","default","383292078","Oxt_06","32.496","min","98.314","%a.s.","Humid","20.560","deg","40148","µV","28.142","°C","1016.000","hPa","36.4","pmil","0","55.390","deg","20.000","°C","100.000","%a.s.","21.720","deg","20.000","°C","977.000","hPa","0.861","-0.02617","0.00035","0","0","13.56","Humid","26.25","0","44.00","378081.81","SABD0000000001","AAV1.0.0.11","4.0.0.2323","PSt7-10","170328-019","7/29/2022 11:23:46 AM","0000-00","0","no battery","V","","µV","","µV"
"08/09/2022","10:34:33","6","default","383292078","Oxt_06","32.512","min","98.341","%a.s.","Humid","20.557","deg","40149","µV","28.141","°C","1016.000","hPa","36.4","pmil","0","55.390","deg","20.000","°C","100.000","%a.s.","21.720","deg","20.000","°C","977.000","hPa","0.861","-0.02617","0.00035","0","0","13.56","Humid","26.25","0","44.00","378081.77","SABD0000000001","AAV1.0.0.11","4.0.0.2323","PSt7-10","170328-019","7/29/2022 11:23:46 AM","0000-00","0","no battery","V","","µV","","µV"
"08/09/2022","10:34:34","6","default","383292078","Oxt_06","32.529","min","98.293","%a.s.","Humid","20.563","deg","40143","µV","28.135","°C","1016.000","hPa","36.4","pmil","0","55.390","deg","20.000","°C","100.000","%a.s.","21.720","deg","20.000","°C","977.000","hPa","0.861","-0.02617","0.00035","0","0","13.56","Humid","26.25","0","44.00","378076.38","SABD0000000001","AAV1.0.0.11","4.0.0.2323","PSt7-10","170328-019","7/29/2022 11:23:46 AM","0000-00","0","no battery","V","","µV","","µV"
"08/09/2022","10:34:35","6","default","383292078","Oxt_06","32.546","min","98.362","%a.s.","Humid","20.555","deg","40142","µV","28.138","°C","1016.000","hPa","36.4","pmil","0","55.390","deg","20.000","°C","100.000","%a.s.","21.720","deg","20.000","°C","977.000","hPa","0.861","-0.02617","0.00035","0","0","13.56","Humid","26.25","0","44.00","378069.68","SABD0000000001","AAV1.0.0.11","4.0.0.2323","PSt7-10","170328-019","7/29/2022 11:23:46 AM","0000-00","0","no battery","V","","µV","","µV"
"08/09/2022","10:34:36","6","default","383292078","Oxt_06","32.563","min","98.431","%a.s.","Humid","20.547","deg","40142","µV","28.140","°C","1016.000","hPa","36.4","pmil","0","55.390","deg","20.000","°C","100.000","%a.s.","21.720","deg","20.000","°C","977.000","hPa","0.861","-0.02617","0.00035","0","0","13.56","Humid","26.25","0","44.00","378070.00","SABD0000000001","AAV1.0.0.11","4.0.0.2323","PSt7-10","170328-019","7/29/2022 11:23:46 AM","0000-00","0","no battery","V","","µV","","µV"
"08/09/2022","10:34:37","6","default","383292078","Oxt_06","32.579","min","98.392","%a.s.","Humid","20.551","deg","40149","µV","28.143","°C","1016.000","hPa","36.4","pmil","0","55.390","deg","20.000","°C","100.000","%a.s.","21.720","deg","20.000","°C","977.000","hPa","0.861","-0.02617","0.00035","0","0","13.56","Humid","26.25","0","44.00","378070.52","SABD0000000001","AAV1.0.0.11","4.0.0.2323","PSt7-10","170328-019","7/29/2022 11:23:46 AM","0000-00","0","no battery","V","","µV","","µV"
"08/09/2022","10:34:38","6","default","383292078","Oxt_06","32.596","min","98.429","%a.s.","Humid","20.547","deg","40138","µV","28.142","°C","1016.000","hPa","36.4","pmil","0","55.390","deg","20.000","°C","100.000","%a.s.","21.720","deg","20.000","°C","977.000","hPa","0.861","-0.02617","0.00035","0","0","13.56","Humid","26.25","0","44.00","378070.14","SABD0000000001","AAV1.0.0.11","4.0.0.2323","PSt7-10","170328-019","7/29/2022 11:23:46 AM","0000-00","0","no battery","V","","µV","","µV"
"08/09/2022","10:34:39","6","default","383292078","Oxt_06","32.613","min","98.351","%a.s.","Humid","20.556","deg","40140","µV","28.139","°C","1016.000","hPa","36.4","pmil","0","55.390","deg","20.000","°C","100.000","%a.s.","21.720","deg","20.000","°C","977.000","hPa","0.861","-0.02617","0.00035","0","0","13.56","Humid","26.25","0","44.00","378067.35","SABD0000000001","AAV1.0.0.11","4.0.0.2323","PSt7-10","170328-019","7/29/2022 11:23:46 AM","0000-00","0","no battery","V","","µV","","µV"
"08/09/2022","10:34:40","6","default","383292078","Oxt_06","32.629","min","98.334","%a.s.","Humid","20.559","deg","40138","µV","28.130","°C","1016.000","hPa","36.4","pmil","0","55.390","deg","20.000","°C","100.000","%a.s.","21.720","deg","20.000","°C","977.000","hPa","0.861","-0.02617","0.00035","0","0","13.56","Humid","26.25","0","44.00","378065.97","SABD0000000001","AAV1.0.0.11","4.0.0.2323","PSt7-10","170328-019","7/29/2022 11:23:46 AM","0000-00","0","no battery","V","","µV","","µV"
"08/09/2022","10:34:41","6","default","383292078","Oxt_06","32.646","min","98.434","%a.s.","Humid","20.548","deg","40137","µV","28.127","°C","1016.000","hPa","36.4","pmil","0","55.390","deg","20.000","°C","100.000","%a.s.","21.720","deg","20.000","°C","977.000","hPa","0.861","-0.02617","0.00035","0","0","13.56","Humid","26.25","0","44.00","378074.76","SABD0000000001","AAV1.0.0.11","4.0.0.2323","PSt7-10","170328-019","7/29/2022 11:23:46 AM","0000-00","0","no battery","V","","µV","","µV"
"08/09/2022","10:34:42","6","default","383292078","Oxt_06","32.663","min","98.392","%a.s.","Humid","20.552","deg","40138","µV","28.133","°C","1016.000","hPa","36.4","pmil","0","55.390","deg","20.000","°C","100.000","%a.s.","21.720","deg","20.000","°C","977.000","hPa","0.861","-0.02617","0.00035","0","0","13.56","Humid","26.25","0","44.00","378070.47","SABD0000000001","AAV1.0.0.11","4.0.0.2323","PSt7-10","170328-019","7/29/2022 11:23:46 AM","0000-00","0","no battery","V","","µV","","µV"
"08/09/2022","10:34:43","6","default","383292078","Oxt_06","32.679","min","98.390","%a.s.","Humid","20.551","deg","40134","µV","28.145","°C","1016.000","hPa","36.4","pmil","0","55.390","deg","20.000","°C","100.000","%a.s.","21.720","deg","20.000","°C","977.000","hPa","0.861","-0.02617","0.00035","0","0","13.56","Humid","26.25","0","44.00","378055.30","SABD0000000001","AAV1.0.0.11","4.0.0.2323","PSt7-10","170328-019","7/29/2022 11:23:46 AM","0000-00","0","no battery","V","","µV","","µV"
"08/09/2022","10:34:44","6","default","383292078","Oxt_06","32.696","min","98.427","%a.s.","Humid","20.546","deg","40135","µV","28.153","°C","1016.000","hPa","36.4","pmil","0","55.390","deg","20.000","°C","100.000","%a.s.","21.720","deg","20.000","°C","977.000","hPa","0.861","-0.02617","0.00035","0","0","13.56","Humid","26.25","0","44.00","378072.28","SABD0000000001","AAV1.0.0.11","4.0.0.2323","PSt7-10","170328-019","7/29/2022 11:23:46 AM","0000-00","0","no battery","V","","µV","","µV"
"08/09/2022","10:34:45","6","default","383292078","Oxt_06","32.712","min","98.372","%a.s.","Humid","20.553","deg","40137","µV","28.146","°C","1016.000","hPa","36.4","pmil","0","55.390","deg","20.000","°C","100.000","%a.s.","21.720","deg","20.000","°C","977.000","hPa","0.861","-0.02617","0.00035","0","0","13.56","Humid","26.25","0","44.00","378075.39","SABD0000000001","AAV1.0.0.11","4.0.0.2323","PSt7-10","170328-019","7/29/2022 11:23:46 AM","0000-00","0","no battery","V","","µV","","µV"
"08/09/2022","10:34:46","6","default","383292078","Oxt_06","32.728","min","98.411","%a.s.","Humid","20.547","deg","40128","µV","28.160","°C","1016.000","hPa","36.4","pmil","0","55.390","deg","20.000","°C","100.000","%a.s.","21.720","deg","20.000","°C","977.000","hPa","0.861","-0.02617","0.00035","0","0","13.56","Humid","26.25","0","44.00","378073.45","SABD0000000001","AAV1.0.0.11","4.0.0.2323","PSt7-10","170328-019","7/29/2022 11:23:46 AM","0000-00","0","no battery","V","","µV","","µV"
"08/09/2022","10:34:47","6","default","383292078","Oxt_06","32.745","min","98.429","%a.s.","Humid","20.547","deg","40127","µV","28.142","°C","1016.000","hPa","36.4","pmil","0","55.390","deg","20.000","°C","100.000","%a.s.","21.720","deg","20.000","°C","977.000","hPa","0.861","-0.02617","0.00035","0","0","13.56","Humid","26.25","0","44.00","378070.03","SABD0000000001","AAV1.0.0.11","4.0.0.2323","PSt7-10","170328-019","7/29/2022 11:23:46 AM","0000-00","0","no battery","V","","µV","","µV"
"08/09/2022","10:34:48","6","default","383292078","Oxt_06","32.762","min","98.380","%a.s.","Humid","20.552","deg","40129","µV","28.147","°C","1016.000","hPa","36.4","pmil","0","55.390","deg","20.000","°C","100.000","%a.s.","21.720","deg","20.000","°C","977.000","hPa","0.861","-0.02617","0.00035","0","0","13.56","Humid","26.25","0","44.00","378068.19","SABD0000000001","AAV1.0.0.11","4.0.0.2323","PSt7-10","170328-019","7/29/2022 11:23:46 AM","0000-00","0","no battery","V","","µV","","µV"
"08/09/2022","10:34:49","6","default","383292078","Oxt_06","32.779","min","98.387","%a.s.","Humid","20.552","deg","40129","µV","28.140","°C","1016.000","hPa","36.4","pmil","0","55.390","deg","20.000","°C","100.000","%a.s.","21.720","deg","20.000","°C","977.000","hPa","0.861","-0.02617","0.00035","0","0","13.56","Humid","26.25","0","44.00","378063.84","SABD0000000001","AAV1.0.0.11","4.0.0.2323","PSt7-10","170328-019","7/29/2022 11:23:46 AM","0000-00","0","no battery","V","","µV","","µV"
"08/09/2022","10:34:50","6","default","383292078","Oxt_06","32.795","min","98.480","%a.s.","Humid","20.542","deg","40130","µV","28.134","°C","1016.000","hPa","36.4","pmil","0","55.390","deg","20.000","°C","100.000","%a.s.","21.720","deg","20.000","°C","977.000","hPa","0.861","-0.02617","0.00035","0","0","13.56","Humid","26.25","0","44.00","378066.81","SABD0000000001","AAV1.0.0.11","4.0.0.2323","PSt7-10","170328-019","7/29/2022 11:23:46 AM","0000-00","0","no battery","V","","µV","","µV"
"08/09/2022","10:34:51","6","default","383292078","Oxt_06","32.812","min","98.498","%a.s.","Humid","20.538","deg","40124","µV","28.152","°C","1016.000","hPa","36.4","pmil","0","55.390","deg","20.000","°C","100.000","%a.s.","21.720","deg","20.000","°C","977.000","hPa","0.861","-0.02617","0.00035","0","0","13.56","Humid","26.25","0","44.00","378057.32","SABD0000000001","AAV1.0.0.11","4.0.0.2323","PSt7-10","170328-019","7/29/2022 11:23:46 AM","0000-00","0","no battery","V","","µV","","µV"
"08/09/2022","10:34:52","6","default","383292078","Oxt_06","32.829","min","98.412","%a.s.","Humid","20.549","deg","40121","µV","28.141","°C","1016.000","hPa","36.4","pmil","0","55.390","deg","20.000","°C","100.000","%a.s.","21.720","deg","20.000","°C","977.000","hPa","0.861","-0.02617","0.00035","0","0","13.56","Humid","26.25","0","44.00","378058.32","SABD0000000001","AAV1.0.0.11","4.0.0.2323","PSt7-10","170328-019","7/29/2022 11:23:46 AM","0000-00","0","no battery","V","","µV","","µV"
"08/09/2022","10:34:53","6","default","383292078","Oxt_06","32.845","min","98.524","%a.s.","Humid","20.536","deg","40118","µV","28.144","°C","1016.000","hPa","36.4","pmil","0","55.390","deg","20.000","°C","100.000","%a.s.","21.720","deg","20.000","°C","977.000","hPa","0.861","-0.02617","0.00035","0","0","13.56","Humid","26.25","0","44.00","378060.45","SABD0000000001","AAV1.0.0.11","4.0.0.2323","PSt7-10","170328-019","7/29/2022 11:23:46 AM","0000-00","0","no battery","V","","µV","","µV"
"08/09/2022","10:34:54","6","default","383292078","Oxt_06","32.862","min","98.406","%a.s.","Humid","20.550","deg","40116","µV","28.138","°C","1016.000","hPa","36.4","pmil","0","55.390","deg","20.000","°C","100.000","%a.s.","21.720","deg","20.000","°C","977.000","hPa","0.861","-0.02617","0.00035","0","0","13.56","Humid","26.25","0","44.00","378067.15","SABD0000000001","AAV1.0.0.11","4.0.0.2323","PSt7-10","170328-019","7/29/2022 11:23:46 AM","0000-00","0","no battery","V","","µV","","µV"
"08/09/2022","10:34:55","6","default","383292078","Oxt_06","32.879","min","98.468","%a.s.","Humid","20.542","deg","40119","µV","28.147","°C","1016.000","hPa","36.4","pmil","0","55.390","deg","20.000","°C","100.000","%a.s.","21.720","deg","20.000","°C","977.000","hPa","0.861","-0.02617","0.00035","0","0","13.56","Humid","26.25","0","44.00","378066.76","SABD0000000001","AAV1.0.0.11","4.0.0.2323","PSt7-10","170328-019","7/29/2022 11:23:46 AM","0000-00","0","no battery","V","","µV","","µV"
"08/09/2022","10:34:56","6","default","383292078","Oxt_06","32.895","min","98.451","%a.s.","Humid","20.544","deg","40117","µV","28.147","°C","1016.000","hPa","36.4","pmil","0","55.390","deg","20.000","°C","100.000","%a.s.","21.720","deg","20.000","°C","977.000","hPa","0.861","-0.02617","0.00035","0","0","13.56","Humid","26.25","0","44.00","378056.10","SABD0000000001","AAV1.0.0.11","4.0.0.2323","PSt7-10","170328-019","7/29/2022 11:23:46 AM","0000-00","0","no battery","V","","µV","","µV"
"08/09/2022","10:34:57","6","default","383292078","Oxt_06","32.912","min","98.426","%a.s.","Humid","20.548","deg","40124","µV","28.135","°C","1016.000","hPa","36.4","pmil","0","55.390","deg","20.000","°C","100.000","%a.s.","21.720","deg","20.000","°C","977.000","hPa","0.861","-0.02617","0.00035","0","0","13.56","Humid","26.25","0","44.00","378072.25","SABD0000000001","AAV1.0.0.11","4.0.0.2323","PSt7-10","170328-019","7/29/2022 11:23:46 AM","0000-00","0","no battery","V","","µV","","µV"
"08/09/2022","10:34:58","6","default","383292078","Oxt_06","32.929","min","98.455","%a.s.","Humid","20.545","deg","40109","µV","28.133","°C","1016.000","hPa","36.4","pmil","0","55.390","deg","20.000","°C","100.000","%a.s.","21.720","deg","20.000","°C","977.000","hPa","0.861","-0.02617","0.00035","0","0","13.56","Humid","26.25","0","44.00","378068.14","SABD0000000001","AAV1.0.0.11","4.0.0.2323","PSt7-10","170328-019","7/29/2022 11:23:46 AM","0000-00","0","no battery","V","","µV","","µV"
"08/09/2022","10:34:59","6","default","383292078","Oxt_06","32.945","min","98.496","%a.s.","Humid","20.541","deg","40118","µV","28.127","°C","1016.000","hPa","36.4","pmil","0","55.390","deg","20.000","°C","100.000","%a.s.","21.720","deg","20.000","°C","977.000","hPa","0.861","-0.02617","0.00035","0","0","13.56","Humid","26.25","0","44.00","378067.76","SABD0000000001","AAV1.0.0.11","4.0.0.2323","PSt7-10","170328-019","7/29/2022 11:23:46 AM","0000-00","0","no battery","V","","µV","","µV"
"08/09/2022","10:35:00","6","default","383292078","Oxt_06","32.962","min","98.467","%a.s.","Humid","20.542","deg","40116","µV","28.148","°C","1016.000","hPa","36.4","pmil","0","55.390","deg","20.000","°C","100.000","%a.s.","21.720","deg","20.000","°C","977.000","hPa","0.861","-0.02617","0.00035","0","0","13.56","Humid","26.25","0","44.00","378078.35","SABD0000000001","AAV1.0.0.11","4.0.0.2323","PSt7-10","170328-019","7/29/2022 11:23:46 AM","0000-00","0","no battery","V","","µV","","µV"
"08/09/2022","10:35:01","6","default","383292078","Oxt_06","32.979","min","98.450","%a.s.","Humid","20.544","deg","40114","µV","28.147","°C","1016.000","hPa","36.4","pmil","0","55.390","deg","20.000","°C","100.000","%a.s.","21.720","deg","20.000","°C","977.000","hPa","0.861","-0.02617","0.00035","0","0","13.56","Humid","26.25","0","44.00","378069.82","SABD0000000001","AAV1.0.0.11","4.0.0.2323","PSt7-10","170328-019","7/29/2022 11:23:46 AM","0000-00","0","no battery","V","","µV","","µV"
"08/09/2022","10:35:02","6","default","383292078","Oxt_06","32.995","min","98.530","%a.s.","Humid","20.535","deg","40104","µV","28.147","°C","1016.000","hPa","36.4","pmil","0","55.390","deg","20.000","°C","100.000","%a.s.","21.720","deg","20.000","°C","977.000","hPa","0.861","-0.02617","0.00035","0","0","13.56","Humid","26.25","0","44.00","378080.10","SABD0000000001","AAV1.0.0.11","4.0.0.2323","PSt7-10","170328-019","7/29/2022 11:23:46 AM","0000-00","0","no battery","V","","µV","","µV"
"08/09/2022","10:35:03","6","default","383292078","Oxt_06","33.012","min","98.535","%a.s.","Humid","20.536","deg","40103","µV","28.132","°C","1016.000","hPa","36.4","pmil","0","55.390","deg","20.000","°C","100.000","%a.s.","21.720","deg","20.000","°C","977.000","hPa","0.861","-0.02617","0.00035","0","0","13.56","Humid","26.25","0","44.00","378088.17","SABD0000000001","AAV1.0.0.11","4.0.0.2323","PSt7-10","170328-019","7/29/2022 11:23:46 AM","0000-00","0","no battery","V","","µV","","µV"
"08/09/2022","10:35:04","6","default","383292078","Oxt_06","33.029","min","98.496","%a.s.","Humid","20.541","deg","40098","µV","28.127","°C","1016.000","hPa","36.4","pmil","0","55.390","deg","20.000","°C","100.000","%a.s.","21.720","deg","20.000","°C","977.000","hPa","0.861","-0.02617","0.00035","0","0","13.56","Humid","26.25","0","44.00","378072.12","SABD0000000001","AAV1.0.0.11","4.0.0.2323","PSt7-10","170328-019","7/29/2022 11:23:46 AM","0000-00","0","no battery","V","","µV","","µV"
"08/09/2022","10:35:05","6","default","383292078","Oxt_06","33.046","min","98.528","%a.s.","Humid","20.536","deg","40100","µV","28.140","°C","1016.000","hPa","36.4","pmil","0","55.390","deg","20.000","°C","100.000","%a.s.","21.720","deg","20.000","°C","977.000","hPa","0.861","-0.02617","0.00035","0","0","13.56","Humid","26.25","0","44.00","378062.99","SABD0000000001","AAV1.0.0.11","4.0.0.2323","PSt7-10","170328-019","7/29/2022 11:23:46 AM","0000-00","0","no battery","V","","µV","","µV"
"08/09/2022","10:35:06","6","default","383292078","Oxt_06","33.062","min","98.451","%a.s.","Humid","20.544","deg","40101","µV","28.146","°C","1016.000","hPa","36.4","pmil","0","55.390","deg","20.000","°C","100.000","%a.s.","21.720","deg","20.000","°C","977.000","hPa","0.861","-0.02617","0.00035","0","0","13.56","Humid","26.25","0","44.00","378071.16","SABD0000000001","AAV1.0.0.11","4.0.0.2323","PSt7-10","170328-019","7/29/2022 11:23:46 AM","0000-00","0","no battery","V","","µV","","µV"
"08/09/2022","10:35:07","6","default","383292078","Oxt_06","33.079","min","98.560","%a.s.","Humid","20.532","deg","40101","µV","28.143","°C","1016.000","hPa","36.4","pmil","0","55.390","deg","20.000","°C","100.000","%a.s.","21.720","deg","20.000","°C","977.000","hPa","0.861","-0.02617","0.00035","0","0","13.56","Humid","26.25","0","44.00","378071.34","SABD0000000001","AAV1.0.0.11","4.0.0.2323","PSt7-10","170328-019","7/29/2022 11:23:46 AM","0000-00","0","no battery","V","","µV","","µV"
"08/09/2022","10:35:08","6","default","383292078","Oxt_06","33.096","min","98.499","%a.s.","Humid","20.539","deg","40093","µV","28.142","°C","1016.000","hPa","36.4","pmil","0","55.390","deg","20.000","°C","100.000","%a.s.","21.720","deg","20.000","°C","977.000","hPa","0.861","-0.02617","0.00035","0","0","13.56","Humid","26.25","0","44.00","378069.28","SABD0000000001","AAV1.0.0.11","4.0.0.2323","PSt7-10","170328-019","7/29/2022 11:23:46 AM","0000-00","0","no battery","V","","µV","","µV"
"08/09/2022","10:35:09","6","default","383292078","Oxt_06","33.112","min","98.521","%a.s.","Humid","20.536","deg","40089","µV","28.148","°C","1016.000","hPa","36.4","pmil","0","55.390","deg","20.000","°C","100.000","%a.s.","21.720","deg","20.000","°C","977.000","hPa","0.861","-0.02617","0.00035","0","0","13.56","Humid","26.25","0","44.00","378074.41","SABD0000000001","AAV1.0.0.11","4.0.0.2323","PSt7-10","170328-019","7/29/2022 11:23:46 AM","0000-00","0","no battery","V","","µV","","µV"
"08/09/2022","10:35:10","6","default","383292078","Oxt_06","33.129","min","98.487","%a.s.","Humid","20.540","deg","40096","µV","28.146","°C","1016.000","hPa","36.4","pmil","0","55.390","deg","20.000","°C","100.000","%a.s.","21.720","deg","20.000","°C","977.000","hPa","0.861","-0.02617","0.00035","0","0","13.56","Humid","26.25","0","44.00","378070.75","SABD0000000001","AAV1.0.0.11","4.0.0.2323","PSt7-10","170328-019","7/29/2022 11:23:46 AM","0000-00","0","no battery","V","","µV","","µV"
"08/09/2022","10:35:11","6","default","383292078","Oxt_06","33.146","min","98.611","%a.s.","Humid","20.527","deg","40093","µV","28.136","°C","1016.000","hPa","36.4","pmil","0","55.390","deg","20.000","°C","100.000","%a.s.","21.720","deg","20.000","°C","977.000","hPa","0.861","-0.02617","0.00035","0","0","13.56","Humid","26.25","0","44.00","378076.32","SABD0000000001","AAV1.0.0.11","4.0.0.2323","PSt7-10","170328-019","7/29/2022 11:23:46 AM","0000-00","0","no battery","V","","µV","","µV"
"08/09/2022","10:35:12","6","default","383292078","Oxt_06","33.163","min","98.544","%a.s.","Humid","20.534","deg","40089","µV","28.141","°C","1016.000","hPa","36.4","pmil","0","55.390","deg","20.000","°C","100.000","%a.s.","21.720","deg","20.000","°C","977.000","hPa","0.861","-0.02617","0.00035","0","0","13.56","Humid","26.25","0","44.00","378074.75","SABD0000000001","AAV1.0.0.11","4.0.0.2323","PSt7-10","170328-019","7/29/2022 11:23:46 AM","0000-00","0","no battery","V","","µV","","µV"
"08/09/2022","10:35:13","6","default","383292078","Oxt_06","33.179","min","98.613","%a.s.","Humid","20.528","deg","40093","µV","28.125","°C","1016.000","hPa","36.4","pmil","0","55.390","deg","20.000","°C","100.000","%a.s.","21.720","deg","20.000","°C","977.000","hPa","0.861","-0.02617","0.00035","0","0","13.56","Humid","26.25","0","44.00","378063.37","SABD0000000001","AAV1.0.0.11","4.0.0.2323","PSt7-10","170328-019","7/29/2022 11:23:46 AM","0000-00","0","no battery","V","","µV","","µV"
"08/09/2022","10:35:14","6","default","383292078","Oxt_06","33.196","min","98.537","%a.s.","Humid","20.535","deg","40092","µV","28.140","°C","1016.000","hPa","36.4","pmil","0","55.390","deg","20.000","°C","100.000","%a.s.","21.720","deg","20.000","°C","977.000","hPa","0.861","-0.02617","0.00035","0","0","13.56","Humid","26.25","0","44.00","378075.77","SABD0000000001","AAV1.0.0.11","4.0.0.2323","PSt7-10","170328-019","7/29/2022 11:23:46 AM","0000-00","0","no battery","V","","µV","","µV"
"08/09/2022","10:35:15","6","default","383292078","Oxt_06","33.213","min","98.506","%a.s.","Humid","20.538","deg","40090","µV","28.145","°C","1016.000","hPa","36.4","pmil","0","55.390","deg","20.000","°C","100.000","%a.s.","21.720","deg","20.000","°C","977.000","hPa","0.861","-0.02617","0.00035","0","0","13.56","Humid","26.25","0","44.00","378073.66","SABD0000000001","AAV1.0.0.11","4.0.0.2323","PSt7-10","170328-019","7/29/2022 11:23:46 AM","0000-00","0","no battery","V","","µV","","µV"
"08/09/2022","10:35:16","6","default","383292078","Oxt_06","33.229","min","98.544","%a.s.","Humid","20.534","deg","40093","µV","28.142","°C","1016.000","hPa","36.4","pmil","0","55.390","deg","20.000","°C","100.000","%a.s.","21.720","deg","20.000","°C","977.000","hPa","0.861","-0.02617","0.00035","0","0","13.56","Humid","26.25","0","44.00","378076.67","SABD0000000001","AAV1.0.0.11","4.0.0.2323","PSt7-10","170328-019","7/29/2022 11:23:46 AM","0000-00","0","no battery","V","","µV","","µV"
"08/09/2022","10:35:17","6","default","383292078","Oxt_06","33.246","min","98.581","%a.s.","Humid","20.531","deg","40086","µV","28.131","°C","1016.000","hPa","36.4","pmil","0","55.390","deg","20.000","°C","100.000","%a.s.","21.720","deg","20.000","°C","977.000","hPa","0.861","-0.02617","0.00035","0","0","13.56","Humid","26.25","0","44.00","378077.73","SABD0000000001","AAV1.0.0.11","4.0.0.2323","PSt7-10","170328-019","7/29/2022 11:23:46 AM","0000-00","0","no battery","V","","µV","","µV"
"08/09/2022","10:35:18","6","default","383292078","Oxt_06","33.262","min","98.603","%a.s.","Humid","20.529","deg","40092","µV","28.126","°C","1016.000","hPa","36.4","pmil","0","55.390","deg","20.000","°C","100.000","%a.s.","21.720","deg","20.000","°C","977.000","hPa","0.861","-0.02617","0.00035","0","0","13.56","Humid","26.25","0","44.00","378079.65","SABD0000000001","AAV1.0.0.11","4.0.0.2323","PSt7-10","170328-019","7/29/2022 11:23:46 AM","0000-00","0","no battery","V","","µV","","µV"
"08/09/2022","10:35:19","6","default","383292078","Oxt_06","33.279","min","98.588","%a.s.","Humid","20.530","deg","40089","µV","28.133","°C","1016.000","hPa","36.4","pmil","0","55.390","deg","20.000","°C","100.000","%a.s.","21.720","deg","20.000","°C","977.000","hPa","0.861","-0.02617","0.00035","0","0","13.56","Humid","26.25","0","44.00","378066.60","SABD0000000001","AAV1.0.0.11","4.0.0.2323","PSt7-10","170328-019","7/29/2022 11:23:46 AM","0000-00","0","no battery","V","","µV","","µV"
"08/09/2022","10:35:20","6","default","383292078","Oxt_06","33.295","min","98.572","%a.s.","Humid","20.531","deg","40084","µV","28.140","°C","1016.000","hPa","36.4","pmil","0","55.390","deg","20.000","°C","100.000","%a.s.","21.720","deg","20.000","°C","977.000","hPa","0.861","-0.02617","0.00035","0","0","13.56","Humid","26.25","0","44.00","378071.15","SABD0000000001","AAV1.0.0.11","4.0.0.2323","PSt7-10","170328-019","7/29/2022 11:23:46 AM","0000-00","0","no battery","V","","µV","","µV"
"08/09/2022","10:35:21","6","default","383292078","Oxt_06","33.312","min","98.518","%a.s.","Humid","20.537","deg","40087","µV","28.141","°C","1016.000","hPa","36.4","pmil","0","55.390","deg","20.000","°C","100.000","%a.s.","21.720","deg","20.000","°C","977.000","hPa","0.861","-0.02617","0.00035","0","0","13.56","Humid","26.25","0","44.00","378071.27","SABD0000000001","AAV1.0.0.11","4.0.0.2323","PSt7-10","170328-019","7/29/2022 11:23:46 AM","0000-00","0","no battery","V","","µV","","µV"
"08/09/2022","10:35:22","6","default","383292078","Oxt_06","33.329","min","98.437","%a.s.","Humid","20.545","deg","40086","µV","28.152","°C","1016.000","hPa","36.4","pmil","0","55.390","deg","20.000","°C","100.000","%a.s.","21.720","deg","20.000","°C","977.000","hPa","0.861","-0.02617","0.00035","0","0","13.56","Humid","26.25","0","44.00","378070.71","SABD0000000001","AAV1.0.0.11","4.0.0.2323","PSt7-10","170328-019","7/29/2022 11:23:46 AM","0000-00","0","no battery","V","","µV","","µV"
"08/09/2022","10:35:23","6","default","383292078","Oxt_06","33.345","min","98.601","%a.s.","Humid","20.527","deg","40078","µV","28.147","°C","1016.000","hPa","36.4","pmil","0","55.390","deg","20.000","°C","100.000","%a.s.","21.720","deg","20.000","°C","977.000","hPa","0.861","-0.02617","0.00035","0","0","13.56","Humid","26.25","0","44.00","378077.24","SABD0000000001","AAV1.0.0.11","4.0.0.2323","PSt7-10","170328-019","7/29/2022 11:23:46 AM","0000-00","0","no battery","V","","µV","","µV"
"08/09/2022","10:35:24","6","default","383292078","Oxt_06","33.362","min","98.596","%a.s.","Humid","20.528","deg","40084","µV","28.143","°C","1016.000","hPa","36.4","pmil","0","55.390","deg","20.000","°C","100.000","%a.s.","21.720","deg","20.000","°C","977.000","hPa","0.861","-0.02617","0.00035","0","0","13.56","Humid","26.25","0","44.00","378061.92","SABD0000000001","AAV1.0.0.11","4.0.0.2323","PSt7-10","170328-019","7/29/2022 11:23:46 AM","0000-00","0","no battery","V","","µV","","µV"
"08/09/2022","10:35:25","6","default","383292078","Oxt_06","33.379","min","98.577","%a.s.","Humid","20.530","deg","40081","µV","28.144","°C","1016.000","hPa","36.4","pmil","0","55.390","deg","20.000","°C","100.000","%a.s.","21.720","deg","20.000","°C","977.000","hPa","0.861","-0.02617","0.00035","0","0","13.56","Humid","26.25","0","44.00","378075.47","SABD0000000001","AAV1.0.0.11","4.0.0.2323","PSt7-10","170328-019","7/29/2022 11:23:46 AM","0000-00","0","no battery","V","","µV","","µV"
"08/09/2022","10:35:26","6","default","383292078","Oxt_06","33.395","min","98.599","%a.s.","Humid","20.528","deg","40074","µV","28.140","°C","1016.000","hPa","36.4","pmil","0","55.390","deg","20.000","°C","100.000","%a.s.","21.720","deg","20.000","°C","977.000","hPa","0.861","-0.02617","0.00035","0","0","13.56","Humid","26.25","0","44.00","378073.34","SABD0000000001","AAV1.0.0.11","4.0.0.2323","PSt7-10","170328-019","7/29/2022 11:23:46 AM","0000-00","0","no battery","V","","µV","","µV"
"08/09/2022","10:35:27","6","default","383292078","Oxt_06","33.412","min","98.576","%a.s.","Humid","20.530","deg","40076","µV","28.146","°C","1016.000","hPa","36.4","pmil","0","55.390","deg","20.000","°C","100.000","%a.s.","21.720","deg","20.000","°C","977.000","hPa","0.861","-0.02617","0.00035","0","0","13.56","Humid","26.25","0","44.00","378073.22","SABD0000000001","AAV1.0.0.11","4.0.0.2323","PSt7-10","170328-019","7/29/2022 11:23:46 AM","0000-00","0","no battery","V","","µV","","µV"
"08/09/2022","10:35:28","6","default","383292078","Oxt_06","33.429","min","98.644","%a.s.","Humid","20.523","deg","40070","µV","28.139","°C","1016.000","hPa","36.4","pmil","0","55.390","deg","20.000","°C","100.000","%a.s.","21.720","deg","20.000","°C","977.000","hPa","0.861","-0.02617","0.00035","0","0","13.56","Humid","26.25","0","44.00","378079.05","SABD0000000001","AAV1.0.0.11","4.0.0.2323","PSt7-10","170328-019","7/29/2022 11:23:46 AM","0000-00","0","no battery","V","","µV","","µV"
"08/09/2022","10:35:29","6","default","383292078","Oxt_06","33.445","min","98.639","%a.s.","Humid","20.524","deg","40070","µV","28.135","°C","1016.000","hPa","36.4","pmil","0","55.390","deg","20.000","°C","100.000","%a.s.","21.720","deg","20.000","°C","977.000","hPa","0.861","-0.02617","0.00035","0","0","13.56","Humid","26.25","0","44.00","378075.79","SABD0000000001","AAV1.0.0.11","4.0.0.2323","PSt7-10","170328-019","7/29/2022 11:23:46 AM","0000-00","0","no battery","V","","µV","","µV"
"08/09/2022","10:35:30","6","default","383292078","Oxt_06","33.462","min","98.627","%a.s.","Humid","20.525","deg","40071","µV","28.139","°C","1016.000","hPa","36.4","pmil","0","55.390","deg","20.000","°C","100.000","%a.s.","21.720","deg","20.000","°C","977.000","hPa","0.861","-0.02617","0.00035","0","0","13.56","Humid","26.25","0","44.00","378066.00","SABD0000000001","AAV1.0.0.11","4.0.0.2323","PSt7-10","170328-019","7/29/2022 11:23:46 AM","0000-00","0","no battery","V","","µV","","µV"
"08/09/2022","10:35:31","6","default","383292078","Oxt_06","33.479","min","98.531","%a.s.","Humid","20.536","deg","40065","µV","28.137","°C","1016.000","hPa","36.4","pmil","0","55.390","deg","20.000","°C","100.000","%a.s.","21.720","deg","20.000","°C","977.000","hPa","0.861","-0.02617","0.00035","0","0","13.56","Humid","26.25","0","44.00","378095.37","SABD0000000001","AAV1.0.0.11","4.0.0.2323","PSt7-10","170328-019","7/29/2022 11:23:46 AM","0000-00","0","no battery","V","","µV","","µV"
"08/09/2022","10:35:32","6","default","383292078","Oxt_06","33.496","min","98.630","%a.s.","Humid","20.525","deg","40070","µV","28.135","°C","1016.000","hPa","36.4","pmil","0","55.390","deg","20.000","°C","100.000","%a.s.","21.720","deg","20.000","°C","977.000","hPa","0.861","-0.02617","0.00035","0","0","13.56","Humid","26.25","0","44.00","378078.12","SABD0000000001","AAV1.0.0.11","4.0.0.2323","PSt7-10","170328-019","7/29/2022 11:23:46 AM","0000-00","0","no battery","V","","µV","","µV"
"08/09/2022","10:35:33","6","default","383292078","Oxt_06","33.512","min","98.603","%a.s.","Humid","20.530","deg","40068","µV","28.117","°C","1016.000","hPa","36.4","pmil","0","55.390","deg","20.000","°C","100.000","%a.s.","21.720","deg","20.000","°C","977.000","hPa","0.861","-0.02617","0.00035","0","0","13.56","Humid","26.25","0","44.00","378080.33","SABD0000000001","AAV1.0.0.11","4.0.0.2323","PSt7-10","170328-019","7/29/2022 11:23:46 AM","0000-00","0","no battery","V","","µV","","µV"
"08/09/2022","10:35:34","6","default","383292078","Oxt_06","33.529","min","98.666","%a.s.","Humid","20.520","deg","40068","µV","28.144","°C","1016.000","hPa","36.4","pmil","0","55.390","deg","20.000","°C","100.000","%a.s.","21.720","deg","20.000","°C","977.000","hPa","0.861","-0.02617","0.00035","0","0","13.56","Humid","26.25","0","44.00","378072.14","SABD0000000001","AAV1.0.0.11","4.0.0.2323","PSt7-10","170328-019","7/29/2022 11:23:46 AM","0000-00","0","no battery","V","","µV","","µV"
"08/09/2022","10:35:35","6","default","383292078","Oxt_06","33.546","min","98.633","%a.s.","Humid","20.525","deg","40062","µV","28.132","°C","1016.000","hPa","36.4","pmil","0","55.390","deg","20.000","°C","100.000","%a.s.","21.720","deg","20.000","°C","977.000","hPa","0.861","-0.02617","0.00035","0","0","13.56","Humid","26.25","0","44.00","378084.40","SABD0000000001","AAV1.0.0.11","4.0.0.2323","PSt7-10","170328-019","7/29/2022 11:23:46 AM","0000-00","0","no battery","V","","µV","","µV"
"08/09/2022","10:35:36","6","default","383292078","Oxt_06","33.562","min","98.651","%a.s.","Humid","20.522","deg","40066","µV","28.141","°C","1016.000","hPa","36.4","pmil","0","55.390","deg","20.000","°C","100.000","%a.s.","21.720","deg","20.000","°C","977.000","hPa","0.861","-0.02617","0.00035","0","0","13.56","Humid","26.25","0","44.00","378074.74","SABD0000000001","AAV1.0.0.11","4.0.0.2323","PSt7-10","170328-019","7/29/2022 11:23:46 AM","0000-00","0","no battery","V","","µV","","µV"
"08/09/2022","10:35:37","6","default","383292078","Oxt_06","33.579","min","98.685","%a.s.","Humid","20.519","deg","40066","µV","28.133","°C","1016.000","hPa","36.4","pmil","0","55.390","deg","20.000","°C","100.000","%a.s.","21.720","deg","20.000","°C","977.000","hPa","0.861","-0.02617","0.00035","0","0","13.56","Humid","26.25","0","44.00","378066.56","SABD0000000001","AAV1.0.0.11","4.0.0.2323","PSt7-10","170328-019","7/29/2022 11:23:46 AM","0000-00","0","no battery","V","","µV","","µV"
"08/09/2022","10:35:38","6","default","383292078","Oxt_06","33.596","min","98.582","%a.s.","Humid","20.530","deg","40064","µV","28.139","°C","1016.000","hPa","36.4","pmil","0","55.390","deg","20.000","°C","100.000","%a.s.","21.720","deg","20.000","°C","977.000","hPa","0.861","-0.02617","0.00035","0","0","13.56","Humid","26.25","0","44.00","378081.41","SABD0000000001","AAV1.0.0.11","4.0.0.2323","PSt7-10","170328-019","7/29/2022 11:23:46 AM","0000-00","0","no battery","V","","µV","","µV"
"08/09/2022","10:35:39","6","default","383292078","Oxt_06","33.612","min","98.653","%a.s.","Humid","20.522","deg","40061","µV","28.138","°C","1016.000","hPa","36.4","pmil","0","55.390","deg","20.000","°C","100.000","%a.s.","21.720","deg","20.000","°C","977.000","hPa","0.861","-0.02617","0.00035","0","0","13.56","Humid","26.25","0","44.00","378077.83","SABD0000000001","AAV1.0.0.11","4.0.0.2323","PSt7-10","170328-019","7/29/2022 11:23:46 AM","0000-00","0","no battery","V","","µV","","µV"
"08/09/2022","10:35:40","6","default","383292078","Oxt_06","33.629","min","98.684","%a.s.","Humid","20.518","deg","40059","µV","28.144","°C","1016.000","hPa","36.4","pmil","0","55.390","deg","20.000","°C","100.000","%a.s.","21.720","deg","20.000","°C","977.000","hPa","0.861","-0.02617","0.00035","0","0","13.56","Humid","26.25","0","44.00","378084.28","SABD0000000001","AAV1.0.0.11","4.0.0.2323","PSt7-10","170328-019","7/29/2022 11:23:46 AM","0000-00","0","no battery","V","","µV","","µV"
"08/09/2022","10:35:41","6","default","383292078","Oxt_06","33.646","min","98.594","%a.s.","Humid","20.527","deg","40058","µV","28.155","°C","1016.000","hPa","36.4","pmil","0","55.390","deg","20.000","°C","100.000","%a.s.","21.720","deg","20.000","°C","977.000","hPa","0.861","-0.02617","0.00035","0","0","13.56","Humid","26.25","0","44.00","378074.52","SABD0000000001","AAV1.0.0.11","4.0.0.2323","PSt7-10","170328-019","7/29/2022 11:23:46 AM","0000-00","0","no battery","V","","µV","","µV"
"08/09/2022","10:35:42","6","default","383292078","Oxt_06","33.663","min","98.693","%a.s.","Humid","20.518","deg","40055","µV","28.134","°C","1016.000","hPa","36.4","pmil","0","55.390","deg","20.000","°C","100.000","%a.s.","21.720","deg","20.000","°C","977.000","hPa","0.861","-0.02617","0.00035","0","0","13.56","Humid","26.25","0","44.00","378077.49","SABD0000000001","AAV1.0.0.11","4.0.0.2323","PSt7-10","170328-019","7/29/2022 11:23:46 AM","0000-00","0","no battery","V","","µV","","µV"
"08/09/2022","10:35:43","6","default","383292078","Oxt_06","33.679","min","98.736","%a.s.","Humid","20.513","deg","40054","µV","28.136","°C","1016.000","hPa","36.4","pmil","0","55.390","deg","20.000","°C","100.000","%a.s.","21.720","deg","20.000","°C","977.000","hPa","0.861","-0.02617","0.00035","0","0","13.56","Humid","26.25","0","44.00","378069.15","SABD0000000001","AAV1.0.0.11","4.0.0.2323","PSt7-10","170328-019","7/29/2022 11:23:46 AM","0000-00","0","no battery","V","","µV","","µV"
"08/09/2022","10:35:44","6","default","383292078","Oxt_06","33.696","min","98.609","%a.s.","Humid","20.527","deg","40061","µV","28.139","°C","1016.000","hPa","36.4","pmil","0","55.390","deg","20.000","°C","100.000","%a.s.","21.720","deg","20.000","°C","977.000","hPa","0.861","-0.02617","0.00035","0","0","13.56","Humid","26.25","0","44.00","378086.16","SABD0000000001","AAV1.0.0.11","4.0.0.2323","PSt7-10","170328-019","7/29/2022 11:23:46 AM","0000-00","0","no battery","V","","µV","","µV"
"08/09/2022","10:35:45","6","default","383292078","Oxt_06","33.713","min","98.725","%a.s.","Humid","20.514","deg","40051","µV","28.138","°C","1016.000","hPa","36.4","pmil","0","55.390","deg","20.000","°C","100.000","%a.s.","21.720","deg","20.000","°C","977.000","hPa","0.861","-0.02617","0.00035","0","0","13.56","Humid","26.25","0","44.00","378086.87","SABD0000000001","AAV1.0.0.11","4.0.0.2323","PSt7-10","170328-019","7/29/2022 11:23:46 AM","0000-00","0","no battery","V","","µV","","µV"
"08/09/2022","10:35:46","6","default","383292078","Oxt_06","33.729","min","98.693","%a.s.","Humid","20.519","deg","40061","µV","28.124","°C","1016.000","hPa","36.4","pmil","0","55.390","deg","20.000","°C","100.000","%a.s.","21.720","deg","20.000","°C","977.000","hPa","0.861","-0.02617","0.00035","0","0","13.56","Humid","26.25","0","44.00","378085.89","SABD0000000001","AAV1.0.0.11","4.0.0.2323","PSt7-10","170328-019","7/29/2022 11:23:46 AM","0000-00","0","no battery","V","","µV","","µV"
"08/09/2022","10:35:47","6","default","383292078","Oxt_06","33.746","min","98.721","%a.s.","Humid","20.515","deg","40053","µV","28.133","°C","1016.000","hPa","36.4","pmil","0","55.390","deg","20.000","°C","100.000","%a.s.","21.720","deg","20.000","°C","977.000","hPa","0.861","-0.02617","0.00035","0","0","13.56","Humid","26.25","0","44.00","378071.25","SABD0000000001","AAV1.0.0.11","4.0.0.2323","PSt7-10","170328-019","7/29/2022 11:23:46 AM","0000-00","0","no battery","V","","µV","","µV"
"08/09/2022","10:35:48","6","default","383292078","Oxt_06","33.763","min","98.756","%a.s.","Humid","20.510","deg","40051","µV","28.143","°C","1016.000","hPa","36.4","pmil","0","55.390","deg","20.000","°C","100.000","%a.s.","21.720","deg","20.000","°C","977.000","hPa","0.861","-0.02617","0.00035","0","0","13.56","Humid","26.25","0","44.00","378083.88","SABD0000000001","AAV1.0.0.11","4.0.0.2323","PSt7-10","170328-019","7/29/2022 11:23:46 AM","0000-00","0","no battery","V","","µV","","µV"
"08/09/2022","10:35:49","6","default","383292078","Oxt_06","33.779","min","98.723","%a.s.","Humid","20.514","deg","40054","µV","28.140","°C","1016.000","hPa","36.4","pmil","0","55.390","deg","20.000","°C","100.000","%a.s.","21.720","deg","20.000","°C","977.000","hPa","0.861","-0.02617","0.00035","0","0","13.56","Humid","26.25","0","44.00","378080.55","SABD0000000001","AAV1.0.0.11","4.0.0.2323","PSt7-10","170328-019","7/29/2022 11:23:46 AM","0000-00","0","no battery","V","","µV","","µV"
"08/09/2022","10:35:50","6","default","383292078","Oxt_06","33.796","min","98.688","%a.s.","Humid","20.517","deg","40049","µV","28.149","°C","1016.000","hPa","36.4","pmil","0","55.390","deg","20.000","°C","100.000","%a.s.","21.720","deg","20.000","°C","977.000","hPa","0.861","-0.02617","0.00035","0","0","13.56","Humid","26.25","0","44.00","378085.83","SABD0000000001","AAV1.0.0.11","4.0.0.2323","PSt7-10","170328-019","7/29/2022 11:23:46 AM","0000-00","0","no battery","V","","µV","","µV"
"08/09/2022","10:35:51","6","default","383292078","Oxt_06","33.812","min","98.755","%a.s.","Humid","20.510","deg","40051","µV","28.144","°C","1016.000","hPa","36.4","pmil","0","55.390","deg","20.000","°C","100.000","%a.s.","21.720","deg","20.000","°C","977.000","hPa","0.861","-0.02617","0.00035","0","0","13.56","Humid","26.25","0","44.00","378086.20","SABD0000000001","AAV1.0.0.11","4.0.0.2323","PSt7-10","170328-019","7/29/2022 11:23:46 AM","0000-00","0","no battery","V","","µV","","µV"
"08/09/2022","10:35:52","6","default","383292078","Oxt_06","33.829","min","98.661","%a.s.","Humid","20.521","deg","40053","µV","28.140","°C","1016.000","hPa","36.4","pmil","0","55.390","deg","20.000","°C","100.000","%a.s.","21.720","deg","20.000","°C","977.000","hPa","0.861","-0.02617","0.00035","0","0","13.56","Humid","26.25","0","44.00","378085.22","SABD0000000001","AAV1.0.0.11","4.0.0.2323","PSt7-10","170328-019","7/29/2022 11:23:46 AM","0000-00","0","no battery","V","","µV","","µV"
"08/09/2022","10:35:53","6","default","383292078","Oxt_06","33.845","min","98.727","%a.s.","Humid","20.513","deg","40052","µV","28.146","°C","1016.000","hPa","36.4","pmil","0","55.390","deg","20.000","°C","100.000","%a.s.","21.720","deg","20.000","°C","977.000","hPa","0.861","-0.02617","0.00035","0","0","13.56","Humid","26.25","0","44.00","378071.25","SABD0000000001","AAV1.0.0.11","4.0.0.2323","PSt7-10","170328-019","7/29/2022 11:23:46 AM","0000-00","0","no battery","V","","µV","","µV"
"08/09/2022","10:35:54","6","default","383292078","Oxt_06","33.862","min","98.739","%a.s.","Humid","20.512","deg","40046","µV","28.142","°C","1016.000","hPa","36.4","pmil","0","55.390","deg","20.000","°C","100.000","%a.s.","21.720","deg","20.000","°C","977.000","hPa","0.861","-0.02617","0.00035","0","0","13.56","Humid","26.25","0","44.00","378083.49","SABD0000000001","AAV1.0.0.11","4.0.0.2323","PSt7-10","170328-019","7/29/2022 11:23:46 AM","0000-00","0","no battery","V","","µV","","µV"
"08/09/2022","10:35:55","6","default","383292078","Oxt_06","33.879","min","98.741","%a.s.","Humid","20.512","deg","40048","µV","28.140","°C","1016.000","hPa","36.4","pmil","0","55.390","deg","20.000","°C","100.000","%a.s.","21.720","deg","20.000","°C","977.000","hPa","0.861","-0.02617","0.00035","0","0","13.56","Humid","26.25","0","44.00","378074.92","SABD0000000001","AAV1.0.0.11","4.0.0.2323","PSt7-10","170328-019","7/29/2022 11:23:46 AM","0000-00","0","no battery","V","","µV","","µV"
"08/09/2022","10:35:56","6","default","383292078","Oxt_06","33.895","min","98.763","%a.s.","Humid","20.511","deg","40050","µV","28.126","°C","1016.000","hPa","36.4","pmil","0","55.390","deg","20.000","°C","100.000","%a.s.","21.720","deg","20.000","°C","977.000","hPa","0.861","-0.02617","0.00035","0","0","13.56","Humid","26.25","0","44.00","378083.30","SABD0000000001","AAV1.0.0.11","4.0.0.2323","PSt7-10","170328-019","7/29/2022 11:23:46 AM","0000-00","0","no battery","V","","µV","","µV"
"08/09/2022","10:35:57","6","default","383292078","Oxt_06","33.912","min","98.766","%a.s.","Humid","20.511","deg","40047","µV","28.123","°C","1016.000","hPa","36.4","pmil","0","55.390","deg","20.000","°C","100.000","%a.s.","21.720","deg","20.000","°C","977.000","hPa","0.861","-0.02617","0.00035","0","0","13.56","Humid","26.25","0","44.00","378087.24","SABD0000000001","AAV1.0.0.11","4.0.0.2323","PSt7-10","170328-019","7/29/2022 11:23:46 AM","0000-00","0","no battery","V","","µV","","µV"
"08/09/2022","10:35:58","6","default","383292078","Oxt_06","33.929","min","98.700","%a.s.","Humid","20.516","deg","40054","µV","28.145","°C","1016.000","hPa","36.4","pmil","0","55.390","deg","20.000","°C","100.000","%a.s.","21.720","deg","20.000","°C","977.000","hPa","0.861","-0.02617","0.00035","0","0","13.56","Humid","26.25","0","44.00","378092.85","SABD0000000001","AAV1.0.0.11","4.0.0.2323","PSt7-10","170328-019","7/29/2022 11:23:46 AM","0000-00","0","no battery","V","","µV","","µV"
"08/09/2022","10:35:59","6","default","383292078","Oxt_06","33.945","min","98.743","%a.s.","Humid","20.510","deg","40049","µV","28.156","°C","1016.000","hPa","36.4","pmil","0","55.390","deg","20.000","°C","100.000","%a.s.","21.720","deg","20.000","°C","977.000","hPa","0.861","-0.02617","0.00035","0","0","13.56","Humid","26.25","0","44.00","378095.86","SABD0000000001","AAV1.0.0.11","4.0.0.2323","PSt7-10","170328-019","7/29/2022 11:23:46 AM","0000-00","0","no battery","V","","µV","","µV"
"08/09/2022","10:36:00","6","default","383292078","Oxt_06","33.962","min","98.695","%a.s.","Humid","20.516","deg","40045","µV","28.151","°C","1016.000","hPa","36.4","pmil","0","55.390","deg","20.000","°C","100.000","%a.s.","21.720","deg","20.000","°C","977.000","hPa","0.861","-0.02617","0.00035","0","0","13.56","Humid","26.25","0","44.00","378090.64","SABD0000000001","AAV1.0.0.11","4.0.0.2323","PSt7-10","170328-019","7/29/2022 11:23:46 AM","0000-00","0","no battery","V","","µV","","µV"
"08/09/2022","10:36:01","6","default","383292078","Oxt_06","33.979","min","98.781","%a.s.","Humid","20.507","deg","40043","µV","28.144","°C","1016.000","hPa","36.4","pmil","0","55.390","deg","20.000","°C","100.000","%a.s.","21.720","deg","20.000","°C","977.000","hPa","0.861","-0.02617","0.00035","0","0","13.56","Humid","26.25","0","44.00","378107.17","SABD0000000001","AAV1.0.0.11","4.0.0.2323","PSt7-10","170328-019","7/29/2022 11:23:46 AM","0000-00","0","no battery","V","","µV","","µV"
"08/09/2022","10:36:02","6","default","383292078","Oxt_06","33.996","min","98.799","%a.s.","Humid","20.505","deg","40046","µV","28.144","°C","1016.000","hPa","36.4","pmil","0","55.390","deg","20.000","°C","100.000","%a.s.","21.720","deg","20.000","°C","977.000","hPa","0.861","-0.02617","0.00035","0","0","13.56","Humid","26.25","0","44.00","378102.26","SABD0000000001","AAV1.0.0.11","4.0.0.2323","PSt7-10","170328-019","7/29/2022 11:23:46 AM","0000-00","0","no battery","V","","µV","","µV"
"08/09/2022","10:36:03","6","default","383292078","Oxt_06","34.012","min","98.750","%a.s.","Humid","20.512","deg","40044","µV","28.130","°C","1016.000","hPa","36.4","pmil","0","55.390","deg","20.000","°C","100.000","%a.s.","21.720","deg","20.000","°C","977.000","hPa","0.861","-0.02617","0.00035","0","0","13.56","Humid","26.25","0","44.00","378094.74","SABD0000000001","AAV1.0.0.11","4.0.0.2323","PSt7-10","170328-019","7/29/2022 11:23:46 AM","0000-00","0","no battery","V","","µV","","µV"
"08/09/2022","10:36:04","6","default","383292078","Oxt_06","34.029","min","98.715","%a.s.","Humid","20.514","deg","40042","µV","28.148","°C","1016.000","hPa","36.4","pmil","0","55.390","deg","20.000","°C","100.000","%a.s.","21.720","deg","20.000","°C","977.000","hPa","0.861","-0.02617","0.00035","0","0","13.56","Humid","26.25","0","44.00","378100.32","SABD0000000001","AAV1.0.0.11","4.0.0.2323","PSt7-10","170328-019","7/29/2022 11:23:46 AM","0000-00","0","no battery","V","","µV","","µV"
"08/09/2022","10:36:05","6","default","383292078","Oxt_06","34.046","min","98.712","%a.s.","Humid","20.515","deg","40042","µV","28.142","°C","1016.000","hPa","36.4","pmil","0","55.390","deg","20.000","°C","100.000","%a.s.","21.720","deg","20.000","°C","977.000","hPa","0.861","-0.02617","0.00035","0","0","13.56","Humid","26.25","0","44.00","378097.44","SABD0000000001","AAV1.0.0.11","4.0.0.2323","PSt7-10","170328-019","7/29/2022 11:23:46 AM","0000-00","0","no battery","V","","µV","","µV"
"08/09/2022","10:36:06","6","default","383292078","Oxt_06","34.062","min","98.769","%a.s.","Humid","20.508","deg","40043","µV","28.147","°C","1016.000","hPa","36.4","pmil","0","55.390","deg","20.000","°C","100.000","%a.s.","21.720","deg","20.000","°C","977.000","hPa","0.861","-0.02617","0.00035","0","0","13.56","Humid","26.25","0","44.00","378095.68","SABD0000000001","AAV1.0.0.11","4.0.0.2323","PSt7-10","170328-019","7/29/2022 11:23:46 AM","0000-00","0","no battery","V","","µV","","µV"
"08/09/2022","10:36:07","6","default","383292078","Oxt_06","34.079","min","98.805","%a.s.","Humid","20.506","deg","40042","µV","28.128","°C","1016.000","hPa","36.4","pmil","0","55.390","deg","20.000","°C","100.000","%a.s.","21.720","deg","20.000","°C","977.000","hPa","0.861","-0.02617","0.00035","0","0","13.56","Humid","26.25","0","44.00","378096.56","SABD0000000001","AAV1.0.0.11","4.0.0.2323","PSt7-10","170328-019","7/29/2022 11:23:46 AM","0000-00","0","no battery","V","","µV","","µV"
"08/09/2022","10:36:08","6","default","383292078","Oxt_06","34.096","min","98.787","%a.s.","Humid","20.508","deg","40035","µV","28.129","°C","1016.000","hPa","36.4","pmil","0","55.390","deg","20.000","°C","100.000","%a.s.","21.720","deg","20.000","°C","977.000","hPa","0.861","-0.02617","0.00035","0","0","13.56","Humid","26.25","0","44.00","378102.41","SABD0000000001","AAV1.0.0.11","4.0.0.2323","PSt7-10","170328-019","7/29/2022 11:23:46 AM","0000-00","0","no battery","V","","µV","","µV"
"08/09/2022","10:36:09","6","default","383292078","Oxt_06","34.113","min","98.751","%a.s.","Humid","20.511","deg","40030","µV","28.138","°C","1016.000","hPa","36.4","pmil","0","55.390","deg","20.000","°C","100.000","%a.s.","21.720","deg","20.000","°C","977.000","hPa","0.861","-0.02617","0.00035","0","0","13.56","Humid","26.25","0","44.00","378099.46","SABD0000000001","AAV1.0.0.11","4.0.0.2323","PSt7-10","170328-019","7/29/2022 11:23:46 AM","0000-00","0","no battery","V","","µV","","µV"
"08/09/2022","10:36:10","6","default","383292078","Oxt_06","34.129","min","98.824","%a.s.","Humid","20.503","deg","40033","µV","28.137","°C","1016.000","hPa","36.4","pmil","0","55.390","deg","20.000","°C","100.000","%a.s.","21.720","deg","20.000","°C","977.000","hPa","0.861","-0.02617","0.00035","0","0","13.56","Humid","26.25","0","44.00","378092.13","SABD0000000001","AAV1.0.0.11","4.0.0.2323","PSt7-10","170328-019","7/29/2022 11:23:46 AM","0000-00","0","no battery","V","","µV","","µV"
"08/09/2022","10:36:11","6","default","383292078","Oxt_06","34.146","min","98.761","%a.s.","Humid","20.510","deg","40030","µV","28.137","°C","1016.000","hPa","36.4","pmil","0","55.390","deg","20.000","°C","100.000","%a.s.","21.720","deg","20.000","°C","977.000","hPa","0.861","-0.02617","0.00035","0","0","13.56","Humid","26.25","0","44.00","378104.20","SABD0000000001","AAV1.0.0.11","4.0.0.2323","PSt7-10","170328-019","7/29/2022 11:23:46 AM","0000-00","0","no battery","V","","µV","","µV"
"08/09/2022","10:36:12","6","default","383292078","Oxt_06","34.163","min","98.761","%a.s.","Humid","20.509","deg","40032","µV","28.147","°C","1016.000","hPa","36.4","pmil","0","55.390","deg","20.000","°C","100.000","%a.s.","21.720","deg","20.000","°C","977.000","hPa","0.861","-0.02617","0.00035","0","0","13.56","Humid","26.25","0","44.00","378087.43","SABD0000000001","AAV1.0.0.11","4.0.0.2323","PSt7-10","170328-019","7/29/2022 11:23:46 AM","0000-00","0","no battery","V","","µV","","µV"
"08/09/2022","10:36:13","6","default","383292078","Oxt_06","34.179","min","98.852","%a.s.","Humid","20.500","deg","40028","µV","28.135","°C","1016.000","hPa","36.4","pmil","0","55.390","deg","20.000","°C","100.000","%a.s.","21.720","deg","20.000","°C","977.000","hPa","0.861","-0.02617","0.00035","0","0","13.56","Humid","26.25","0","44.00","378090.98","SABD0000000001","AAV1.0.0.11","4.0.0.2323","PSt7-10","170328-019","7/29/2022 11:23:46 AM","0000-00","0","no battery","V","","µV","","µV"
"08/09/2022","10:36:14","6","default","383292078","Oxt_06","34.196","min","98.790","%a.s.","Humid","20.507","deg","40026","µV","28.135","°C","1016.000","hPa","36.4","pmil","0","55.390","deg","20.000","°C","100.000","%a.s.","21.720","deg","20.000","°C","977.000","hPa","0.861","-0.02617","0.00035","0","0","13.56","Humid","26.25","0","44.00","378091.13","SABD0000000001","AAV1.0.0.11","4.0.0.2323","PSt7-10","170328-019","7/29/2022 11:23:46 AM","0000-00","0","no battery","V","","µV","","µV"
"08/09/2022","10:36:15","6","default","383292078","Oxt_06","34.213","min","98.769","%a.s.","Humid","20.510","deg","40023","µV","28.129","°C","1016.000","hPa","36.4","pmil","0","55.390","deg","20.000","°C","100.000","%a.s.","21.720","deg","20.000","°C","977.000","hPa","0.861","-0.02617","0.00035","0","0","13.56","Humid","26.25","0","44.00","378094.92","SABD0000000001","AAV1.0.0.11","4.0.0.2323","PSt7-10","170328-019","7/29/2022 11:23:46 AM","0000-00","0","no battery","V","","µV","","µV"
"08/09/2022","10:36:16","6","default","383292078","Oxt_06","34.229","min","98.770","%a.s.","Humid","20.511","deg","40023","µV","28.119","°C","1016.000","hPa","36.4","pmil","0","55.390","deg","20.000","°C","100.000","%a.s.","21.720","deg","20.000","°C","977.000","hPa","0.861","-0.02617","0.00035","0","0","13.56","Humid","26.25","0","44.00","378097.84","SABD0000000001","AAV1.0.0.11","4.0.0.2323","PSt7-10","170328-019","7/29/2022 11:23:46 AM","0000-00","0","no battery","V","","µV","","µV"
"08/09/2022","10:36:17","6","default","383292078","Oxt_06","34.246","min","98.796","%a.s.","Humid","20.507","deg","40031","µV","28.129","°C","1016.000","hPa","36.4","pmil","0","55.390","deg","20.000","°C","100.000","%a.s.","21.720","deg","20.000","°C","977.000","hPa","0.861","-0.02617","0.00035","0","0","13.56","Humid","26.25","0","44.00","378100.72","SABD0000000001","AAV1.0.0.11","4.0.0.2323","PSt7-10","170328-019","7/29/2022 11:23:46 AM","0000-00","0","no battery","V","","µV","","µV"
"08/09/2022","10:36:18","6","default","383292078","Oxt_06","34.262","min","98.828","%a.s.","Humid","20.503","deg","40027","µV","28.132","°C","1016.000","hPa","36.4","pmil","0","55.390","deg","20.000","°C","100.000","%a.s.","21.720","deg","20.000","°C","977.000","hPa","0.861","-0.02617","0.00035","0","0","13.56","Humid","26.25","0","44.00","378111.67","SABD0000000001","AAV1.0.0.11","4.0.0.2323","PSt7-10","170328-019","7/29/2022 11:23:46 AM","0000-00","0","no battery","V","","µV","","µV"
"08/09/2022","10:36:19","6","default","383292078","Oxt_06","34.278","min","98.736","%a.s.","Humid","20.510","deg","40021","µV","28.163","°C","1016.000","hPa","36.4","pmil","0","55.390","deg","20.000","°C","100.000","%a.s.","21.720","deg","20.000","°C","977.000","hPa","0.861","-0.02617","0.00035","0","0","13.56","Humid","26.25","0","44.00","378099.72","SABD0000000001","AAV1.0.0.11","4.0.0.2323","PSt7-10","170328-019","7/29/2022 11:23:46 AM","0000-00","0","no battery","V","","µV","","µV"
"08/09/2022","10:36:20","6","default","383292078","Oxt_06","34.295","min","98.836","%a.s.","Humid","20.502","deg","40025","µV","28.134","°C","1016.000","hPa","36.4","pmil","0","55.390","deg","20.000","°C","100.000","%a.s.","21.720","deg","20.000","°C","977.000","hPa","0.861","-0.02617","0.00035","0","0","13.56","Humid","26.25","0","44.00","378101.69","SABD0000000001","AAV1.0.0.11","4.0.0.2323","PSt7-10","170328-019","7/29/2022 11:23:46 AM","0000-00","0","no battery","V","","µV","","µV"
"08/09/2022","10:36:21","6","default","383292078","Oxt_06","34.312","min","98.760","%a.s.","Humid","20.510","deg","40027","µV","28.139","°C","1016.000","hPa","36.4","pmil","0","55.390","deg","20.000","°C","100.000","%a.s.","21.720","deg","20.000","°C","977.000","hPa","0.861","-0.02617","0.00035","0","0","13.56","Humid","26.25","0","44.00","378108.06","SABD0000000001","AAV1.0.0.11","4.0.0.2323","PSt7-10","170328-019","7/29/2022 11:23:46 AM","0000-00","0","no battery","V","","µV","","µV"
"08/09/2022","10:36:22","6","default","383292078","Oxt_06","34.328","min","98.841","%a.s.","Humid","20.501","deg","40025","µV","28.138","°C","1016.000","hPa","36.4","pmil","0","55.390","deg","20.000","°C","100.000","%a.s.","21.720","deg","20.000","°C","977.000","hPa","0.861","-0.02617","0.00035","0","0","13.56","Humid","26.25","0","44.00","378107.08","SABD0000000001","AAV1.0.0.11","4.0.0.2323","PSt7-10","170328-019","7/29/2022 11:23:46 AM","0000-00","0","no battery","V","","µV","","µV"
"08/09/2022","10:36:23","6","default","383292078","Oxt_06","34.345","min","98.804","%a.s.","Humid","20.503","deg","40027","µV","28.157","°C","1016.000","hPa","36.4","pmil","0","55.390","deg","20.000","°C","100.000","%a.s.","21.720","deg","20.000","°C","977.000","hPa","0.861","-0.02617","0.00035","0","0","13.56","Humid","26.25","0","44.00","378104.11","SABD0000000001","AAV1.0.0.11","4.0.0.2323","PSt7-10","170328-019","7/29/2022 11:23:46 AM","0000-00","0","no battery","V","","µV","","µV"
"08/09/2022","10:36:24","6","default","383292078","Oxt_06","34.362","min","98.832","%a.s.","Humid","20.501","deg","40025","µV","28.147","°C","1016.000","hPa","36.4","pmil","0","55.390","deg","20.000","°C","100.000","%a.s.","21.720","deg","20.000","°C","977.000","hPa","0.861","-0.02617","0.00035","0","0","13.56","Humid","26.25","0","44.00","378109.03","SABD0000000001","AAV1.0.0.11","4.0.0.2323","PSt7-10","170328-019","7/29/2022 11:23:46 AM","0000-00","0","no battery","V","","µV","","µV"
"08/09/2022","10:36:25","6","default","383292078","Oxt_06","34.379","min","98.841","%a.s.","Humid","20.501","deg","40024","µV","28.138","°C","1016.000","hPa","36.4","pmil","0","55.390","deg","20.000","°C","100.000","%a.s.","21.720","deg","20.000","°C","977.000","hPa","0.861","-0.02617","0.00035","0","0","13.56","Humid","26.25","0","44.00","378114.72","SABD0000000001","AAV1.0.0.11","4.0.0.2323","PSt7-10","170328-019","7/29/2022 11:23:46 AM","0000-00","0","no battery","V","","µV","","µV"
"08/09/2022","10:36:26","6","default","383292078","Oxt_06","34.395","min","98.837","%a.s.","Humid","20.501","deg","40021","µV","28.142","°C","1016.000","hPa","36.4","pmil","0","55.390","deg","20.000","°C","100.000","%a.s.","21.720","deg","20.000","°C","977.000","hPa","0.861","-0.02617","0.00035","0","0","13.56","Humid","26.25","0","44.00","378100.25","SABD0000000001","AAV1.0.0.11","4.0.0.2323","PSt7-10","170328-019","7/29/2022 11:23:46 AM","0000-00","0","no battery","V","","µV","","µV"
"08/09/2022","10:36:27","6","default","383292078","Oxt_06","34.412","min","98.881","%a.s.","Humid","20.496","deg","40022","µV","28.143","°C","1016.000","hPa","36.4","pmil","0","55.390","deg","20.000","°C","100.000","%a.s.","21.720","deg","20.000","°C","977.000","hPa","0.861","-0.02617","0.00035","0","0","13.56","Humid","26.25","0","44.00","378117.85","SABD0000000001","AAV1.0.0.11","4.0.0.2323","PSt7-10","170328-019","7/29/2022 11:23:46 AM","0000-00","0","no battery","V","","µV","","µV"
"08/09/2022","10:36:28","6","default","383292078","Oxt_06","34.429","min","98.817","%a.s.","Humid","20.504","deg","40019","µV","28.135","°C","1016.000","hPa","36.4","pmil","0","55.390","deg","20.000","°C","100.000","%a.s.","21.720","deg","20.000","°C","977.000","hPa","0.861","-0.02617","0.00035","0","0","13.56","Humid","26.25","0","44.00","378104.54","SABD0000000001","AAV1.0.0.11","4.0.0.2323","PSt7-10","170328-019","7/29/2022 11:23:46 AM","0000-00","0","no battery","V","","µV","","µV"
"08/09/2022","10:36:29","6","default","383292078","Oxt_06","34.445","min","98.826","%a.s.","Humid","20.501","deg","40022","µV","28.153","°C","1016.000","hPa","36.4","pmil","0","55.390","deg","20.000","°C","100.000","%a.s.","21.720","deg","20.000","°C","977.000","hPa","0.861","-0.02617","0.00035","0","0","13.56","Humid","26.25","0","44.00","378108.82","SABD0000000001","AAV1.0.0.11","4.0.0.2323","PSt7-10","170328-019","7/29/2022 11:23:46 AM","0000-00","0","no battery","V","","µV","","µV"
"08/09/2022","10:36:30","6","default","383292078","Oxt_06","34.462","min","98.943","%a.s.","Humid","20.490","deg","40017","µV","28.133","°C","1016.000","hPa","36.4","pmil","0","55.390","deg","20.000","°C","100.000","%a.s.","21.720","deg","20.000","°C","977.000","hPa","0.861","-0.02617","0.00035","0","0","13.56","Humid","26.25","0","44.00","378099.10","SABD0000000001","AAV1.0.0.11","4.0.0.2323","PSt7-10","170328-019","7/29/2022 11:23:46 AM","0000-00","0","no battery","V","","µV","","µV"
"08/09/2022","10:36:31","6","default","383292078","Oxt_06","34.479","min","98.860","%a.s.","Humid","20.499","deg","40010","µV","28.136","°C","1016.000","hPa","36.4","pmil","0","55.390","deg","20.000","°C","100.000","%a.s.","21.720","deg","20.000","°C","977.000","hPa","0.861","-0.02617","0.00035","0","0","13.56","Humid","26.25","0","44.00","378106.67","SABD0000000001","AAV1.0.0.11","4.0.0.2323","PSt7-10","170328-019","7/29/2022 11:23:46 AM","0000-00","0","no battery","V","","µV","","µV"
"08/09/2022","10:36:32","6","default","383292078","Oxt_06","34.496","min","98.872","%a.s.","Humid","20.498","deg","40014","µV","28.133","°C","1016.000","hPa","36.4","pmil","0","55.390","deg","20.000","°C","100.000","%a.s.","21.720","deg","20.000","°C","977.000","hPa","0.861","-0.02617","0.00035","0","0","13.56","Humid","26.25","0","44.00","378094.76","SABD0000000001","AAV1.0.0.11","4.0.0.2323","PSt7-10","170328-019","7/29/2022 11:23:46 AM","0000-00","0","no battery","V","","µV","","µV"
"08/09/2022","10:36:33","6","default","383292078","Oxt_06","34.512","min","98.895","%a.s.","Humid","20.496","deg","40005","µV","28.127","°C","1016.000","hPa","36.4","pmil","0","55.390","deg","20.000","°C","100.000","%a.s.","21.720","deg","20.000","°C","977.000","hPa","0.861","-0.02617","0.00035","0","0","13.56","Humid","26.25","0","44.00","378106.30","SABD0000000001","AAV1.0.0.11","4.0.0.2323","PSt7-10","170328-019","7/29/2022 11:23:46 AM","0000-00","0","no battery","V","","µV","","µV"
"08/09/2022","10:36:34","6","default","383292078","Oxt_06","34.529","min","98.893","%a.s.","Humid","20.494","deg","40008","µV","28.148","°C","1016.000","hPa","36.4","pmil","0","55.390","deg","20.000","°C","100.000","%a.s.","21.720","deg","20.000","°C","977.000","hPa","0.861","-0.02617","0.00035","0","0","13.56","Humid","26.25","0","44.00","378106.68","SABD0000000001","AAV1.0.0.11","4.0.0.2323","PSt7-10","170328-019","7/29/2022 11:23:46 AM","0000-00","0","no battery","V","","µV","","µV"
"08/09/2022","10:36:35","6","default","383292078","Oxt_06","34.546","min","98.860","%a.s.","Humid","20.500","deg","40008","µV","28.126","°C","1016.000","hPa","36.4","pmil","0","55.390","deg","20.000","°C","100.000","%a.s.","21.720","deg","20.000","°C","977.000","hPa","0.861","-0.02617","0.00035","0","0","13.56","Humid","26.25","0","44.00","378098.74","SABD0000000001","AAV1.0.0.11","4.0.0.2323","PSt7-10","170328-019","7/29/2022 11:23:46 AM","0000-00","0","no battery","V","","µV","","µV"
"08/09/2022","10:36:36","6","default","383292078","Oxt_06","34.563","min","98.882","%a.s.","Humid","20.497","deg","40008","µV","28.132","°C","1016.000","hPa","36.4","pmil","0","55.390","deg","20.000","°C","100.000","%a.s.","21.720","deg","20.000","°C","977.000","hPa","0.861","-0.02617","0.00035","0","0","13.56","Humid","26.25","0","44.00","378104.59","SABD0000000001","AAV1.0.0.11","4.0.0.2323","PSt7-10","170328-019","7/29/2022 11:23:46 AM","0000-00","0","no battery","V","","µV","","µV"
"08/09/2022","10:36:37","6","default","383292078","Oxt_06","34.579","min","98.854","%a.s.","Humid","20.498","deg","40009","µV","28.152","°C","1016.000","hPa","36.4","pmil","0","55.390","deg","20.000","°C","100.000","%a.s.","21.720","deg","20.000","°C","977.000","hPa","0.861","-0.02617","0.00035","0","0","13.56","Humid","26.25","0","44.00","378102.02","SABD0000000001","AAV1.0.0.11","4.0.0.2323","PSt7-10","170328-019","7/29/2022 11:23:46 AM","0000-00","0","no battery","V","","µV","","µV"
"08/09/2022","10:36:38","6","default","383292078","Oxt_06","34.596","min","98.841","%a.s.","Humid","20.499","deg","40008","µV","28.156","°C","1016.000","hPa","36.4","pmil","0","55.390","deg","20.000","°C","100.000","%a.s.","21.720","deg","20.000","°C","977.000","hPa","0.861","-0.02617","0.00035","0","0","13.56","Humid","26.25","0","44.00","378113.62","SABD0000000001","AAV1.0.0.11","4.0.0.2323","PSt7-10","170328-019","7/29/2022 11:23:46 AM","0000-00","0","no battery","V","","µV","","µV"
"08/09/2022","10:36:39","6","default","383292078","Oxt_06","34.613","min","98.837","%a.s.","Humid","20.499","deg","40007","µV","28.160","°C","1016.000","hPa","36.4","pmil","0","55.390","deg","20.000","°C","100.000","%a.s.","21.720","deg","20.000","°C","977.000","hPa","0.861","-0.02617","0.00035","0","0","13.56","Humid","26.25","0","44.00","378116.30","SABD0000000001","AAV1.0.0.11","4.0.0.2323","PSt7-10","170328-019","7/29/2022 11:23:46 AM","0000-00","0","no battery","V","","µV","","µV"
"08/09/2022","10:36:40","6","default","383292078","Oxt_06","34.629","min","98.926","%a.s.","Humid","20.489","deg","40006","µV","28.160","°C","1016.000","hPa","36.4","pmil","0","55.390","deg","20.000","°C","100.000","%a.s.","21.720","deg","20.000","°C","977.000","hPa","0.861","-0.02617","0.00035","0","0","13.56","Humid","26.25","0","44.00","378116.50","SABD0000000001","AAV1.0.0.11","4.0.0.2323","PSt7-10","170328-019","7/29/2022 11:23:46 AM","0000-00","0","no battery","V","","µV","","µV"
"08/09/2022","10:36:41","6","default","383292078","Oxt_06","34.646","min","98.850","%a.s.","Humid","20.499","deg","40003","µV","28.147","°C","1016.000","hPa","36.4","pmil","0","55.390","deg","20.000","°C","100.000","%a.s.","21.720","deg","20.000","°C","977.000","hPa","0.861","-0.02617","0.00035","0","0","13.56","Humid","26.25","0","44.00","378100.87","SABD0000000001","AAV1.0.0.11","4.0.0.2323","PSt7-10","170328-019","7/29/2022 11:23:46 AM","0000-00","0","no battery","V","","µV","","µV"
"08/09/2022","10:36:42","6","default","383292078","Oxt_06","34.663","min","98.776","%a.s.","Humid","20.507","deg","40007","µV","28.150","°C","1016.000","hPa","36.4","pmil","0","55.390","deg","20.000","°C","100.000","%a.s.","21.720","deg","20.000","°C","977.000","hPa","0.861","-0.02617","0.00035","0","0","13.56","Humid","26.25","0","44.00","378122.26","SABD0000000001","AAV1.0.0.11","4.0.0.2323","PSt7-10","170328-019","7/29/2022 11:23:46 AM","0000-00","0","no battery","V","","µV","","µV"
"08/09/2022","10:36:43","6","default","383292078","Oxt_06","34.679","min","98.821","%a.s.","Humid","20.503","deg","40009","µV","28.140","°C","1016.000","hPa","36.4","pmil","0","55.390","deg","20.000","°C","100.000","%a.s.","21.720","deg","20.000","°C","977.000","hPa","0.861","-0.02617","0.00035","0","0","13.56","Humid","26.25","0","44.00","378115.97","SABD0000000001","AAV1.0.0.11","4.0.0.2323","PSt7-10","170328-019","7/29/2022 11:23:46 AM","0000-00","0","no battery","V","","µV","","µV"
"08/09/2022","10:36:44","6","default","383292078","Oxt_06","34.696","min","98.862","%a.s.","Humid","20.498","deg","40004","µV","28.143","°C","1016.000","hPa","36.4","pmil","0","55.390","deg","20.000","°C","100.000","%a.s.","21.720","deg","20.000","°C","977.000","hPa","0.861","-0.02617","0.00035","0","0","13.56","Humid","26.25","0","44.00","378122.99","SABD0000000001","AAV1.0.0.11","4.0.0.2323","PSt7-10","170328-019","7/29/2022 11:23:46 AM","0000-00","0","no battery","V","","µV","","µV"
"08/09/2022","10:36:45","6","default","383292078","Oxt_06","34.712","min","98.888","%a.s.","Humid","20.495","deg","39999","µV","28.145","°C","1016.000","hPa","36.4","pmil","0","55.390","deg","20.000","°C","100.000","%a.s.","21.720","deg","20.000","°C","977.000","hPa","0.861","-0.02617","0.00035","0","0","13.56","Humid","26.25","0","44.00","378131.32","SABD0000000001","AAV1.0.0.11","4.0.0.2323","PSt7-10","170328-019","7/29/2022 11:23:46 AM","0000-00","0","no battery","V","","µV","","µV"
"08/09/2022","10:36:46","6","default","383292078","Oxt_06","34.729","min","98.932","%a.s.","Humid","20.490","deg","40001","µV","28.145","°C","1016.000","hPa","36.4","pmil","0","55.390","deg","20.000","°C","100.000","%a.s.","21.720","deg","20.000","°C","977.000","hPa","0.861","-0.02617","0.00035","0","0","13.56","Humid","26.25","0","44.00","378113.74","SABD0000000001","AAV1.0.0.11","4.0.0.2323","PSt7-10","170328-019","7/29/2022 11:23:46 AM","0000-00","0","no battery","V","","µV","","µV"
"08/09/2022","10:36:47","6","default","383292078","Oxt_06","34.745","min","98.885","%a.s.","Humid","20.496","deg","39999","µV","28.138","°C","1016.000","hPa","36.4","pmil","0","55.390","deg","20.000","°C","100.000","%a.s.","21.720","deg","20.000","°C","977.000","hPa","0.861","-0.02617","0.00035","0","0","13.56","Humid","26.25","0","44.00","378134.17","SABD0000000001","AAV1.0.0.11","4.0.0.2323","PSt7-10","170328-019","7/29/2022 11:23:46 AM","0000-00","0","no battery","V","","µV","","µV"
"08/09/2022","10:36:48","6","default","383292078","Oxt_06","34.762","min","98.952","%a.s.","Humid","20.488","deg","39986","µV","28.142","°C","1016.000","hPa","36.4","pmil","0","55.390","deg","20.000","°C","100.000","%a.s.","21.720","deg","20.000","°C","977.000","hPa","0.861","-0.02617","0.00035","0","0","13.56","Humid","26.25","0","44.00","378125.27","SABD0000000001","AAV1.0.0.11","4.0.0.2323","PSt7-10","170328-019","7/29/2022 11:23:46 AM","0000-00","0","no battery","V","","µV","","µV"
"08/09/2022","10:36:49","6","default","383292078","Oxt_06","34.778","min","98.969","%a.s.","Humid","20.488","deg","39989","µV","28.124","°C","1016.000","hPa","36.4","pmil","0","55.390","deg","20.000","°C","100.000","%a.s.","21.720","deg","20.000","°C","977.000","hPa","0.861","-0.02617","0.00035","0","0","13.56","Humid","26.25","0","44.00","378121.29","SABD0000000001","AAV1.0.0.11","4.0.0.2323","PSt7-10","170328-019","7/29/2022 11:23:46 AM","0000-00","0","no battery","V","","µV","","µV"
"08/09/2022","10:36:50","6","default","383292078","Oxt_06","34.795","min","98.982","%a.s.","Humid","20.487","deg","39992","µV","28.120","°C","1016.000","hPa","36.4","pmil","0","55.390","deg","20.000","°C","100.000","%a.s.","21.720","deg","20.000","°C","977.000","hPa","0.861","-0.02617","0.00035","0","0","13.56","Humid","26.25","0","44.00","378131.07","SABD0000000001","AAV1.0.0.11","4.0.0.2323","PSt7-10","170328-019","7/29/2022 11:23:46 AM","0000-00","0","no battery","V","","µV","","µV"
"08/09/2022","10:36:51","6","default","383292078","Oxt_06","34.812","min","98.968","%a.s.","Humid","20.487","deg","39992","µV","28.136","°C","1016.000","hPa","36.4","pmil","0","55.390","deg","20.000","°C","100.000","%a.s.","21.720","deg","20.000","°C","977.000","hPa","0.861","-0.02617","0.00035","0","0","13.56","Humid","26.25","0","44.00","378134.55","SABD0000000001","AAV1.0.0.11","4.0.0.2323","PSt7-10","170328-019","7/29/2022 11:23:46 AM","0000-00","0","no battery","V","","µV","","µV"
"08/09/2022","10:36:52","6","default","383292078","Oxt_06","34.829","min","98.931","%a.s.","Humid","20.491","deg","39986","µV","28.137","°C","1016.000","hPa","36.4","pmil","0","55.390","deg","20.000","°C","100.000","%a.s.","21.720","deg","20.000","°C","977.000","hPa","0.861","-0.02617","0.00035","0","0","13.56","Humid","26.25","0","44.00","378133.68","SABD0000000001","AAV1.0.0.11","4.0.0.2323","PSt7-10","170328-019","7/29/2022 11:23:46 AM","0000-00","0","no battery","V","","µV","","µV"
"08/09/2022","10:36:53","6","default","383292078","Oxt_06","34.845","min","98.957","%a.s.","Humid","20.488","deg","39990","µV","28.137","°C","1016.000","hPa","36.4","pmil","0","55.390","deg","20.000","°C","100.000","%a.s.","21.720","deg","20.000","°C","977.000","hPa","0.861","-0.02617","0.00035","0","0","13.56","Humid","26.25","0","44.00","378129.68","SABD0000000001","AAV1.0.0.11","4.0.0.2323","PSt7-10","170328-019","7/29/2022 11:23:46 AM","0000-00","0","no battery","V","","µV","","µV"
"08/09/2022","10:36:54","6","default","383292078","Oxt_06","34.862","min","98.919","%a.s.","Humid","20.493","deg","39985","µV","28.130","°C","1016.000","hPa","36.4","pmil","0","55.390","deg","20.000","°C","100.000","%a.s.","21.720","deg","20.000","°C","977.000","hPa","0.861","-0.02617","0.00035","0","0","13.56","Humid","26.25","0","44.00","378139.46","SABD0000000001","AAV1.0.0.11","4.0.0.2323","PSt7-10","170328-019","7/29/2022 11:23:46 AM","0000-00","0","no battery","V","","µV","","µV"
"08/09/2022","10:36:55","6","default","383292078","Oxt_06","34.879","min","98.965","%a.s.","Humid","20.486","deg","39983","µV","28.147","°C","1016.000","hPa","36.4","pmil","0","55.390","deg","20.000","°C","100.000","%a.s.","21.720","deg","20.000","°C","977.000","hPa","0.861","-0.02617","0.00035","0","0","13.56","Humid","26.25","0","44.00","378125.84","SABD0000000001","AAV1.0.0.11","4.0.0.2323","PSt7-10","170328-019","7/29/2022 11:23:46 AM","0000-00","0","no battery","V","","µV","","µV"
"08/09/2022","10:36:56","6","default","383292078","Oxt_06","34.895","min","98.963","%a.s.","Humid","20.486","deg","39979","µV","28.150","°C","1016.000","hPa","36.4","pmil","0","55.390","deg","20.000","°C","100.000","%a.s.","21.720","deg","20.000","°C","977.000","hPa","0.861","-0.02617","0.00035","0","0","13.56","Humid","26.25","0","44.00","378127.55","SABD0000000001","AAV1.0.0.11","4.0.0.2323","PSt7-10","170328-019","7/29/2022 11:23:46 AM","0000-00","0","no battery","V","","µV","","µV"
"08/09/2022","10:36:57","6","default","383292078","Oxt_06","34.912","min","99.013","%a.s.","Humid","20.482","deg","39982","µV","28.135","°C","1016.000","hPa","36.4","pmil","0","55.390","deg","20.000","°C","100.000","%a.s.","21.720","deg","20.000","°C","977.000","hPa","0.861","-0.02617","0.00035","0","0","13.56","Humid","26.25","0","44.00","378133.65","SABD0000000001","AAV1.0.0.11","4.0.0.2323","PSt7-10","170328-019","7/29/2022 11:23:46 AM","0000-00","0","no battery","V","","µV","","µV"
"08/09/2022","10:36:58","6","default","383292078","Oxt_06","34.929","min","98.974","%a.s.","Humid","20.485","deg","39979","µV","28.147","°C","1016.000","hPa","36.4","pmil","0","55.390","deg","20.000","°C","100.000","%a.s.","21.720","deg","20.000","°C","977.000","hPa","0.861","-0.02617","0.00035","0","0","13.56","Humid","26.25","0","44.00","378129.55","SABD0000000001","AAV1.0.0.11","4.0.0.2323","PSt7-10","170328-019","7/29/2022 11:23:46 AM","0000-00","0","no battery","V","","µV","","µV"
"08/09/2022","10:36:59","6","default","383292078","Oxt_06","34.945","min","98.941","%a.s.","Humid","20.489","deg","39978","µV","28.145","°C","1016.000","hPa","36.4","pmil","0","55.390","deg","20.000","°C","100.000","%a.s.","21.720","deg","20.000","°C","977.000","hPa","0.861","-0.02617","0.00035","0","0","13.56","Humid","26.25","0","44.00","378121.24","SABD0000000001","AAV1.0.0.11","4.0.0.2323","PSt7-10","170328-019","7/29/2022 11:23:46 AM","0000-00","0","no battery","V","","µV","","µV"
"08/09/2022","10:37:00","6","default","383292078","Oxt_06","34.962","min","98.984","%a.s.","Humid","20.485","deg","39982","µV","28.137","°C","1016.000","hPa","36.4","pmil","0","55.390","deg","20.000","°C","100.000","%a.s.","21.720","deg","20.000","°C","977.000","hPa","0.861","-0.02617","0.00035","0","0","13.56","Humid","26.25","0","44.00","378119.46","SABD0000000001","AAV1.0.0.11","4.0.0.2323","PSt7-10","170328-019","7/29/2022 11:23:46 AM","0000-00","0","no battery","V","","µV","","µV"
"08/09/2022","10:37:01","6","default","383292078","Oxt_06","34.979","min","98.942","%a.s.","Humid","20.489","deg","39974","µV","28.144","°C","1016.000","hPa","36.4","pmil","0","55.390","deg","20.000","°C","100.000","%a.s.","21.720","deg","20.000","°C","977.000","hPa","0.861","-0.02617","0.00035","0","0","13.56","Humid","26.25","0","44.00","378138.38","SABD0000000001","AAV1.0.0.11","4.0.0.2323","PSt7-10","170328-019","7/29/2022 11:23:46 AM","0000-00","0","no battery","V","","µV","","µV"
"08/09/2022","10:37:02","6","default","383292078","Oxt_06","34.996","min","98.946","%a.s.","Humid","20.488","deg","39979","µV","28.149","°C","1016.000","hPa","36.4","pmil","0","55.390","deg","20.000","°C","100.000","%a.s.","21.720","deg","20.000","°C","977.000","hPa","0.861","-0.02617","0.00035","0","0","13.56","Humid","26.25","0","44.00","378125.53","SABD0000000001","AAV1.0.0.11","4.0.0.2323","PSt7-10","170328-019","7/29/2022 11:23:46 AM","0000-00","0","no battery","V","","µV","","µV"
"08/09/2022","10:37:03","6","default","383292078","Oxt_06","35.012","min","99.027","%a.s.","Humid","20.482","deg","39974","µV","28.120","°C","1016.000","hPa","36.4","pmil","0","55.390","deg","20.000","°C","100.000","%a.s.","21.720","deg","20.000","°C","977.000","hPa","0.861","-0.02617","0.00035","0","0","13.56","Humid","26.25","0","44.00","378147.61","SABD0000000001","AAV1.0.0.11","4.0.0.2323","PSt7-10","170328-019","7/29/2022 11:23:46 AM","0000-00","0","no battery","V","","µV","","µV"
"08/09/2022","10:37:04","6","default","383292078","Oxt_06","35.029","min","98.960","%a.s.","Humid","20.488","deg","39971","µV","28.134","°C","1016.000","hPa","36.4","pmil","0","55.390","deg","20.000","°C","100.000","%a.s.","21.720","deg","20.000","°C","977.000","hPa","0.861","-0.02617","0.00035","0","0","13.56","Humid","26.25","0","44.00","378151.95","SABD0000000001","AAV1.0.0.11","4.0.0.2323","PSt7-10","170328-019","7/29/2022 11:23:46 AM","0000-00","0","no battery","V","","µV","","µV"
"08/09/2022","10:37:05","6","default","383292078","Oxt_06","35.046","min","99.001","%a.s.","Humid","20.483","deg","39968","µV","28.138","°C","1016.000","hPa","36.4","pmil","0","55.390","deg","20.000","°C","100.000","%a.s.","21.720","deg","20.000","°C","977.000","hPa","0.861","-0.02617","0.00035","0","0","13.56","Humid","26.25","0","44.00","378137.94","SABD0000000001","AAV1.0.0.11","4.0.0.2323","PSt7-10","170328-019","7/29/2022 11:23:46 AM","0000-00","0","no battery","V","","µV","","µV"
"08/09/2022","10:37:06","6","default","383292078","Oxt_06","35.062","min","98.956","%a.s.","Humid","20.487","deg","39963","µV","28.148","°C","1016.000","hPa","36.4","pmil","0","55.390","deg","20.000","°C","100.000","%a.s.","21.720","deg","20.000","°C","977.000","hPa","0.861","-0.02617","0.00035","0","0","13.56","Humid","26.25","0","44.00","378145.78","SABD0000000001","AAV1.0.0.11","4.0.0.2323","PSt7-10","170328-019","7/29/2022 11:23:46 AM","0000-00","0","no battery","V","","µV","","µV"
"08/09/2022","10:37:07","6","default","383292078","Oxt_06","35.079","min","98.976","%a.s.","Humid","20.485","deg","39967","µV","28.145","°C","1016.000","hPa","36.4","pmil","0","55.390","deg","20.000","°C","100.000","%a.s.","21.720","deg","20.000","°C","977.000","hPa","0.861","-0.02617","0.00035","0","0","13.56","Humid","26.25","0","44.00","378130.94","SABD0000000001","AAV1.0.0.11","4.0.0.2323","PSt7-10","170328-019","7/29/2022 11:23:46 AM","0000-00","0","no battery","V","","µV","","µV"
"08/09/2022","10:37:08","6","default","383292078","Oxt_06","35.096","min","99.034","%a.s.","Humid","20.479","deg","39972","µV","28.141","°C","1016.000","hPa","36.4","pmil","0","55.390","deg","20.000","°C","100.000","%a.s.","21.720","deg","20.000","°C","977.000","hPa","0.861","-0.02617","0.00035","0","0","13.56","Humid","26.25","0","44.00","378146.72","SABD0000000001","AAV1.0.0.11","4.0.0.2323","PSt7-10","170328-019","7/29/2022 11:23:46 AM","0000-00","0","no battery","V","","µV","","µV"
"08/09/2022","10:37:09","6","default","383292078","Oxt_06","35.113","min","99.043","%a.s.","Humid","20.479","deg","39970","µV","28.131","°C","1016.000","hPa","36.4","pmil","0","55.390","deg","20.000","°C","100.000","%a.s.","21.720","deg","20.000","°C","977.000","hPa","0.861","-0.02617","0.00035","0","0","13.56","Humid","26.25","0","44.00","378149.76","SABD0000000001","AAV1.0.0.11","4.0.0.2323","PSt7-10","170328-019","7/29/2022 11:23:46 AM","0000-00","0","no battery","V","","µV","","µV"
"08/09/2022","10:37:10","6","default","383292078","Oxt_06","35.129","min","98.992","%a.s.","Humid","20.484","deg","39966","µV","28.138","°C","1016.000","hPa","36.4","pmil","0","55.390","deg","20.000","°C","100.000","%a.s.","21.720","deg","20.000","°C","977.000","hPa","0.861","-0.02617","0.00035","0","0","13.56","Humid","26.25","0","44.00","378145.37","SABD0000000001","AAV1.0.0.11","4.0.0.2323","PSt7-10","170328-019","7/29/2022 11:23:46 AM","0000-00","0","no battery","V","","µV","","µV"
"08/09/2022","10:37:11","6","default","383292078","Oxt_06","35.146","min","99.083","%a.s.","Humid","20.474","deg","39970","µV","28.136","°C","1016.000","hPa","36.4","pmil","0","55.390","deg","20.000","°C","100.000","%a.s.","21.720","deg","20.000","°C","977.000","hPa","0.861","-0.02617","0.00035","0","0","13.56","Humid","26.25","0","44.00","378143.95","SABD0000000001","AAV1.0.0.11","4.0.0.2323","PSt7-10","170328-019","7/29/2022 11:23:46 AM","0000-00","0","no battery","V","","µV","","µV"
"08/09/2022","10:37:12","6","default","383292078","Oxt_06","35.163","min","99.046","%a.s.","Humid","20.479","deg","39969","µV","28.128","°C","1016.000","hPa","36.4","pmil","0","55.390","deg","20.000","°C","100.000","%a.s.","21.720","deg","20.000","°C","977.000","hPa","0.861","-0.02617","0.00035","0","0","13.56","Humid","26.25","0","44.00","378154.30","SABD0000000001","AAV1.0.0.11","4.0.0.2323","PSt7-10","170328-019","7/29/2022 11:23:46 AM","0000-00","0","no battery","V","","µV","","µV"
"08/09/2022","10:37:13","6","default","383292078","Oxt_06","35.179","min","99.066","%a.s.","Humid","20.477","deg","39960","µV","28.126","°C","1016.000","hPa","36.4","pmil","0","55.390","deg","20.000","°C","100.000","%a.s.","21.720","deg","20.000","°C","977.000","hPa","0.861","-0.02617","0.00035","0","0","13.56","Humid","26.25","0","44.00","378154.95","SABD0000000001","AAV1.0.0.11","4.0.0.2323","PSt7-10","170328-019","7/29/2022 11:23:46 AM","0000-00","0","no battery","V","","µV","","µV"
"08/09/2022","10:37:14","6","default","383292078","Oxt_06","35.196","min","99.182","%a.s.","Humid","20.463","deg","39957","µV","28.135","°C","1016.000","hPa","36.4","pmil","0","55.390","deg","20.000","°C","100.000","%a.s.","21.720","deg","20.000","°C","977.000","hPa","0.861","-0.02617","0.00035","0","0","13.56","Humid","26.25","0","44.00","378140.77","SABD0000000001","AAV1.0.0.11","4.0.0.2323","PSt7-10","170328-019","7/29/2022 11:23:46 AM","0000-00","0","no battery","V","","µV","","µV"
"08/09/2022","10:37:15","6","default","383292078","Oxt_06","35.212","min","99.100","%a.s.","Humid","20.471","deg","39965","µV","28.146","°C","1016.000","hPa","36.4","pmil","0","55.390","deg","20.000","°C","100.000","%a.s.","21.720","deg","20.000","°C","977.000","hPa","0.861","-0.02617","0.00035","0","0","13.56","Humid","26.25","0","44.00","378152.02","SABD0000000001","AAV1.0.0.11","4.0.0.2323","PSt7-10","170328-019","7/29/2022 11:23:46 AM","0000-00","0","no battery","V","","µV","","µV"
"08/09/2022","10:37:16","6","default","383292078","Oxt_06","35.228","min","99.111","%a.s.","Humid","20.469","deg","39957","µV","28.153","°C","1016.000","hPa","36.4","pmil","0","55.390","deg","20.000","°C","100.000","%a.s.","21.720","deg","20.000","°C","977.000","hPa","0.861","-0.02617","0.00035","0","0","13.56","Humid","26.25","0","44.00","378149.42","SABD0000000001","AAV1.0.0.11","4.0.0.2323","PSt7-10","170328-019","7/29/2022 11:23:46 AM","0000-00","0","no battery","V","","µV","","µV"
"08/09/2022","10:37:17","6","default","383292078","Oxt_06","35.245","min","99.034","%a.s.","Humid","20.479","deg","39960","µV","28.141","°C","1016.000","hPa","36.4","pmil","0","55.390","deg","20.000","°C","100.000","%a.s.","21.720","deg","20.000","°C","977.000","hPa","0.861","-0.02617","0.00035","0","0","13.56","Humid","26.25","0","44.00","378169.14","SABD0000000001","AAV1.0.0.11","4.0.0.2323","PSt7-10","170328-019","7/29/2022 11:23:46 AM","0000-00","0","no battery","V","","µV","","µV"
"08/09/2022","10:37:18","6","default","383292078","Oxt_06","35.262","min","99.148","%a.s.","Humid","20.467","deg","39958","µV","28.133","°C","1016.000","hPa","36.4","pmil","0","55.390","deg","20.000","°C","100.000","%a.s.","21.720","deg","20.000","°C","977.000","hPa","0.861","-0.02617","0.00035","0","0","13.56","Humid","26.25","0","44.00","378160.82","SABD0000000001","AAV1.0.0.11","4.0.0.2323","PSt7-10","170328-019","7/29/2022 11:23:46 AM","0000-00","0","no battery","V","","µV","","µV"
"08/09/2022","10:37:19","6","default","383292078","Oxt_06","35.279","min","99.055","%a.s.","Humid","20.477","deg","39957","µV","28.137","°C","1016.000","hPa","36.4","pmil","0","55.390","deg","20.000","°C","100.000","%a.s.","21.720","deg","20.000","°C","977.000","hPa","0.861","-0.02617","0.00035","0","0","13.56","Humid","26.25","0","44.00","378153.67","SABD0000000001","AAV1.0.0.11","4.0.0.2323","PSt7-10","170328-019","7/29/2022 11:23:46 AM","0000-00","0","no battery","V","","µV","","µV"
"08/09/2022","10:37:20","6","default","383292078","Oxt_06","35.295","min","99.044","%a.s.","Humid","20.478","deg","39963","µV","28.140","°C","1016.000","hPa","36.4","pmil","0","55.390","deg","20.000","°C","100.000","%a.s.","21.720","deg","20.000","°C","977.000","hPa","0.861","-0.02617","0.00035","0","0","13.56","Humid","26.25","0","44.00","378164.13","SABD0000000001","AAV1.0.0.11","4.0.0.2323","PSt7-10","170328-019","7/29/2022 11:23:46 AM","0000-00","0","no battery","V","","µV","","µV"
"08/09/2022","10:37:21","6","default","383292078","Oxt_06","35.312","min","99.097","%a.s.","Humid","20.472","deg","39957","µV","28.140","°C","1016.000","hPa","36.4","pmil","0","55.390","deg","20.000","°C","100.000","%a.s.","21.720","deg","20.000","°C","977.000","hPa","0.861","-0.02617","0.00035","0","0","13.56","Humid","26.25","0","44.00","378141.69","SABD0000000001","AAV1.0.0.11","4.0.0.2323","PSt7-10","170328-019","7/29/2022 11:23:46 AM","0000-00","0","no battery","V","","µV","","µV"
"08/09/2022","10:37:22","6","default","383292078","Oxt_06","35.329","min","99.094","%a.s.","Humid","20.473","deg","39953","µV","28.134","°C","1016.000","hPa","36.4","pmil","0","55.390","deg","20.000","°C","100.000","%a.s.","21.720","deg","20.000","°C","977.000","hPa","0.861","-0.02617","0.00035","0","0","13.56","Humid","26.25","0","44.00","378151.71","SABD0000000001","AAV1.0.0.11","4.0.0.2323","PSt7-10","170328-019","7/29/2022 11:23:46 AM","0000-00","0","no battery","V","","µV","","µV"
"08/09/2022","10:37:23","6","default","383292078","Oxt_06","35.345","min","99.156","%a.s.","Humid","20.466","deg","39949","µV","28.134","°C","1016.000","hPa","36.4","pmil","0","55.390","deg","20.000","°C","100.000","%a.s.","21.720","deg","20.000","°C","977.000","hPa","0.861","-0.02617","0.00035","0","0","13.56","Humid","26.25","0","44.00","378163.48","SABD0000000001","AAV1.0.0.11","4.0.0.2323","PSt7-10","170328-019","7/29/2022 11:23:46 AM","0000-00","0","no battery","V","","µV","","µV"
"08/09/2022","10:37:24","6","default","383292078","Oxt_06","35.362","min","99.145","%a.s.","Humid","20.468","deg","39944","µV","28.128","°C","1016.000","hPa","36.4","pmil","0","55.390","deg","20.000","°C","100.000","%a.s.","21.720","deg","20.000","°C","977.000","hPa","0.861","-0.02617","0.00035","0","0","13.56","Humid","26.25","0","44.00","378154.33","SABD0000000001","AAV1.0.0.11","4.0.0.2323","PSt7-10","170328-019","7/29/2022 11:23:46 AM","0000-00","0","no battery","V","","µV","","µV"
"08/09/2022","10:37:25","6","default","383292078","Oxt_06","35.379","min","99.064","%a.s.","Humid","20.476","deg","39951","µV","28.138","°C","1016.000","hPa","36.4","pmil","0","55.390","deg","20.000","°C","100.000","%a.s.","21.720","deg","20.000","°C","977.000","hPa","0.861","-0.02617","0.00035","0","0","13.56","Humid","26.25","0","44.00","378153.09","SABD0000000001","AAV1.0.0.11","4.0.0.2323","PSt7-10","170328-019","7/29/2022 11:23:46 AM","0000-00","0","no battery","V","","µV","","µV"
"08/09/2022","10:37:26","6","default","383292078","Oxt_06","35.395","min","99.077","%a.s.","Humid","20.473","deg","39951","µV","28.152","°C","1016.000","hPa","36.4","pmil","0","55.390","deg","20.000","°C","100.000","%a.s.","21.720","deg","20.000","°C","977.000","hPa","0.861","-0.02617","0.00035","0","0","13.56","Humid","26.25","0","44.00","378147.70","SABD0000000001","AAV1.0.0.11","4.0.0.2323","PSt7-10","170328-019","7/29/2022 11:23:46 AM","0000-00","0","no battery","V","","µV","","µV"
"08/09/2022","10:37:27","6","default","383292078","Oxt_06","35.412","min","99.117","%a.s.","Humid","20.471","deg","39951","µV","28.129","°C","1016.000","hPa","36.4","pmil","0","55.390","deg","20.000","°C","100.000","%a.s.","21.720","deg","20.000","°C","977.000","hPa","0.861","-0.02617","0.00035","0","0","13.56","Humid","26.25","0","44.00","378158.81","SABD0000000001","AAV1.0.0.11","4.0.0.2323","PSt7-10","170328-019","7/29/2022 11:23:46 AM","0000-00","0","no battery","V","","µV","","µV"
"08/09/2022","10:37:28","6","default","383292078","Oxt_06","35.429","min","99.078","%a.s.","Humid","20.475","deg","39947","µV","28.132","°C","1016.000","hPa","36.4","pmil","0","55.390","deg","20.000","°C","100.000","%a.s.","21.720","deg","20.000","°C","977.000","hPa","0.861","-0.02617","0.00035","0","0","13.56","Humid","26.25","0","44.00","378148.25","SABD0000000001","AAV1.0.0.11","4.0.0.2323","PSt7-10","170328-019","7/29/2022 11:23:46 AM","0000-00","0","no battery","V","","µV","","µV"
"08/09/2022","10:37:29","6","default","383292078","Oxt_06","35.446","min","99.184","%a.s.","Humid","20.463","deg","39950","µV","28.133","°C","1016.000","hPa","36.4","pmil","0","55.390","deg","20.000","°C","100.000","%a.s.","21.720","deg","20.000","°C","977.000","hPa","0.861","-0.02617","0.00035","0","0","13.56","Humid","26.25","0","44.00","378161.17","SABD0000000001","AAV1.0.0.11","4.0.0.2323","PSt7-10","170328-019","7/29/2022 11:23:46 AM","0000-00","0","no battery","V","","µV","","µV"
"08/09/2022","10:37:30","6","default","383292078","Oxt_06","35.462","min","99.165","%a.s.","Humid","20.466","deg","39946","µV","28.125","°C","1016.000","hPa","36.4","pmil","0","55.390","deg","20.000","°C","100.000","%a.s.","21.720","deg","20.000","°C","977.000","hPa","0.861","-0.02617","0.00035","0","0","13.56","Humid","26.25","0","44.00","378174.53","SABD0000000001","AAV1.0.0.11","4.0.0.2323","PSt7-10","170328-019","7/29/2022 11:23:46 AM","0000-00","0","no battery","V","","µV","","µV"
"08/09/2022","10:37:31","6","default","383292078","Oxt_06","35.479","min","99.220","%a.s.","Humid","20.461","deg","39948","µV","28.115","°C","1016.000","hPa","36.4","pmil","0","55.390","deg","20.000","°C","100.000","%a.s.","21.720","deg","20.000","°C","977.000","hPa","0.861","-0.02617","0.00035","0","0","13.56","Humid","26.25","0","44.00","378145.97","SABD0000000001","AAV1.0.0.11","4.0.0.2323","PSt7-10","170328-019","7/29/2022 11:23:46 AM","0000-00","0","no battery","V","","µV","","µV"
"08/09/2022","10:37:32","6","default","383292078","Oxt_06","35.496","min","99.277","%a.s.","Humid","20.454","deg","39941","µV","28.121","°C","1016.000","hPa","36.4","pmil","0","55.390","deg","20.000","°C","100.000","%a.s.","21.720","deg","20.000","°C","977.000","hPa","0.861","-0.02617","0.00035","0","0","13.56","Humid","26.25","0","44.00","378155.69","SABD0000000001","AAV1.0.0.11","4.0.0.2323","PSt7-10","170328-019","7/29/2022 11:23:46 AM","0000-00","0","no battery","V","","µV","","µV"
"08/09/2022","10:37:33","6","default","383292078","Oxt_06","35.512","min","99.093","%a.s.","Humid","20.473","deg","39945","µV","28.135","°C","1016.000","hPa","36.4","pmil","0","55.390","deg","20.000","°C","100.000","%a.s.","21.720","deg","20.000","°C","977.000","hPa","0.861","-0.02617","0.00035","0","0","13.56","Humid","26.25","0","44.00","378158.00","SABD0000000001","AAV1.0.0.11","4.0.0.2323","PSt7-10","170328-019","7/29/2022 11:23:46 AM","0000-00","0","no battery","V","","µV","","µV"
"08/09/2022","10:37:34","6","default","383292078","Oxt_06","35.529","min","99.173","%a.s.","Humid","20.464","deg","39940","µV","28.135","°C","1016.000","hPa","36.4","pmil","0","55.390","deg","20.000","°C","100.000","%a.s.","21.720","deg","20.000","°C","977.000","hPa","0.861","-0.02617","0.00035","0","0","13.56","Humid","26.25","0","44.00","378164.82","SABD0000000001","AAV1.0.0.11","4.0.0.2323","PSt7-10","170328-019","7/29/2022 11:23:46 AM","0000-00","0","no battery","V","","µV","","µV"
"08/09/2022","10:37:35","6","default","383292078","Oxt_06","35.546","min","99.183","%a.s.","Humid","20.463","deg","39944","µV","28.134","°C","1016.000","hPa","36.4","pmil","0","55.390","deg","20.000","°C","100.000","%a.s.","21.720","deg","20.000","°C","977.000","hPa","0.861","-0.02617","0.00035","0","0","13.56","Humid","26.25","0","44.00","378156.85","SABD0000000001","AAV1.0.0.11","4.0.0.2323","PSt7-10","170328-019","7/29/2022 11:23:46 AM","0000-00","0","no battery","V","","µV","","µV"
"08/09/2022","10:37:36","6","default","383292078","Oxt_06","35.563","min","99.158","%a.s.","Humid","20.465","deg","39935","µV","28.142","°C","1016.000","hPa","36.4","pmil","0","55.390","deg","20.000","°C","100.000","%a.s.","21.720","deg","20.000","°C","977.000","hPa","0.861","-0.02617","0.00035","0","0","13.56","Humid","26.25","0","44.00","378158.91","SABD0000000001","AAV1.0.0.11","4.0.0.2323","PSt7-10","170328-019","7/29/2022 11:23:46 AM","0000-00","0","no battery","V","","µV","","µV"
"08/09/2022","10:37:37","6","default","383292078","Oxt_06","35.579","min","99.196","%a.s.","Humid","20.461","deg","39938","µV","28.140","°C","1016.000","hPa","36.4","pmil","0","55.390","deg","20.000","°C","100.000","%a.s.","21.720","deg","20.000","°C","977.000","hPa","0.861","-0.02617","0.00035","0","0","13.56","Humid","26.25","0","44.00","378171.63","SABD0000000001","AAV1.0.0.11","4.0.0.2323","PSt7-10","170328-019","7/29/2022 11:23:46 AM","0000-00","0","no battery","V","","µV","","µV"
"08/09/2022","10:37:38","6","default","383292078","Oxt_06","35.596","min","99.171","%a.s.","Humid","20.464","deg","39935","µV","28.137","°C","1016.000","hPa","36.4","pmil","0","55.390","deg","20.000","°C","100.000","%a.s.","21.720","deg","20.000","°C","977.000","hPa","0.861","-0.02617","0.00035","0","0","13.56","Humid","26.25","0","44.00","378172.96","SABD0000000001","AAV1.0.0.11","4.0.0.2323","PSt7-10","170328-019","7/29/2022 11:23:46 AM","0000-00","0","no battery","V","","µV","","µV"
"08/09/2022","10:37:39","6","default","383292078","Oxt_06","35.613","min","99.161","%a.s.","Humid","20.465","deg","39936","µV","28.138","°C","1016.000","hPa","36.4","pmil","0","55.390","deg","20.000","°C","100.000","%a.s.","21.720","deg","20.000","°C","977.000","hPa","0.861","-0.02617","0.00035","0","0","13.56","Humid","26.25","0","44.00","378164.82","SABD0000000001","AAV1.0.0.11","4.0.0.2323","PSt7-10","170328-019","7/29/2022 11:23:46 AM","0000-00","0","no battery","V","","µV","","µV"
"08/09/2022","10:37:40","6","default","383292078","Oxt_06","35.629","min","99.268","%a.s.","Humid","20.453","deg","39941","µV","28.139","°C","1016.000","hPa","36.4","pmil","0","55.390","deg","20.000","°C","100.000","%a.s.","21.720","deg","20.000","°C","977.000","hPa","0.861","-0.02617","0.00035","0","0","13.56","Humid","26.25","0","44.00","378157.76","SABD0000000001","AAV1.0.0.11","4.0.0.2323","PSt7-10","170328-019","7/29/2022 11:23:46 AM","0000-00","0","no battery","V","","µV","","µV"
"08/09/2022","10:37:41","6","default","383292078","Oxt_06","35.646","min","99.121","%a.s.","Humid","20.470","deg","39938","µV","28.134","°C","1016.000","hPa","36.4","pmil","0","55.390","deg","20.000","°C","100.000","%a.s.","21.720","deg","20.000","°C","977.000","hPa","0.861","-0.02617","0.00035","0","0","13.56","Humid","26.25","0","44.00","378173.76","SABD0000000001","AAV1.0.0.11","4.0.0.2323","PSt7-10","170328-019","7/29/2022 11:23:46 AM","0000-00","0","no battery","V","","µV","","µV"
"08/09/2022","10:37:42","6","default","383292078","Oxt_06","35.662","min","99.144","%a.s.","Humid","20.468","deg","39941","µV","28.129","°C","1016.000","hPa","36.4","pmil","0","55.390","deg","20.000","°C","100.000","%a.s.","21.720","deg","20.000","°C","977.000","hPa","0.861","-0.02617","0.00035","0","0","13.56","Humid","26.25","0","44.00","378175.61","SABD0000000001","AAV1.0.0.11","4.0.0.2323","PSt7-10","170328-019","7/29/2022 11:23:46 AM","0000-00","0","no battery","V","","µV","","µV"
"08/09/2022","10:37:43","6","default","383292078","Oxt_06","35.679","min","99.147","%a.s.","Humid","20.466","deg","39934","µV","28.144","°C","1016.000","hPa","36.4","pmil","0","55.390","deg","20.000","°C","100.000","%a.s.","21.720","deg","20.000","°C","977.000","hPa","0.861","-0.02617","0.00035","0","0","13.56","Humid","26.25","0","44.00","378158.57","SABD0000000001","AAV1.0.0.11","4.0.0.2323","PSt7-10","170328-019","7/29/2022 11:23:46 AM","0000-00","0","no battery","V","","µV","","µV"
"08/09/2022","10:37:44","6","default","383292078","Oxt_06","35.695","min","99.154","%a.s.","Humid","20.466","deg","39939","µV","28.137","°C","1016.000","hPa","36.4","pmil","0","55.390","deg","20.000","°C","100.000","%a.s.","21.720","deg","20.000","°C","977.000","hPa","0.861","-0.02617","0.00035","0","0","13.56","Humid","26.25","0","44.00","378182.25","SABD0000000001","AAV1.0.0.11","4.0.0.2323","PSt7-10","170328-019","7/29/2022 11:23:46 AM","0000-00","0","no battery","V","","µV","","µV"
"08/09/2022","10:37:45","6","default","383292078","Oxt_06","35.712","min","99.241","%a.s.","Humid","20.456","deg","39931","µV","28.139","°C","1016.000","hPa","36.4","pmil","0","55.390","deg","20.000","°C","100.000","%a.s.","21.720","deg","20.000","°C","977.000","hPa","0.861","-0.02617","0.00035","0","0","13.56","Humid","26.25","0","44.00","378176.89","SABD0000000001","AAV1.0.0.11","4.0.0.2323","PSt7-10","170328-019","7/29/2022 11:23:46 AM","0000-00","0","no battery","V","","µV","","µV"
"08/09/2022","10:37:46","6","default","383292078","Oxt_06","35.729","min","99.142","%a.s.","Humid","20.467","deg","39933","µV","28.140","°C","1016.000","hPa","36.4","pmil","0","55.390","deg","20.000","°C","100.000","%a.s.","21.720","deg","20.000","°C","977.000","hPa","0.861","-0.02617","0.00035","0","0","13.56","Humid","26.25","0","44.00","378186.44","SABD0000000001","AAV1.0.0.11","4.0.0.2323","PSt7-10","170328-019","7/29/2022 11:23:46 AM","0000-00","0","no battery","V","","µV","","µV"
"08/09/2022","10:37:47","6","default","383292078","Oxt_06","35.745","min","99.144","%a.s.","Humid","20.468","deg","39924","µV","28.128","°C","1016.000","hPa","36.4","pmil","0","55.390","deg","20.000","°C","100.000","%a.s.","21.720","deg","20.000","°C","977.000","hPa","0.861","-0.02617","0.00035","0","0","13.56","Humid","26.25","0","44.00","378169.83","SABD0000000001","AAV1.0.0.11","4.0.0.2323","PSt7-10","170328-019","7/29/2022 11:23:46 AM","0000-00","0","no battery","V","","µV","","µV"
"08/09/2022","10:37:48","6","default","383292078","Oxt_06","35.762","min","99.195","%a.s.","Humid","20.461","deg","39926","µV","28.140","°C","1016.000","hPa","36.4","pmil","0","55.390","deg","20.000","°C","100.000","%a.s.","21.720","deg","20.000","°C","977.000","hPa","0.861","-0.02617","0.00035","0","0","13.56","Humid","26.25","0","44.00","378172.64","SABD0000000001","AAV1.0.0.11","4.0.0.2323","PSt7-10","170328-019","7/29/2022 11:23:46 AM","0000-00","0","no battery","V","","µV","","µV"
"08/09/2022","10:37:49","6","default","383292078","Oxt_06","35.779","min","99.222","%a.s.","Humid","20.459","deg","39918","µV","28.131","°C","1016.000","hPa","36.4","pmil","0","55.390","deg","20.000","°C","100.000","%a.s.","21.720","deg","20.000","°C","977.000","hPa","0.861","-0.02617","0.00035","0","0","13.56","Humid","26.25","0","44.00","378179.91","SABD0000000001","AAV1.0.0.11","4.0.0.2323","PSt7-10","170328-019","7/29/2022 11:23:46 AM","0000-00","0","no battery","V","","µV","","µV"
"08/09/2022","10:37:50","6","default","383292078","Oxt_06","35.795","min","99.206","%a.s.","Humid","20.461","deg","39924","µV","28.129","°C","1016.000","hPa","36.4","pmil","0","55.390","deg","20.000","°C","100.000","%a.s.","21.720","deg","20.000","°C","977.000","hPa","0.861","-0.02617","0.00035","0","0","13.56","Humid","26.25","0","44.00","378180.58","SABD0000000001","AAV1.0.0.11","4.0.0.2323","PSt7-10","170328-019","7/29/2022 11:23:46 AM","0000-00","0","no battery","V","","µV","","µV"
"08/09/2022","10:37:51","6","default","383292078","Oxt_06","35.812","min","99.228","%a.s.","Humid","20.458","deg","39914","µV","28.134","°C","1016.000","hPa","36.4","pmil","0","55.390","deg","20.000","°C","100.000","%a.s.","21.720","deg","20.000","°C","977.000","hPa","0.861","-0.02617","0.00035","0","0","13.56","Humid","26.25","0","44.00","378177.28","SABD0000000001","AAV1.0.0.11","4.0.0.2323","PSt7-10","170328-019","7/29/2022 11:23:46 AM","0000-00","0","no battery","V","","µV","","µV"
"08/09/2022","10:37:52","6","default","383292078","Oxt_06","35.829","min","99.229","%a.s.","Humid","20.459","deg","39920","µV","28.123","°C","1016.000","hPa","36.4","pmil","0","55.390","deg","20.000","°C","100.000","%a.s.","21.720","deg","20.000","°C","977.000","hPa","0.861","-0.02617","0.00035","0","0","13.56","Humid","26.25","0","44.00","378184.53","SABD0000000001","AAV1.0.0.11","4.0.0.2323","PSt7-10","170328-019","7/29/2022 11:23:46 AM","0000-00","0","no battery","V","","µV","","µV"
"08/09/2022","10:37:53","6","default","383292078","Oxt_06","35.845","min","99.163","%a.s.","Humid","20.464","deg","39922","µV","28.146","°C","1016.000","hPa","36.4","pmil","0","55.390","deg","20.000","°C","100.000","%a.s.","21.720","deg","20.000","°C","977.000","hPa","0.861","-0.02617","0.00035","0","0","13.56","Humid","26.25","0","44.00","378183.93","SABD0000000001","AAV1.0.0.11","4.0.0.2323","PSt7-10","170328-019","7/29/2022 11:23:46 AM","0000-00","0","no battery","V","","µV","","µV"
"08/09/2022","10:37:54","6","default","383292078","Oxt_06","35.862","min","99.233","%a.s.","Humid","20.456","deg","39918","µV","28.147","°C","1016.000","hPa","36.4","pmil","0","55.390","deg","20.000","°C","100.000","%a.s.","21.720","deg","20.000","°C","977.000","hPa","0.861","-0.02617","0.00035","0","0","13.56","Humid","26.25","0","44.00","378174.71","SABD0000000001","AAV1.0.0.11","4.0.0.2323","PSt7-10","170328-019","7/29/2022 11:23:46 AM","0000-00","0","no battery","V","","µV","","µV"
"08/09/2022","10:37:55","6","default","383292078","Oxt_06","35.879","min","99.310","%a.s.","Humid","20.448","deg","39915","µV","28.142","°C","1016.000","hPa","36.4","pmil","0","55.390","deg","20.000","°C","100.000","%a.s.","21.720","deg","20.000","°C","977.000","hPa","0.861","-0.02617","0.00035","0","0","13.56","Humid","26.25","0","44.00","378193.29","SABD0000000001","AAV1.0.0.11","4.0.0.2323","PSt7-10","170328-019","7/29/2022 11:23:46 AM","0000-00","0","no battery","V","","µV","","µV"
"08/09/2022","10:37:56","6","default","383292078","Oxt_06","35.895","min","99.230","%a.s.","Humid","20.457","deg","39916","µV","28.141","°C","1016.000","hPa","36.4","pmil","0","55.390","deg","20.000","°C","100.000","%a.s.","21.720","deg","20.000","°C","977.000","hPa","0.861","-0.02617","0.00035","0","0","13.56","Humid","26.25","0","44.00","378185.38","SABD0000000001","AAV1.0.0.11","4.0.0.2323","PSt7-10","170328-019","7/29/2022 11:23:46 AM","0000-00","0","no battery","V","","µV","","µV"
"08/09/2022","10:37:57","6","default","383292078","Oxt_06","35.912","min","99.238","%a.s.","Humid","20.456","deg","39921","µV","28.142","°C","1016.000","hPa","36.4","pmil","0","55.390","deg","20.000","°C","100.000","%a.s.","21.720","deg","20.000","°C","977.000","hPa","0.861","-0.02617","0.00035","0","0","13.56","Humid","26.25","0","44.00","378196.34","SABD0000000001","AAV1.0.0.11","4.0.0.2323","PSt7-10","170328-019","7/29/2022 11:23:46 AM","0000-00","0","no battery","V","","µV","","µV"
"08/09/2022","10:37:58","6","default","383292078","Oxt_06","35.929","min","99.295","%a.s.","Humid","20.450","deg","39917","µV","28.139","°C","1016.000","hPa","36.4","pmil","0","55.390","deg","20.000","°C","100.000","%a.s.","21.720","deg","20.000","°C","977.000","hPa","0.861","-0.02617","0.00035","0","0","13.56","Humid","26.25","0","44.00","378200.41","SABD0000000001","AAV1.0.0.11","4.0.0.2323","PSt7-10","170328-019","7/29/2022 11:23:46 AM","0000-00","0","no battery","V","","µV","","µV"
"08/09/2022","10:37:59","6","default","383292078","Oxt_06","35.946","min","99.252","%a.s.","Humid","20.454","deg","39914","µV","28.146","°C","1016.000","hPa","36.4","pmil","0","55.390","deg","20.000","°C","100.000","%a.s.","21.720","deg","20.000","°C","977.000","hPa","0.861","-0.02617","0.00035","0","0","13.56","Humid","26.25","0","44.00","378199.95","SABD0000000001","AAV1.0.0.11","4.0.0.2323","PSt7-10","170328-019","7/29/2022 11:23:46 AM","0000-00","0","no battery","V","","µV","","µV"
"08/09/2022","10:38:00","6","default","383292078","Oxt_06","35.962","min","99.238","%a.s.","Humid","20.457","deg","39916","µV","28.133","°C","1016.000","hPa","36.4","pmil","0","55.390","deg","20.000","°C","100.000","%a.s.","21.720","deg","20.000","°C","977.000","hPa","0.861","-0.02617","0.00035","0","0","13.56","Humid","26.25","0","44.00","378197.10","SABD0000000001","AAV1.0.0.11","4.0.0.2323","PSt7-10","170328-019","7/29/2022 11:23:46 AM","0000-00","0","no battery","V","","µV","","µV"
"08/09/2022","10:38:01","6","default","383292078","Oxt_06","35.979","min","99.218","%a.s.","Humid","20.460","deg","39920","µV","28.126","°C","1016.000","hPa","36.4","pmil","0","55.390","deg","20.000","°C","100.000","%a.s.","21.720","deg","20.000","°C","977.000","hPa","0.861","-0.02617","0.00035","0","0","13.56","Humid","26.25","0","44.00","378204.69","SABD0000000001","AAV1.0.0.11","4.0.0.2323","PSt7-10","170328-019","7/29/2022 11:23:46 AM","0000-00","0","no battery","V","","µV","","µV"
"08/09/2022","10:38:02","6","default","383292078","Oxt_06","35.996","min","99.253","%a.s.","Humid","20.455","deg","39912","µV","28.136","°C","1016.000","hPa","36.4","pmil","0","55.390","deg","20.000","°C","100.000","%a.s.","21.720","deg","20.000","°C","977.000","hPa","0.861","-0.02617","0.00035","0","0","13.56","Humid","26.25","0","44.00","378203.63","SABD0000000001","AAV1.0.0.11","4.0.0.2323","PSt7-10","170328-019","7/29/2022 11:23:46 AM","0000-00","0","no battery","V","","µV","","µV"
"08/09/2022","10:38:03","6","default","383292078","Oxt_06","36.012","min","99.334","%a.s.","Humid","20.447","deg","39908","µV","28.126","°C","1016.000","hPa","36.4","pmil","0","55.390","deg","20.000","°C","100.000","%a.s.","21.720","deg","20.000","°C","977.000","hPa","0.861","-0.02617","0.00035","0","0","13.56","Humid","26.25","0","44.00","378201.00","SABD0000000001","AAV1.0.0.11","4.0.0.2323","PSt7-10","170328-019","7/29/2022 11:23:46 AM","0000-00","0","no battery","V","","µV","","µV"
"08/09/2022","10:38:04","6","default","383292078","Oxt_06","36.029","min","99.260","%a.s.","Humid","20.453","deg","39911","µV","28.147","°C","1016.000","hPa","36.4","pmil","0","55.390","deg","20.000","°C","100.000","%a.s.","21.720","deg","20.000","°C","977.000","hPa","0.861","-0.02617","0.00035","0","0","13.56","Humid","26.25","0","44.00","378198.66","SABD0000000001","AAV1.0.0.11","4.0.0.2323","PSt7-10","170328-019","7/29/2022 11:23:46 AM","0000-00","0","no battery","V","","µV","","µV"
"08/09/2022","10:38:05","6","default","383292078","Oxt_06","36.046","min","99.280","%a.s.","Humid","20.452","deg","39911","µV","28.136","°C","1016.000","hPa","36.4","pmil","0","55.390","deg","20.000","°C","100.000","%a.s.","21.720","deg","20.000","°C","977.000","hPa","0.861","-0.02617","0.00035","0","0","13.56","Humid","26.25","0","44.00","378198.24","SABD0000000001","AAV1.0.0.11","4.0.0.2323","PSt7-10","170328-019","7/29/2022 11:23:46 AM","0000-00","0","no battery","V","","µV","","µV"
"08/09/2022","10:38:06","6","default","383292078","Oxt_06","36.062","min","99.234","%a.s.","Humid","20.458","deg","39902","µV","28.128","°C","1016.000","hPa","36.4","pmil","0","55.390","deg","20.000","°C","100.000","%a.s.","21.720","deg","20.000","°C","977.000","hPa","0.861","-0.02617","0.00035","0","0","13.56","Humid","26.25","0","44.00","378197.21","SABD0000000001","AAV1.0.0.11","4.0.0.2323","PSt7-10","170328-019","7/29/2022 11:23:46 AM","0000-00","0","no battery","V","","µV","","µV"
"08/09/2022","10:38:07","6","default","383292078","Oxt_06","36.079","min","99.267","%a.s.","Humid","20.453","deg","39908","µV","28.140","°C","1016.000","hPa","36.4","pmil","0","55.390","deg","20.000","°C","100.000","%a.s.","21.720","deg","20.000","°C","977.000","hPa","0.861","-0.02617","0.00035","0","0","13.56","Humid","26.25","0","44.00","378205.69","SABD0000000001","AAV1.0.0.11","4.0.0.2323","PSt7-10","170328-019","7/29/2022 11:23:46 AM","0000-00","0","no battery","V","","µV","","µV"
"08/09/2022","10:38:08","6","default","383292078","Oxt_06","36.096","min","99.293","%a.s.","Humid","20.450","deg","39909","µV","28.141","°C","1016.000","hPa","36.4","pmil","0","55.390","deg","20.000","°C","100.000","%a.s.","21.720","deg","20.000","°C","977.000","hPa","0.861","-0.02617","0.00035","0","0","13.56","Humid","26.25","0","44.00","378206.11","SABD0000000001","AAV1.0.0.11","4.0.0.2323","PSt7-10","170328-019","7/29/2022 11:23:46 AM","0000-00","0","no battery","V","","µV","","µV"
"08/09/2022","10:38:09","6","default","383292078","Oxt_06","36.112","min","99.261","%a.s.","Humid","20.454","deg","39912","µV","28.137","°C","1016.000","hPa","36.4","pmil","0","55.390","deg","20.000","°C","100.000","%a.s.","21.720","deg","20.000","°C","977.000","hPa","0.861","-0.02617","0.00035","0","0","13.56","Humid","26.25","0","44.00","378207.78","SABD0000000001","AAV1.0.0.11","4.0.0.2323","PSt7-10","170328-019","7/29/2022 11:23:46 AM","0000-00","0","no battery","V","","µV","","µV"
"08/09/2022","10:38:10","6","default","383292078","Oxt_06","36.129","min","99.286","%a.s.","Humid","20.453","deg","39910","µV","28.120","°C","1016.000","hPa","36.4","pmil","0","55.390","deg","20.000","°C","100.000","%a.s.","21.720","deg","20.000","°C","977.000","hPa","0.861","-0.02617","0.00035","0","0","13.56","Humid","26.25","0","44.00","378208.96","SABD0000000001","AAV1.0.0.11","4.0.0.2323","PSt7-10","170328-019","7/29/2022 11:23:46 AM","0000-00","0","no battery","V","","µV","","µV"
"08/09/2022","10:38:11","6","default","383292078","Oxt_06","36.146","min","99.322","%a.s.","Humid","20.449","deg","39905","µV","28.120","°C","1016.000","hPa","36.4","pmil","0","55.390","deg","20.000","°C","100.000","%a.s.","21.720","deg","20.000","°C","977.000","hPa","0.861","-0.02617","0.00035","0","0","13.56","Humid","26.25","0","44.00","378203.43","SABD0000000001","AAV1.0.0.11","4.0.0.2323","PSt7-10","170328-019","7/29/2022 11:23:46 AM","0000-00","0","no battery","V","","µV","","µV"
"08/09/2022","10:38:12","6","default","383292078","Oxt_06","36.163","min","99.342","%a.s.","Humid","20.444","deg","39902","µV","28.146","°C","1016.000","hPa","36.4","pmil","0","55.390","deg","20.000","°C","100.000","%a.s.","21.720","deg","20.000","°C","977.000","hPa","0.861","-0.02617","0.00035","0","0","13.56","Humid","26.25","0","44.00","378210.12","SABD0000000001","AAV1.0.0.11","4.0.0.2323","PSt7-10","170328-019","7/29/2022 11:23:46 AM","0000-00","0","no battery","V","","µV","","µV"
"08/09/2022","10:38:13","6","default","383292078","Oxt_06","36.179","min","99.251","%a.s.","Humid","20.453","deg","39904","µV","28.156","°C","1016.000","hPa","36.4","pmil","0","55.390","deg","20.000","°C","100.000","%a.s.","21.720","deg","20.000","°C","977.000","hPa","0.861","-0.02617","0.00035","0","0","13.56","Humid","26.25","0","44.00","378207.22","SABD0000000001","AAV1.0.0.11","4.0.0.2323","PSt7-10","170328-019","7/29/2022 11:23:46 AM","0000-00","0","no battery","V","","µV","","µV"
"08/09/2022","10:38:14","6","default","383292078","Oxt_06","36.196","min","99.302","%a.s.","Humid","20.448","deg","39903","µV","28.150","°C","1016.000","hPa","36.4","pmil","0","55.390","deg","20.000","°C","100.000","%a.s.","21.720","deg","20.000","°C","977.000","hPa","0.861","-0.02617","0.00035","0","0","13.56","Humid","26.25","0","44.00","378212.48","SABD0000000001","AAV1.0.0.11","4.0.0.2323","PSt7-10","170328-019","7/29/2022 11:23:46 AM","0000-00","0","no battery","V","","µV","","µV"
"08/09/2022","10:38:15","6","default","383292078","Oxt_06","36.213","min","99.274","%a.s.","Humid","20.452","deg","39907","µV","28.142","°C","1016.000","hPa","36.4","pmil","0","55.390","deg","20.000","°C","100.000","%a.s.","21.720","deg","20.000","°C","977.000","hPa","0.861","-0.02617","0.00035","0","0","13.56","Humid","26.25","0","44.00","378227.86","SABD0000000001","AAV1.0.0.11","4.0.0.2323","PSt7-10","170328-019","7/29/2022 11:23:46 AM","0000-00","0","no battery","V","","µV","","µV"
"08/09/2022","10:38:16","6","default","383292078","Oxt_06","36.229","min","99.356","%a.s.","Humid","20.443","deg","39902","µV","28.140","°C","1016.000","hPa","36.4","pmil","0","55.390","deg","20.000","°C","100.000","%a.s.","21.720","deg","20.000","°C","977.000","hPa","0.861","-0.02617","0.00035","0","0","13.56","Humid","26.25","0","44.00","378217.37","SABD0000000001","AAV1.0.0.11","4.0.0.2323","PSt7-10","170328-019","7/29/2022 11:23:46 AM","0000-00","0","no battery","V","","µV","","µV"
"08/09/2022","10:38:17","6","default","383292078","Oxt_06","36.246","min","99.340","%a.s.","Humid","20.446","deg","39904","µV","28.130","°C","1016.000","hPa","36.4","pmil","0","55.390","deg","20.000","°C","100.000","%a.s.","21.720","deg","20.000","°C","977.000","hPa","0.861","-0.02617","0.00035","0","0","13.56","Humid","26.25","0","44.00","378227.66","SABD0000000001","AAV1.0.0.11","4.0.0.2323","PSt7-10","170328-019","7/29/2022 11:23:46 AM","0000-00","0","no battery","V","","µV","","µV"
"08/09/2022","10:38:18","6","default","383292078","Oxt_06","36.262","min","99.376","%a.s.","Humid","20.441","deg","39905","µV","28.138","°C","1016.000","hPa","36.4","pmil","0","55.390","deg","20.000","°C","100.000","%a.s.","21.720","deg","20.000","°C","977.000","hPa","0.861","-0.02617","0.00035","0","0","13.56","Humid","26.25","0","44.00","378234.60","SABD0000000001","AAV1.0.0.11","4.0.0.2323","PSt7-10","170328-019","7/29/2022 11:23:46 AM","0000-00","0","no battery","V","","µV","","µV"
"08/09/2022","10:38:19","6","default","383292078","Oxt_06","36.279","min","99.404","%a.s.","Humid","20.438","deg","39902","µV","28.137","°C","1016.000","hPa","36.4","pmil","0","55.390","deg","20.000","°C","100.000","%a.s.","21.720","deg","20.000","°C","977.000","hPa","0.861","-0.02617","0.00035","0","0","13.56","Humid","26.25","0","44.00","378211.67","SABD0000000001","AAV1.0.0.11","4.0.0.2323","PSt7-10","170328-019","7/29/2022 11:23:46 AM","0000-00","0","no battery","V","","µV","","µV"
"08/09/2022","10:38:20","6","default","383292078","Oxt_06","36.296","min","99.417","%a.s.","Humid","20.437","deg","39907","µV","28.132","°C","1016.000","hPa","36.4","pmil","0","55.390","deg","20.000","°C","100.000","%a.s.","21.720","deg","20.000","°C","977.000","hPa","0.861","-0.02617","0.00035","0","0","13.56","Humid","26.25","0","44.00","378231.30","SABD0000000001","AAV1.0.0.11","4.0.0.2323","PSt7-10","170328-019","7/29/2022 11:23:46 AM","0000-00","0","no battery","V","","µV","","µV"
"08/09/2022","10:38:21","6","default","383292078","Oxt_06","36.312","min","99.314","%a.s.","Humid","20.448","deg","39905","µV","28.138","°C","1016.000","hPa","36.4","pmil","0","55.390","deg","20.000","°C","100.000","%a.s.","21.720","deg","20.000","°C","977.000","hPa","0.861","-0.02617","0.00035","0","0","13.56","Humid","26.25","0","44.00","378224.17","SABD0000000001","AAV1.0.0.11","4.0.0.2323","PSt7-10","170328-019","7/29/2022 11:23:46 AM","0000-00","0","no battery","V","","µV","","µV"
"08/09/2022","10:38:22","6","default","383292078","Oxt_06","36.328","min","99.364","%a.s.","Humid","20.443","deg","39895","µV","28.132","°C","1016.000","hPa","36.4","pmil","0","55.390","deg","20.000","°C","100.000","%a.s.","21.720","deg","20.000","°C","977.000","hPa","0.861","-0.02617","0.00035","0","0","13.56","Humid","26.25","0","44.00","378218.21","SABD0000000001","AAV1.0.0.11","4.0.0.2323","PSt7-10","170328-019","7/29/2022 11:23:46 AM","0000-00","0","no battery","V","","µV","","µV"
"08/09/2022","10:38:23","6","default","383292078","Oxt_06","36.345","min","99.352","%a.s.","Humid","20.445","deg","39896","µV","28.126","°C","1016.000","hPa","36.4","pmil","0","55.390","deg","20.000","°C","100.000","%a.s.","21.720","deg","20.000","°C","977.000","hPa","0.861","-0.02617","0.00035","0","0","13.56","Humid","26.25","0","44.00","378225.71","SABD0000000001","AAV1.0.0.11","4.0.0.2323","PSt7-10","170328-019","7/29/2022 11:23:46 AM","0000-00","0","no battery","V","","µV","","µV"
"08/09/2022","10:38:24","6","default","383292078","Oxt_06","36.362","min","99.379","%a.s.","Humid","20.442","deg","39901","µV","28.125","°C","1016.000","hPa","36.4","pmil","0","55.390","deg","20.000","°C","100.000","%a.s.","21.720","deg","20.000","°C","977.000","hPa","0.861","-0.02617","0.00035","0","0","13.56","Humid","26.25","0","44.00","378228.29","SABD0000000001","AAV1.0.0.11","4.0.0.2323","PSt7-10","170328-019","7/29/2022 11:23:46 AM","0000-00","0","no battery","V","","µV","","µV"
"08/09/2022","10:38:25","6","default","383292078","Oxt_06","36.379","min","99.378","%a.s.","Humid","20.442","deg","39894","µV","28.127","°C","1016.000","hPa","36.4","pmil","0","55.390","deg","20.000","°C","100.000","%a.s.","21.720","deg","20.000","°C","977.000","hPa","0.861","-0.02617","0.00035","0","0","13.56","Humid","26.25","0","44.00","378225.19","SABD0000000001","AAV1.0.0.11","4.0.0.2323","PSt7-10","170328-019","7/29/2022 11:23:46 AM","0000-00","0","no battery","V","","µV","","µV"
"08/09/2022","10:38:26","6","default","383292078","Oxt_06","36.395","min","99.354","%a.s.","Humid","20.444","deg","39897","µV","28.133","°C","1016.000","hPa","36.4","pmil","0","55.390","deg","20.000","°C","100.000","%a.s.","21.720","deg","20.000","°C","977.000","hPa","0.861","-0.02617","0.00035","0","0","13.56","Humid","26.25","0","44.00","378223.35","SABD0000000001","AAV1.0.0.11","4.0.0.2323","PSt7-10","170328-019","7/29/2022 11:23:46 AM","0000-00","0","no battery","V","","µV","","µV"
"08/09/2022","10:38:27","6","default","383292078","Oxt_06","36.412","min","99.371","%a.s.","Humid","20.442","deg","39900","µV","28.134","°C","1016.000","hPa","36.4","pmil","0","55.390","deg","20.000","°C","100.000","%a.s.","21.720","deg","20.000","°C","977.000","hPa","0.861","-0.02617","0.00035","0","0","13.56","Humid","26.25","0","44.00","378234.43","SABD0000000001","AAV1.0.0.11","4.0.0.2323","PSt7-10","170328-019","7/29/2022 11:23:46 AM","0000-00","0","no battery","V","","µV","","µV"
"08/09/2022","10:38:28","6","default","383292078","Oxt_06","36.429","min","99.438","%a.s.","Humid","20.436","deg","39896","µV","28.120","°C","1016.000","hPa","36.4","pmil","0","55.390","deg","20.000","°C","100.000","%a.s.","21.720","deg","20.000","°C","977.000","hPa","0.861","-0.02617","0.00035","0","0","13.56","Humid","26.25","0","44.00","378232.44","SABD0000000001","AAV1.0.0.11","4.0.0.2323","PSt7-10","170328-019","7/29/2022 11:23:46 AM","0000-00","0","no battery","V","","µV","","µV"
"08/09/2022","10:38:29","6","default","383292078","Oxt_06","36.445","min","99.400","%a.s.","Humid","20.439","deg","39895","µV","28.132","°C","1016.000","hPa","36.4","pmil","0","55.390","deg","20.000","°C","100.000","%a.s.","21.720","deg","20.000","°C","977.000","hPa","0.861","-0.02617","0.00035","0","0","13.56","Humid","26.25","0","44.00","378224.98","SABD0000000001","AAV1.0.0.11","4.0.0.2323","PSt7-10","170328-019","7/29/2022 11:23:46 AM","0000-00","0","no battery","V","","µV","","µV"
"08/09/2022","10:38:30","6","default","383292078","Oxt_06","36.462","min","99.368","%a.s.","Humid","20.443","deg","39892","µV","28.128","°C","1016.000","hPa","36.4","pmil","0","55.390","deg","20.000","°C","100.000","%a.s.","21.720","deg","20.000","°C","977.000","hPa","0.861","-0.02617","0.00035","0","0","13.56","Humid","26.25","0","44.00","378238.93","SABD0000000001","AAV1.0.0.11","4.0.0.2323","PSt7-10","170328-019","7/29/2022 11:23:46 AM","0000-00","0","no battery","V","","µV","","µV"
"08/09/2022","10:38:31","6","default","383292078","Oxt_06","36.479","min","99.344","%a.s.","Humid","20.444","deg","39895","µV","28.144","°C","1016.000","hPa","36.4","pmil","0","55.390","deg","20.000","°C","100.000","%a.s.","21.720","deg","20.000","°C","977.000","hPa","0.861","-0.02617","0.00035","0","0","13.56","Humid","26.25","0","44.00","378233.47","SABD0000000001","AAV1.0.0.11","4.0.0.2323","PSt7-10","170328-019","7/29/2022 11:23:46 AM","0000-00","0","no battery","V","","µV","","µV"
"08/09/2022","10:38:32","6","default","383292078","Oxt_06","36.496","min","99.382","%a.s.","Humid","20.440","deg","39883","µV","28.142","°C","1016.000","hPa","36.4","pmil","0","55.390","deg","20.000","°C","100.000","%a.s.","21.720","deg","20.000","°C","977.000","hPa","0.861","-0.02617","0.00035","0","0","13.56","Humid","26.25","0","44.00","378236.70","SABD0000000001","AAV1.0.0.11","4.0.0.2323","PSt7-10","170328-019","7/29/2022 11:23:46 AM","0000-00","0","no battery","V","","µV","","µV"
"08/09/2022","10:38:33","6","default","383292078","Oxt_06","36.512","min","99.495","%a.s.","Humid","20.429","deg","39890","µV","28.127","°C","1016.000","hPa","36.4","pmil","0","55.390","deg","20.000","°C","100.000","%a.s.","21.720","deg","20.000","°C","977.000","hPa","0.861","-0.02617","0.00035","0","0","13.56","Humid","26.25","0","44.00","378245.12","SABD0000000001","AAV1.0.0.11","4.0.0.2323","PSt7-10","170328-019","7/29/2022 11:23:46 AM","0000-00","0","no battery","V","","µV","","µV"
"08/09/2022","10:38:34","6","default","383292078","Oxt_06","36.529","min","99.425","%a.s.","Humid","20.436","deg","39882","µV","28.134","°C","1016.000","hPa","36.4","pmil","0","55.390","deg","20.000","°C","100.000","%a.s.","21.720","deg","20.000","°C","977.000","hPa","0.861","-0.02617","0.00035","0","0","13.56","Humid","26.25","0","44.00","378228.09","SABD0000000001","AAV1.0.0.11","4.0.0.2323","PSt7-10","170328-019","7/29/2022 11:23:46 AM","0000-00","0","no battery","V","","µV","","µV"
"08/09/2022","10:38:35","6","default","383292078","Oxt_06","36.546","min","99.364","%a.s.","Humid","20.442","deg","39892","µV","28.141","°C","1016.000","hPa","36.4","pmil","0","55.390","deg","20.000","°C","100.000","%a.s.","21.720","deg","20.000","°C","977.000","hPa","0.861","-0.02617","0.00035","0","0","13.56","Humid","26.25","0","44.00","378243.77","SABD0000000001","AAV1.0.0.11","4.0.0.2323","PSt7-10","170328-019","7/29/2022 11:23:46 AM","0000-00","0","no battery","V","","µV","","µV"
"08/09/2022","10:38:36","6","default","383292078","Oxt_06","36.562","min","99.359","%a.s.","Humid","20.442","deg","39891","µV","28.147","°C","1016.000","hPa","36.4","pmil","0","55.390","deg","20.000","°C","100.000","%a.s.","21.720","deg","20.000","°C","977.000","hPa","0.861","-0.02617","0.00035","0","0","13.56","Humid","26.25","0","44.00","378241.93","SABD0000000001","AAV1.0.0.11","4.0.0.2323","PSt7-10","170328-019","7/29/2022 11:23:46 AM","0000-00","0","no battery","V","","µV","","µV"
"08/09/2022","10:38:37","6","default","383292078","Oxt_06","36.579","min","99.415","%a.s.","Humid","20.436","deg","39892","µV","28.144","°C","1016.000","hPa","36.4","pmil","0","55.390","deg","20.000","°C","100.000","%a.s.","21.720","deg","20.000","°C","977.000","hPa","0.861","-0.02617","0.00035","0","0","13.56","Humid","26.25","0","44.00","378237.25","SABD0000000001","AAV1.0.0.11","4.0.0.2323","PSt7-10","170328-019","7/29/2022 11:23:46 AM","0000-00","0","no battery","V","","µV","","µV"
"08/09/2022","10:38:38","6","default","383292078","Oxt_06","36.596","min","99.422","%a.s.","Humid","20.437","deg","39889","µV","28.127","°C","1016.000","hPa","36.4","pmil","0","55.390","deg","20.000","°C","100.000","%a.s.","21.720","deg","20.000","°C","977.000","hPa","0.861","-0.02617","0.00035","0","0","13.56","Humid","26.25","0","44.00","378241.02","SABD0000000001","AAV1.0.0.11","4.0.0.2323","PSt7-10","170328-019","7/29/2022 11:23:46 AM","0000-00","0","no battery","V","","µV","","µV"
"08/09/2022","10:38:39","6","default","383292078","Oxt_06","36.612","min","99.428","%a.s.","Humid","20.436","deg","39884","µV","28.131","°C","1016.000","hPa","36.4","pmil","0","55.390","deg","20.000","°C","100.000","%a.s.","21.720","deg","20.000","°C","977.000","hPa","0.861","-0.02617","0.00035","0","0","13.56","Humid","26.25","0","44.00","378236.85","SABD0000000001","AAV1.0.0.11","4.0.0.2323","PSt7-10","170328-019","7/29/2022 11:23:46 AM","0000-00","0","no battery","V","","µV","","µV"
"08/09/2022","10:38:40","6","default","383292078","Oxt_06","36.629","min","99.448","%a.s.","Humid","20.433","deg","39892","µV","28.138","°C","1016.000","hPa","36.4","pmil","0","55.390","deg","20.000","°C","100.000","%a.s.","21.720","deg","20.000","°C","977.000","hPa","0.861","-0.02617","0.00035","0","0","13.56","Humid","26.25","0","44.00","378255.82","SABD0000000001","AAV1.0.0.11","4.0.0.2323","PSt7-10","170328-019","7/29/2022 11:23:46 AM","0000-00","0","no battery","V","","µV","","µV"
"08/09/2022","10:38:41","6","default","383292078","Oxt_06","36.646","min","99.479","%a.s.","Humid","20.430","deg","39893","µV","28.134","°C","1016.000","hPa","36.4","pmil","0","55.390","deg","20.000","°C","100.000","%a.s.","21.720","deg","20.000","°C","977.000","hPa","0.861","-0.02617","0.00035","0","0","13.56","Humid","26.25","0","44.00","378247.42","SABD0000000001","AAV1.0.0.11","4.0.0.2323","PSt7-10","170328-019","7/29/2022 11:23:46 AM","0000-00","0","no battery","V","","µV","","µV"
"08/09/2022","10:38:42","6","default","383292078","Oxt_06","36.662","min","99.428","%a.s.","Humid","20.436","deg","39895","µV","28.131","°C","1016.000","hPa","36.4","pmil","0","55.390","deg","20.000","°C","100.000","%a.s.","21.720","deg","20.000","°C","977.000","hPa","0.861","-0.02617","0.00035","0","0","13.56","Humid","26.25","0","44.00","378245.04","SABD0000000001","AAV1.0.0.11","4.0.0.2323","PSt7-10","170328-019","7/29/2022 11:23:46 AM","0000-00","0","no battery","V","","µV","","µV"
"08/09/2022","10:38:43","6","default","383292078","Oxt_06","36.679","min","99.476","%a.s.","Humid","20.430","deg","39888","µV","28.137","°C","1016.000","hPa","36.4","pmil","0","55.390","deg","20.000","°C","100.000","%a.s.","21.720","deg","20.000","°C","977.000","hPa","0.861","-0.02617","0.00035","0","0","13.56","Humid","26.25","0","44.00","378239.80","SABD0000000001","AAV1.0.0.11","4.0.0.2323","PSt7-10","170328-019","7/29/2022 11:23:46 AM","0000-00","0","no battery","V","","µV","","µV"
"08/09/2022","10:38:44","6","default","383292078","Oxt_06","36.696","min","99.484","%a.s.","Humid","20.430","deg","39886","µV","28.128","°C","1016.000","hPa","36.4","pmil","0","55.390","deg","20.000","°C","100.000","%a.s.","21.720","deg","20.000","°C","977.000","hPa","0.861","-0.02617","0.00035","0","0","13.56","Humid","26.25","0","44.00","378246.41","SABD0000000001","AAV1.0.0.11","4.0.0.2323","PSt7-10","170328-019","7/29/2022 11:23:46 AM","0000-00","0","no battery","V","","µV","","µV"
"08/09/2022","10:38:45","6","default","383292078","Oxt_06","36.713","min","99.414","%a.s.","Humid","20.439","deg","39888","µV","28.118","°C","1016.000","hPa","36.4","pmil","0","55.390","deg","20.000","°C","100.000","%a.s.","21.720","deg","20.000","°C","977.000","hPa","0.861","-0.02617","0.00035","0","0","13.56","Humid","26.25","0","44.00","378241.70","SABD0000000001","AAV1.0.0.11","4.0.0.2323","PSt7-10","170328-019","7/29/2022 11:23:46 AM","0000-00","0","no battery","V","","µV","","µV"
"08/09/2022","10:38:46","6","default","383292078","Oxt_06","36.729","min","99.422","%a.s.","Humid","20.437","deg","39882","µV","28.128","°C","1016.000","hPa","36.4","pmil","0","55.390","deg","20.000","°C","100.000","%a.s.","21.720","deg","20.000","°C","977.000","hPa","0.861","-0.02617","0.00035","0","0","13.56","Humid","26.25","0","44.00","378243.31","SABD0000000001","AAV1.0.0.11","4.0.0.2323","PSt7-10","170328-019","7/29/2022 11:23:46 AM","0000-00","0","no battery","V","","µV","","µV"
"08/09/2022","10:38:47","6","default","383292078","Oxt_06","36.746","min","99.487","%a.s.","Humid","20.430","deg","39887","µV","28.125","°C","1016.000","hPa","36.4","pmil","0","55.390","deg","20.000","°C","100.000","%a.s.","21.720","deg","20.000","°C","977.000","hPa","0.861","-0.02617","0.00035","0","0","13.56","Humid","26.25","0","44.00","378242.72","SABD0000000001","AAV1.0.0.11","4.0.0.2323","PSt7-10","170328-019","7/29/2022 11:23:46 AM","0000-00","0","no battery","V","","µV","","µV"
"08/09/2022","10:38:48","6","default","383292078","Oxt_06","36.763","min","99.515","%a.s.","Humid","20.428","deg","39883","µV","28.114","°C","1016.000","hPa","36.4","pmil","0","55.390","deg","20.000","°C","100.000","%a.s.","21.720","deg","20.000","°C","977.000","hPa","0.861","-0.02617","0.00035","0","0","13.56","Humid","26.25","0","44.00","378256.53","SABD0000000001","AAV1.0.0.11","4.0.0.2323","PSt7-10","170328-019","7/29/2022 11:23:46 AM","0000-00","0","no battery","V","","µV","","µV"
"08/09/2022","10:38:49","6","default","383292078","Oxt_06","36.779","min","99.489","%a.s.","Humid","20.431","deg","39884","µV","28.114","°C","1016.000","hPa","36.4","pmil","0","55.390","deg","20.000","°C","100.000","%a.s.","21.720","deg","20.000","°C","977.000","hPa","0.861","-0.02617","0.00035","0","0","13.56","Humid","26.25","0","44.00","378259.37","SABD0000000001","AAV1.0.0.11","4.0.0.2323","PSt7-10","170328-019","7/29/2022 11:23:46 AM","0000-00","0","no battery","V","","µV","","µV"
"08/09/2022","10:38:50","6","default","383292078","Oxt_06","36.796","min","99.535","%a.s.","Humid","20.423","deg","39888","µV","28.141","°C","1016.000","hPa","36.4","pmil","0","55.390","deg","20.000","°C","100.000","%a.s.","21.720","deg","20.000","°C","977.000","hPa","0.861","-0.02617","0.00035","0","0","13.56","Humid","26.25","0","44.00","378258.41","SABD0000000001","AAV1.0.0.11","4.0.0.2323","PSt7-10","170328-019","7/29/2022 11:23:46 AM","0000-00","0","no battery","V","","µV","","µV"
"08/09/2022","10:38:51","6","default","383292078","Oxt_06","36.812","min","99.465","%a.s.","Humid","20.431","deg","39879","µV","28.139","°C","1016.000","hPa","36.4","pmil","0","55.390","deg","20.000","°C","100.000","%a.s.","21.720","deg","20.000","°C","977.000","hPa","0.861","-0.02617","0.00035","0","0","13.56","Humid","26.25","0","44.00","378256.91","SABD0000000001","AAV1.0.0.11","4.0.0.2323","PSt7-10","170328-019","7/29/2022 11:23:46 AM","0000-00","0","no battery","V","","µV","","µV"
"08/09/2022","10:38:52","6","default","383292078","Oxt_06","36.829","min","99.469","%a.s.","Humid","20.430","deg","39883","µV","28.144","°C","1016.000","hPa","36.4","pmil","0","55.390","deg","20.000","°C","100.000","%a.s.","21.720","deg","20.000","°C","977.000","hPa","0.861","-0.02617","0.00035","0","0","13.56","Humid","26.25","0","44.00","378245.44","SABD0000000001","AAV1.0.0.11","4.0.0.2323","PSt7-10","170328-019","7/29/2022 11:23:46 AM","0000-00","0","no battery","V","","µV","","µV"
"08/09/2022","10:38:53","6","default","383292078","Oxt_06","36.845","min","99.411","%a.s.","Humid","20.437","deg","39883","µV","28.140","°C","1016.000","hPa","36.4","pmil","0","55.390","deg","20.000","°C","100.000","%a.s.","21.720","deg","20.000","°C","977.000","hPa","0.861","-0.02617","0.00035","0","0","13.56","Humid","26.25","0","44.00","378271.42","SABD0000000001","AAV1.0.0.11","4.0.0.2323","PSt7-10","170328-019","7/29/2022 11:23:46 AM","0000-00","0","no battery","V","","µV","","µV"
"08/09/2022","10:38:54","6","default","383292078","Oxt_06","36.862","min","99.498","%a.s.","Humid","20.427","deg","39882","µV","28.142","°C","1016.000","hPa","36.4","pmil","0","55.390","deg","20.000","°C","100.000","%a.s.","21.720","deg","20.000","°C","977.000","hPa","0.861","-0.02617","0.00035","0","0","13.56","Humid","26.25","0","44.00","378267.37","SABD0000000001","AAV1.0.0.11","4.0.0.2323","PSt7-10","170328-019","7/29/2022 11:23:46 AM","0000-00","0","no battery","V","","µV","","µV"
"08/09/2022","10:38:55","6","default","383292078","Oxt_06","36.878","min","99.511","%a.s.","Humid","20.426","deg","39878","µV","28.138","°C","1016.000","hPa","36.4","pmil","0","55.390","deg","20.000","°C","100.000","%a.s.","21.720","deg","20.000","°C","977.000","hPa","0.861","-0.02617","0.00035","0","0","13.56","Humid","26.25","0","44.00","378259.20","SABD0000000001","AAV1.0.0.11","4.0.0.2323","PSt7-10","170328-019","7/29/2022 11:23:46 AM","0000-00","0","no battery","V","","µV","","µV"
"08/09/2022","10:38:56","6","default","383292078","Oxt_06","36.895","min","99.546","%a.s.","Humid","20.422","deg","39882","µV","28.139","°C","1016.000","hPa","36.4","pmil","0","55.390","deg","20.000","°C","100.000","%a.s.","21.720","deg","20.000","°C","977.000","hPa","0.861","-0.02617","0.00035","0","0","13.56","Humid","26.25","0","44.00","378264.08","SABD0000000001","AAV1.0.0.11","4.0.0.2323","PSt7-10","170328-019","7/29/2022 11:23:46 AM","0000-00","0","no battery","V","","µV","","µV"
"08/09/2022","10:38:57","6","default","383292078","Oxt_06","36.912","min","99.627","%a.s.","Humid","20.414","deg","39875","µV","28.130","°C","1016.000","hPa","36.4","pmil","0","55.390","deg","20.000","°C","100.000","%a.s.","21.720","deg","20.000","°C","977.000","hPa","0.861","-0.02617","0.00035","0","0","13.56","Humid","26.25","0","44.00","378288.08","SABD0000000001","AAV1.0.0.11","4.0.0.2323","PSt7-10","170328-019","7/29/2022 11:23:46 AM","0000-00","0","no battery","V","","µV","","µV"
"08/09/2022","10:38:58","6","default","383292078","Oxt_06","36.929","min","99.572","%a.s.","Humid","20.420","deg","39887","µV","28.131","°C","1016.000","hPa","36.4","pmil","0","55.390","deg","20.000","°C","100.000","%a.s.","21.720","deg","20.000","°C","977.000","hPa","0.861","-0.02617","0.00035","0","0","13.56","Humid","26.25","0","44.00","378279.16","SABD0000000001","AAV1.0.0.11","4.0.0.2323","PSt7-10","170328-019","7/29/2022 11:23:46 AM","0000-00","0","no battery","V","","µV","","µV"
"08/09/2022","10:38:59","6","default","383292078","Oxt_06","36.945","min","99.511","%a.s.","Humid","20.427","deg","39884","µV","28.128","°C","1016.000","hPa","36.4","pmil","0","55.390","deg","20.000","°C","100.000","%a.s.","21.720","deg","20.000","°C","977.000","hPa","0.861","-0.02617","0.00035","0","0","13.56","Humid","26.25","0","44.00","378260.28","SABD0000000001","AAV1.0.0.11","4.0.0.2323","PSt7-10","170328-019","7/29/2022 11:23:46 AM","0000-00","0","no battery","V","","µV","","µV"
"08/09/2022","10:39:00","6","default","383292078","Oxt_06","36.962","min","99.506","%a.s.","Humid","20.427","deg","39879","µV","28.134","°C","1016.000","hPa","36.4","pmil","0","55.390","deg","20.000","°C","100.000","%a.s.","21.720","deg","20.000","°C","977.000","hPa","0.861","-0.02617","0.00035","0","0","13.56","Humid","26.25","0","44.00","378263.51","SABD0000000001","AAV1.0.0.11","4.0.0.2323","PSt7-10","170328-019","7/29/2022 11:23:46 AM","0000-00","0","no battery","V","","µV","","µV"
"08/09/2022","10:39:01","6","default","383292078","Oxt_06","36.979","min","99.547","%a.s.","Humid","20.422","deg","39872","µV","28.137","°C","1016.000","hPa","36.4","pmil","0","55.390","deg","20.000","°C","100.000","%a.s.","21.720","deg","20.000","°C","977.000","hPa","0.861","-0.02617","0.00035","0","0","13.56","Humid","26.25","0","44.00","378283.84","SABD0000000001","AAV1.0.0.11","4.0.0.2323","PSt7-10","170328-019","7/29/2022 11:23:46 AM","0000-00","0","no battery","V","","µV","","µV"
"08/09/2022","10:39:02","6","default","383292078","Oxt_06","36.995","min","99.592","%a.s.","Humid","20.418","deg","39877","µV","28.128","°C","1016.000","hPa","36.4","pmil","0","55.390","deg","20.000","°C","100.000","%a.s.","21.720","deg","20.000","°C","977.000","hPa","0.861","-0.02617","0.00035","0","0","13.56","Humid","26.25","0","44.00","378280.20","SABD0000000001","AAV1.0.0.11","4.0.0.2323","PSt7-10","170328-019","7/29/2022 11:23:46 AM","0000-00","0","no battery","V","","µV","","µV"
"08/09/2022","10:39:03","6","default","383292078","Oxt_06","37.012","min","99.541","%a.s.","Humid","20.424","deg","39872","µV","28.125","°C","1016.000","hPa","36.4","pmil","0","55.390","deg","20.000","°C","100.000","%a.s.","21.720","deg","20.000","°C","977.000","hPa","0.861","-0.02617","0.00035","0","0","13.56","Humid","26.25","0","44.00","378280.76","SABD0000000001","AAV1.0.0.11","4.0.0.2323","PSt7-10","170328-019","7/29/2022 11:23:46 AM","0000-00","0","no battery","V","","µV","","µV"
"08/09/2022","10:39:04","6","default","383292078","Oxt_06","37.029","min","99.530","%a.s.","Humid","20.425","deg","39869","µV","28.128","°C","1016.000","hPa","36.4","pmil","0","55.390","deg","20.000","°C","100.000","%a.s.","21.720","deg","20.000","°C","977.000","hPa","0.861","-0.02617","0.00035","0","0","13.56","Humid","26.25","0","44.00","378297.34","SABD0000000001","AAV1.0.0.11","4.0.0.2323","PSt7-10","170328-019","7/29/2022 11:23:46 AM","0000-00","0","no battery","V","","µV","","µV"
"08/09/2022","10:39:05","6","default","383292078","Oxt_06","37.045","min","99.520","%a.s.","Humid","20.427","deg","39871","µV","28.119","°C","1016.000","hPa","36.4","pmil","0","55.390","deg","20.000","°C","100.000","%a.s.","21.720","deg","20.000","°C","977.000","hPa","0.861","-0.02617","0.00035","0","0","13.56","Humid","26.25","0","44.00","378278.31","SABD0000000001","AAV1.0.0.11","4.0.0.2323","PSt7-10","170328-019","7/29/2022 11:23:46 AM","0000-00","0","no battery","V","","µV","","µV"
"08/09/2022","10:39:06","6","default","383292078","Oxt_06","37.062","min","99.611","%a.s.","Humid","20.416","deg","39868","µV","28.127","°C","1016.000","hPa","36.4","pmil","0","55.390","deg","20.000","°C","100.000","%a.s.","21.720","deg","20.000","°C","977.000","hPa","0.861","-0.02617","0.00035","0","0","13.56","Humid","26.25","0","44.00","378290.90","SABD0000000001","AAV1.0.0.11","4.0.0.2323","PSt7-10","170328-019","7/29/2022 11:23:46 AM","0000-00","0","no battery","V","","µV","","µV"
"08/09/2022","10:39:07","6","default","383292078","Oxt_06","37.079","min","99.561","%a.s.","Humid","20.423","deg","39863","µV","28.114","°C","1016.000","hPa","36.4","pmil","0","55.390","deg","20.000","°C","100.000","%a.s.","21.720","deg","20.000","°C","977.000","hPa","0.861","-0.02617","0.00035","0","0","13.56","Humid","26.25","0","44.00","378264.08","SABD0000000001","AAV1.0.0.11","4.0.0.2323","PSt7-10","170328-019","7/29/2022 11:23:46 AM","0000-00","0","no battery","V","","µV","","µV"
"08/09/2022","10:39:08","6","default","383292078","Oxt_06","37.095","min","99.627","%a.s.","Humid","20.414","deg","39867","µV","28.129","°C","1016.000","hPa","36.4","pmil","0","55.390","deg","20.000","°C","100.000","%a.s.","21.720","deg","20.000","°C","977.000","hPa","0.861","-0.02617","0.00035","0","0","13.56","Humid","26.25","0","44.00","378269.96","SABD0000000001","AAV1.0.0.11","4.0.0.2323","PSt7-10","170328-019","7/29/2022 11:23:46 AM","0000-00","0","no battery","V","","µV","","µV"
"08/09/2022","10:39:09","6","default","383292078","Oxt_06","37.112","min","99.541","%a.s.","Humid","20.424","deg","39870","µV","28.125","°C","1016.000","hPa","36.4","pmil","0","55.390","deg","20.000","°C","100.000","%a.s.","21.720","deg","20.000","°C","977.000","hPa","0.861","-0.02617","0.00035","0","0","13.56","Humid","26.25","0","44.00","378280.84","SABD0000000001","AAV1.0.0.11","4.0.0.2323","PSt7-10","170328-019","7/29/2022 11:23:46 AM","0000-00","0","no battery","V","","µV","","µV"
"08/09/2022","10:39:10","6","default","383292078","Oxt_06","37.129","min","99.555","%a.s.","Humid","20.421","deg","39867","µV","28.139","°C","1016.000","hPa","36.4","pmil","0","55.390","deg","20.000","°C","100.000","%a.s.","21.720","deg","20.000","°C","977.000","hPa","0.861","-0.02617","0.00035","0","0","13.56","Humid","26.25","0","44.00","378264.01","SABD0000000001","AAV1.0.0.11","4.0.0.2323","PSt7-10","170328-019","7/29/2022 11:23:46 AM","0000-00","0","no battery","V","","µV","","µV"
"08/09/2022","10:39:11","6","default","383292078","Oxt_06","37.146","min","99.592","%a.s.","Humid","20.418","deg","39866","µV","28.129","°C","1016.000","hPa","36.4","pmil","0","55.390","deg","20.000","°C","100.000","%a.s.","21.720","deg","20.000","°C","977.000","hPa","0.861","-0.02617","0.00035","0","0","13.56","Humid","26.25","0","44.00","378277.63","SABD0000000001","AAV1.0.0.11","4.0.0.2323","PSt7-10","170328-019","7/29/2022 11:23:46 AM","0000-00","0","no battery","V","","µV","","µV"
"08/09/2022","10:39:12","6","default","383292078","Oxt_06","37.162","min","99.574","%a.s.","Humid","20.418","deg","39862","µV","28.147","°C","1016.000","hPa","36.4","pmil","0","55.390","deg","20.000","°C","100.000","%a.s.","21.720","deg","20.000","°C","977.000","hPa","0.861","-0.02617","0.00035","0","0","13.56","Humid","26.25","0","44.00","378280.72","SABD0000000001","AAV1.0.0.11","4.0.0.2323","PSt7-10","170328-019","7/29/2022 11:23:46 AM","0000-00","0","no battery","V","","µV","","µV"
"08/09/2022","10:39:13","6","default","383292078","Oxt_06","37.179","min","99.572","%a.s.","Humid","20.420","deg","39862","µV","28.130","°C","1016.000","hPa","36.4","pmil","0","55.390","deg","20.000","°C","100.000","%a.s.","21.720","deg","20.000","°C","977.000","hPa","0.861","-0.02617","0.00035","0","0","13.56","Humid","26.25","0","44.00","378266.43","SABD0000000001","AAV1.0.0.11","4.0.0.2323","PSt7-10","170328-019","7/29/2022 11:23:46 AM","0000-00","0","no battery","V","","µV","","µV"
"08/09/2022","10:39:14","6","default","383292078","Oxt_06","37.196","min","99.590","%a.s.","Humid","20.419","deg","39866","µV","28.121","°C","1016.000","hPa","36.4","pmil","0","55.390","deg","20.000","°C","100.000","%a.s.","21.720","deg","20.000","°C","977.000","hPa","0.861","-0.02617","0.00035","0","0","13.56","Humid","26.25","0","44.00","378288.99","SABD0000000001","AAV1.0.0.11","4.0.0.2323","PSt7-10","170328-019","7/29/2022 11:23:46 AM","0000-00","0","no battery","V","","µV","","µV"
"08/09/2022","10:39:15","6","default","383292078","Oxt_06","37.212","min","99.549","%a.s.","Humid","20.423","deg","39868","µV","28.126","°C","1016.000","hPa","36.4","pmil","0","55.390","deg","20.000","°C","100.000","%a.s.","21.720","deg","20.000","°C","977.000","hPa","0.861","-0.02617","0.00035","0","0","13.56","Humid","26.25","0","44.00","378281.23","SABD0000000001","AAV1.0.0.11","4.0.0.2323","PSt7-10","170328-019","7/29/2022 11:23:46 AM","0000-00","0","no battery","V","","µV","","µV"
"08/09/2022","10:39:16","6","default","383292078","Oxt_06","37.229","min","99.597","%a.s.","Humid","20.417","deg","39863","µV","28.132","°C","1016.000","hPa","36.4","pmil","0","55.390","deg","20.000","°C","100.000","%a.s.","21.720","deg","20.000","°C","977.000","hPa","0.861","-0.02617","0.00035","0","0","13.56","Humid","26.25","0","44.00","378284.21","SABD0000000001","AAV1.0.0.11","4.0.0.2323","PSt7-10","170328-019","7/29/2022 11:23:46 AM","0000-00","0","no battery","V","","µV","","µV"
"08/09/2022","10:39:17","6","default","383292078","Oxt_06","37.246","min","99.646","%a.s.","Humid","20.412","deg","39862","µV","28.129","°C","1016.000","hPa","36.4","pmil","0","55.390","deg","20.000","°C","100.000","%a.s.","21.720","deg","20.000","°C","977.000","hPa","0.861","-0.02617","0.00035","0","0","13.56","Humid","26.25","0","44.00","378282.34","SABD0000000001","AAV1.0.0.11","4.0.0.2323","PSt7-10","170328-019","7/29/2022 11:23:46 AM","0000-00","0","no battery","V","","µV","","µV"
"08/09/2022","10:39:18","6","default","383292078","Oxt_06","37.263","min","99.592","%a.s.","Humid","20.418","deg","39858","µV","28.128","°C","1016.000","hPa","36.4","pmil","0","55.390","deg","20.000","°C","100.000","%a.s.","21.720","deg","20.000","°C","977.000","hPa","0.861","-0.02617","0.00035","0","0","13.56","Humid","26.25","0","44.00","378280.55","SABD0000000001","AAV1.0.0.11","4.0.0.2323","PSt7-10","170328-019","7/29/2022 11:23:46 AM","0000-00","0","no battery","V","","µV","","µV"
"08/09/2022","10:39:19","6","default","383292078","Oxt_06","37.279","min","99.546","%a.s.","Humid","20.424","deg","39853","µV","28.120","°C","1016.000","hPa","36.4","pmil","0","55.390","deg","20.000","°C","100.000","%a.s.","21.720","deg","20.000","°C","977.000","hPa","0.861","-0.02617","0.00035","0","0","13.56","Humid","26.25","0","44.00","378293.41","SABD0000000001","AAV1.0.0.11","4.0.0.2323","PSt7-10","170328-019","7/29/2022 11:23:46 AM","0000-00","0","no battery","V","","µV","","µV"
"08/09/2022","10:39:20","6","default","383292078","Oxt_06","37.296","min","99.573","%a.s.","Humid","20.421","deg","39862","µV","28.120","°C","1016.000","hPa","36.4","pmil","0","55.390","deg","20.000","°C","100.000","%a.s.","21.720","deg","20.000","°C","977.000","hPa","0.861","-0.02617","0.00035","0","0","13.56","Humid","26.25","0","44.00","378300.00","SABD0000000001","AAV1.0.0.11","4.0.0.2323","PSt7-10","170328-019","7/29/2022 11:23:46 AM","0000-00","0","no battery","V","","µV","","µV"
"08/09/2022","10:39:21","6","default","383292078","Oxt_06","37.313","min","99.651","%a.s.","Humid","20.412","deg","39860","µV","28.123","°C","1016.000","hPa","36.4","pmil","0","55.390","deg","20.000","°C","100.000","%a.s.","21.720","deg","20.000","°C","977.000","hPa","0.861","-0.02617","0.00035","0","0","13.56","Humid","26.25","0","44.00","378281.64","SABD0000000001","AAV1.0.0.11","4.0.0.2323","PSt7-10","170328-019","7/29/2022 11:23:46 AM","0000-00","0","no battery","V","","µV","","µV"
"08/09/2022","10:39:22","6","default","383292078","Oxt_06","37.329","min","99.657","%a.s.","Humid","20.412","deg","39857","µV","28.117","°C","1016.000","hPa","36.4","pmil","0","55.390","deg","20.000","°C","100.000","%a.s.","21.720","deg","20.000","°C","977.000","hPa","0.861","-0.02617","0.00035","0","0","13.56","Humid","26.25","0","44.00","378264.21","SABD0000000001","AAV1.0.0.11","4.0.0.2323","PSt7-10","170328-019","7/29/2022 11:23:46 AM","0000-00","0","no battery","V","","µV","","µV"
"08/09/2022","10:39:23","6","default","383292078","Oxt_06","37.346","min","99.570","%a.s.","Humid","20.421","deg","39860","µV","28.123","°C","1016.000","hPa","36.4","pmil","0","55.390","deg","20.000","°C","100.000","%a.s.","21.720","deg","20.000","°C","977.000","hPa","0.861","-0.02617","0.00035","0","0","13.56","Humid","26.25","0","44.00","378274.07","SABD0000000001","AAV1.0.0.11","4.0.0.2323","PSt7-10","170328-019","7/29/2022 11:23:46 AM","0000-00","0","no battery","V","","µV","","µV"
"08/09/2022","10:39:24","6","default","383292078","Oxt_06","37.362","min","99.564","%a.s.","Humid","20.422","deg","39856","µV","28.120","°C","1016.000","hPa","36.4","pmil","0","55.390","deg","20.000","°C","100.000","%a.s.","21.720","deg","20.000","°C","977.000","hPa","0.861","-0.02617","0.00035","0","0","13.56","Humid","26.25","0","44.00","378279.10","SABD0000000001","AAV1.0.0.11","4.0.0.2323","PSt7-10","170328-019","7/29/2022 11:23:46 AM","0000-00","0","no battery","V","","µV","","µV"
"08/09/2022","10:39:25","6","default","383292078","Oxt_06","37.379","min","99.638","%a.s.","Humid","20.413","deg","39854","µV","28.127","°C","1016.000","hPa","36.4","pmil","0","55.390","deg","20.000","°C","100.000","%a.s.","21.720","deg","20.000","°C","977.000","hPa","0.861","-0.02617","0.00035","0","0","13.56","Humid","26.25","0","44.00","378287.10","SABD0000000001","AAV1.0.0.11","4.0.0.2323","PSt7-10","170328-019","7/29/2022 11:23:46 AM","0000-00","0","no battery","V","","µV","","µV"
"08/09/2022","10:39:26","6","default","383292078","Oxt_06","37.395","min","99.625","%a.s.","Humid","20.415","deg","39853","µV","28.122","°C","1016.000","hPa","36.4","pmil","0","55.390","deg","20.000","°C","100.000","%a.s.","21.720","deg","20.000","°C","977.000","hPa","0.861","-0.02617","0.00035","0","0","13.56","Humid","26.25","0","44.00","378285.58","SABD0000000001","AAV1.0.0.11","4.0.0.2323","PSt7-10","170328-019","7/29/2022 11:23:46 AM","0000-00","0","no battery","V","","µV","","µV"
"08/09/2022","10:39:27","6","default","383292078","Oxt_06","37.412","min","99.695","%a.s.","Humid","20.406","deg","39856","µV","28.133","°C","1016.000","hPa","36.4","pmil","0","55.390","deg","20.000","°C","100.000","%a.s.","21.720","deg","20.000","°C","977.000","hPa","0.861","-0.02617","0.00035","0","0","13.56","Humid","26.25","0","44.00","378285.67","SABD0000000001","AAV1.0.0.11","4.0.0.2323","PSt7-10","170328-019","7/29/2022 11:23:46 AM","0000-00","0","no battery","V","","µV","","µV"
"08/09/2022","10:39:28","6","default","383292078","Oxt_06","37.429","min","99.638","%a.s.","Humid","20.412","deg","39853","µV","28.137","°C","1016.000","hPa","36.4","pmil","0","55.390","deg","20.000","°C","100.000","%a.s.","21.720","deg","20.000","°C","977.000","hPa","0.861","-0.02617","0.00035","0","0","13.56","Humid","26.25","0","44.00","378275.09","SABD0000000001","AAV1.0.0.11","4.0.0.2323","PSt7-10","170328-019","7/29/2022 11:23:46 AM","0000-00","0","no battery","V","","µV","","µV"
"08/09/2022","10:39:29","6","default","383292078","Oxt_06","37.445","min","99.774","%a.s.","Humid","20.397","deg","39850","µV","28.135","°C","1016.000","hPa","36.4","pmil","0","55.390","deg","20.000","°C","100.000","%a.s.","21.720","deg","20.000","°C","977.000","hPa","0.861","-0.02617","0.00035","0","0","13.56","Humid","26.25","0","44.00","378283.62","SABD0000000001","AAV1.0.0.11","4.0.0.2323","PSt7-10","170328-019","7/29/2022 11:23:46 AM","0000-00","0","no battery","V","","µV","","µV"
"08/09/2022","10:39:30","6","default","383292078","Oxt_06","37.462","min","99.666","%a.s.","Humid","20.409","deg","39849","µV","28.136","°C","1016.000","hPa","36.4","pmil","0","55.390","deg","20.000","°C","100.000","%a.s.","21.720","deg","20.000","°C","977.000","hPa","0.861","-0.02617","0.00035","0","0","13.56","Humid","26.25","0","44.00","378290.33","SABD0000000001","AAV1.0.0.11","4.0.0.2323","PSt7-10","170328-019","7/29/2022 11:23:46 AM","0000-00","0","no battery","V","","µV","","µV"
"08/09/2022","10:39:31","6","default","383292078","Oxt_06","37.479","min","99.700","%a.s.","Humid","20.406","deg","39852","µV","28.129","°C","1016.000","hPa","36.4","pmil","0","55.390","deg","20.000","°C","100.000","%a.s.","21.720","deg","20.000","°C","977.000","hPa","0.861","-0.02617","0.00035","0","0","13.56","Humid","26.25","0","44.00","378286.82","SABD0000000001","AAV1.0.0.11","4.0.0.2323","PSt7-10","170328-019","7/29/2022 11:23:46 AM","0000-00","0","no battery","V","","µV","","µV"
"08/09/2022","10:39:32","6","default","383292078","Oxt_06","37.495","min","99.613","%a.s.","Humid","20.416","deg","39847","µV","28.125","°C","1016.000","hPa","36.4","pmil","0","55.390","deg","20.000","°C","100.000","%a.s.","21.720","deg","20.000","°C","977.000","hPa","0.861","-0.02617","0.00035","0","0","13.56","Humid","26.25","0","44.00","378294.67","SABD0000000001","AAV1.0.0.11","4.0.0.2323","PSt7-10","170328-019","7/29/2022 11:23:46 AM","0000-00","0","no battery","V","","µV","","µV"
"08/09/2022","10:39:33","6","default","383292078","Oxt_06","37.512","min","99.649","%a.s.","Humid","20.411","deg","39852","µV","28.135","°C","1016.000","hPa","36.4","pmil","0","55.390","deg","20.000","°C","100.000","%a.s.","21.720","deg","20.000","°C","977.000","hPa","0.861","-0.02617","0.00035","0","0","13.56","Humid","26.25","0","44.00","378288.97","SABD0000000001","AAV1.0.0.11","4.0.0.2323","PSt7-10","170328-019","7/29/2022 11:23:46 AM","0000-00","0","no battery","V","","µV","","µV"
"08/09/2022","10:39:34","6","default","383292078","Oxt_06","37.529","min","99.735","%a.s.","Humid","20.403","deg","39850","µV","28.120","°C","1016.000","hPa","36.4","pmil","0","55.390","deg","20.000","°C","100.000","%a.s.","21.720","deg","20.000","°C","977.000","hPa","0.861","-0.02617","0.00035","0","0","13.56","Humid","26.25","0","44.00","378294.28","SABD0000000001","AAV1.0.0.11","4.0.0.2323","PSt7-10","170328-019","7/29/2022 11:23:46 AM","0000-00","0","no battery","V","","µV","","µV"
"08/09/2022","10:39:35","6","default","383292078","Oxt_06","37.545","min","99.614","%a.s.","Humid","20.415","deg","39851","µV","28.133","°C","1016.000","hPa","36.4","pmil","0","55.390","deg","20.000","°C","100.000","%a.s.","21.720","deg","20.000","°C","977.000","hPa","0.861","-0.02617","0.00035","0","0","13.56","Humid","26.25","0","44.00","378294.59","SABD0000000001","AAV1.0.0.11","4.0.0.2323","PSt7-10","170328-019","7/29/2022 11:23:46 AM","0000-00","0","no battery","V","","µV","","µV"
"08/09/2022","10:39:36","6","default","383292078","Oxt_06","37.562","min","99.670","%a.s.","Humid","20.410","deg","39848","µV","28.121","°C","1016.000","hPa","36.4","pmil","0","55.390","deg","20.000","°C","100.000","%a.s.","21.720","deg","20.000","°C","977.000","hPa","0.861","-0.02617","0.00035","0","0","13.56","Humid","26.25","0","44.00","378306.14","SABD0000000001","AAV1.0.0.11","4.0.0.2323","PSt7-10","170328-019","7/29/2022 11:23:46 AM","0000-00","0","no battery","V","","µV","","µV"
"08/09/2022","10:39:37","6","default","383292078","Oxt_06","37.579","min","99.667","%a.s.","Humid","20.410","deg","39850","µV","28.125","°C","1016.000","hPa","36.4","pmil","0","55.390","deg","20.000","°C","100.000","%a.s.","21.720","deg","20.000","°C","977.000","hPa","0.861","-0.02617","0.00035","0","0","13.56","Humid","26.25","0","44.00","378299.90","SABD0000000001","AAV1.0.0.11","4.0.0.2323","PSt7-10","170328-019","7/29/2022 11:23:46 AM","0000-00","0","no battery","V","","µV","","µV"
"08/09/2022","10:39:38","6","default","383292078","Oxt_06","37.595","min","99.645","%a.s.","Humid","20.412","deg","39843","µV","28.129","°C","1016.000","hPa","36.4","pmil","0","55.390","deg","20.000","°C","100.000","%a.s.","21.720","deg","20.000","°C","977.000","hPa","0.861","-0.02617","0.00035","0","0","13.56","Humid","26.25","0","44.00","378300.64","SABD0000000001","AAV1.0.0.11","4.0.0.2323","PSt7-10","170328-019","7/29/2022 11:23:46 AM","0000-00","0","no battery","V","","µV","","µV"
"08/09/2022","10:39:39","6","default","383292078","Oxt_06","37.612","min","99.706","%a.s.","Humid","20.406","deg","39846","µV","28.122","°C","1016.000","hPa","36.4","pmil","0","55.390","deg","20.000","°C","100.000","%a.s.","21.720","deg","20.000","°C","977.000","hPa","0.861","-0.02617","0.00035","0","0","13.56","Humid","26.25","0","44.00","378294.64","SABD0000000001","AAV1.0.0.11","4.0.0.2323","PSt7-10","170328-019","7/29/2022 11:23:46 AM","0000-00","0","no battery","V","","µV","","µV"
"08/09/2022","10:39:40","6","default","383292078","Oxt_06","37.629","min","99.643","%a.s.","Humid","20.413","deg","39852","µV","28.122","°C","1016.000","hPa","36.4","pmil","0","55.390","deg","20.000","°C","100.000","%a.s.","21.720","deg","20.000","°C","977.000","hPa","0.861","-0.02617","0.00035","0","0","13.56","Humid","26.25","0","44.00","378295.73","SABD0000000001","AAV1.0.0.11","4.0.0.2323","PSt7-10","170328-019","7/29/2022 11:23:46 AM","0000-00","0","no battery","V","","µV","","µV"
"08/09/2022","10:39:41","6","default","383292078","Oxt_06","37.646","min","99.700","%a.s.","Humid","20.406","deg","39839","µV","28.128","°C","1016.000","hPa","36.4","pmil","0","55.390","deg","20.000","°C","100.000","%a.s.","21.720","deg","20.000","°C","977.000","hPa","0.861","-0.02617","0.00035","0","0","13.56","Humid","26.25","0","44.00","378300.81","SABD0000000001","AAV1.0.0.11","4.0.0.2323","PSt7-10","170328-019","7/29/2022 11:23:46 AM","0000-00","0","no battery","V","","µV","","µV"
"08/09/2022","10:39:42","6","default","383292078","Oxt_06","37.662","min","99.711","%a.s.","Humid","20.405","deg","39846","µV","28.126","°C","1016.000","hPa","36.4","pmil","0","55.390","deg","20.000","°C","100.000","%a.s.","21.720","deg","20.000","°C","977.000","hPa","0.861","-0.02617","0.00035","0","0","13.56","Humid","26.25","0","44.00","378299.85","SABD0000000001","AAV1.0.0.11","4.0.0.2323","PSt7-10","170328-019","7/29/2022 11:23:46 AM","0000-00","0","no battery","V","","µV","","µV"
"08/09/2022","10:39:43","6","default","383292078","Oxt_06","37.679","min","99.731","%a.s.","Humid","20.403","deg","39846","µV","28.124","°C","1016.000","hPa","36.4","pmil","0","55.390","deg","20.000","°C","100.000","%a.s.","21.720","deg","20.000","°C","977.000","hPa","0.861","-0.02617","0.00035","0","0","13.56","Humid","26.25","0","44.00","378314.80","SABD0000000001","AAV1.0.0.11","4.0.0.2323","PSt7-10","170328-019","7/29/2022 11:23:46 AM","0000-00","0","no battery","V","","µV","","µV"
"08/09/2022","10:39:44","6","default","383292078","Oxt_06","37.696","min","99.709","%a.s.","Humid","20.405","deg","39842","µV","28.128","°C","1016.000","hPa","36.4","pmil","0","55.390","deg","20.000","°C","100.000","%a.s.","21.720","deg","20.000","°C","977.000","hPa","0.861","-0.02617","0.00035","0","0","13.56","Humid","26.25","0","44.00","378317.35","SABD0000000001","AAV1.0.0.11","4.0.0.2323","PSt7-10","170328-019","7/29/2022 11:23:46 AM","0000-00","0","no battery","V","","µV","","µV"
"08/09/2022","10:39:45","6","default","383292078","Oxt_06","37.712","min","99.730","%a.s.","Humid","20.404","deg","39844","µV","28.115","°C","1016.000","hPa","36.4","pmil","0","55.390","deg","20.000","°C","100.000","%a.s.","21.720","deg","20.000","°C","977.000","hPa","0.861","-0.02617","0.00035","0","0","13.56","Humid","26.25","0","44.00","378299.51","SABD0000000001","AAV1.0.0.11","4.0.0.2323","PSt7-10","170328-019","7/29/2022 11:23:46 AM","0000-00","0","no battery","V","","µV","","µV"
"08/09/2022","10:39:46","6","default","383292078","Oxt_06","37.729","min","99.677","%a.s.","Humid","20.409","deg","39840","µV","28.124","°C","1016.000","hPa","36.4","pmil","0","55.390","deg","20.000","°C","100.000","%a.s.","21.720","deg","20.000","°C","977.000","hPa","0.861","-0.02617","0.00035","0","0","13.56","Humid","26.25","0","44.00","378311.87","SABD0000000001","AAV1.0.0.11","4.0.0.2323","PSt7-10","170328-019","7/29/2022 11:23:46 AM","0000-00","0","no battery","V","","µV","","µV"
"08/09/2022","10:39:47","6","default","383292078","Oxt_06","37.746","min","99.796","%a.s.","Humid","20.395","deg","39837","µV","28.131","°C","1016.000","hPa","36.4","pmil","0","55.390","deg","20.000","°C","100.000","%a.s.","21.720","deg","20.000","°C","977.000","hPa","0.861","-0.02617","0.00035","0","0","13.56","Humid","26.25","0","44.00","378310.78","SABD0000000001","AAV1.0.0.11","4.0.0.2323","PSt7-10","170328-019","7/29/2022 11:23:46 AM","0000-00","0","no battery","V","","µV","","µV"
"08/09/2022","10:39:48","6","default","383292078","Oxt_06","37.762","min","99.709","%a.s.","Humid","20.405","deg","39840","µV","28.128","°C","1016.000","hPa","36.4","pmil","0","55.390","deg","20.000","°C","100.000","%a.s.","21.720","deg","20.000","°C","977.000","hPa","0.861","-0.02617","0.00035","0","0","13.56","Humid","26.25","0","44.00","378295.95","SABD0000000001","AAV1.0.0.11","4.0.0.2323","PSt7-10","170328-019","7/29/2022 11:23:46 AM","0000-00","0","no battery","V","","µV","","µV"
"08/09/2022","10:39:49","6","default","383292078","Oxt_06","37.779","min","99.739","%a.s.","Humid","20.402","deg","39840","µV","28.125","°C","1016.000","hPa","36.4","pmil","0","55.390","deg","20.000","°C","100.000","%a.s.","21.720","deg","20.000","°C","977.000","hPa","0.861","-0.02617","0.00035","0","0","13.56","Humid","26.25","0","44.00","378300.51","SABD0000000001","AAV1.0.0.11","4.0.0.2323","PSt7-10","170328-019","7/29/2022 11:23:46 AM","0000-00","0","no battery","V","","µV","","µV"
"08/09/2022","10:39:50","6","default","383292078","Oxt_06","37.796","min","99.740","%a.s.","Humid","20.400","deg","39836","µV","28.143","°C","1016.000","hPa","36.4","pmil","0","55.390","deg","20.000","°C","100.000","%a.s.","21.720","deg","20.000","°C","977.000","hPa","0.861","-0.02617","0.00035","0","0","13.56","Humid","26.25","0","44.00","378297.41","SABD0000000001","AAV1.0.0.11","4.0.0.2323","PSt7-10","170328-019","7/29/2022 11:23:46 AM","0000-00","0","no battery","V","","µV","","µV"
"08/09/2022","10:39:51","6","default","383292078","Oxt_06","37.812","min","99.744","%a.s.","Humid","20.402","deg","39834","µV","28.120","°C","1016.000","hPa","36.4","pmil","0","55.390","deg","20.000","°C","100.000","%a.s.","21.720","deg","20.000","°C","977.000","hPa","0.861","-0.02617","0.00035","0","0","13.56","Humid","26.25","0","44.00","378299.01","SABD0000000001","AAV1.0.0.11","4.0.0.2323","PSt7-10","170328-019","7/29/2022 11:23:46 AM","0000-00","0","no battery","V","","µV","","µV"
"08/09/2022","10:39:52","6","default","383292078","Oxt_06","37.829","min","99.740","%a.s.","Humid","20.402","deg","39836","µV","28.124","°C","1016.000","hPa","36.4","pmil","0","55.390","deg","20.000","°C","100.000","%a.s.","21.720","deg","20.000","°C","977.000","hPa","0.861","-0.02617","0.00035","0","0","13.56","Humid","26.25","0","44.00","378311.69","SABD0000000001","AAV1.0.0.11","4.0.0.2323","PSt7-10","170328-019","7/29/2022 11:23:46 AM","0000-00","0","no battery","V","","µV","","µV"
"08/09/2022","10:39:53","6","default","383292078","Oxt_06","37.846","min","99.749","%a.s.","Humid","20.401","deg","39836","µV","28.124","°C","1016.000","hPa","36.4","pmil","0","55.390","deg","20.000","°C","100.000","%a.s.","21.720","deg","20.000","°C","977.000","hPa","0.861","-0.02617","0.00035","0","0","13.56","Humid","26.25","0","44.00","378308.46","SABD0000000001","AAV1.0.0.11","4.0.0.2323","PSt7-10","170328-019","7/29/2022 11:23:46 AM","0000-00","0","no battery","V","","µV","","µV"
"08/09/2022","10:39:54","6","default","383292078","Oxt_06","37.862","min","99.726","%a.s.","Humid","20.404","deg","39832","µV","28.120","°C","1016.000","hPa","36.4","pmil","0","55.390","deg","20.000","°C","100.000","%a.s.","21.720","deg","20.000","°C","977.000","hPa","0.861","-0.02617","0.00035","0","0","13.56","Humid","26.25","0","44.00","378311.88","SABD0000000001","AAV1.0.0.11","4.0.0.2323","PSt7-10","170328-019","7/29/2022 11:23:46 AM","0000-00","0","no battery","V","","µV","","µV"
"08/09/2022","10:39:55","6","default","383292078","Oxt_06","37.879","min","99.810","%a.s.","Humid","20.394","deg","39838","µV","28.126","°C","1016.000","hPa","36.4","pmil","0","55.390","deg","20.000","°C","100.000","%a.s.","21.720","deg","20.000","°C","977.000","hPa","0.861","-0.02617","0.00035","0","0","13.56","Humid","26.25","0","44.00","378317.87","SABD0000000001","AAV1.0.0.11","4.0.0.2323","PSt7-10","170328-019","7/29/2022 11:23:46 AM","0000-00","0","no battery","V","","µV","","µV"
"08/09/2022","10:39:56","6","default","383292078","Oxt_06","37.896","min","99.774","%a.s.","Humid","20.398","deg","39830","µV","28.126","°C","1016.000","hPa","36.4","pmil","0","55.390","deg","20.000","°C","100.000","%a.s.","21.720","deg","20.000","°C","977.000","hPa","0.861","-0.02617","0.00035","0","0","13.56","Humid","26.25","0","44.00","378298.51","SABD0000000001","AAV1.0.0.11","4.0.0.2323","PSt7-10","170328-019","7/29/2022 11:23:46 AM","0000-00","0","no battery","V","","µV","","µV"
"08/09/2022","10:39:57","6","default","383292078","Oxt_06","37.913","min","99.776","%a.s.","Humid","20.398","deg","39827","µV","28.124","°C","1016.000","hPa","36.4","pmil","0","55.390","deg","20.000","°C","100.000","%a.s.","21.720","deg","20.000","°C","977.000","hPa","0.861","-0.02617","0.00035","0","0","13.56","Humid","26.25","0","44.00","378320.39","SABD0000000001","AAV1.0.0.11","4.0.0.2323","PSt7-10","170328-019","7/29/2022 11:23:46 AM","0000-00","0","no battery","V","","µV","","µV"
"08/09/2022","10:39:58","6","default","383292078","Oxt_06","37.929","min","99.829","%a.s.","Humid","20.392","deg","39834","µV","28.125","°C","1016.000","hPa","36.4","pmil","0","55.390","deg","20.000","°C","100.000","%a.s.","21.720","deg","20.000","°C","977.000","hPa","0.861","-0.02617","0.00035","0","0","13.56","Humid","26.25","0","44.00","378292.39","SABD0000000001","AAV1.0.0.11","4.0.0.2323","PSt7-10","170328-019","7/29/2022 11:23:46 AM","0000-00","0","no battery","V","","µV","","µV"
"08/09/2022","10:39:59","6","default","383292078","Oxt_06","37.946","min","99.693","%a.s.","Humid","20.408","deg","39826","µV","28.117","°C","1016.000","hPa","36.4","pmil","0","55.390","deg","20.000","°C","100.000","%a.s.","21.720","deg","20.000","°C","977.000","hPa","0.861","-0.02617","0.00035","0","0","13.56","Humid","26.25","0","44.00","378294.25","SABD0000000001","AAV1.0.0.11","4.0.0.2323","PSt7-10","170328-019","7/29/2022 11:23:46 AM","0000-00","0","no battery","V","","µV","","µV"
"08/09/2022","10:40:00","6","default","383292078","Oxt_06","37.963","min","99.768","%a.s.","Humid","20.399","deg","39826","µV","28.123","°C","1016.000","hPa","36.4","pmil","0","55.390","deg","20.000","°C","100.000","%a.s.","21.720","deg","20.000","°C","977.000","hPa","0.861","-0.02617","0.00035","0","0","13.56","Humid","26.25","0","44.00","378304.60","SABD0000000001","AAV1.0.0.11","4.0.0.2323","PSt7-10","170328-019","7/29/2022 11:23:46 AM","0000-00","0","no battery","V","","µV","","µV"
"08/09/2022","10:40:01","6","default","383292078","Oxt_06","37.979","min","99.781","%a.s.","Humid","20.397","deg","39830","µV","28.128","°C","1016.000","hPa","36.4","pmil","0","55.390","deg","20.000","°C","100.000","%a.s.","21.720","deg","20.000","°C","977.000","hPa","0.861","-0.02617","0.00035","0","0","13.56","Humid","26.25","0","44.00","378324.76","SABD0000000001","AAV1.0.0.11","4.0.0.2323","PSt7-10","170328-019","7/29/2022 11:23:46 AM","0000-00","0","no battery","V","","µV","","µV"
"08/09/2022","10:40:02","6","default","383292078","Oxt_06","37.996","min","99.738","%a.s.","Humid","20.403","deg","39829","µV","28.117","°C","1016.000","hPa","36.4","pmil","0","55.390","deg","20.000","°C","100.000","%a.s.","21.720","deg","20.000","°C","977.000","hPa","0.861","-0.02617","0.00035","0","0","13.56","Humid","26.25","0","44.00","378314.25","SABD0000000001","AAV1.0.0.11","4.0.0.2323","PSt7-10","170328-019","7/29/2022 11:23:46 AM","0000-00","0","no battery","V","","µV","","µV"
"08/09/2022","10:40:03","6","default","383292078","Oxt_06","38.012","min","99.807","%a.s.","Humid","20.395","deg","39828","µV","28.119","°C","1016.000","hPa","36.4","pmil","0","55.390","deg","20.000","°C","100.000","%a.s.","21.720","deg","20.000","°C","977.000","hPa","0.861","-0.02617","0.00035","0","0","13.56","Humid","26.25","0","44.00","378302.01","SABD0000000001","AAV1.0.0.11","4.0.0.2323","PSt7-10","170328-019","7/29/2022 11:23:46 AM","0000-00","0","no battery","V","","µV","","µV"
"08/09/2022","10:40:04","6","default","383292078","Oxt_06","38.028","min","99.730","%a.s.","Humid","20.404","deg","39820","µV","28.115","°C","1016.000","hPa","36.4","pmil","0","55.390","deg","20.000","°C","100.000","%a.s.","21.720","deg","20.000","°C","977.000","hPa","0.861","-0.02617","0.00035","0","0","13.56","Humid","26.25","0","44.00","378301.77","SABD0000000001","AAV1.0.0.11","4.0.0.2323","PSt7-10","170328-019","7/29/2022 11:23:46 AM","0000-00","0","no battery","V","","µV","","µV"
"08/09/2022","10:40:05","6","default","383292078","Oxt_06","38.045","min","99.800","%a.s.","Humid","20.395","deg","39825","µV","28.127","°C","1016.000","hPa","36.4","pmil","0","55.390","deg","20.000","°C","100.000","%a.s.","21.720","deg","20.000","°C","977.000","hPa","0.861","-0.02617","0.00035","0","0","13.56","Humid","26.25","0","44.00","378305.21","SABD0000000001","AAV1.0.0.11","4.0.0.2323","PSt7-10","170328-019","7/29/2022 11:23:46 AM","0000-00","0","no battery","V","","µV","","µV"
"08/09/2022","10:40:06","6","default","383292078","Oxt_06","38.062","min","99.880","%a.s.","Humid","20.388","deg","39828","µV","28.109","°C","1016.000","hPa","36.4","pmil","0","55.390","deg","20.000","°C","100.000","%a.s.","21.720","deg","20.000","°C","977.000","hPa","0.861","-0.02617","0.00035","0","0","13.56","Humid","26.25","0","44.00","378306.61","SABD0000000001","AAV1.0.0.11","4.0.0.2323","PSt7-10","170328-019","7/29/2022 11:23:46 AM","0000-00","0","no battery","V","","µV","","µV"
"08/09/2022","10:40:07","6","default","383292078","Oxt_06","38.079","min","99.809","%a.s.","Humid","20.393","deg","39825","µV","28.136","°C","1016.000","hPa","36.4","pmil","0","55.390","deg","20.000","°C","100.000","%a.s.","21.720","deg","20.000","°C","977.000","hPa","0.861","-0.02617","0.00035","0","0","13.56","Humid","26.25","0","44.00","378315.22","SABD0000000001","AAV1.0.0.11","4.0.0.2323","PSt7-10","170328-019","7/29/2022 11:23:46 AM","0000-00","0","no battery","V","","µV","","µV"
"08/09/2022","10:40:08","6","default","383292078","Oxt_06","38.095","min","99.797","%a.s.","Humid","20.396","deg","39826","µV","28.121","°C","1016.000","hPa","36.4","pmil","0","55.390","deg","20.000","°C","100.000","%a.s.","21.720","deg","20.000","°C","977.000","hPa","0.861","-0.02617","0.00035","0","0","13.56","Humid","26.25","0","44.00","378311.86","SABD0000000001","AAV1.0.0.11","4.0.0.2323","PSt7-10","170328-019","7/29/2022 11:23:46 AM","0000-00","0","no battery","V","","µV","","µV"
"08/09/2022","10:40:09","6","default","383292078","Oxt_06","38.112","min","99.765","%a.s.","Humid","20.399","deg","39822","µV","28.127","°C","1016.000","hPa","36.4","pmil","0","55.390","deg","20.000","°C","100.000","%a.s.","21.720","deg","20.000","°C","977.000","hPa","0.861","-0.02617","0.00035","0","0","13.56","Humid","26.25","0","44.00","378312.84","SABD0000000001","AAV1.0.0.11","4.0.0.2323","PSt7-10","170328-019","7/29/2022 11:23:46 AM","0000-00","0","no battery","V","","µV","","µV"
"08/09/2022","10:40:10","6","default","383292078","Oxt_06","38.129","min","99.777","%a.s.","Humid","20.397","deg","39815","µV","28.132","°C","1016.000","hPa","36.4","pmil","0","55.390","deg","20.000","°C","100.000","%a.s.","21.720","deg","20.000","°C","977.000","hPa","0.861","-0.02617","0.00035","0","0","13.56","Humid","26.25","0","44.00","378321.15","SABD0000000001","AAV1.0.0.11","4.0.0.2323","PSt7-10","170328-019","7/29/2022 11:23:46 AM","0000-00","0","no battery","V","","µV","","µV"
"08/09/2022","10:40:11","6","default","383292078","Oxt_06","38.145","min","99.798","%a.s.","Humid","20.394","deg","39813","µV","28.139","°C","1016.000","hPa","36.4","pmil","0","55.390","deg","20.000","°C","100.000","%a.s.","21.720","deg","20.000","°C","977.000","hPa","0.861","-0.02617","0.00035","0","0","13.56","Humid","26.25","0","44.00","378314.27","SABD0000000001","AAV1.0.0.11","4.0.0.2323","PSt7-10","170328-019","7/29/2022 11:23:46 AM","0000-00","0","no battery","V","","µV","","µV"
"08/09/2022","10:40:12","6","default","383292078","Oxt_06","38.162","min","99.799","%a.s.","Humid","20.394","deg","39818","µV","28.138","°C","1016.000","hPa","36.4","pmil","0","55.390","deg","20.000","°C","100.000","%a.s.","21.720","deg","20.000","°C","977.000","hPa","0.861","-0.02617","0.00035","0","0","13.56","Humid","26.25","0","44.00","378306.27","SABD0000000001","AAV1.0.0.11","4.0.0.2323","PSt7-10","170328-019","7/29/2022 11:23:46 AM","0000-00","0","no battery","V","","µV","","µV"
"08/09/2022","10:40:13","6","default","383292078","Oxt_06","38.179","min","99.859","%a.s.","Humid","20.390","deg","39815","µV","28.112","°C","1016.000","hPa","36.4","pmil","0","55.390","deg","20.000","°C","100.000","%a.s.","21.720","deg","20.000","°C","977.000","hPa","0.861","-0.02617","0.00035","0","0","13.56","Humid","26.25","0","44.00","378323.71","SABD0000000001","AAV1.0.0.11","4.0.0.2323","PSt7-10","170328-019","7/29/2022 11:23:46 AM","0000-00","0","no battery","V","","µV","","µV"
"08/09/2022","10:40:14","6","default","383292078","Oxt_06","38.195","min","99.780","%a.s.","Humid","20.397","deg","39810","µV","28.129","°C","1016.000","hPa","36.4","pmil","0","55.390","deg","20.000","°C","100.000","%a.s.","21.720","deg","20.000","°C","977.000","hPa","0.861","-0.02617","0.00035","0","0","13.56","Humid","26.25","0","44.00","378313.85","SABD0000000001","AAV1.0.0.11","4.0.0.2323","PSt7-10","170328-019","7/29/2022 11:23:46 AM","0000-00","0","no battery","V","","µV","","µV"
"08/09/2022","10:40:15","6","default","383292078","Oxt_06","38.212","min","99.867","%a.s.","Humid","20.388","deg","39817","µV","28.124","°C","1016.000","hPa","36.4","pmil","0","55.390","deg","20.000","°C","100.000","%a.s.","21.720","deg","20.000","°C","977.000","hPa","0.861","-0.02617","0.00035","0","0","13.56","Humid","26.25","0","44.00","378305.06","SABD0000000001","AAV1.0.0.11","4.0.0.2323","PSt7-10","170328-019","7/29/2022 11:23:46 AM","0000-00","0","no battery","V","","µV","","µV"
"08/09/2022","10:40:16","6","default","383292078","Oxt_06","38.229","min","99.847","%a.s.","Humid","20.390","deg","39813","µV","28.125","°C","1016.000","hPa","36.4","pmil","0","55.390","deg","20.000","°C","100.000","%a.s.","21.720","deg","20.000","°C","977.000","hPa","0.861","-0.02617","0.00035","0","0","13.56","Humid","26.25","0","44.00","378302.36","SABD0000000001","AAV1.0.0.11","4.0.0.2323","PSt7-10","170328-019","7/29/2022 11:23:46 AM","0000-00","0","no battery","V","","µV","","µV"
"08/09/2022","10:40:17","6","default","383292078","Oxt_06","38.245","min","99.824","%a.s.","Humid","20.394","deg","39815","µV","28.111","°C","1016.000","hPa","36.4","pmil","0","55.390","deg","20.000","°C","100.000","%a.s.","21.720","deg","20.000","°C","977.000","hPa","0.861","-0.02617","0.00035","0","0","13.56","Humid","26.25","0","44.00","378307.83","SABD0000000001","AAV1.0.0.11","4.0.0.2323","PSt7-10","170328-019","7/29/2022 11:23:46 AM","0000-00","0","no battery","V","","µV","","µV"
"08/09/2022","10:40:18","6","default","383292078","Oxt_06","38.262","min","99.929","%a.s.","Humid","20.382","deg","39813","µV","28.115","°C","1016.000","hPa","36.4","pmil","0","55.390","deg","20.000","°C","100.000","%a.s.","21.720","deg","20.000","°C","977.000","hPa","0.861","-0.02617","0.00035","0","0","13.56","Humid","26.25","0","44.00","378323.94","SABD0000000001","AAV1.0.0.11","4.0.0.2323","PSt7-10","170328-019","7/29/2022 11:23:46 AM","0000-00","0","no battery","V","","µV","","µV"
"08/09/2022","10:40:19","6","default","383292078","Oxt_06","38.279","min","99.856","%a.s.","Humid","20.390","deg","39809","µV","28.116","°C","1016.000","hPa","36.4","pmil","0","55.390","deg","20.000","°C","100.000","%a.s.","21.720","deg","20.000","°C","977.000","hPa","0.861","-0.02617","0.00035","0","0","13.56","Humid","26.25","0","44.00","378316.93","SABD0000000001","AAV1.0.0.11","4.0.0.2323","PSt7-10","170328-019","7/29/2022 11:23:46 AM","0000-00","0","no battery","V","","µV","","µV"
"08/09/2022","10:40:20","6","default","383292078","Oxt_06","38.295","min","99.795","%a.s.","Humid","20.398","deg","39811","µV","28.104","°C","1016.000","hPa","36.4","pmil","0","55.390","deg","20.000","°C","100.000","%a.s.","21.720","deg","20.000","°C","977.000","hPa","0.861","-0.02617","0.00035","0","0","13.56","Humid","26.25","0","44.00","378313.72","SABD0000000001","AAV1.0.0.11","4.0.0.2323","PSt7-10","170328-019","7/29/2022 11:23:46 AM","0000-00","0","no battery","V","","µV","","µV"
"08/09/2022","10:40:21","6","default","383292078","Oxt_06","38.312","min","99.807","%a.s.","Humid","20.395","deg","39811","µV","28.120","°C","1016.000","hPa","36.4","pmil","0","55.390","deg","20.000","°C","100.000","%a.s.","21.720","deg","20.000","°C","977.000","hPa","0.861","-0.02617","0.00035","0","0","13.56","Humid","26.25","0","44.00","378309.27","SABD0000000001","AAV1.0.0.11","4.0.0.2323","PSt7-10","170328-019","7/29/2022 11:23:46 AM","0000-00","0","no battery","V","","µV","","µV"
"08/09/2022","10:40:22","6","default","383292078","Oxt_06","38.329","min","99.857","%a.s.","Humid","20.390","deg","39816","µV","28.115","°C","1016.000","hPa","36.4","pmil","0","55.390","deg","20.000","°C","100.000","%a.s.","21.720","deg","20.000","°C","977.000","hPa","0.861","-0.02617","0.00035","0","0","13.56","Humid","26.25","0","44.00","378316.44","SABD0000000001","AAV1.0.0.11","4.0.0.2323","PSt7-10","170328-019","7/29/2022 11:23:46 AM","0000-00","0","no battery","V","","µV","","µV"
"08/09/2022","10:40:23","6","default","383292078","Oxt_06","38.346","min","99.828","%a.s.","Humid","20.394","deg","39809","µV","28.108","°C","1016.000","hPa","36.4","pmil","0","55.390","deg","20.000","°C","100.000","%a.s.","21.720","deg","20.000","°C","977.000","hPa","0.861","-0.02617","0.00035","0","0","13.56","Humid","26.25","0","44.00","378319.43","SABD0000000001","AAV1.0.0.11","4.0.0.2323","PSt7-10","170328-019","7/29/2022 11:23:46 AM","0000-00","0","no battery","V","","µV","","µV"
"08/09/2022","10:40:24","6","default","383292078","Oxt_06","38.362","min","99.841","%a.s.","Humid","20.393","deg","39806","µV","28.103","°C","1016.000","hPa","36.4","pmil","0","55.390","deg","20.000","°C","100.000","%a.s.","21.720","deg","20.000","°C","977.000","hPa","0.861","-0.02617","0.00035","0","0","13.56","Humid","26.25","0","44.00","378301.93","SABD0000000001","AAV1.0.0.11","4.0.0.2323","PSt7-10","170328-019","7/29/2022 11:23:46 AM","0000-00","0","no battery","V","","µV","","µV"
"08/09/2022","10:40:25","6","default","383292078","Oxt_06","38.379","min","99.830","%a.s.","Humid","20.392","deg","39810","µV","28.124","°C","1016.000","hPa","36.4","pmil","0","55.390","deg","20.000","°C","100.000","%a.s.","21.720","deg","20.000","°C","977.000","hPa","0.861","-0.02617","0.00035","0","0","13.56","Humid","26.25","0","44.00","378304.70","SABD0000000001","AAV1.0.0.11","4.0.0.2323","PSt7-10","170328-019","7/29/2022 11:23:46 AM","0000-00","0","no battery","V","","µV","","µV"
"08/09/2022","10:40:26","6","default","383292078","Oxt_06","38.396","min","99.910","%a.s.","Humid","20.383","deg","39805","µV","28.125","°C","1016.000","hPa","36.4","pmil","0","55.390","deg","20.000","°C","100.000","%a.s.","21.720","deg","20.000","°C","977.000","hPa","0.861","-0.02617","0.00035","0","0","13.56","Humid","26.25","0","44.00","378312.15","SABD0000000001","AAV1.0.0.11","4.0.0.2323","PSt7-10","170328-019","7/29/2022 11:23:46 AM","0000-00","0","no battery","V","","µV","","µV"
"08/09/2022","10:40:27","6","default","383292078","Oxt_06","38.412","min","99.923","%a.s.","Humid","20.381","deg","39803","µV","28.130","°C","1016.000","hPa","36.4","pmil","0","55.390","deg","20.000","°C","100.000","%a.s.","21.720","deg","20.000","°C","977.000","hPa","0.861","-0.02617","0.00035","0","0","13.56","Humid","26.25","0","44.00","378303.71","SABD0000000001","AAV1.0.0.11","4.0.0.2323","PSt7-10","170328-019","7/29/2022 11:23:46 AM","0000-00","0","no battery","V","","µV","","µV"
"08/09/2022","10:40:28","6","default","383292078","Oxt_06","38.429","min","99.876","%a.s.","Humid","20.387","deg","39800","µV","28.123","°C","1016.000","hPa","36.4","pmil","0","55.390","deg","20.000","°C","100.000","%a.s.","21.720","deg","20.000","°C","977.000","hPa","0.861","-0.02617","0.00035","0","0","13.56","Humid","26.25","0","44.00","378308.30","SABD0000000001","AAV1.0.0.11","4.0.0.2323","PSt7-10","170328-019","7/29/2022 11:23:46 AM","0000-00","0","no battery","V","","µV","","µV"
"08/09/2022","10:40:29","6","default","383292078","Oxt_06","38.446","min","99.923","%a.s.","Humid","20.381","deg","39805","µV","28.130","°C","1016.000","hPa","36.4","pmil","0","55.390","deg","20.000","°C","100.000","%a.s.","21.720","deg","20.000","°C","977.000","hPa","0.861","-0.02617","0.00035","0","0","13.56","Humid","26.25","0","44.00","378323.86","SABD0000000001","AAV1.0.0.11","4.0.0.2323","PSt7-10","170328-019","7/29/2022 11:23:46 AM","0000-00","0","no battery","V","","µV","","µV"
"08/09/2022","10:40:30","6","default","383292078","Oxt_06","38.463","min","99.817","%a.s.","Humid","20.394","deg","39793","µV","28.119","°C","1016.000","hPa","36.4","pmil","0","55.390","deg","20.000","°C","100.000","%a.s.","21.720","deg","20.000","°C","977.000","hPa","0.861","-0.02617","0.00035","0","0","13.56","Humid","26.25","0","44.00","378331.51","SABD0000000001","AAV1.0.0.11","4.0.0.2323","PSt7-10","170328-019","7/29/2022 11:23:46 AM","0000-00","0","no battery","V","","µV","","µV"
"08/09/2022","10:40:31","6","default","383292078","Oxt_06","38.479","min","99.973","%a.s.","Humid","20.376","deg","39794","µV","28.125","°C","1016.000","hPa","36.4","pmil","0","55.390","deg","20.000","°C","100.000","%a.s.","21.720","deg","20.000","°C","977.000","hPa","0.861","-0.02617","0.00035","0","0","13.56","Humid","26.25","0","44.00","378315.51","SABD0000000001","AAV1.0.0.11","4.0.0.2323","PSt7-10","170328-019","7/29/2022 11:23:46 AM","0000-00","0","no battery","V","","µV","","µV"
"08/09/2022","10:40:32","6","default","383292078","Oxt_06","38.496","min","99.869","%a.s.","Humid","20.387","deg","39799","µV","28.131","°C","1016.000","hPa","36.4","pmil","0","55.390","deg","20.000","°C","100.000","%a.s.","21.720","deg","20.000","°C","977.000","hPa","0.861","-0.02617","0.00035","0","0","13.56","Humid","26.25","0","44.00","378330.72","SABD0000000001","AAV1.0.0.11","4.0.0.2323","PSt7-10","170328-019","7/29/2022 11:23:46 AM","0000-00","0","no battery","V","","µV","","µV"
"08/09/2022","10:40:33","6","default","383292078","Oxt_06","38.513","min","99.901","%a.s.","Humid","20.384","deg","39794","µV","28.126","°C","1016.000","hPa","36.4","pmil","0","55.390","deg","20.000","°C","100.000","%a.s.","21.720","deg","20.000","°C","977.000","hPa","0.861","-0.02617","0.00035","0","0","13.56","Humid","26.25","0","44.00","378316.16","SABD0000000001","AAV1.0.0.11","4.0.0.2323","PSt7-10","170328-019","7/29/2022 11:23:46 AM","0000-00","0","no battery","V","","µV","","µV"
"08/09/2022","10:40:34","6","default","383292078","Oxt_06","38.529","min","99.939","%a.s.","Humid","20.381","deg","39798","µV","28.114","°C","1016.000","hPa","36.4","pmil","0","55.390","deg","20.000","°C","100.000","%a.s.","21.720","deg","20.000","°C","977.000","hPa","0.861","-0.02617","0.00035","0","0","13.56","Humid","26.25","0","44.00","378308.99","SABD0000000001","AAV1.0.0.11","4.0.0.2323","PSt7-10","170328-019","7/29/2022 11:23:46 AM","0000-00","0","no battery","V","","µV","","µV"
"08/09/2022","10:40:35","6","default","383292078","Oxt_06","38.546","min","99.946","%a.s.","Humid","20.379","deg","39794","µV","28.126","°C","1016.000","hPa","36.4","pmil","0","55.390","deg","20.000","°C","100.000","%a.s.","21.720","deg","20.000","°C","977.000","hPa","0.861","-0.02617","0.00035","0","0","13.56","Humid","26.25","0","44.00","378321.45","SABD0000000001","AAV1.0.0.11","4.0.0.2323","PSt7-10","170328-019","7/29/2022 11:23:46 AM","0000-00","0","no battery","V","","µV","","µV"
"08/09/2022","10:40:36","6","default","383292078","Oxt_06","38.562","min","99.886","%a.s.","Humid","20.387","deg","39794","µV","28.113","°C","1016.000","hPa","36.4","pmil","0","55.390","deg","20.000","°C","100.000","%a.s.","21.720","deg","20.000","°C","977.000","hPa","0.861","-0.02617","0.00035","0","0","13.56","Humid","26.25","0","44.00","378321.47","SABD0000000001","AAV1.0.0.11","4.0.0.2323","PSt7-10","170328-019","7/29/2022 11:23:46 AM","0000-00","0","no battery","V","","µV","","µV"
"08/09/2022","10:40:37","6","default","383292078","Oxt_06","38.579","min","99.948","%a.s.","Humid","20.380","deg","39792","µV","28.114","°C","1016.000","hPa","36.4","pmil","0","55.390","deg","20.000","°C","100.000","%a.s.","21.720","deg","20.000","°C","977.000","hPa","0.861","-0.02617","0.00035","0","0","13.56","Humid","26.25","0","44.00","378321.16","SABD0000000001","AAV1.0.0.11","4.0.0.2323","PSt7-10","170328-019","7/29/2022 11:23:46 AM","0000-00","0","no battery","V","","µV","","µV"
"08/09/2022","10:40:38","6","default","383292078","Oxt_06","38.595","min","99.971","%a.s.","Humid","20.377","deg","39795","µV","28.118","°C","1016.000","hPa","36.4","pmil","0","55.390","deg","20.000","°C","100.000","%a.s.","21.720","deg","20.000","°C","977.000","hPa","0.861","-0.02617","0.00035","0","0","13.56","Humid","26.25","0","44.00","378306.79","SABD0000000001","AAV1.0.0.11","4.0.0.2323","PSt7-10","170328-019","7/29/2022 11:23:46 AM","0000-00","0","no battery","V","","µV","","µV"
"08/09/2022","10:40:39","6","default","383292078","Oxt_06","38.612","min","99.957","%a.s.","Humid","20.379","deg","39786","µV","28.114","°C","1016.000","hPa","36.4","pmil","0","55.390","deg","20.000","°C","100.000","%a.s.","21.720","deg","20.000","°C","977.000","hPa","0.861","-0.02617","0.00035","0","0","13.56","Humid","26.25","0","44.00","378328.41","SABD0000000001","AAV1.0.0.11","4.0.0.2323","PSt7-10","170328-019","7/29/2022 11:23:46 AM","0000-00","0","no battery","V","","µV","","µV"
"08/09/2022","10:40:40","6","default","383292078","Oxt_06","38.628","min","99.960","%a.s.","Humid","20.378","deg","39789","µV","28.120","°C","1016.000","hPa","36.4","pmil","0","55.390","deg","20.000","°C","100.000","%a.s.","21.720","deg","20.000","°C","977.000","hPa","0.861","-0.02617","0.00035","0","0","13.56","Humid","26.25","0","44.00","378314.36","SABD0000000001","AAV1.0.0.11","4.0.0.2323","PSt7-10","170328-019","7/29/2022 11:23:46 AM","0000-00","0","no battery","V","","µV","","µV"
"08/09/2022","10:40:41","6","default","383292078","Oxt_06","38.645","min","100.034","%a.s.","Humid","20.370","deg","39792","µV","28.118","°C","1016.000","hPa","36.4","pmil","0","55.390","deg","20.000","°C","100.000","%a.s.","21.720","deg","20.000","°C","977.000","hPa","0.861","-0.02617","0.00035","0","0","13.56","Humid","26.25","0","44.00","378324.56","SABD0000000001","AAV1.0.0.11","4.0.0.2323","PSt7-10","170328-019","7/29/2022 11:23:46 AM","0000-00","0","no battery","V","","µV","","µV"
"08/09/2022","10:40:42","6","default","383292078","Oxt_06","38.662","min","99.950","%a.s.","Humid","20.381","deg","39788","µV","28.103","°C","1016.000","hPa","36.4","pmil","0","55.390","deg","20.000","°C","100.000","%a.s.","21.720","deg","20.000","°C","977.000","hPa","0.861","-0.02617","0.00035","0","0","13.56","Humid","26.25","0","44.00","378314.02","SABD0000000001","AAV1.0.0.11","4.0.0.2323","PSt7-10","170328-019","7/29/2022 11:23:46 AM","0000-00","0","no battery","V","","µV","","µV"
"08/09/2022","10:40:43","6","default","383292078","Oxt_06","38.679","min","100.084","%a.s.","Humid","20.366","deg","39787","µV","28.104","°C","1016.000","hPa","36.4","pmil","0","55.390","deg","20.000","°C","100.000","%a.s.","21.720","deg","20.000","°C","977.000","hPa","0.861","-0.02617","0.00035","0","0","13.56","Humid","26.25","0","44.00","378336.17","SABD0000000001","AAV1.0.0.11","4.0.0.2323","PSt7-10","170328-019","7/29/2022 11:23:46 AM","0000-00","0","no battery","V","","µV","","µV"
"08/09/2022","10:40:44","6","default","383292078","Oxt_06","38.695","min","99.974","%a.s.","Humid","20.378","deg","39788","µV","28.105","°C","1016.000","hPa","36.4","pmil","0","55.390","deg","20.000","°C","100.000","%a.s.","21.720","deg","20.000","°C","977.000","hPa","0.861","-0.02617","0.00035","0","0","13.56","Humid","26.25","0","44.00","378317.16","SABD0000000001","AAV1.0.0.11","4.0.0.2323","PSt7-10","170328-019","7/29/2022 11:23:46 AM","0000-00","0","no battery","V","","µV","","µV"
"08/09/2022","10:40:45","6","default","383292078","Oxt_06","38.712","min","99.998","%a.s.","Humid","20.373","deg","39785","µV","28.128","°C","1016.000","hPa","36.4","pmil","0","55.390","deg","20.000","°C","100.000","%a.s.","21.720","deg","20.000","°C","977.000","hPa","0.861","-0.02617","0.00035","0","0","13.56","Humid","26.25","0","44.00","378320.20","SABD0000000001","AAV1.0.0.11","4.0.0.2323","PSt7-10","170328-019","7/29/2022 11:23:46 AM","0000-00","0","no battery","V","","µV","","µV"
"08/09/2022","10:40:46","6","default","383292078","Oxt_06","38.729","min","99.996","%a.s.","Humid","20.374","deg","39786","µV","28.120","°C","1016.000","hPa","36.4","pmil","0","55.390","deg","20.000","°C","100.000","%a.s.","21.720","deg","20.000","°C","977.000","hPa","0.861","-0.02617","0.00035","0","0","13.56","Humid","26.25","0","44.00","378335.85","SABD0000000001","AAV1.0.0.11","4.0.0.2323","PSt7-10","170328-019","7/29/2022 11:23:46 AM","0000-00","0","no battery","V","","µV","","µV"
"08/09/2022","10:40:47","6","default","383292078","Oxt_06","38.745","min","100.021","%a.s.","Humid","20.371","deg","39788","µV","28.123","°C","1016.000","hPa","36.4","pmil","0","55.390","deg","20.000","°C","100.000","%a.s.","21.720","deg","20.000","°C","977.000","hPa","0.861","-0.02617","0.00035","0","0","13.56","Humid","26.25","0","44.00","378316.21","SABD0000000001","AAV1.0.0.11","4.0.0.2323","PSt7-10","170328-019","7/29/2022 11:23:46 AM","0000-00","0","no battery","V","","µV","","µV"
"08/09/2022","10:40:48","6","default","383292078","Oxt_06","38.762","min","100.007","%a.s.","Humid","20.373","deg","39785","µV","28.118","°C","1016.000","hPa","36.4","pmil","0","55.390","deg","20.000","°C","100.000","%a.s.","21.720","deg","20.000","°C","977.000","hPa","0.861","-0.02617","0.00035","0","0","13.56","Humid","26.25","0","44.00","378320.61","SABD0000000001","AAV1.0.0.11","4.0.0.2323","PSt7-10","170328-019","7/29/2022 11:23:46 AM","0000-00","0","no battery","V","","µV","","µV"
"08/09/2022","10:40:49","6","default","383292078","Oxt_06","38.779","min","100.012","%a.s.","Humid","20.373","deg","39780","µV","28.113","°C","1016.000","hPa","36.4","pmil","0","55.390","deg","20.000","°C","100.000","%a.s.","21.720","deg","20.000","°C","977.000","hPa","0.861","-0.02617","0.00035","0","0","13.56","Humid","26.25","0","44.00","378312.81","SABD0000000001","AAV1.0.0.11","4.0.0.2323","PSt7-10","170328-019","7/29/2022 11:23:46 AM","0000-00","0","no battery","V","","µV","","µV"
"08/09/2022","10:40:50","6","default","383292078","Oxt_06","38.795","min","100.021","%a.s.","Humid","20.373","deg","39789","µV","28.103","°C","1016.000","hPa","36.4","pmil","0","55.390","deg","20.000","°C","100.000","%a.s.","21.720","deg","20.000","°C","977.000","hPa","0.861","-0.02617","0.00035","0","0","13.56","Humid","26.25","0","44.00","378312.37","SABD0000000001","AAV1.0.0.11","4.0.0.2323","PSt7-10","170328-019","7/29/2022 11:23:46 AM","0000-00","0","no battery","V","","µV","","µV"
"08/09/2022","10:40:51","6","default","383292078","Oxt_06","38.812","min","100.020","%a.s.","Humid","20.371","deg","39780","µV","28.123","°C","1016.000","hPa","36.4","pmil","0","55.390","deg","20.000","°C","100.000","%a.s.","21.720","deg","20.000","°C","977.000","hPa","0.861","-0.02617","0.00035","0","0","13.56","Humid","26.25","0","44.00","378307.27","SABD0000000001","AAV1.0.0.11","4.0.0.2323","PSt7-10","170328-019","7/29/2022 11:23:46 AM","0000-00","0","no battery","V","","µV","","µV"
"08/09/2022","10:40:52","6","default","383292078","Oxt_06","38.829","min","100.007","%a.s.","Humid","20.373","deg","39779","µV","28.118","°C","1016.000","hPa","36.4","pmil","0","55.390","deg","20.000","°C","100.000","%a.s.","21.720","deg","20.000","°C","977.000","hPa","0.861","-0.02617","0.00035","0","0","13.56","Humid","26.25","0","44.00","378315.93","SABD0000000001","AAV1.0.0.11","4.0.0.2323","PSt7-10","170328-019","7/29/2022 11:23:46 AM","0000-00","0","no battery","V","","µV","","µV"
"08/09/2022","10:40:53","6","default","383292078","Oxt_06","38.846","min","100.032","%a.s.","Humid","20.370","deg","39777","µV","28.121","°C","1016.000","hPa","36.4","pmil","0","55.390","deg","20.000","°C","100.000","%a.s.","21.720","deg","20.000","°C","977.000","hPa","0.861","-0.02617","0.00035","0","0","13.56","Humid","26.25","0","44.00","378323.77","SABD0000000001","AAV1.0.0.11","4.0.0.2323","PSt7-10","170328-019","7/29/2022 11:23:46 AM","0000-00","0","no battery","V","","µV","","µV"
"08/09/2022","10:40:54","6","default","383292078","Oxt_06","38.862","min","99.989","%a.s.","Humid","20.374","deg","39775","µV","28.128","°C","1016.000","hPa","36.4","pmil","0","55.390","deg","20.000","°C","100.000","%a.s.","21.720","deg","20.000","°C","977.000","hPa","0.861","-0.02617","0.00035","0","0","13.56","Humid","26.25","0","44.00","378334.01","SABD0000000001","AAV1.0.0.11","4.0.0.2323","PSt7-10","170328-019","7/29/2022 11:23:46 AM","0000-00","0","no battery","V","","µV","","µV"
"08/09/2022","10:40:55","6","default","383292078","Oxt_06","38.879","min","100.018","%a.s.","Humid","20.371","deg","39777","µV","28.125","°C","1016.000","hPa","36.4","pmil","0","55.390","deg","20.000","°C","100.000","%a.s.","21.720","deg","20.000","°C","977.000","hPa","0.861","-0.02617","0.00035","0","0","13.56","Humid","26.25","0","44.00","378330.07","SABD0000000001","AAV1.0.0.11","4.0.0.2323","PSt7-10","170328-019","7/29/2022 11:23:46 AM","0000-00","0","no battery","V","","µV","","µV"
"08/09/2022","10:40:56","6","default","383292078","Oxt_06","38.895","min","100.065","%a.s.","Humid","20.366","deg","39780","µV","28.123","°C","1016.000","hPa","36.4","pmil","0","55.390","deg","20.000","°C","100.000","%a.s.","21.720","deg","20.000","°C","977.000","hPa","0.861","-0.02617","0.00035","0","0","13.56","Humid","26.25","0","44.00","378323.46","SABD0000000001","AAV1.0.0.11","4.0.0.2323","PSt7-10","170328-019","7/29/2022 11:23:46 AM","0000-00","0","no battery","V","","µV","","µV"
"08/09/2022","10:40:57","6","default","383292078","Oxt_06","38.912","min","99.924","%a.s.","Humid","20.382","deg","39773","µV","28.120","°C","1016.000","hPa","36.4","pmil","0","55.390","deg","20.000","°C","100.000","%a.s.","21.720","deg","20.000","°C","977.000","hPa","0.861","-0.02617","0.00035","0","0","13.56","Humid","26.25","0","44.00","378317.94","SABD0000000001","AAV1.0.0.11","4.0.0.2323","PSt7-10","170328-019","7/29/2022 11:23:46 AM","0000-00","0","no battery","V","","µV","","µV"
"08/09/2022","10:40:58","6","default","383292078","Oxt_06","38.929","min","100.073","%a.s.","Humid","20.367","deg","39774","µV","28.106","°C","1016.000","hPa","36.4","pmil","0","55.390","deg","20.000","°C","100.000","%a.s.","21.720","deg","20.000","°C","977.000","hPa","0.861","-0.02617","0.00035","0","0","13.56","Humid","26.25","0","44.00","378318.35","SABD0000000001","AAV1.0.0.11","4.0.0.2323","PSt7-10","170328-019","7/29/2022 11:23:46 AM","0000-00","0","no battery","V","","µV","","µV"
"08/09/2022","10:40:59","6","default","383292078","Oxt_06","38.945","min","99.978","%a.s.","Humid","20.377","deg","39777","µV","28.111","°C","1016.000","hPa","36.4","pmil","0","55.390","deg","20.000","°C","100.000","%a.s.","21.720","deg","20.000","°C","977.000","hPa","0.861","-0.02617","0.00035","0","0","13.56","Humid","26.25","0","44.00","378319.22","SABD0000000001","AAV1.0.0.11","4.0.0.2323","PSt7-10","170328-019","7/29/2022 11:23:46 AM","0000-00","0","no battery","V","","µV","","µV"
"08/09/2022","10:41:00","6","default","383292078","Oxt_06","38.962","min","100.074","%a.s.","Humid","20.366","deg","39772","µV","28.114","°C","1016.000","hPa","36.4","pmil","0","55.390","deg","20.000","°C","100.000","%a.s.","21.720","deg","20.000","°C","977.000","hPa","0.861","-0.02617","0.00035","0","0","13.56","Humid","26.25","0","44.00","378321.28","SABD0000000001","AAV1.0.0.11","4.0.0.2323","PSt7-10","170328-019","7/29/2022 11:23:46 AM","0000-00","0","no battery","V","","µV","","µV"
"08/09/2022","10:41:01","6","default","383292078","Oxt_06","38.979","min","100.056","%a.s.","Humid","20.367","deg","39772","µV","28.123","°C","1016.000","hPa","36.4","pmil","0","55.390","deg","20.000","°C","100.000","%a.s.","21.720","deg","20.000","°C","977.000","hPa","0.861","-0.02617","0.00035","0","0","13.56","Humid","26.25","0","44.00","378308.57","SABD0000000001","AAV1.0.0.11","4.0.0.2323","PSt7-10","170328-019","7/29/2022 11:23:46 AM","0000-00","0","no battery","V","","µV","","µV"
"08/09/2022","10:41:02","6","default","383292078","Oxt_06","38.996","min","100.108","%a.s.","Humid","20.363","deg","39771","µV","28.107","°C","1016.000","hPa","36.4","pmil","0","55.390","deg","20.000","°C","100.000","%a.s.","21.720","deg","20.000","°C","977.000","hPa","0.861","-0.02617","0.00035","0","0","13.56","Humid","26.25","0","44.00","378310.74","SABD0000000001","AAV1.0.0.11","4.0.0.2323","PSt7-10","170328-019","7/29/2022 11:23:46 AM","0000-00","0","no battery","V","","µV","","µV"
"08/09/2022","10:41:03","6","default","383292078","Oxt_06","39.012","min","100.094","%a.s.","Humid","20.364","deg","39775","µV","28.112","°C","1016.000","hPa","36.4","pmil","0","55.390","deg","20.000","°C","100.000","%a.s.","21.720","deg","20.000","°C","977.000","hPa","0.861","-0.02617","0.00035","0","0","13.56","Humid","26.25","0","44.00","378315.98","SABD0000000001","AAV1.0.0.11","4.0.0.2323","PSt7-10","170328-019","7/29/2022 11:23:46 AM","0000-00","0","no battery","V","","µV","","µV"
"08/09/2022","10:41:04","6","default","383292078","Oxt_06","39.029","min","100.012","%a.s.","Humid","20.372","deg","39768","µV","28.123","°C","1016.000","hPa","36.4","pmil","0","55.390","deg","20.000","°C","100.000","%a.s.","21.720","deg","20.000","°C","977.000","hPa","0.861","-0.02617","0.00035","0","0","13.56","Humid","26.25","0","44.00","378314.79","SABD0000000001","AAV1.0.0.11","4.0.0.2323","PSt7-10","170328-019","7/29/2022 11:23:46 AM","0000-00","0","no battery","V","","µV","","µV"
"08/09/2022","10:41:05","6","default","383292078","Oxt_06","39.046","min","100.087","%a.s.","Humid","20.364","deg","39771","µV","28.120","°C","1016.000","hPa","36.4","pmil","0","55.390","deg","20.000","°C","100.000","%a.s.","21.720","deg","20.000","°C","977.000","hPa","0.861","-0.02617","0.00035","0","0","13.56","Humid","26.25","0","44.00","378312.05","SABD0000000001","AAV1.0.0.11","4.0.0.2323","PSt7-10","170328-019","7/29/2022 11:23:46 AM","0000-00","0","no battery","V","","µV","","µV"
"08/09/2022","10:41:06","6","default","383292078","Oxt_06","39.062","min","100.026","%a.s.","Humid","20.371","deg","39766","µV","28.118","°C","1016.000","hPa","36.4","pmil","0","55.390","deg","20.000","°C","100.000","%a.s.","21.720","deg","20.000","°C","977.000","hPa","0.861","-0.02617","0.00035","0","0","13.56","Humid","26.25","0","44.00","378310.16","SABD0000000001","AAV1.0.0.11","4.0.0.2323","PSt7-10","170328-019","7/29/2022 11:23:46 AM","0000-00","0","no battery","V","","µV","","µV"
"08/09/2022","10:41:07","6","default","383292078","Oxt_06","39.079","min","100.018","%a.s.","Humid","20.372","deg","39764","µV","28.117","°C","1016.000","hPa","36.4","pmil","0","55.390","deg","20.000","°C","100.000","%a.s.","21.720","deg","20.000","°C","977.000","hPa","0.861","-0.02617","0.00035","0","0","13.56","Humid","26.25","0","44.00","378315.79","SABD0000000001","AAV1.0.0.11","4.0.0.2323","PSt7-10","170328-019","7/29/2022 11:23:46 AM","0000-00","0","no battery","V","","µV","","µV"
"08/09/2022","10:41:08","6","default","383292078","Oxt_06","39.096","min","100.021","%a.s.","Humid","20.372","deg","39769","µV","28.113","°C","1016.000","hPa","36.4","pmil","0","55.390","deg","20.000","°C","100.000","%a.s.","21.720","deg","20.000","°C","977.000","hPa","0.861","-0.02617","0.00035","0","0","13.56","Humid","26.25","0","44.00","378324.70","SABD0000000001","AAV1.0.0.11","4.0.0.2323","PSt7-10","170328-019","7/29/2022 11:23:46 AM","0000-00","0","no battery","V","","µV","","µV"
"08/09/2022","10:41:09","6","default","383292078","Oxt_06","39.112","min","100.144","%a.s.","Humid","20.358","deg","39765","µV","28.117","°C","1016.000","hPa","36.4","pmil","0","55.390","deg","20.000","°C","100.000","%a.s.","21.720","deg","20.000","°C","977.000","hPa","0.861","-0.02617","0.00035","0","0","13.56","Humid","26.25","0","44.00","378319.05","SABD0000000001","AAV1.0.0.11","4.0.0.2323","PSt7-10","170328-019","7/29/2022 11:23:46 AM","0000-00","0","no battery","V","","µV","","µV"
"08/09/2022","10:41:10","6","default","383292078","Oxt_06","39.129","min","99.989","%a.s.","Humid","20.375","deg","39769","µV","28.119","°C","1016.000","hPa","36.4","pmil","0","55.390","deg","20.000","°C","100.000","%a.s.","21.720","deg","20.000","°C","977.000","hPa","0.861","-0.02617","0.00035","0","0","13.56","Humid","26.25","0","44.00","378313.96","SABD0000000001","AAV1.0.0.11","4.0.0.2323","PSt7-10","170328-019","7/29/2022 11:23:46 AM","0000-00","0","no battery","V","","µV","","µV"
"08/09/2022","10:41:11","6","default","383292078","Oxt_06","39.146","min","100.080","%a.s.","Humid","20.365","deg","39764","µV","28.117","°C","1016.000","hPa","36.4","pmil","0","55.390","deg","20.000","°C","100.000","%a.s.","21.720","deg","20.000","°C","977.000","hPa","0.861","-0.02617","0.00035","0","0","13.56","Humid","26.25","0","44.00","378320.44","SABD0000000001","AAV1.0.0.11","4.0.0.2323","PSt7-10","170328-019","7/29/2022 11:23:46 AM","0000-00","0","no battery","V","","µV","","µV"
"08/09/2022","10:41:12","6","default","383292078","Oxt_06","39.163","min","100.097","%a.s.","Humid","20.363","deg","39761","µV","28.119","°C","1016.000","hPa","36.4","pmil","0","55.390","deg","20.000","°C","100.000","%a.s.","21.720","deg","20.000","°C","977.000","hPa","0.861","-0.02617","0.00035","0","0","13.56","Humid","26.25","0","44.00","378310.57","SABD0000000001","AAV1.0.0.11","4.0.0.2323","PSt7-10","170328-019","7/29/2022 11:23:46 AM","0000-00","0","no battery","V","","µV","","µV"
"08/09/2022","10:41:13","6","default","383292078","Oxt_06","39.179","min","100.086","%a.s.","Humid","20.365","deg","39764","µV","28.111","°C","1016.000","hPa","36.4","pmil","0","55.390","deg","20.000","°C","100.000","%a.s.","21.720","deg","20.000","°C","977.000","hPa","0.861","-0.02617","0.00035","0","0","13.56","Humid","26.25","0","44.00","378315.91","SABD0000000001","AAV1.0.0.11","4.0.0.2323","PSt7-10","170328-019","7/29/2022 11:23:46 AM","0000-00","0","no battery","V","","µV","","µV"
"08/09/2022","10:41:14","6","default","383292078","Oxt_06","39.196","min","100.101","%a.s.","Humid","20.363","deg","39764","µV","28.115","°C","1016.000","hPa","36.4","pmil","0","55.390","deg","20.000","°C","100.000","%a.s.","21.720","deg","20.000","°C","977.000","hPa","0.861","-0.02617","0.00035","0","0","13.56","Humid","26.25","0","44.00","378320.62","SABD0000000001","AAV1.0.0.11","4.0.0.2323","PSt7-10","170328-019","7/29/2022 11:23:46 AM","0000-00","0","no battery","V","","µV","","µV"
"08/09/2022","10:41:15","6","default","383292078","Oxt_06","39.213","min","100.132","%a.s.","Humid","20.360","deg","39759","µV","28.111","°C","1016.000","hPa","36.4","pmil","0","55.390","deg","20.000","°C","100.000","%a.s.","21.720","deg","20.000","°C","977.000","hPa","0.861","-0.02617","0.00035","0","0","13.56","Humid","26.25","0","44.00","378315.34","SABD0000000001","AAV1.0.0.11","4.0.0.2323","PSt7-10","170328-019","7/29/2022 11:23:46 AM","0000-00","0","no battery","V","","µV","","µV"
"08/09/2022","10:41:16","6","default","383292078","Oxt_06","39.229","min","100.019","%a.s.","Humid","20.372","deg","39753","µV","28.116","°C","1016.000","hPa","36.4","pmil","0","55.390","deg","20.000","°C","100.000","%a.s.","21.720","deg","20.000","°C","977.000","hPa","0.861","-0.02617","0.00035","0","0","13.56","Humid","26.25","0","44.00","378298.74","SABD0000000001","AAV1.0.0.11","4.0.0.2323","PSt7-10","170328-019","7/29/2022 11:23:46 AM","0000-00","0","no battery","V","","µV","","µV"
"08/09/2022","10:41:17","6","default","383292078","Oxt_06","39.246","min","100.037","%a.s.","Humid","20.370","deg","39755","µV","28.115","°C","1016.000","hPa","36.4","pmil","0","55.390","deg","20.000","°C","100.000","%a.s.","21.720","deg","20.000","°C","977.000","hPa","0.861","-0.02617","0.00035","0","0","13.56","Humid","26.25","0","44.00","378307.77","SABD0000000001","AAV1.0.0.11","4.0.0.2323","PSt7-10","170328-019","7/29/2022 11:23:46 AM","0000-00","0","no battery","V","","µV","","µV"
"08/09/2022","10:41:18","6","default","383292078","Oxt_06","39.263","min","100.123","%a.s.","Humid","20.362","deg","39756","µV","28.101","°C","1016.000","hPa","36.4","pmil","0","55.390","deg","20.000","°C","100.000","%a.s.","21.720","deg","20.000","°C","977.000","hPa","0.861","-0.02617","0.00035","0","0","13.56","Humid","26.25","0","44.00","378324.37","SABD0000000001","AAV1.0.0.11","4.0.0.2323","PSt7-10","170328-019","7/29/2022 11:23:46 AM","0000-00","0","no battery","V","","µV","","µV"
"08/09/2022","10:41:19","6","default","383292078","Oxt_06","39.279","min","100.131","%a.s.","Humid","20.360","deg","39752","µV","28.111","°C","1016.000","hPa","36.4","pmil","0","55.390","deg","20.000","°C","100.000","%a.s.","21.720","deg","20.000","°C","977.000","hPa","0.861","-0.02617","0.00035","0","0","13.56","Humid","26.25","0","44.00","378308.84","SABD0000000001","AAV1.0.0.11","4.0.0.2323","PSt7-10","170328-019","7/29/2022 11:23:46 AM","0000-00","0","no battery","V","","µV","","µV"
"08/09/2022","10:41:20","6","default","383292078","Oxt_06","39.295","min","100.008","%a.s.","Humid","20.363","deg","39754","µV","28.109","°C","1017.000","hPa","36.4","pmil","0","55.390","deg","20.000","°C","100.000","%a.s.","21.720","deg","20.000","°C","977.000","hPa","0.861","-0.02617","0.00035","0","0","13.56","Humid","26.25","0","44.00","378333.05","SABD0000000001","AAV1.0.0.11","4.0.0.2323","PSt7-10","170328-019","7/29/2022 11:23:46 AM","0000-00","0","no battery","V","","µV","","µV"
"08/09/2022","10:41:21","6","default","383292078","Oxt_06","39.312","min","100.138","%a.s.","Humid","20.360","deg","39750","µV","28.105","°C","1016.000","hPa","36.4","pmil","0","55.390","deg","20.000","°C","100.000","%a.s.","21.720","deg","20.000","°C","977.000","hPa","0.861","-0.02617","0.00035","0","0","13.56","Humid","26.25","0","44.00","378319.21","SABD0000000001","AAV1.0.0.11","4.0.0.2323","PSt7-10","170328-019","7/29/2022 11:23:46 AM","0000-00","0","no battery","V","","µV","","µV"
"08/09/2022","10:41:22","6","default","383292078","Oxt_06","39.328","min","100.139","%a.s.","Humid","20.358","deg","39750","µV","28.122","°C","1016.000","hPa","36.4","pmil","0","55.390","deg","20.000","°C","100.000","%a.s.","21.720","deg","20.000","°C","977.000","hPa","0.861","-0.02617","0.00035","0","0","13.56","Humid","26.25","0","44.00","378310.29","SABD0000000001","AAV1.0.0.11","4.0.0.2323","PSt7-10","170328-019","7/29/2022 11:23:46 AM","0000-00","0","no battery","V","","µV","","µV"
"08/09/2022","10:41:23","6","default","383292078","Oxt_06","39.345","min","100.162","%a.s.","Humid","20.356","deg","39752","µV","28.117","°C","1016.000","hPa","36.4","pmil","0","55.390","deg","20.000","°C","100.000","%a.s.","21.720","deg","20.000","°C","977.000","hPa","0.861","-0.02617","0.00035","0","0","13.56","Humid","26.25","0","44.00","378304.78","SABD0000000001","AAV1.0.0.11","4.0.0.2323","PSt7-10","170328-019","7/29/2022 11:23:46 AM","0000-00","0","no battery","V","","µV","","µV"
"08/09/2022","10:41:24","6","default","383292078","Oxt_06","39.362","min","100.133","%a.s.","Humid","20.359","deg","39754","µV","28.119","°C","1016.000","hPa","36.4","pmil","0","55.390","deg","20.000","°C","100.000","%a.s.","21.720","deg","20.000","°C","977.000","hPa","0.861","-0.02617","0.00035","0","0","13.56","Humid","26.25","0","44.00","378305.58","SABD0000000001","AAV1.0.0.11","4.0.0.2323","PSt7-10","170328-019","7/29/2022 11:23:46 AM","0000-00","0","no battery","V","","µV","","µV"
"08/09/2022","10:41:25","6","default","383292078","Oxt_06","39.378","min","100.157","%a.s.","Humid","20.357","deg","39749","µV","28.113","°C","1016.000","hPa","36.4","pmil","0","55.390","deg","20.000","°C","100.000","%a.s.","21.720","deg","20.000","°C","977.000","hPa","0.861","-0.02617","0.00035","0","0","13.56","Humid","26.25","0","44.00","378304.91","SABD0000000001","AAV1.0.0.11","4.0.0.2323","PSt7-10","170328-019","7/29/2022 11:23:46 AM","0000-00","0","no battery","V","","µV","","µV"
"08/09/2022","10:41:26","6","default","383292078","Oxt_06","39.395","min","100.174","%a.s.","Humid","20.355","deg","39754","µV","28.114","°C","1016.000","hPa","36.4","pmil","0","55.390","deg","20.000","°C","100.000","%a.s.","21.720","deg","20.000","°C","977.000","hPa","0.861","-0.02617","0.00035","0","0","13.56","Humid","26.25","0","44.00","378309.27","SABD0000000001","AAV1.0.0.11","4.0.0.2323","PSt7-10","170328-019","7/29/2022 11:23:46 AM","0000-00","0","no battery","V","","µV","","µV"
"08/09/2022","10:41:27","6","default","383292078","Oxt_06","39.412","min","100.070","%a.s.","Humid","20.367","deg","39745","µV","28.109","°C","1016.000","hPa","36.4","pmil","0","55.390","deg","20.000","°C","100.000","%a.s.","21.720","deg","20.000","°C","977.000","hPa","0.861","-0.02617","0.00035","0","0","13.56","Humid","26.25","0","44.00","378308.27","SABD0000000001","AAV1.0.0.11","4.0.0.2323","PSt7-10","170328-019","7/29/2022 11:23:46 AM","0000-00","0","no battery","V","","µV","","µV"
"08/09/2022","10:41:28","6","default","383292078","Oxt_06","39.429","min","100.163","%a.s.","Humid","20.357","deg","39746","µV","28.106","°C","1016.000","hPa","36.4","pmil","0","55.390","deg","20.000","°C","100.000","%a.s.","21.720","deg","20.000","°C","977.000","hPa","0.861","-0.02617","0.00035","0","0","13.56","Humid","26.25","0","44.00","378315.82","SABD0000000001","AAV1.0.0.11","4.0.0.2323","PSt7-10","170328-019","7/29/2022 11:23:46 AM","0000-00","0","no battery","V","","µV","","µV"
"08/09/2022","10:41:29","6","default","383292078","Oxt_06","39.445","min","100.212","%a.s.","Humid","20.350","deg","39746","µV","28.122","°C","1016.000","hPa","36.4","pmil","0","55.390","deg","20.000","°C","100.000","%a.s.","21.720","deg","20.000","°C","977.000","hPa","0.861","-0.02617","0.00035","0","0","13.56","Humid","26.25","0","44.00","378296.70","SABD0000000001","AAV1.0.0.11","4.0.0.2323","PSt7-10","170328-019","7/29/2022 11:23:46 AM","0000-00","0","no battery","V","","µV","","µV"
"08/09/2022","10:41:30","6","default","383292078","Oxt_06","39.462","min","100.222","%a.s.","Humid","20.351","deg","39742","µV","28.102","°C","1016.000","hPa","36.4","pmil","0","55.390","deg","20.000","°C","100.000","%a.s.","21.720","deg","20.000","°C","977.000","hPa","0.861","-0.02617","0.00035","0","0","13.56","Humid","26.25","0","44.00","378309.24","SABD0000000001","AAV1.0.0.11","4.0.0.2323","PSt7-10","170328-019","7/29/2022 11:23:46 AM","0000-00","0","no battery","V","","µV","","µV"
"08/09/2022","10:41:31","6","default","383292078","Oxt_06","39.479","min","100.198","%a.s.","Humid","20.353","deg","39744","µV","28.108","°C","1016.000","hPa","36.4","pmil","0","55.390","deg","20.000","°C","100.000","%a.s.","21.720","deg","20.000","°C","977.000","hPa","0.861","-0.02617","0.00035","0","0","13.56","Humid","26.25","0","44.00","378302.07","SABD0000000001","AAV1.0.0.11","4.0.0.2323","PSt7-10","170328-019","7/29/2022 11:23:46 AM","0000-00","0","no battery","V","","µV","","µV"
"08/09/2022","10:41:32","6","default","383292078","Oxt_06","39.495","min","100.107","%a.s.","Humid","20.362","deg","39742","µV","28.118","°C","1016.000","hPa","36.4","pmil","0","55.390","deg","20.000","°C","100.000","%a.s.","21.720","deg","20.000","°C","977.000","hPa","0.861","-0.02617","0.00035","0","0","13.56","Humid","26.25","0","44.00","378301.97","SABD0000000001","AAV1.0.0.11","4.0.0.2323","PSt7-10","170328-019","7/29/2022 11:23:46 AM","0000-00","0","no battery","V","","µV","","µV"
"08/09/2022","10:41:33","6","default","383292078","Oxt_06","39.512","min","100.202","%a.s.","Humid","20.353","deg","39738","µV","28.104","°C","1016.000","hPa","36.4","pmil","0","55.390","deg","20.000","°C","100.000","%a.s.","21.720","deg","20.000","°C","977.000","hPa","0.861","-0.02617","0.00035","0","0","13.56","Humid","26.25","0","44.00","378295.06","SABD0000000001","AAV1.0.0.11","4.0.0.2323","PSt7-10","170328-019","7/29/2022 11:23:46 AM","0000-00","0","no battery","V","","µV","","µV"
"08/09/2022","10:41:34","6","default","383292078","Oxt_06","39.529","min","100.109","%a.s.","Humid","20.352","deg","39736","µV","28.107","°C","1017.000","hPa","36.4","pmil","0","55.390","deg","20.000","°C","100.000","%a.s.","21.720","deg","20.000","°C","977.000","hPa","0.861","-0.02617","0.00035","0","0","13.56","Humid","26.25","0","44.00","378309.19","SABD0000000001","AAV1.0.0.11","4.0.0.2323","PSt7-10","170328-019","7/29/2022 11:23:46 AM","0000-00","0","no battery","V","","µV","","µV"
"08/09/2022","10:41:35","6","default","383292078","Oxt_06","39.546","min","100.090","%a.s.","Humid","20.365","deg","39730","µV","28.107","°C","1016.000","hPa","36.4","pmil","0","55.390","deg","20.000","°C","100.000","%a.s.","21.720","deg","20.000","°C","977.000","hPa","0.861","-0.02617","0.00035","0","0","13.56","Humid","26.25","0","44.00","378305.33","SABD0000000001","AAV1.0.0.11","4.0.0.2323","PSt7-10","170328-019","7/29/2022 11:23:46 AM","0000-00","0","no battery","V","","µV","","µV"
"08/09/2022","10:41:36","6","default","383292078","Oxt_06","39.562","min","100.232","%a.s.","Humid","20.349","deg","39728","µV","28.110","°C","1016.000","hPa","36.4","pmil","0","55.390","deg","20.000","°C","100.000","%a.s.","21.720","deg","20.000","°C","977.000","hPa","0.861","-0.02617","0.00035","0","0","13.56","Humid","26.25","0","44.00","378299.98","SABD0000000001","AAV1.0.0.11","4.0.0.2323","PSt7-10","170328-019","7/29/2022 11:23:46 AM","0000-00","0","no battery","V","","µV","","µV"
"08/09/2022","10:41:37","6","default","383292078","Oxt_06","39.579","min","100.182","%a.s.","Humid","20.355","deg","39733","µV","28.105","°C","1016.000","hPa","36.4","pmil","0","55.390","deg","20.000","°C","100.000","%a.s.","21.720","deg","20.000","°C","977.000","hPa","0.861","-0.02617","0.00035","0","0","13.56","Humid","26.25","0","44.00","378305.10","SABD0000000001","AAV1.0.0.11","4.0.0.2323","PSt7-10","170328-019","7/29/2022 11:23:46 AM","0000-00","0","no battery","V","","µV","","µV"
"08/09/2022","10:41:38","6","default","383292078","Oxt_06","39.596","min","100.275","%a.s.","Humid","20.345","deg","39734","µV","28.103","°C","1016.000","hPa","36.4","pmil","0","55.390","deg","20.000","°C","100.000","%a.s.","21.720","deg","20.000","°C","977.000","hPa","0.861","-0.02617","0.00035","0","0","13.56","Humid","26.25","0","44.00","378310.23","SABD0000000001","AAV1.0.0.11","4.0.0.2323","PSt7-10","170328-019","7/29/2022 11:23:46 AM","0000-00","0","no battery","V","","µV","","µV"
"08/09/2022","10:41:39","6","default","383292078","Oxt_06","39.612","min","100.299","%a.s.","Humid","20.343","deg","39734","µV","28.097","°C","1016.000","hPa","36.4","pmil","0","55.390","deg","20.000","°C","100.000","%a.s.","21.720","deg","20.000","°C","977.000","hPa","0.861","-0.02617","0.00035","0","0","13.56","Humid","26.25","0","44.00","378293.71","SABD0000000001","AAV1.0.0.11","4.0.0.2323","PSt7-10","170328-019","7/29/2022 11:23:46 AM","0000-00","0","no battery","V","","µV","","µV"
"08/09/2022","10:41:40","6","default","383292078","Oxt_06","39.629","min","100.264","%a.s.","Humid","20.347","deg","39732","µV","28.096","°C","1016.000","hPa","36.4","pmil","0","55.390","deg","20.000","°C","100.000","%a.s.","21.720","deg","20.000","°C","977.000","hPa","0.861","-0.02617","0.00035","0","0","13.56","Humid","26.25","0","44.00","378295.40","SABD0000000001","AAV1.0.0.11","4.0.0.2323","PSt7-10","170328-019","7/29/2022 11:23:46 AM","0000-00","0","no battery","V","","µV","","µV"
"08/09/2022","10:41:41","6","default","383292078","Oxt_06","39.646","min","100.231","%a.s.","Humid","20.351","deg","39727","µV","28.093","°C","1016.000","hPa","36.4","pmil","0","55.390","deg","20.000","°C","100.000","%a.s.","21.720","deg","20.000","°C","977.000","hPa","0.861","-0.02617","0.00035","0","0","13.56","Humid","26.25","0","44.00","378297.90","SABD0000000001","AAV1.0.0.11","4.0.0.2323","PSt7-10","170328-019","7/29/2022 11:23:46 AM","0000-00","0","no battery","V","","µV","","µV"
"08/09/2022","10:41:42","6","default","383292078","Oxt_06","39.662","min","100.220","%a.s.","Humid","20.350","deg","39729","µV","28.113","°C","1016.000","hPa","36.4","pmil","0","55.390","deg","20.000","°C","100.000","%a.s.","21.720","deg","20.000","°C","977.000","hPa","0.861","-0.02617","0.00035","0","0","13.56","Humid","26.25","0","44.00","378309.67","SABD0000000001","AAV1.0.0.11","4.0.0.2323","PSt7-10","170328-019","7/29/2022 11:23:46 AM","0000-00","0","no battery","V","","µV","","µV"
"08/09/2022","10:41:43","6","default","383292078","Oxt_06","39.679","min","100.221","%a.s.","Humid","20.349","deg","39727","µV","28.122","°C","1016.000","hPa","36.4","pmil","0","55.390","deg","20.000","°C","100.000","%a.s.","21.720","deg","20.000","°C","977.000","hPa","0.861","-0.02617","0.00035","0","0","13.56","Humid","26.25","0","44.00","378312.41","SABD0000000001","AAV1.0.0.11","4.0.0.2323","PSt7-10","170328-019","7/29/2022 11:23:46 AM","0000-00","0","no battery","V","","µV","","µV"
"08/09/2022","10:41:44","6","default","383292078","Oxt_06","39.696","min","100.330","%a.s.","Humid","20.339","deg","39729","µV","28.102","°C","1016.000","hPa","36.4","pmil","0","55.390","deg","20.000","°C","100.000","%a.s.","21.720","deg","20.000","°C","977.000","hPa","0.861","-0.02617","0.00035","0","0","13.56","Humid","26.25","0","44.00","378311.25","SABD0000000001","AAV1.0.0.11","4.0.0.2323","PSt7-10","170328-019","7/29/2022 11:23:46 AM","0000-00","0","no battery","V","","µV","","µV"
"08/09/2022","10:41:45","6","default","383292078","Oxt_06","39.712","min","100.181","%a.s.","Humid","20.355","deg","39728","µV","28.106","°C","1016.000","hPa","36.4","pmil","0","55.390","deg","20.000","°C","100.000","%a.s.","21.720","deg","20.000","°C","977.000","hPa","0.861","-0.02617","0.00035","0","0","13.56","Humid","26.25","0","44.00","378299.55","SABD0000000001","AAV1.0.0.11","4.0.0.2323","PSt7-10","170328-019","7/29/2022 11:23:46 AM","0000-00","0","no battery","V","","µV","","µV"
"08/09/2022","10:41:46","6","default","383292078","Oxt_06","39.729","min","100.246","%a.s.","Humid","20.347","deg","39726","µV","28.115","°C","1016.000","hPa","36.4","pmil","0","55.390","deg","20.000","°C","100.000","%a.s.","21.720","deg","20.000","°C","977.000","hPa","0.861","-0.02617","0.00035","0","0","13.56","Humid","26.25","0","44.00","378291.74","SABD0000000001","AAV1.0.0.11","4.0.0.2323","PSt7-10","170328-019","7/29/2022 11:23:46 AM","0000-00","0","no battery","V","","µV","","µV"
"08/09/2022","10:41:47","6","default","383292078","Oxt_06","39.746","min","100.236","%a.s.","Humid","20.348","deg","39724","µV","28.115","°C","1016.000","hPa","36.4","pmil","0","55.390","deg","20.000","°C","100.000","%a.s.","21.720","deg","20.000","°C","977.000","hPa","0.861","-0.02617","0.00035","0","0","13.56","Humid","26.25","0","44.00","378296.36","SABD0000000001","AAV1.0.0.11","4.0.0.2323","PSt7-10","170328-019","7/29/2022 11:23:46 AM","0000-00","0","no battery","V","","µV","","µV"
"08/09/2022","10:41:48","6","default","383292078","Oxt_06","39.763","min","100.245","%a.s.","Humid","20.348","deg","39725","µV","28.106","°C","1016.000","hPa","36.4","pmil","0","55.390","deg","20.000","°C","100.000","%a.s.","21.720","deg","20.000","°C","977.000","hPa","0.861","-0.02617","0.00035","0","0","13.56","Humid","26.25","0","44.00","378301.62","SABD0000000001","AAV1.0.0.11","4.0.0.2323","PSt7-10","170328-019","7/29/2022 11:23:46 AM","0000-00","0","no battery","V","","µV","","µV"
"08/09/2022","10:41:49","6","default","383292078","Oxt_06","39.779","min","100.227","%a.s.","Humid","20.350","deg","39728","µV","28.106","°C","1016.000","hPa","36.4","pmil","0","55.390","deg","20.000","°C","100.000","%a.s.","21.720","deg","20.000","°C","977.000","hPa","0.861","-0.02617","0.00035","0","0","13.56","Humid","26.25","0","44.00","378289.35","SABD0000000001","AAV1.0.0.11","4.0.0.2323","PSt7-10","170328-019","7/29/2022 11:23:46 AM","0000-00","0","no battery","V","","µV","","µV"
"08/09/2022","10:41:50","6","default","383292078","Oxt_06","39.796","min","100.283","%a.s.","Humid","20.344","deg","39724","µV","28.104","°C","1016.000","hPa","36.4","pmil","0","55.390","deg","20.000","°C","100.000","%a.s.","21.720","deg","20.000","°C","977.000","hPa","0.861","-0.02617","0.00035","0","0","13.56","Humid","26.25","0","44.00","378301.43","SABD0000000001","AAV1.0.0.11","4.0.0.2323","PSt7-10","170328-019","7/29/2022 11:23:46 AM","0000-00","0","no battery","V","","µV","","µV"
"08/09/2022","10:41:51","6","default","383292078","Oxt_06","39.812","min","100.235","%a.s.","Humid","20.349","deg","39726","µV","28.107","°C","1016.000","hPa","36.4","pmil","0","55.390","deg","20.000","°C","100.000","%a.s.","21.720","deg","20.000","°C","977.000","hPa","0.861","-0.02617","0.00035","0","0","13.56","Humid","26.25","0","44.00","378292.36","SABD0000000001","AAV1.0.0.11","4.0.0.2323","PSt7-10","170328-019","7/29/2022 11:23:46 AM","0000-00","0","no battery","V","","µV","","µV"
"08/09/2022","10:41:52","6","default","383292078","Oxt_06","39.829","min","100.202","%a.s.","Humid","20.352","deg","39715","µV","28.113","°C","1016.000","hPa","36.4","pmil","0","55.390","deg","20.000","°C","100.000","%a.s.","21.720","deg","20.000","°C","977.000","hPa","0.861","-0.02617","0.00035","0","0","13.56","Humid","26.25","0","44.00","378293.39","SABD0000000001","AAV1.0.0.11","4.0.0.2323","PSt7-10","170328-019","7/29/2022 11:23:46 AM","0000-00","0","no battery","V","","µV","","µV"
"08/09/2022","10:41:53","6","default","383292078","Oxt_06","39.845","min","100.211","%a.s.","Humid","20.352","deg","39719","µV","28.104","°C","1016.000","hPa","36.4","pmil","0","55.390","deg","20.000","°C","100.000","%a.s.","21.720","deg","20.000","°C","977.000","hPa","0.861","-0.02617","0.00035","0","0","13.56","Humid","26.25","0","44.00","378295.76","SABD0000000001","AAV1.0.0.11","4.0.0.2323","PSt7-10","170328-019","7/29/2022 11:23:46 AM","0000-00","0","no battery","V","","µV","","µV"
"08/09/2022","10:41:54","6","default","383292078","Oxt_06","39.862","min","100.257","%a.s.","Humid","20.346","deg","39715","µV","28.113","°C","1016.000","hPa","36.4","pmil","0","55.390","deg","20.000","°C","100.000","%a.s.","21.720","deg","20.000","°C","977.000","hPa","0.861","-0.02617","0.00035","0","0","13.56","Humid","26.25","0","44.00","378289.16","SABD0000000001","AAV1.0.0.11","4.0.0.2323","PSt7-10","170328-019","7/29/2022 11:23:46 AM","0000-00","0","no battery","V","","µV","","µV"
"08/09/2022","10:41:55","6","default","383292078","Oxt_06","39.879","min","100.253","%a.s.","Humid","20.347","deg","39710","µV","28.107","°C","1016.000","hPa","36.4","pmil","0","55.390","deg","20.000","°C","100.000","%a.s.","21.720","deg","20.000","°C","977.000","hPa","0.861","-0.02617","0.00035","0","0","13.56","Humid","26.25","0","44.00","378281.84","SABD0000000001","AAV1.0.0.11","4.0.0.2323","PSt7-10","170328-019","7/29/2022 11:23:46 AM","0000-00","0","no battery","V","","µV","","µV"
"08/09/2022","10:41:56","6","default","383292078","Oxt_06","39.895","min","100.272","%a.s.","Humid","20.345","deg","39720","µV","28.106","°C","1016.000","hPa","36.4","pmil","0","55.390","deg","20.000","°C","100.000","%a.s.","21.720","deg","20.000","°C","977.000","hPa","0.861","-0.02617","0.00035","0","0","13.56","Humid","26.25","0","44.00","378299.24","SABD0000000001","AAV1.0.0.11","4.0.0.2323","PSt7-10","170328-019","7/29/2022 11:23:46 AM","0000-00","0","no battery","V","","µV","","µV"
"08/09/2022","10:41:57","6","default","383292078","Oxt_06","39.912","min","100.295","%a.s.","Humid","20.344","deg","39714","µV","28.091","°C","1016.000","hPa","36.4","pmil","0","55.390","deg","20.000","°C","100.000","%a.s.","21.720","deg","20.000","°C","977.000","hPa","0.861","-0.02617","0.00035","0","0","13.56","Humid","26.25","0","44.00","378289.08","SABD0000000001","AAV1.0.0.11","4.0.0.2323","PSt7-10","170328-019","7/29/2022 11:23:46 AM","0000-00","0","no battery","V","","µV","","µV"
"08/09/2022","10:41:58","6","default","383292078","Oxt_06","39.929","min","100.279","%a.s.","Humid","20.343","deg","39718","µV","28.118","°C","1016.000","hPa","36.4","pmil","0","55.390","deg","20.000","°C","100.000","%a.s.","21.720","deg","20.000","°C","977.000","hPa","0.861","-0.02617","0.00035","0","0","13.56","Humid","26.25","0","44.00","378290.63","SABD0000000001","AAV1.0.0.11","4.0.0.2323","PSt7-10","170328-019","7/29/2022 11:23:46 AM","0000-00","0","no battery","V","","µV","","µV"
"08/09/2022","10:41:59","6","default","383292078","Oxt_06","39.945","min","100.282","%a.s.","Humid","20.343","deg","39713","µV","28.115","°C","1016.000","hPa","36.4","pmil","0","55.390","deg","20.000","°C","100.000","%a.s.","21.720","deg","20.000","°C","977.000","hPa","0.861","-0.02617","0.00035","0","0","13.56","Humid","26.25","0","44.00","378287.06","SABD0000000001","AAV1.0.0.11","4.0.0.2323","PSt7-10","170328-019","7/29/2022 11:23:46 AM","0000-00","0","no battery","V","","µV","","µV"
"08/09/2022","10:42:00","6","default","383292078","Oxt_06","39.962","min","100.383","%a.s.","Humid","20.333","deg","39713","µV","28.104","°C","1016.000","hPa","36.4","pmil","0","55.390","deg","20.000","°C","100.000","%a.s.","21.720","deg","20.000","°C","977.000","hPa","0.861","-0.02617","0.00035","0","0","13.56","Humid","26.25","0","44.00","378297.22","SABD0000000001","AAV1.0.0.11","4.0.0.2323","PSt7-10","170328-019","7/29/2022 11:23:46 AM","0000-00","0","no battery","V","","µV","","µV"
"08/09/2022","10:42:01","6","default","383292078","Oxt_06","39.979","min","100.300","%a.s.","Humid","20.341","deg","39706","µV","28.115","°C","1016.000","hPa","36.4","pmil","0","55.390","deg","20.000","°C","100.000","%a.s.","21.720","deg","20.000","°C","977.000","hPa","0.861","-0.02617","0.00035","0","0","13.56","Humid","26.25","0","44.00","378294.63","SABD0000000001","AAV1.0.0.11","4.0.0.2323","PSt7-10","170328-019","7/29/2022 11:23:46 AM","0000-00","0","no battery","V","","µV","","µV"
"08/09/2022","10:42:02","6","default","383292078","Oxt_06","39.995","min","100.276","%a.s.","Humid","20.344","deg","39709","µV","28.111","°C","1016.000","hPa","36.4","pmil","0","55.390","deg","20.000","°C","100.000","%a.s.","21.720","deg","20.000","°C","977.000","hPa","0.861","-0.02617","0.00035","0","0","13.56","Humid","26.25","0","44.00","378294.64","SABD0000000001","AAV1.0.0.11","4.0.0.2323","PSt7-10","170328-019","7/29/2022 11:23:46 AM","0000-00","0","no battery","V","","µV","","µV"
"08/09/2022","10:42:03","6","default","383292078","Oxt_06","40.012","min","100.255","%a.s.","Humid","20.345","deg","39709","µV","28.124","°C","1016.000","hPa","36.4","pmil","0","55.390","deg","20.000","°C","100.000","%a.s.","21.720","deg","20.000","°C","977.000","hPa","0.861","-0.02617","0.00035","0","0","13.56","Humid","26.25","0","44.00","378280.99","SABD0000000001","AAV1.0.0.11","4.0.0.2323","PSt7-10","170328-019","7/29/2022 11:23:46 AM","0000-00","0","no battery","V","","µV","","µV"
"08/09/2022","10:42:04","6","default","383292078","Oxt_06","40.029","min","100.302","%a.s.","Humid","20.343","deg","39710","µV","28.094","°C","1016.000","hPa","36.4","pmil","0","55.390","deg","20.000","°C","100.000","%a.s.","21.720","deg","20.000","°C","977.000","hPa","0.861","-0.02617","0.00035","0","0","13.56","Humid","26.25","0","44.00","378289.65","SABD0000000001","AAV1.0.0.11","4.0.0.2323","PSt7-10","170328-019","7/29/2022 11:23:46 AM","0000-00","0","no battery","V","","µV","","µV"
"08/09/2022","10:42:05","6","default","383292078","Oxt_06","40.046","min","100.379","%a.s.","Humid","20.334","deg","39715","µV","28.098","°C","1016.000","hPa","36.4","pmil","0","55.390","deg","20.000","°C","100.000","%a.s.","21.720","deg","20.000","°C","977.000","hPa","0.861","-0.02617","0.00035","0","0","13.56","Humid","26.25","0","44.00","378291.03","SABD0000000001","AAV1.0.0.11","4.0.0.2323","PSt7-10","170328-019","7/29/2022 11:23:46 AM","0000-00","0","no battery","V","","µV","","µV"
"08/09/2022","10:42:06","6","default","383292078","Oxt_06","40.062","min","100.322","%a.s.","Humid","20.339","deg","39707","µV","28.110","°C","1016.000","hPa","36.4","pmil","0","55.390","deg","20.000","°C","100.000","%a.s.","21.720","deg","20.000","°C","977.000","hPa","0.861","-0.02617","0.00035","0","0","13.56","Humid","26.25","0","44.00","378300.10","SABD0000000001","AAV1.0.0.11","4.0.0.2323","PSt7-10","170328-019","7/29/2022 11:23:46 AM","0000-00","0","no battery","V","","µV","","µV"
"08/09/2022","10:42:07","6","default","383292078","Oxt_06","40.079","min","100.289","%a.s.","Humid","20.343","deg","39705","µV","28.107","°C","1016.000","hPa","36.4","pmil","0","55.390","deg","20.000","°C","100.000","%a.s.","21.720","deg","20.000","°C","977.000","hPa","0.861","-0.02617","0.00035","0","0","13.56","Humid","26.25","0","44.00","378284.25","SABD0000000001","AAV1.0.0.11","4.0.0.2323","PSt7-10","170328-019","7/29/2022 11:23:46 AM","0000-00","0","no battery","V","","µV","","µV"
"08/09/2022","10:42:08","6","default","383292078","Oxt_06","40.096","min","100.277","%a.s.","Humid","20.345","deg","39700","µV","28.101","°C","1016.000","hPa","36.4","pmil","0","55.390","deg","20.000","°C","100.000","%a.s.","21.720","deg","20.000","°C","977.000","hPa","0.861","-0.02617","0.00035","0","0","13.56","Humid","26.25","0","44.00","378282.75","SABD0000000001","AAV1.0.0.11","4.0.0.2323","PSt7-10","170328-019","7/29/2022 11:23:46 AM","0000-00","0","no battery","V","","µV","","µV"
"08/09/2022","10:42:09","6","default","383292078","Oxt_06","40.112","min","100.297","%a.s.","Humid","20.341","deg","39701","µV","28.118","°C","1016.000","hPa","36.4","pmil","0","55.390","deg","20.000","°C","100.000","%a.s.","21.720","deg","20.000","°C","977.000","hPa","0.861","-0.02617","0.00035","0","0","13.56","Humid","26.25","0","44.00","378275.33","SABD0000000001","AAV1.0.0.11","4.0.0.2323","PSt7-10","170328-019","7/29/2022 11:23:46 AM","0000-00","0","no battery","V","","µV","","µV"
"08/09/2022","10:42:10","6","default","383292078","Oxt_06","40.129","min","100.315","%a.s.","Humid","20.339","deg","39701","µV","28.118","°C","1016.000","hPa","36.4","pmil","0","55.390","deg","20.000","°C","100.000","%a.s.","21.720","deg","20.000","°C","977.000","hPa","0.861","-0.02617","0.00035","0","0","13.56","Humid","26.25","0","44.00","378280.35","SABD0000000001","AAV1.0.0.11","4.0.0.2323","PSt7-10","170328-019","7/29/2022 11:23:46 AM","0000-00","0","no battery","V","","µV","","µV"
"08/09/2022","10:42:11","6","default","383292078","Oxt_06","40.146","min","100.304","%a.s.","Humid","20.342","deg","39699","µV","28.101","°C","1016.000","hPa","36.4","pmil","0","55.390","deg","20.000","°C","100.000","%a.s.","21.720","deg","20.000","°C","977.000","hPa","0.861","-0.02617","0.00035","0","0","13.56","Humid","26.25","0","44.00","378294.08","SABD0000000001","AAV1.0.0.11","4.0.0.2323","PSt7-10","170328-019","7/29/2022 11:23:46 AM","0000-00","0","no battery","V","","µV","","µV"
"08/09/2022","10:42:12","6","default","383292078","Oxt_06","40.162","min","100.302","%a.s.","Humid","20.342","deg","39695","µV","28.103","°C","1016.000","hPa","36.4","pmil","0","55.390","deg","20.000","°C","100.000","%a.s.","21.720","deg","20.000","°C","977.000","hPa","0.861","-0.02617","0.00035","0","0","13.56","Humid","26.25","0","44.00","378280.61","SABD0000000001","AAV1.0.0.11","4.0.0.2323","PSt7-10","170328-019","7/29/2022 11:23:46 AM","0000-00","0","no battery","V","","µV","","µV"
"08/09/2022","10:42:13","6","default","383292078","Oxt_06","40.179","min","100.398","%a.s.","Humid","20.332","deg","39701","µV","28.098","°C","1016.000","hPa","36.4","pmil","0","55.390","deg","20.000","°C","100.000","%a.s.","21.720","deg","20.000","°C","977.000","hPa","0.861","-0.02617","0.00035","0","0","13.56","Humid","26.25","0","44.00","378287.30","SABD0000000001","AAV1.0.0.11","4.0.0.2323","PSt7-10","170328-019","7/29/2022 11:23:46 AM","0000-00","0","no battery","V","","µV","","µV"
"08/09/2022","10:42:14","6","default","383292078","Oxt_06","40.196","min","100.395","%a.s.","Humid","20.331","deg","39698","µV","28.111","°C","1016.000","hPa","36.4","pmil","0","55.390","deg","20.000","°C","100.000","%a.s.","21.720","deg","20.000","°C","977.000","hPa","0.861","-0.02617","0.00035","0","0","13.56","Humid","26.25","0","44.00","378287.19","SABD0000000001","AAV1.0.0.11","4.0.0.2323","PSt7-10","170328-019","7/29/2022 11:23:46 AM","0000-00","0","no battery","V","","µV","","µV"
"08/09/2022","10:42:15","6","default","383292078","Oxt_06","40.212","min","100.340","%a.s.","Humid","20.337","deg","39691","µV","28.110","°C","1016.000","hPa","36.4","pmil","0","55.390","deg","20.000","°C","100.000","%a.s.","21.720","deg","20.000","°C","977.000","hPa","0.861","-0.02617","0.00035","0","0","13.56","Humid","26.25","0","44.00","378292.27","SABD0000000001","AAV1.0.0.11","4.0.0.2323","PSt7-10","170328-019","7/29/2022 11:23:46 AM","0000-00","0","no battery","V","","µV","","µV"
"08/09/2022","10:42:16","6","default","383292078","Oxt_06","40.229","min","100.433","%a.s.","Humid","20.327","deg","39690","µV","28.109","°C","1016.000","hPa","36.4","pmil","0","55.390","deg","20.000","°C","100.000","%a.s.","21.720","deg","20.000","°C","977.000","hPa","0.861","-0.02617","0.00035","0","0","13.56","Humid","26.25","0","44.00","378296.09","SABD0000000001","AAV1.0.0.11","4.0.0.2323","PSt7-10","170328-019","7/29/2022 11:23:46 AM","0000-00","0","no battery","V","","µV","","µV"
"08/09/2022","10:42:17","6","default","383292078","Oxt_06","40.246","min","100.377","%a.s.","Humid","20.335","deg","39694","µV","28.091","°C","1016.000","hPa","36.4","pmil","0","55.390","deg","20.000","°C","100.000","%a.s.","21.720","deg","20.000","°C","977.000","hPa","0.861","-0.02617","0.00035","0","0","13.56","Humid","26.25","0","44.00","378295.39","SABD0000000001","AAV1.0.0.11","4.0.0.2323","PSt7-10","170328-019","7/29/2022 11:23:46 AM","0000-00","0","no battery","V","","µV","","µV"
"08/09/2022","10:42:18","6","default","383292078","Oxt_06","40.263","min","100.341","%a.s.","Humid","20.338","deg","39691","µV","28.101","°C","1016.000","hPa","36.4","pmil","0","55.390","deg","20.000","°C","100.000","%a.s.","21.720","deg","20.000","°C","977.000","hPa","0.861","-0.02617","0.00035","0","0","13.56","Humid","26.25","0","44.00","378281.91","SABD0000000001","AAV1.0.0.11","4.0.0.2323","PSt7-10","170328-019","7/29/2022 11:23:46 AM","0000-00","0","no battery","V","","µV","","µV"
"08/09/2022","10:42:19","6","default","383292078","Oxt_06","40.279","min","100.366","%a.s.","Humid","20.335","deg","39691","µV","28.102","°C","1016.000","hPa","36.4","pmil","0","55.390","deg","20.000","°C","100.000","%a.s.","21.720","deg","20.000","°C","977.000","hPa","0.861","-0.02617","0.00035","0","0","13.56","Humid","26.25","0","44.00","378288.35","SABD0000000001","AAV1.0.0.11","4.0.0.2323","PSt7-10","170328-019","7/29/2022 11:23:46 AM","0000-00","0","no battery","V","","µV","","µV"
"08/09/2022","10:42:20","6","default","383292078","Oxt_06","40.296","min","100.324","%a.s.","Humid","20.338","deg","39689","µV","28.118","°C","1016.000","hPa","36.4","pmil","0","55.390","deg","20.000","°C","100.000","%a.s.","21.720","deg","20.000","°C","977.000","hPa","0.861","-0.02617","0.00035","0","0","13.56","Humid","26.25","0","44.00","378291.32","SABD0000000001","AAV1.0.0.11","4.0.0.2323","PSt7-10","170328-019","7/29/2022 11:23:46 AM","0000-00","0","no battery","V","","µV","","µV"
"08/09/2022","10:42:21","6","default","383292078","Oxt_06","40.313","min","100.393","%a.s.","Humid","20.330","deg","39678","µV","28.122","°C","1016.000","hPa","36.4","pmil","0","55.390","deg","20.000","°C","100.000","%a.s.","21.720","deg","20.000","°C","977.000","hPa","0.861","-0.02617","0.00035","0","0","13.56","Humid","26.25","0","44.00","378285.33","SABD0000000001","AAV1.0.0.11","4.0.0.2323","PSt7-10","170328-019","7/29/2022 11:23:46 AM","0000-00","0","no battery","V","","µV","","µV"
"08/09/2022","10:42:22","6","default","383292078","Oxt_06","40.329","min","100.404","%a.s.","Humid","20.331","deg","39684","µV","28.101","°C","1016.000","hPa","36.4","pmil","0","55.390","deg","20.000","°C","100.000","%a.s.","21.720","deg","20.000","°C","977.000","hPa","0.861","-0.02617","0.00035","0","0","13.56","Humid","26.25","0","44.00","378273.65","SABD0000000001","AAV1.0.0.11","4.0.0.2323","PSt7-10","170328-019","7/29/2022 11:23:46 AM","0000-00","0","no battery","V","","µV","","µV"
"08/09/2022","10:42:23","6","default","383292078","Oxt_06","40.346","min","100.450","%a.s.","Humid","20.325","deg","39679","µV","28.110","°C","1016.000","hPa","36.4","pmil","0","55.390","deg","20.000","°C","100.000","%a.s.","21.720","deg","20.000","°C","977.000","hPa","0.861","-0.02617","0.00035","0","0","13.56","Humid","26.25","0","44.00","378274.14","SABD0000000001","AAV1.0.0.11","4.0.0.2323","PSt7-10","170328-019","7/29/2022 11:23:46 AM","0000-00","0","no battery","V","","µV","","µV"
"08/09/2022","10:42:24","6","default","383292078","Oxt_06","40.363","min","100.457","%a.s.","Humid","20.325","deg","39686","µV","28.103","°C","1016.000","hPa","36.4","pmil","0","55.390","deg","20.000","°C","100.000","%a.s.","21.720","deg","20.000","°C","977.000","hPa","0.861","-0.02617","0.00035","0","0","13.56","Humid","26.25","0","44.00","378291.31","SABD0000000001","AAV1.0.0.11","4.0.0.2323","PSt7-10","170328-019","7/29/2022 11:23:46 AM","0000-00","0","no battery","V","","µV","","µV"
"08/09/2022","10:42:25","6","default","383292078","Oxt_06","40.379","min","100.409","%a.s.","Humid","20.330","deg","39688","µV","28.106","°C","1016.000","hPa","36.4","pmil","0","55.390","deg","20.000","°C","100.000","%a.s.","21.720","deg","20.000","°C","977.000","hPa","0.861","-0.02617","0.00035","0","0","13.56","Humid","26.25","0","44.00","378278.90","SABD0000000001","AAV1.0.0.11","4.0.0.2323","PSt7-10","170328-019","7/29/2022 11:23:46 AM","0000-00","0","no battery","V","","µV","","µV"
"08/09/2022","10:42:26","6","default","383292078","Oxt_06","40.396","min","100.435","%a.s.","Humid","20.327","deg","39681","µV","28.107","°C","1016.000","hPa","36.4","pmil","0","55.390","deg","20.000","°C","100.000","%a.s.","21.720","deg","20.000","°C","977.000","hPa","0.861","-0.02617","0.00035","0","0","13.56","Humid","26.25","0","44.00","378274.59","SABD0000000001","AAV1.0.0.11","4.0.0.2323","PSt7-10","170328-019","7/29/2022 11:23:46 AM","0000-00","0","no battery","V","","µV","","µV"
"08/09/2022","10:42:27","6","default","383292078","Oxt_06","40.413","min","100.417","%a.s.","Humid","20.330","deg","39681","µV","28.097","°C","1016.000","hPa","36.4","pmil","0","55.390","deg","20.000","°C","100.000","%a.s.","21.720","deg","20.000","°C","977.000","hPa","0.861","-0.02617","0.00035","0","0","13.56","Humid","26.25","0","44.00","378283.55","SABD0000000001","AAV1.0.0.11","4.0.0.2323","PSt7-10","170328-019","7/29/2022 11:23:46 AM","0000-00","0","no battery","V","","µV","","µV"
"08/09/2022","10:42:28","6","default","383292078","Oxt_06","40.429","min","100.421","%a.s.","Humid","20.329","deg","39683","µV","28.102","°C","1016.000","hPa","36.4","pmil","0","55.390","deg","20.000","°C","100.000","%a.s.","21.720","deg","20.000","°C","977.000","hPa","0.861","-0.02617","0.00035","0","0","13.56","Humid","26.25","0","44.00","378282.22","SABD0000000001","AAV1.0.0.11","4.0.0.2323","PSt7-10","170328-019","7/29/2022 11:23:46 AM","0000-00","0","no battery","V","","µV","","µV"
"08/09/2022","10:42:29","6","default","383292078","Oxt_06","40.446","min","100.433","%a.s.","Humid","20.327","deg","39679","µV","28.108","°C","1016.000","hPa","36.4","pmil","0","55.390","deg","20.000","°C","100.000","%a.s.","21.720","deg","20.000","°C","977.000","hPa","0.861","-0.02617","0.00035","0","0","13.56","Humid","26.25","0","44.00","378272.58","SABD0000000001","AAV1.0.0.11","4.0.0.2323","PSt7-10","170328-019","7/29/2022 11:23:46 AM","0000-00","0","no battery","V","","µV","","µV"
"08/09/2022","10:42:30","6","default","383292078","Oxt_06","40.462","min","100.428","%a.s.","Humid","20.328","deg","39674","µV","28.105","°C","1016.000","hPa","36.4","pmil","0","55.390","deg","20.000","°C","100.000","%a.s.","21.720","deg","20.000","°C","977.000","hPa","0.861","-0.02617","0.00035","0","0","13.56","Humid","26.25","0","44.00","378280.45","SABD0000000001","AAV1.0.0.11","4.0.0.2323","PSt7-10","170328-019","7/29/2022 11:23:46 AM","0000-00","0","no battery","V","","µV","","µV"
"08/09/2022","10:42:31","6","default","383292078","Oxt_06","40.478","min","100.398","%a.s.","Humid","20.330","deg","39683","µV","28.117","°C","1016.000","hPa","36.4","pmil","0","55.390","deg","20.000","°C","100.000","%a.s.","21.720","deg","20.000","°C","977.000","hPa","0.861","-0.02617","0.00035","0","0","13.56","Humid","26.25","0","44.00","378284.04","SABD0000000001","AAV1.0.0.11","4.0.0.2323","PSt7-10","170328-019","7/29/2022 11:23:46 AM","0000-00","0","no battery","V","","µV","","µV"
"08/09/2022","10:42:32","6","default","383292078","Oxt_06","40.495","min","100.501","%a.s.","Humid","20.321","deg","39683","µV","28.095","°C","1016.000","hPa","36.4","pmil","0","55.390","deg","20.000","°C","100.000","%a.s.","21.720","deg","20.000","°C","977.000","hPa","0.861","-0.02617","0.00035","0","0","13.56","Humid","26.25","0","44.00","378281.78","SABD0000000001","AAV1.0.0.11","4.0.0.2323","PSt7-10","170328-019","7/29/2022 11:23:46 AM","0000-00","0","no battery","V","","µV","","µV"
"08/09/2022","10:42:33","6","default","383292078","Oxt_06","40.512","min","100.363","%a.s.","Humid","20.335","deg","39676","µV","28.106","°C","1016.000","hPa","36.4","pmil","0","55.390","deg","20.000","°C","100.000","%a.s.","21.720","deg","20.000","°C","977.000","hPa","0.861","-0.02617","0.00035","0","0","13.56","Humid","26.25","0","44.00","378276.31","SABD0000000001","AAV1.0.0.11","4.0.0.2323","PSt7-10","170328-019","7/29/2022 11:23:46 AM","0000-00","0","no battery","V","","µV","","µV"
"08/09/2022","10:42:34","6","default","383292078","Oxt_06","40.529","min","100.470","%a.s.","Humid","20.324","deg","39673","µV","28.098","°C","1016.000","hPa","36.4","pmil","0","55.390","deg","20.000","°C","100.000","%a.s.","21.720","deg","20.000","°C","977.000","hPa","0.861","-0.02617","0.00035","0","0","13.56","Humid","26.25","0","44.00","378285.74","SABD0000000001","AAV1.0.0.11","4.0.0.2323","PSt7-10","170328-019","7/29/2022 11:23:46 AM","0000-00","0","no battery","V","","µV","","µV"
"08/09/2022","10:42:35","6","default","383292078","Oxt_06","40.545","min","100.464","%a.s.","Humid","20.325","deg","39670","µV","28.095","°C","1016.000","hPa","36.4","pmil","0","55.390","deg","20.000","°C","100.000","%a.s.","21.720","deg","20.000","°C","977.000","hPa","0.861","-0.02617","0.00035","0","0","13.56","Humid","26.25","0","44.00","378270.88","SABD0000000001","AAV1.0.0.11","4.0.0.2323","PSt7-10","170328-019","7/29/2022 11:23:46 AM","0000-00","0","no battery","V","","µV","","µV"
"08/09/2022","10:42:36","6","default","383292078","Oxt_06","40.562","min","100.450","%a.s.","Humid","20.325","deg","39671","µV","28.110","°C","1016.000","hPa","36.4","pmil","0","55.390","deg","20.000","°C","100.000","%a.s.","21.720","deg","20.000","°C","977.000","hPa","0.861","-0.02617","0.00035","0","0","13.56","Humid","26.25","0","44.00","378283.65","SABD0000000001","AAV1.0.0.11","4.0.0.2323","PSt7-10","170328-019","7/29/2022 11:23:46 AM","0000-00","0","no battery","V","","µV","","µV"
"08/09/2022","10:42:37","6","default","383292078","Oxt_06","40.579","min","100.471","%a.s.","Humid","20.323","deg","39668","µV","28.107","°C","1016.000","hPa","36.4","pmil","0","55.390","deg","20.000","°C","100.000","%a.s.","21.720","deg","20.000","°C","977.000","hPa","0.861","-0.02617","0.00035","0","0","13.56","Humid","26.25","0","44.00","378282.83","SABD0000000001","AAV1.0.0.11","4.0.0.2323","PSt7-10","170328-019","7/29/2022 11:23:46 AM","0000-00","0","no battery","V","","µV","","µV"
"08/09/2022","10:42:38","6","default","383292078","Oxt_06","40.595","min","100.420","%a.s.","Humid","20.329","deg","39665","µV","28.103","°C","1016.000","hPa","36.4","pmil","0","55.390","deg","20.000","°C","100.000","%a.s.","21.720","deg","20.000","°C","977.000","hPa","0.861","-0.02617","0.00035","0","0","13.56","Humid","26.25","0","44.00","378279.81","SABD0000000001","AAV1.0.0.11","4.0.0.2323","PSt7-10","170328-019","7/29/2022 11:23:46 AM","0000-00","0","no battery","V","","µV","","µV"
"08/09/2022","10:42:39","6","default","383292078","Oxt_06","40.612","min","100.440","%a.s.","Humid","20.326","deg","39669","µV","28.110","°C","1016.000","hPa","36.4","pmil","0","55.390","deg","20.000","°C","100.000","%a.s.","21.720","deg","20.000","°C","977.000","hPa","0.861","-0.02617","0.00035","0","0","13.56","Humid","26.25","0","44.00","378276.01","SABD0000000001","AAV1.0.0.11","4.0.0.2323","PSt7-10","170328-019","7/29/2022 11:23:46 AM","0000-00","0","no battery","V","","µV","","µV"
"08/09/2022","10:42:40","6","default","383292078","Oxt_06","40.629","min","100.472","%a.s.","Humid","20.322","deg","39662","µV","28.115","°C","1016.000","hPa","36.4","pmil","0","55.390","deg","20.000","°C","100.000","%a.s.","21.720","deg","20.000","°C","977.000","hPa","0.861","-0.02617","0.00035","0","0","13.56","Humid","26.25","0","44.00","378267.95","SABD0000000001","AAV1.0.0.11","4.0.0.2323","PSt7-10","170328-019","7/29/2022 11:23:46 AM","0000-00","0","no battery","V","","µV","","µV"
"08/09/2022","10:42:41","6","default","383292078","Oxt_06","40.645","min","100.431","%a.s.","Humid","20.327","deg","39665","µV","28.111","°C","1016.000","hPa","36.4","pmil","0","55.390","deg","20.000","°C","100.000","%a.s.","21.720","deg","20.000","°C","977.000","hPa","0.861","-0.02617","0.00035","0","0","13.56","Humid","26.25","0","44.00","378273.60","SABD0000000001","AAV1.0.0.11","4.0.0.2323","PSt7-10","170328-019","7/29/2022 11:23:46 AM","0000-00","0","no battery","V","","µV","","µV"
"08/09/2022","10:42:42","6","default","383292078","Oxt_06","40.662","min","100.457","%a.s.","Humid","20.323","deg","39641","µV","28.121","°C","1016.000","hPa","36.4","pmil","0","55.390","deg","20.000","°C","100.000","%a.s.","21.720","deg","20.000","°C","977.000","hPa","0.861","-0.02617","0.00035","0","0","13.56","Humid","26.25","0","44.00","378281.08","SABD0000000001","AAV1.0.0.11","4.0.0.2323","PSt7-10","170328-019","7/29/2022 11:23:46 AM","0000-00","0","no battery","V","","µV","","µV"
"08/09/2022","10:42:43","6","default","383292078","Oxt_06","40.679","min","100.515","%a.s.","Humid","20.318","deg","39616","µV","28.108","°C","1016.000","hPa","36.4","pmil","0","55.390","deg","20.000","°C","100.000","%a.s.","21.720","deg","20.000","°C","977.000","hPa","0.861","-0.02617","0.00035","0","0","13.56","Humid","26.25","0","44.00","378273.50","SABD0000000001","AAV1.0.0.11","4.0.0.2323","PSt7-10","170328-019","7/29/2022 11:23:46 AM","0000-00","0","no battery","V","","µV","","µV"
"08/09/2022","10:42:44","6","default","383292078","Oxt_06","40.696","min","100.441","%a.s.","Humid","20.327","deg","39625","µV","28.100","°C","1016.000","hPa","36.4","pmil","0","55.390","deg","20.000","°C","100.000","%a.s.","21.720","deg","20.000","°C","977.000","hPa","0.861","-0.02617","0.00035","0","0","13.56","Humid","26.25","0","44.00","378258.71","SABD0000000001","AAV1.0.0.11","4.0.0.2323","PSt7-10","170328-019","7/29/2022 11:23:46 AM","0000-00","0","no battery","V","","µV","","µV"
"08/09/2022","10:42:45","6","default","383292078","Oxt_06","40.712","min","100.543","%a.s.","Humid","20.315","deg","39622","µV","28.107","°C","1016.000","hPa","36.4","pmil","0","55.390","deg","20.000","°C","100.000","%a.s.","21.720","deg","20.000","°C","977.000","hPa","0.861","-0.02617","0.00035","0","0","13.56","Humid","26.25","0","44.00","378267.05","SABD0000000001","AAV1.0.0.11","4.0.0.2323","PSt7-10","170328-019","7/29/2022 11:23:46 AM","0000-00","0","no battery","V","","µV","","µV"
"08/09/2022","10:42:46","6","default","383292078","Oxt_06","40.729","min","100.506","%a.s.","Humid","20.321","deg","39612","µV","28.090","°C","1016.000","hPa","36.4","pmil","0","55.390","deg","20.000","°C","100.000","%a.s.","21.720","deg","20.000","°C","977.000","hPa","0.861","-0.02617","0.00035","0","0","13.56","Humid","26.25","0","44.00","378267.34","SABD0000000001","AAV1.0.0.11","4.0.0.2323","PSt7-10","170328-019","7/29/2022 11:23:46 AM","0000-00","0","no battery","V","","µV","","µV"
"08/09/2022","10:42:47","6","default","383292078","Oxt_06","40.746","min","100.485","%a.s.","Humid","20.323","deg","39607","µV","28.093","°C","1016.000","hPa","36.4","pmil","0","55.390","deg","20.000","°C","100.000","%a.s.","21.720","deg","20.000","°C","977.000","hPa","0.861","-0.02617","0.00035","0","0","13.56","Humid","26.25","0","44.00","378272.99","SABD0000000001","AAV1.0.0.11","4.0.0.2323","PSt7-10","170328-019","7/29/2022 11:23:46 AM","0000-00","0","no battery","V","","µV","","µV"
"08/09/2022","10:42:48","6","default","383292078","Oxt_06","40.763","min","100.547","%a.s.","Humid","20.315","deg","39621","µV","28.104","°C","1016.000","hPa","36.4","pmil","0","55.390","deg","20.000","°C","100.000","%a.s.","21.720","deg","20.000","°C","977.000","hPa","0.861","-0.02617","0.00035","0","0","13.56","Humid","26.25","0","44.00","378265.72","SABD0000000001","AAV1.0.0.11","4.0.0.2323","PSt7-10","170328-019","7/29/2022 11:23:46 AM","0000-00","0","no battery","V","","µV","","µV"
"08/09/2022","10:42:49","6","default","383292078","Oxt_06","40.779","min","100.500","%a.s.","Humid","20.319","deg","39614","µV","28.115","°C","1016.000","hPa","36.4","pmil","0","55.390","deg","20.000","°C","100.000","%a.s.","21.720","deg","20.000","°C","977.000","hPa","0.861","-0.02617","0.00035","0","0","13.56","Humid","26.25","0","44.00","378251.77","SABD0000000001","AAV1.0.0.11","4.0.0.2323","PSt7-10","170328-019","7/29/2022 11:23:46 AM","0000-00","0","no battery","V","","µV","","µV"
"08/09/2022","10:42:50","6","default","383292078","Oxt_06","40.796","min","100.502","%a.s.","Humid","20.320","deg","39611","µV","28.103","°C","1016.000","hPa","36.4","pmil","0","55.390","deg","20.000","°C","100.000","%a.s.","21.720","deg","20.000","°C","977.000","hPa","0.861","-0.02617","0.00035","0","0","13.56","Humid","26.25","0","44.00","378263.73","SABD0000000001","AAV1.0.0.11","4.0.0.2323","PSt7-10","170328-019","7/29/2022 11:23:46 AM","0000-00","0","no battery","V","","µV","","µV"
"08/09/2022","10:42:51","6","default","383292078","Oxt_06","40.813","min","100.534","%a.s.","Humid","20.316","deg","39605","µV","28.107","°C","1016.000","hPa","36.4","pmil","0","55.390","deg","20.000","°C","100.000","%a.s.","21.720","deg","20.000","°C","977.000","hPa","0.861","-0.02617","0.00035","0","0","13.56","Humid","26.25","0","44.00","378249.37","SABD0000000001","AAV1.0.0.11","4.0.0.2323","PSt7-10","170328-019","7/29/2022 11:23:46 AM","0000-00","0","no battery","V","","µV","","µV"
"08/09/2022","10:42:52","6","default","383292078","Oxt_06","40.829","min","100.592","%a.s.","Humid","20.309","deg","39611","µV","28.114","°C","1016.000","hPa","36.4","pmil","0","55.390","deg","20.000","°C","100.000","%a.s.","21.720","deg","20.000","°C","977.000","hPa","0.861","-0.02617","0.00035","0","0","13.56","Humid","26.25","0","44.00","378261.64","SABD0000000001","AAV1.0.0.11","4.0.0.2323","PSt7-10","170328-019","7/29/2022 11:23:46 AM","0000-00","0","no battery","V","","µV","","µV"
"08/09/2022","10:42:53","6","default","383292078","Oxt_06","40.846","min","100.492","%a.s.","Humid","20.321","deg","39606","µV","28.104","°C","1016.000","hPa","36.4","pmil","0","55.390","deg","20.000","°C","100.000","%a.s.","21.720","deg","20.000","°C","977.000","hPa","0.861","-0.02617","0.00035","0","0","13.56","Humid","26.25","0","44.00","378259.68","SABD0000000001","AAV1.0.0.11","4.0.0.2323","PSt7-10","170328-019","7/29/2022 11:23:46 AM","0000-00","0","no battery","V","","µV","","µV"
"08/09/2022","10:42:54","6","default","383292078","Oxt_06","40.863","min","100.469","%a.s.","Humid","20.324","deg","39608","µV","28.099","°C","1016.000","hPa","36.4","pmil","0","55.390","deg","20.000","°C","100.000","%a.s.","21.720","deg","20.000","°C","977.000","hPa","0.861","-0.02617","0.00035","0","0","13.56","Humid","26.25","0","44.00","378258.61","SABD0000000001","AAV1.0.0.11","4.0.0.2323","PSt7-10","170328-019","7/29/2022 11:23:46 AM","0000-00","0","no battery","V","","µV","","µV"
"08/09/2022","10:42:55","6","default","383292078","Oxt_06","40.879","min","100.602","%a.s.","Humid","20.310","deg","39598","µV","28.094","°C","1016.000","hPa","36.4","pmil","0","55.390","deg","20.000","°C","100.000","%a.s.","21.720","deg","20.000","°C","977.000","hPa","0.861","-0.02617","0.00035","0","0","13.56","Humid","26.25","0","44.00","378248.02","SABD0000000001","AAV1.0.0.11","4.0.0.2323","PSt7-10","170328-019","7/29/2022 11:23:46 AM","0000-00","0","no battery","V","","µV","","µV"
"08/09/2022","10:42:56","6","default","383292078","Oxt_06","40.896","min","100.567","%a.s.","Humid","20.315","deg","39609","µV","28.083","°C","1016.000","hPa","36.4","pmil","0","55.390","deg","20.000","°C","100.000","%a.s.","21.720","deg","20.000","°C","977.000","hPa","0.861","-0.02617","0.00035","0","0","13.56","Humid","26.25","0","44.00","378245.37","SABD0000000001","AAV1.0.0.11","4.0.0.2323","PSt7-10","170328-019","7/29/2022 11:23:46 AM","0000-00","0","no battery","V","","µV","","µV"
"08/09/2022","10:42:57","6","default","383292078","Oxt_06","40.912","min","100.620","%a.s.","Humid","20.306","deg","39603","µV","28.113","°C","1016.000","hPa","36.4","pmil","0","55.390","deg","20.000","°C","100.000","%a.s.","21.720","deg","20.000","°C","977.000","hPa","0.861","-0.02617","0.00035","0","0","13.56","Humid","26.25","0","44.00","378249.19","SABD0000000001","AAV1.0.0.11","4.0.0.2323","PSt7-10","170328-019","7/29/2022 11:23:46 AM","0000-00","0","no battery","V","","µV","","µV"
"08/09/2022","10:42:58","6","default","383292078","Oxt_06","40.929","min","100.563","%a.s.","Humid","20.312","deg","39602","µV","28.115","°C","1016.000","hPa","36.4","pmil","0","55.390","deg","20.000","°C","100.000","%a.s.","21.720","deg","20.000","°C","977.000","hPa","0.861","-0.02617","0.00035","0","0","13.56","Humid","26.25","0","44.00","378248.95","SABD0000000001","AAV1.0.0.11","4.0.0.2323","PSt7-10","170328-019","7/29/2022 11:23:46 AM","0000-00","0","no battery","V","","µV","","µV"
"08/09/2022","10:42:59","6","default","383292078","Oxt_06","40.945","min","100.596","%a.s.","Humid","20.310","deg","39600","µV","28.100","°C","1016.000","hPa","36.4","pmil","0","55.390","deg","20.000","°C","100.000","%a.s.","21.720","deg","20.000","°C","977.000","hPa","0.861","-0.02617","0.00035","0","0","13.56","Humid","26.25","0","44.00","378264.07","SABD0000000001","AAV1.0.0.11","4.0.0.2323","PSt7-10","170328-019","7/29/2022 11:23:46 AM","0000-00","0","no battery","V","","µV","","µV"
"08/09/2022","10:43:00","6","default","383292078","Oxt_06","40.962","min","100.548","%a.s.","Humid","20.316","deg","39608","µV","28.093","°C","1016.000","hPa","36.4","pmil","0","55.390","deg","20.000","°C","100.000","%a.s.","21.720","deg","20.000","°C","977.000","hPa","0.861","-0.02617","0.00035","0","0","13.56","Humid","26.25","0","44.00","378254.02","SABD0000000001","AAV1.0.0.11","4.0.0.2323","PSt7-10","170328-019","7/29/2022 11:23:46 AM","0000-00","0","no battery","V","","µV","","µV"
"08/09/2022","10:43:01","6","default","383292078","Oxt_06","40.979","min","100.549","%a.s.","Humid","20.314","deg","39598","µV","28.111","°C","1016.000","hPa","36.4","pmil","0","55.390","deg","20.000","°C","100.000","%a.s.","21.720","deg","20.000","°C","977.000","hPa","0.861","-0.02617","0.00035","0","0","13.56","Humid","26.25","0","44.00","378255.33","SABD0000000001","AAV1.0.0.11","4.0.0.2323","PSt7-10","170328-019","7/29/2022 11:23:46 AM","0000-00","0","no battery","V","","µV","","µV"
"08/09/2022","10:43:02","6","default","383292078","Oxt_06","40.995","min","100.465","%a.s.","Humid","20.314","deg","39596","µV","28.095","°C","1017.000","hPa","36.4","pmil","0","55.390","deg","20.000","°C","100.000","%a.s.","21.720","deg","20.000","°C","977.000","hPa","0.861","-0.02617","0.00035","0","0","13.56","Humid","26.25","0","44.00","378244.60","SABD0000000001","AAV1.0.0.11","4.0.0.2323","PSt7-10","170328-019","7/29/2022 11:23:46 AM","0000-00","0","no battery","V","","µV","","µV"
"08/09/2022","10:43:03","6","default","383292078","Oxt_06","41.012","min","100.621","%a.s.","Humid","20.308","deg","39601","µV","28.093","°C","1016.000","hPa","36.4","pmil","0","55.390","deg","20.000","°C","100.000","%a.s.","21.720","deg","20.000","°C","977.000","hPa","0.861","-0.02617","0.00035","0","0","13.56","Humid","26.25","0","44.00","378255.25","SABD0000000001","AAV1.0.0.11","4.0.0.2323","PSt7-10","170328-019","7/29/2022 11:23:46 AM","0000-00","0","no battery","V","","µV","","µV"
"08/09/2022","10:43:04","6","default","383292078","Oxt_06","41.029","min","100.572","%a.s.","Humid","20.311","deg","39602","µV","28.115","°C","1016.000","hPa","36.4","pmil","0","55.390","deg","20.000","°C","100.000","%a.s.","21.720","deg","20.000","°C","977.000","hPa","0.861","-0.02617","0.00035","0","0","13.56","Humid","26.25","0","44.00","378240.85","SABD0000000001","AAV1.0.0.11","4.0.0.2323","PSt7-10","170328-019","7/29/2022 11:23:46 AM","0000-00","0","no battery","V","","µV","","µV"
"08/09/2022","10:43:05","6","default","383292078","Oxt_06","41.045","min","100.541","%a.s.","Humid","20.317","deg","39600","µV","28.090","°C","1016.000","hPa","36.4","pmil","0","55.390","deg","20.000","°C","100.000","%a.s.","21.720","deg","20.000","°C","977.000","hPa","0.861","-0.02617","0.00035","0","0","13.56","Humid","26.25","0","44.00","378257.30","SABD0000000001","AAV1.0.0.11","4.0.0.2323","PSt7-10","170328-019","7/29/2022 11:23:46 AM","0000-00","0","no battery","V","","µV","","µV"
"08/09/2022","10:43:06","6","default","383292078","Oxt_06","41.062","min","100.617","%a.s.","Humid","20.308","deg","39597","µV","28.097","°C","1016.000","hPa","36.4","pmil","0","55.390","deg","20.000","°C","100.000","%a.s.","21.720","deg","20.000","°C","977.000","hPa","0.861","-0.02617","0.00035","0","0","13.56","Humid","26.25","0","44.00","378250.11","SABD0000000001","AAV1.0.0.11","4.0.0.2323","PSt7-10","170328-019","7/29/2022 11:23:46 AM","0000-00","0","no battery","V","","µV","","µV"
"08/09/2022","10:43:07","6","default","383292078","Oxt_06","41.079","min","100.494","%a.s.","Humid","20.310","deg","39595","µV","28.103","°C","1017.000","hPa","36.4","pmil","0","55.390","deg","20.000","°C","100.000","%a.s.","21.720","deg","20.000","°C","977.000","hPa","0.861","-0.02617","0.00035","0","0","13.56","Humid","26.25","0","44.00","378252.55","SABD0000000001","AAV1.0.0.11","4.0.0.2323","PSt7-10","170328-019","7/29/2022 11:23:46 AM","0000-00","0","no battery","V","","µV","","µV"
"08/09/2022","10:43:08","6","default","383292078","Oxt_06","41.095","min","100.656","%a.s.","Humid","20.304","deg","39593","µV","28.094","°C","1016.000","hPa","36.4","pmil","0","55.390","deg","20.000","°C","100.000","%a.s.","21.720","deg","20.000","°C","977.000","hPa","0.861","-0.02617","0.00035","0","0","13.56","Humid","26.25","0","44.00","378260.89","SABD0000000001","AAV1.0.0.11","4.0.0.2323","PSt7-10","170328-019","7/29/2022 11:23:46 AM","0000-00","0","no battery","V","","µV","","µV"
"08/09/2022","10:43:09","6","default","383292078","Oxt_06","41.112","min","100.655","%a.s.","Humid","20.304","deg","39594","µV","28.096","°C","1016.000","hPa","36.4","pmil","0","55.390","deg","20.000","°C","100.000","%a.s.","21.720","deg","20.000","°C","977.000","hPa","0.861","-0.02617","0.00035","0","0","13.56","Humid","26.25","0","44.00","378248.43","SABD0000000001","AAV1.0.0.11","4.0.0.2323","PSt7-10","170328-019","7/29/2022 11:23:46 AM","0000-00","0","no battery","V","","µV","","µV"
"08/09/2022","10:43:10","6","default","383292078","Oxt_06","41.129","min","100.667","%a.s.","Humid","20.303","deg","39587","µV","28.092","°C","1016.000","hPa","36.4","pmil","0","55.390","deg","20.000","°C","100.000","%a.s.","21.720","deg","20.000","°C","977.000","hPa","0.861","-0.02617","0.00035","0","0","13.56","Humid","26.25","0","44.00","378249.39","SABD0000000001","AAV1.0.0.11","4.0.0.2323","PSt7-10","170328-019","7/29/2022 11:23:46 AM","0000-00","0","no battery","V","","µV","","µV"
"08/09/2022","10:43:11","6","default","383292078","Oxt_06","41.146","min","100.654","%a.s.","Humid","20.304","deg","39590","µV","28.097","°C","1016.000","hPa","36.4","pmil","0","55.390","deg","20.000","°C","100.000","%a.s.","21.720","deg","20.000","°C","977.000","hPa","0.861","-0.02617","0.00035","0","0","13.56","Humid","26.25","0","44.00","378235.64","SABD0000000001","AAV1.0.0.11","4.0.0.2323","PSt7-10","170328-019","7/29/2022 11:23:46 AM","0000-00","0","no battery","V","","µV","","µV"
"08/09/2022","10:43:12","6","default","383292078","Oxt_06","41.162","min","100.681","%a.s.","Humid","20.301","deg","39593","µV","28.097","°C","1016.000","hPa","36.4","pmil","0","55.390","deg","20.000","°C","100.000","%a.s.","21.720","deg","20.000","°C","977.000","hPa","0.861","-0.02617","0.00035","0","0","13.56","Humid","26.25","0","44.00","378237.27","SABD0000000001","AAV1.0.0.11","4.0.0.2323","PSt7-10","170328-019","7/29/2022 11:23:46 AM","0000-00","0","no battery","V","","µV","","µV"
"08/09/2022","10:43:13","6","default","383292078","Oxt_06","41.179","min","100.615","%a.s.","Humid","20.308","deg","39587","µV","28.099","°C","1016.000","hPa","36.4","pmil","0","55.390","deg","20.000","°C","100.000","%a.s.","21.720","deg","20.000","°C","977.000","hPa","0.861","-0.02617","0.00035","0","0","13.56","Humid","26.25","0","44.00","378242.35","SABD0000000001","AAV1.0.0.11","4.0.0.2323","PSt7-10","170328-019","7/29/2022 11:23:46 AM","0000-00","0","no battery","V","","µV","","µV"
"08/09/2022","10:43:14","6","default","383292078","Oxt_06","41.196","min","100.621","%a.s.","Humid","20.308","deg","39589","µV","28.093","°C","1016.000","hPa","36.4","pmil","0","55.390","deg","20.000","°C","100.000","%a.s.","21.720","deg","20.000","°C","977.000","hPa","0.861","-0.02617","0.00035","0","0","13.56","Humid","26.25","0","44.00","378252.52","SABD0000000001","AAV1.0.0.11","4.0.0.2323","PSt7-10","170328-019","7/29/2022 11:23:46 AM","0000-00","0","no battery","V","","µV","","µV"
"08/09/2022","10:43:15","6","default","383292078","Oxt_06","41.212","min","100.667","%a.s.","Humid","20.304","deg","39591","µV","28.083","°C","1016.000","hPa","36.4","pmil","0","55.390","deg","20.000","°C","100.000","%a.s.","21.720","deg","20.000","°C","977.000","hPa","0.861","-0.02617","0.00035","0","0","13.56","Humid","26.25","0","44.00","378246.40","SABD0000000001","AAV1.0.0.11","4.0.0.2323","PSt7-10","170328-019","7/29/2022 11:23:46 AM","0000-00","0","no battery","V","","µV","","µV"
"08/09/2022","10:43:16","6","default","383292078","Oxt_06","41.229","min","100.673","%a.s.","Humid","20.302","deg","39587","µV","28.095","°C","1016.000","hPa","36.4","pmil","0","55.390","deg","20.000","°C","100.000","%a.s.","21.720","deg","20.000","°C","977.000","hPa","0.861","-0.02617","0.00035","0","0","13.56","Humid","26.25","0","44.00","378257.89","SABD0000000001","AAV1.0.0.11","4.0.0.2323","PSt7-10","170328-019","7/29/2022 11:23:46 AM","0000-00","0","no battery","V","","µV","","µV"
"08/09/2022","10:43:17","6","default","383292078","Oxt_06","41.246","min","100.566","%a.s.","Humid","20.311","deg","39588","µV","28.122","°C","1016.000","hPa","36.4","pmil","0","55.390","deg","20.000","°C","100.000","%a.s.","21.720","deg","20.000","°C","977.000","hPa","0.861","-0.02617","0.00035","0","0","13.56","Humid","26.25","0","44.00","378253.22","SABD0000000001","AAV1.0.0.11","4.0.0.2323","PSt7-10","170328-019","7/29/2022 11:23:46 AM","0000-00","0","no battery","V","","µV","","µV"
"08/09/2022","10:43:18","6","default","383292078","Oxt_06","41.262","min","100.518","%a.s.","Humid","20.318","deg","39587","µV","28.105","°C","1016.000","hPa","36.4","pmil","0","55.390","deg","20.000","°C","100.000","%a.s.","21.720","deg","20.000","°C","977.000","hPa","0.861","-0.02617","0.00035","0","0","13.56","Humid","26.25","0","44.00","378242.69","SABD0000000001","AAV1.0.0.11","4.0.0.2323","PSt7-10","170328-019","7/29/2022 11:23:46 AM","0000-00","0","no battery","V","","µV","","µV"
"08/09/2022","10:43:19","6","default","383292078","Oxt_06","41.279","min","100.600","%a.s.","Humid","20.310","deg","39579","µV","28.095","°C","1016.000","hPa","36.4","pmil","0","55.390","deg","20.000","°C","100.000","%a.s.","21.720","deg","20.000","°C","977.000","hPa","0.861","-0.02617","0.00035","0","0","13.56","Humid","26.25","0","44.00","378253.76","SABD0000000001","AAV1.0.0.11","4.0.0.2323","PSt7-10","170328-019","7/29/2022 11:23:46 AM","0000-00","0","no battery","V","","µV","","µV"
"08/09/2022","10:43:20","6","default","383292078","Oxt_06","41.296","min","100.620","%a.s.","Humid","20.308","deg","39579","µV","28.094","°C","1016.000","hPa","36.4","pmil","0","55.390","deg","20.000","°C","100.000","%a.s.","21.720","deg","20.000","°C","977.000","hPa","0.861","-0.02617","0.00035","0","0","13.56","Humid","26.25","0","44.00","378256.70","SABD0000000001","AAV1.0.0.11","4.0.0.2323","PSt7-10","170328-019","7/29/2022 11:23:46 AM","0000-00","0","no battery","V","","µV","","µV"
"08/09/2022","10:43:21","6","default","383292078","Oxt_06","41.312","min","100.619","%a.s.","Humid","20.307","deg","39580","µV","28.105","°C","1016.000","hPa","36.4","pmil","0","55.390","deg","20.000","°C","100.000","%a.s.","21.720","deg","20.000","°C","977.000","hPa","0.861","-0.02617","0.00035","0","0","13.56","Humid","26.25","0","44.00","378251.70","SABD0000000001","AAV1.0.0.11","4.0.0.2323","PSt7-10","170328-019","7/29/2022 11:23:46 AM","0000-00","0","no battery","V","","µV","","µV"
"08/09/2022","10:43:22","6","default","383292078","Oxt_06","41.329","min","100.688","%a.s.","Humid","20.301","deg","39582","µV","28.089","°C","1016.000","hPa","36.4","pmil","0","55.390","deg","20.000","°C","100.000","%a.s.","21.720","deg","20.000","°C","977.000","hPa","0.861","-0.02617","0.00035","0","0","13.56","Humid","26.25","0","44.00","378246.49","SABD0000000001","AAV1.0.0.11","4.0.0.2323","PSt7-10","170328-019","7/29/2022 11:23:46 AM","0000-00","0","no battery","V","","µV","","µV"
"08/09/2022","10:43:23","6","default","383292078","Oxt_06","41.346","min","100.552","%a.s.","Humid","20.315","deg","39580","µV","28.098","°C","1016.000","hPa","36.4","pmil","0","55.390","deg","20.000","°C","100.000","%a.s.","21.720","deg","20.000","°C","977.000","hPa","0.861","-0.02617","0.00035","0","0","13.56","Humid","26.25","0","44.00","378247.39","SABD0000000001","AAV1.0.0.11","4.0.0.2323","PSt7-10","170328-019","7/29/2022 11:23:46 AM","0000-00","0","no battery","V","","µV","","µV"
"08/09/2022","10:43:24","6","default","383292078","Oxt_06","41.363","min","100.658","%a.s.","Humid","20.304","deg","39580","µV","28.092","°C","1016.000","hPa","36.4","pmil","0","55.390","deg","20.000","°C","100.000","%a.s.","21.720","deg","20.000","°C","977.000","hPa","0.861","-0.02617","0.00035","0","0","13.56","Humid","26.25","0","44.00","378236.81","SABD0000000001","AAV1.0.0.11","4.0.0.2323","PSt7-10","170328-019","7/29/2022 11:23:46 AM","0000-00","0","no battery","V","","µV","","µV"
"08/09/2022","10:43:25","6","default","383292078","Oxt_06","41.379","min","100.643","%a.s.","Humid","20.305","deg","39582","µV","28.098","°C","1016.000","hPa","36.4","pmil","0","55.390","deg","20.000","°C","100.000","%a.s.","21.720","deg","20.000","°C","977.000","hPa","0.861","-0.02617","0.00035","0","0","13.56","Humid","26.25","0","44.00","378263.71","SABD0000000001","AAV1.0.0.11","4.0.0.2323","PSt7-10","170328-019","7/29/2022 11:23:46 AM","0000-00","0","no battery","V","","µV","","µV"
"08/09/2022","10:43:26","6","default","383292078","Oxt_06","41.396","min","100.681","%a.s.","Humid","20.302","deg","39577","µV","28.087","°C","1016.000","hPa","36.4","pmil","0","55.390","deg","20.000","°C","100.000","%a.s.","21.720","deg","20.000","°C","977.000","hPa","0.861","-0.02617","0.00035","0","0","13.56","Humid","26.25","0","44.00","378238.52","SABD0000000001","AAV1.0.0.11","4.0.0.2323","PSt7-10","170328-019","7/29/2022 11:23:46 AM","0000-00","0","no battery","V","","µV","","µV"
"08/09/2022","10:43:27","6","default","383292078","Oxt_06","41.413","min","100.733","%a.s.","Humid","20.295","deg","39567","µV","28.100","°C","1016.000","hPa","36.4","pmil","0","55.390","deg","20.000","°C","100.000","%a.s.","21.720","deg","20.000","°C","977.000","hPa","0.861","-0.02617","0.00035","0","0","13.56","Humid","26.25","0","44.00","378235.77","SABD0000000001","AAV1.0.0.11","4.0.0.2323","PSt7-10","170328-019","7/29/2022 11:23:46 AM","0000-00","0","no battery","V","","µV","","µV"
"08/09/2022","10:43:28","6","default","383292078","Oxt_06","41.429","min","100.650","%a.s.","Humid","20.303","deg","39572","µV","28.110","°C","1016.000","hPa","36.4","pmil","0","55.390","deg","20.000","°C","100.000","%a.s.","21.720","deg","20.000","°C","977.000","hPa","0.861","-0.02617","0.00035","0","0","13.56","Humid","26.25","0","44.00","378241.31","SABD0000000001","AAV1.0.0.11","4.0.0.2323","PSt7-10","170328-019","7/29/2022 11:23:46 AM","0000-00","0","no battery","V","","µV","","µV"
"08/09/2022","10:43:29","6","default","383292078","Oxt_06","41.446","min","100.612","%a.s.","Humid","20.309","deg","39575","µV","28.093","°C","1016.000","hPa","36.4","pmil","0","55.390","deg","20.000","°C","100.000","%a.s.","21.720","deg","20.000","°C","977.000","hPa","0.861","-0.02617","0.00035","0","0","13.56","Humid","26.25","0","44.00","378249.86","SABD0000000001","AAV1.0.0.11","4.0.0.2323","PSt7-10","170328-019","7/29/2022 11:23:46 AM","0000-00","0","no battery","V","","µV","","µV"
"08/09/2022","10:43:30","6","default","383292078","Oxt_06","41.462","min","100.755","%a.s.","Humid","20.292","deg","39573","µV","28.105","°C","1016.000","hPa","36.4","pmil","0","55.390","deg","20.000","°C","100.000","%a.s.","21.720","deg","20.000","°C","977.000","hPa","0.861","-0.02617","0.00035","0","0","13.56","Humid","26.25","0","44.00","378253.00","SABD0000000001","AAV1.0.0.11","4.0.0.2323","PSt7-10","170328-019","7/29/2022 11:23:46 AM","0000-00","0","no battery","V","","µV","","µV"
"08/09/2022","10:43:31","6","default","383292078","Oxt_06","41.479","min","100.625","%a.s.","Humid","20.307","deg","39567","µV","28.098","°C","1016.000","hPa","36.4","pmil","0","55.390","deg","20.000","°C","100.000","%a.s.","21.720","deg","20.000","°C","977.000","hPa","0.861","-0.02617","0.00035","0","0","13.56","Humid","26.25","0","44.00","378238.20","SABD0000000001","AAV1.0.0.11","4.0.0.2323","PSt7-10","170328-019","7/29/2022 11:23:46 AM","0000-00","0","no battery","V","","µV","","µV"
"08/09/2022","10:43:32","6","default","383292078","Oxt_06","41.495","min","100.729","%a.s.","Humid","20.295","deg","39570","µV","28.104","°C","1016.000","hPa","36.4","pmil","0","55.390","deg","20.000","°C","100.000","%a.s.","21.720","deg","20.000","°C","977.000","hPa","0.861","-0.02617","0.00035","0","0","13.56","Humid","26.25","0","44.00","378249.50","SABD0000000001","AAV1.0.0.11","4.0.0.2323","PSt7-10","170328-019","7/29/2022 11:23:46 AM","0000-00","0","no battery","V","","µV","","µV"
"08/09/2022","10:43:33","6","default","383292078","Oxt_06","41.512","min","100.651","%a.s.","Humid","20.304","deg","39568","µV","28.099","°C","1016.000","hPa","36.4","pmil","0","55.390","deg","20.000","°C","100.000","%a.s.","21.720","deg","20.000","°C","977.000","hPa","0.861","-0.02617","0.00035","0","0","13.56","Humid","26.25","0","44.00","378253.40","SABD0000000001","AAV1.0.0.11","4.0.0.2323","PSt7-10","170328-019","7/29/2022 11:23:46 AM","0000-00","0","no battery","V","","µV","","µV"
"08/09/2022","10:43:34","6","default","383292078","Oxt_06","41.529","min","100.722","%a.s.","Humid","20.298","deg","39567","µV","28.082","°C","1016.000","hPa","36.4","pmil","0","55.390","deg","20.000","°C","100.000","%a.s.","21.720","deg","20.000","°C","977.000","hPa","0.861","-0.02617","0.00035","0","0","13.56","Humid","26.25","0","44.00","378247.72","SABD0000000001","AAV1.0.0.11","4.0.0.2323","PSt7-10","170328-019","7/29/2022 11:23:46 AM","0000-00","0","no battery","V","","µV","","µV"
"08/09/2022","10:43:35","6","default","383292078","Oxt_06","41.545","min","100.655","%a.s.","Humid","20.303","deg","39563","µV","28.104","°C","1016.000","hPa","36.4","pmil","0","55.390","deg","20.000","°C","100.000","%a.s.","21.720","deg","20.000","°C","977.000","hPa","0.861","-0.02617","0.00035","0","0","13.56","Humid","26.25","0","44.00","378233.04","SABD0000000001","AAV1.0.0.11","4.0.0.2323","PSt7-10","170328-019","7/29/2022 11:23:46 AM","0000-00","0","no battery","V","","µV","","µV"
"08/09/2022","10:43:36","6","default","383292078","Oxt_06","41.562","min","100.647","%a.s.","Humid","20.304","deg","39561","µV","28.104","°C","1016.000","hPa","36.4","pmil","0","55.390","deg","20.000","°C","100.000","%a.s.","21.720","deg","20.000","°C","977.000","hPa","0.861","-0.02617","0.00035","0","0","13.56","Humid","26.25","0","44.00","378243.62","SABD0000000001","AAV1.0.0.11","4.0.0.2323","PSt7-10","170328-019","7/29/2022 11:23:46 AM","0000-00","0","no battery","V","","µV","","µV"
"08/09/2022","10:43:37","6","default","383292078","Oxt_06","41.579","min","100.713","%a.s.","Humid","20.297","deg","39564","µV","28.101","°C","1016.000","hPa","36.4","pmil","0","55.390","deg","20.000","°C","100.000","%a.s.","21.720","deg","20.000","°C","977.000","hPa","0.861","-0.02617","0.00035","0","0","13.56","Humid","26.25","0","44.00","378241.74","SABD0000000001","AAV1.0.0.11","4.0.0.2323","PSt7-10","170328-019","7/29/2022 11:23:46 AM","0000-00","0","no battery","V","","µV","","µV"
"08/09/2022","10:43:38","6","default","383292078","Oxt_06","41.595","min","100.700","%a.s.","Humid","20.299","deg","39560","µV","28.096","°C","1016.000","hPa","36.4","pmil","0","55.390","deg","20.000","°C","100.000","%a.s.","21.720","deg","20.000","°C","977.000","hPa","0.861","-0.02617","0.00035","0","0","13.56","Humid","26.25","0","44.00","378230.27","SABD0000000001","AAV1.0.0.11","4.0.0.2323","PSt7-10","170328-019","7/29/2022 11:23:46 AM","0000-00","0","no battery","V","","µV","","µV"
"08/09/2022","10:43:39","6","default","383292078","Oxt_06","41.612","min","100.690","%a.s.","Humid","20.299","deg","39563","µV","28.106","°C","1016.000","hPa","36.4","pmil","0","55.390","deg","20.000","°C","100.000","%a.s.","21.720","deg","20.000","°C","977.000","hPa","0.861","-0.02617","0.00035","0","0","13.56","Humid","26.25","0","44.00","378233.61","SABD0000000001","AAV1.0.0.11","4.0.0.2323","PSt7-10","170328-019","7/29/2022 11:23:46 AM","0000-00","0","no battery","V","","µV","","µV"
"08/09/2022","10:43:40","6","default","383292078","Oxt_06","41.629","min","100.777","%a.s.","Humid","20.290","deg","39555","µV","28.101","°C","1016.000","hPa","36.4","pmil","0","55.390","deg","20.000","°C","100.000","%a.s.","21.720","deg","20.000","°C","977.000","hPa","0.861","-0.02617","0.00035","0","0","13.56","Humid","26.25","0","44.00","378251.98","SABD0000000001","AAV1.0.0.11","4.0.0.2323","PSt7-10","170328-019","7/29/2022 11:23:46 AM","0000-00","0","no battery","V","","µV","","µV"
"08/09/2022","10:43:41","6","default","383292078","Oxt_06","41.646","min","100.810","%a.s.","Humid","20.287","deg","39558","µV","28.096","°C","1016.000","hPa","36.4","pmil","0","55.390","deg","20.000","°C","100.000","%a.s.","21.720","deg","20.000","°C","977.000","hPa","0.861","-0.02617","0.00035","0","0","13.56","Humid","26.25","0","44.00","378228.37","SABD0000000001","AAV1.0.0.11","4.0.0.2323","PSt7-10","170328-019","7/29/2022 11:23:46 AM","0000-00","0","no battery","V","","µV","","µV"
"08/09/2022","10:43:42","6","default","383292078","Oxt_06","41.662","min","100.653","%a.s.","Humid","20.303","deg","39555","µV","28.107","°C","1016.000","hPa","36.4","pmil","0","55.390","deg","20.000","°C","100.000","%a.s.","21.720","deg","20.000","°C","977.000","hPa","0.861","-0.02617","0.00035","0","0","13.56","Humid","26.25","0","44.00","378232.32","SABD0000000001","AAV1.0.0.11","4.0.0.2323","PSt7-10","170328-019","7/29/2022 11:23:46 AM","0000-00","0","no battery","V","","µV","","µV"
"08/09/2022","10:43:43","6","default","383292078","Oxt_06","41.679","min","100.748","%a.s.","Humid","20.293","deg","39555","µV","28.103","°C","1016.000","hPa","36.4","pmil","0","55.390","deg","20.000","°C","100.000","%a.s.","21.720","deg","20.000","°C","977.000","hPa","0.861","-0.02617","0.00035","0","0","13.56","Humid","26.25","0","44.00","378223.67","SABD0000000001","AAV1.0.0.11","4.0.0.2323","PSt7-10","170328-019","7/29/2022 11:23:46 AM","0000-00","0","no battery","V","","µV","","µV"
"08/09/2022","10:43:44","6","default","383292078","Oxt_06","41.696","min","100.756","%a.s.","Humid","20.294","deg","39555","µV","28.086","°C","1016.000","hPa","36.4","pmil","0","55.390","deg","20.000","°C","100.000","%a.s.","21.720","deg","20.000","°C","977.000","hPa","0.861","-0.02617","0.00035","0","0","13.56","Humid","26.25","0","44.00","378219.75","SABD0000000001","AAV1.0.0.11","4.0.0.2323","PSt7-10","170328-019","7/29/2022 11:23:46 AM","0000-00","0","no battery","V","","µV","","µV"
"08/09/2022","10:43:45","6","default","383292078","Oxt_06","41.712","min","100.777","%a.s.","Humid","20.291","deg","39548","µV","28.092","°C","1016.000","hPa","36.4","pmil","0","55.390","deg","20.000","°C","100.000","%a.s.","21.720","deg","20.000","°C","977.000","hPa","0.861","-0.02617","0.00035","0","0","13.56","Humid","26.25","0","44.00","378240.26","SABD0000000001","AAV1.0.0.11","4.0.0.2323","PSt7-10","170328-019","7/29/2022 11:23:46 AM","0000-00","0","no battery","V","","µV","","µV"
"08/09/2022","10:43:46","6","default","383292078","Oxt_06","41.729","min","100.760","%a.s.","Humid","20.291","deg","39548","µV","28.109","°C","1016.000","hPa","36.4","pmil","0","55.390","deg","20.000","°C","100.000","%a.s.","21.720","deg","20.000","°C","977.000","hPa","0.861","-0.02617","0.00035","0","0","13.56","Humid","26.25","0","44.00","378238.93","SABD0000000001","AAV1.0.0.11","4.0.0.2323","PSt7-10","170328-019","7/29/2022 11:23:46 AM","0000-00","0","no battery","V","","µV","","µV"
"08/09/2022","10:43:47","6","default","383292078","Oxt_06","41.746","min","100.740","%a.s.","Humid","20.295","deg","39549","µV","28.093","°C","1016.000","hPa","36.4","pmil","0","55.390","deg","20.000","°C","100.000","%a.s.","21.720","deg","20.000","°C","977.000","hPa","0.861","-0.02617","0.00035","0","0","13.56","Humid","26.25","0","44.00","378237.62","SABD0000000001","AAV1.0.0.11","4.0.0.2323","PSt7-10","170328-019","7/29/2022 11:23:46 AM","0000-00","0","no battery","V","","µV","","µV"
"08/09/2022","10:43:48","6","default","383292078","Oxt_06","41.763","min","100.776","%a.s.","Humid","20.292","deg","39553","µV","28.084","°C","1016.000","hPa","36.4","pmil","0","55.390","deg","20.000","°C","100.000","%a.s.","21.720","deg","20.000","°C","977.000","hPa","0.861","-0.02617","0.00035","0","0","13.56","Humid","26.25","0","44.00","378233.58","SABD0000000001","AAV1.0.0.11","4.0.0.2323","PSt7-10","170328-019","7/29/2022 11:23:46 AM","0000-00","0","no battery","V","","µV","","µV"
"08/09/2022","10:43:49","6","default","383292078","Oxt_06","41.779","min","100.744","%a.s.","Humid","20.295","deg","39553","µV","28.088","°C","1016.000","hPa","36.4","pmil","0","55.390","deg","20.000","°C","100.000","%a.s.","21.720","deg","20.000","°C","977.000","hPa","0.861","-0.02617","0.00035","0","0","13.56","Humid","26.25","0","44.00","378215.98","SABD0000000001","AAV1.0.0.11","4.0.0.2323","PSt7-10","170328-019","7/29/2022 11:23:46 AM","0000-00","0","no battery","V","","µV","","µV"
"08/09/2022","10:43:50","6","default","383292078","Oxt_06","41.796","min","100.790","%a.s.","Humid","20.291","deg","39544","µV","28.078","°C","1016.000","hPa","36.4","pmil","0","55.390","deg","20.000","°C","100.000","%a.s.","21.720","deg","20.000","°C","977.000","hPa","0.861","-0.02617","0.00035","0","0","13.56","Humid","26.25","0","44.00","378219.66","SABD0000000001","AAV1.0.0.11","4.0.0.2323","PSt7-10","170328-019","7/29/2022 11:23:46 AM","0000-00","0","no battery","V","","µV","","µV"
"08/09/2022","10:43:51","6","default","383292078","Oxt_06","41.813","min","100.725","%a.s.","Humid","20.297","deg","39546","µV","28.089","°C","1016.000","hPa","36.4","pmil","0","55.390","deg","20.000","°C","100.000","%a.s.","21.720","deg","20.000","°C","977.000","hPa","0.861","-0.02617","0.00035","0","0","13.56","Humid","26.25","0","44.00","378205.62","SABD0000000001","AAV1.0.0.11","4.0.0.2323","PSt7-10","170328-019","7/29/2022 11:23:46 AM","0000-00","0","no battery","V","","µV","","µV"
"08/09/2022","10:43:52","6","default","383292078","Oxt_06","41.829","min","100.784","%a.s.","Humid","20.290","deg","39549","µV","28.094","°C","1016.000","hPa","36.4","pmil","0","55.390","deg","20.000","°C","100.000","%a.s.","21.720","deg","20.000","°C","977.000","hPa","0.861","-0.02617","0.00035","0","0","13.56","Humid","26.25","0","44.00","378220.05","SABD0000000001","AAV1.0.0.11","4.0.0.2323","PSt7-10","170328-019","7/29/2022 11:23:46 AM","0000-00","0","no battery","V","","µV","","µV"
"08/09/2022","10:43:53","6","default","383292078","Oxt_06","41.846","min","100.760","%a.s.","Humid","20.293","deg","39554","µV","28.091","°C","1016.000","hPa","36.4","pmil","0","55.390","deg","20.000","°C","100.000","%a.s.","21.720","deg","20.000","°C","977.000","hPa","0.861","-0.02617","0.00035","0","0","13.56","Humid","26.25","0","44.00","378216.34","SABD0000000001","AAV1.0.0.11","4.0.0.2323","PSt7-10","170328-019","7/29/2022 11:23:46 AM","0000-00","0","no battery","V","","µV","","µV"
"08/09/2022","10:43:54","6","default","383292078","Oxt_06","41.863","min","100.754","%a.s.","Humid","20.294","deg","39546","µV","28.087","°C","1016.000","hPa","36.4","pmil","0","55.390","deg","20.000","°C","100.000","%a.s.","21.720","deg","20.000","°C","977.000","hPa","0.861","-0.02617","0.00035","0","0","13.56","Humid","26.25","0","44.00","378216.27","SABD0000000001","AAV1.0.0.11","4.0.0.2323","PSt7-10","170328-019","7/29/2022 11:23:46 AM","0000-00","0","no battery","V","","µV","","µV"
"08/09/2022","10:43:55","6","default","383292078","Oxt_06","41.879","min","100.751","%a.s.","Humid","20.292","deg","39541","µV","28.109","°C","1016.000","hPa","36.4","pmil","0","55.390","deg","20.000","°C","100.000","%a.s.","21.720","deg","20.000","°C","977.000","hPa","0.861","-0.02617","0.00035","0","0","13.56","Humid","26.25","0","44.00","378214.43","SABD0000000001","AAV1.0.0.11","4.0.0.2323","PSt7-10","170328-019","7/29/2022 11:23:46 AM","0000-00","0","no battery","V","","µV","","µV"
"08/09/2022","10:43:56","6","default","383292078","Oxt_06","41.896","min","100.746","%a.s.","Humid","20.293","deg","39542","µV","28.105","°C","1016.000","hPa","36.4","pmil","0","55.390","deg","20.000","°C","100.000","%a.s.","21.720","deg","20.000","°C","977.000","hPa","0.861","-0.02617","0.00035","0","0","13.56","Humid","26.25","0","44.00","378207.49","SABD0000000001","AAV1.0.0.11","4.0.0.2323","PSt7-10","170328-019","7/29/2022 11:23:46 AM","0000-00","0","no battery","V","","µV","","µV"
"08/09/2022","10:43:57","6","default","383292078","Oxt_06","41.912","min","100.806","%a.s.","Humid","20.287","deg","39540","µV","28.100","°C","1016.000","hPa","36.4","pmil","0","55.390","deg","20.000","°C","100.000","%a.s.","21.720","deg","20.000","°C","977.000","hPa","0.861","-0.02617","0.00035","0","0","13.56","Humid","26.25","0","44.00","378222.52","SABD0000000001","AAV1.0.0.11","4.0.0.2323","PSt7-10","170328-019","7/29/2022 11:23:46 AM","0000-00","0","no battery","V","","µV","","µV"
"08/09/2022","10:43:58","6","default","383292078","Oxt_06","41.929","min","100.848","%a.s.","Humid","20.282","deg","39544","µV","28.103","°C","1016.000","hPa","36.4","pmil","0","55.390","deg","20.000","°C","100.000","%a.s.","21.720","deg","20.000","°C","977.000","hPa","0.861","-0.02617","0.00035","0","0","13.56","Humid","26.25","0","44.00","378209.42","SABD0000000001","AAV1.0.0.11","4.0.0.2323","PSt7-10","170328-019","7/29/2022 11:23:46 AM","0000-00","0","no battery","V","","µV","","µV"
"08/09/2022","10:43:59","6","default","383292078","Oxt_06","41.945","min","100.913","%a.s.","Humid","20.275","deg","39538","µV","28.102","°C","1016.000","hPa","36.4","pmil","0","55.390","deg","20.000","°C","100.000","%a.s.","21.720","deg","20.000","°C","977.000","hPa","0.861","-0.02617","0.00035","0","0","13.56","Humid","26.25","0","44.00","378216.45","SABD0000000001","AAV1.0.0.11","4.0.0.2323","PSt7-10","170328-019","7/29/2022 11:23:46 AM","0000-00","0","no battery","V","","µV","","µV"
"08/09/2022","10:44:00","6","default","383292078","Oxt_06","41.962","min","100.785","%a.s.","Humid","20.290","deg","39535","µV","28.093","°C","1016.000","hPa","36.4","pmil","0","55.390","deg","20.000","°C","100.000","%a.s.","21.720","deg","20.000","°C","977.000","hPa","0.861","-0.02617","0.00035","0","0","13.56","Humid","26.25","0","44.00","378207.82","SABD0000000001","AAV1.0.0.11","4.0.0.2323","PSt7-10","170328-019","7/29/2022 11:23:46 AM","0000-00","0","no battery","V","","µV","","µV"
"08/09/2022","10:44:01","6","default","383292078","Oxt_06","41.979","min","100.861","%a.s.","Humid","20.281","deg","39536","µV","28.100","°C","1016.000","hPa","36.4","pmil","0","55.390","deg","20.000","°C","100.000","%a.s.","21.720","deg","20.000","°C","977.000","hPa","0.861","-0.02617","0.00035","0","0","13.56","Humid","26.25","0","44.00","378212.72","SABD0000000001","AAV1.0.0.11","4.0.0.2323","PSt7-10","170328-019","7/29/2022 11:23:46 AM","0000-00","0","no battery","V","","µV","","µV"
"08/09/2022","10:44:02","6","default","383292078","Oxt_06","41.995","min","100.795","%a.s.","Humid","20.289","deg","39534","µV","28.092","°C","1016.000","hPa","36.4","pmil","0","55.390","deg","20.000","°C","100.000","%a.s.","21.720","deg","20.000","°C","977.000","hPa","0.861","-0.02617","0.00035","0","0","13.56","Humid","26.25","0","44.00","378200.27","SABD0000000001","AAV1.0.0.11","4.0.0.2323","PSt7-10","170328-019","7/29/2022 11:23:46 AM","0000-00","0","no battery","V","","µV","","µV"
"08/09/2022","10:44:03","6","default","383292078","Oxt_06","42.012","min","100.847","%a.s.","Humid","20.283","deg","39536","µV","28.095","°C","1016.000","hPa","36.4","pmil","0","55.390","deg","20.000","°C","100.000","%a.s.","21.720","deg","20.000","°C","977.000","hPa","0.861","-0.02617","0.00035","0","0","13.56","Humid","26.25","0","44.00","378206.54","SABD0000000001","AAV1.0.0.11","4.0.0.2323","PSt7-10","170328-019","7/29/2022 11:23:46 AM","0000-00","0","no battery","V","","µV","","µV"
"08/09/2022","10:44:04","6","default","383292078","Oxt_06","42.029","min","100.793","%a.s.","Humid","20.289","deg","39530","µV","28.094","°C","1016.000","hPa","36.4","pmil","0","55.390","deg","20.000","°C","100.000","%a.s.","21.720","deg","20.000","°C","977.000","hPa","0.861","-0.02617","0.00035","0","0","13.56","Humid","26.25","0","44.00","378214.59","SABD0000000001","AAV1.0.0.11","4.0.0.2323","PSt7-10","170328-019","7/29/2022 11:23:46 AM","0000-00","0","no battery","V","","µV","","µV"
"08/09/2022","10:44:05","6","default","383292078","Oxt_06","42.045","min","100.770","%a.s.","Humid","20.290","deg","39531","µV","28.109","°C","1016.000","hPa","36.4","pmil","0","55.390","deg","20.000","°C","100.000","%a.s.","21.720","deg","20.000","°C","977.000","hPa","0.861","-0.02617","0.00035","0","0","13.56","Humid","26.25","0","44.00","378212.55","SABD0000000001","AAV1.0.0.11","4.0.0.2323","PSt7-10","170328-019","7/29/2022 11:23:46 AM","0000-00","0","no battery","V","","µV","","µV"
"08/09/2022","10:44:06","6","default","383292078","Oxt_06","42.062","min","100.744","%a.s.","Humid","20.294","deg","39533","µV","28.097","°C","1016.000","hPa","36.4","pmil","0","55.390","deg","20.000","°C","100.000","%a.s.","21.720","deg","20.000","°C","977.000","hPa","0.861","-0.02617","0.00035","0","0","13.56","Humid","26.25","0","44.00","378196.27","SABD0000000001","AAV1.0.0.11","4.0.0.2323","PSt7-10","170328-019","7/29/2022 11:23:46 AM","0000-00","0","no battery","V","","µV","","µV"
"08/09/2022","10:44:07","6","default","383292078","Oxt_06","42.079","min","100.784","%a.s.","Humid","20.291","deg","39534","µV","28.084","°C","1016.000","hPa","36.4","pmil","0","55.390","deg","20.000","°C","100.000","%a.s.","21.720","deg","20.000","°C","977.000","hPa","0.861","-0.02617","0.00035","0","0","13.56","Humid","26.25","0","44.00","378193.60","SABD0000000001","AAV1.0.0.11","4.0.0.2323","PSt7-10","170328-019","7/29/2022 11:23:46 AM","0000-00","0","no battery","V","","µV","","µV"
"08/09/2022","10:44:08","6","default","383292078","Oxt_06","42.095","min","100.816","%a.s.","Humid","20.287","deg","39526","µV","28.089","°C","1016.000","hPa","36.4","pmil","0","55.390","deg","20.000","°C","100.000","%a.s.","21.720","deg","20.000","°C","977.000","hPa","0.861","-0.02617","0.00035","0","0","13.56","Humid","26.25","0","44.00","378188.59","SABD0000000001","AAV1.0.0.11","4.0.0.2323","PSt7-10","170328-019","7/29/2022 11:23:46 AM","0000-00","0","no battery","V","","µV","","µV"
"08/09/2022","10:44:09","6","default","383292078","Oxt_06","42.112","min","100.917","%a.s.","Humid","20.275","deg","39534","µV","28.098","°C","1016.000","hPa","36.4","pmil","0","55.390","deg","20.000","°C","100.000","%a.s.","21.720","deg","20.000","°C","977.000","hPa","0.861","-0.02617","0.00035","0","0","13.56","Humid","26.25","0","44.00","378202.67","SABD0000000001","AAV1.0.0.11","4.0.0.2323","PSt7-10","170328-019","7/29/2022 11:23:46 AM","0000-00","0","no battery","V","","µV","","µV"
"08/09/2022","10:44:10","6","default","383292078","Oxt_06","42.129","min","100.824","%a.s.","Humid","20.286","deg","39528","µV","28.090","°C","1016.000","hPa","36.4","pmil","0","55.390","deg","20.000","°C","100.000","%a.s.","21.720","deg","20.000","°C","977.000","hPa","0.861","-0.02617","0.00035","0","0","13.56","Humid","26.25","0","44.00","378202.68","SABD0000000001","AAV1.0.0.11","4.0.0.2323","PSt7-10","170328-019","7/29/2022 11:23:46 AM","0000-00","0","no battery","V","","µV","","µV"
"08/09/2022","10:44:11","6","default","383292078","Oxt_06","42.145","min","100.725","%a.s.","Humid","20.297","deg","39526","µV","28.089","°C","1016.000","hPa","36.4","pmil","0","55.390","deg","20.000","°C","100.000","%a.s.","21.720","deg","20.000","°C","977.000","hPa","0.861","-0.02617","0.00035","0","0","13.56","Humid","26.25","0","44.00","378206.95","SABD0000000001","AAV1.0.0.11","4.0.0.2323","PSt7-10","170328-019","7/29/2022 11:23:46 AM","0000-00","0","no battery","V","","µV","","µV"
"08/09/2022","10:44:12","6","default","383292078","Oxt_06","42.162","min","100.797","%a.s.","Humid","20.289","deg","39528","µV","28.090","°C","1016.000","hPa","36.4","pmil","0","55.390","deg","20.000","°C","100.000","%a.s.","21.720","deg","20.000","°C","977.000","hPa","0.861","-0.02617","0.00035","0","0","13.56","Humid","26.25","0","44.00","378207.52","SABD0000000001","AAV1.0.0.11","4.0.0.2323","PSt7-10","170328-019","7/29/2022 11:23:46 AM","0000-00","0","no battery","V","","µV","","µV"
"08/09/2022","10:44:13","6","default","383292078","Oxt_06","42.179","min","100.747","%a.s.","Humid","20.284","deg","39522","µV","28.086","°C","1017.000","hPa","36.4","pmil","0","55.390","deg","20.000","°C","100.000","%a.s.","21.720","deg","20.000","°C","977.000","hPa","0.861","-0.02617","0.00035","0","0","13.56","Humid","26.25","0","44.00","378197.98","SABD0000000001","AAV1.0.0.11","4.0.0.2323","PSt7-10","170328-019","7/29/2022 11:23:46 AM","0000-00","0","no battery","V","","µV","","µV"
"08/09/2022","10:44:14","6","default","383292078","Oxt_06","42.196","min","100.808","%a.s.","Humid","20.287","deg","39518","µV","28.097","°C","1016.000","hPa","36.4","pmil","0","55.390","deg","20.000","°C","100.000","%a.s.","21.720","deg","20.000","°C","977.000","hPa","0.861","-0.02617","0.00035","0","0","13.56","Humid","26.25","0","44.00","378196.32","SABD0000000001","AAV1.0.0.11","4.0.0.2323","PSt7-10","170328-019","7/29/2022 11:23:46 AM","0000-00","0","no battery","V","","µV","","µV"
"08/09/2022","10:44:15","6","default","383292078","Oxt_06","42.212","min","100.855","%a.s.","Humid","20.282","deg","39519","µV","28.096","°C","1016.000","hPa","36.4","pmil","0","55.390","deg","20.000","°C","100.000","%a.s.","21.720","deg","20.000","°C","977.000","hPa","0.861","-0.02617","0.00035","0","0","13.56","Humid","26.25","0","44.00","378186.39","SABD0000000001","AAV1.0.0.11","4.0.0.2323","PSt7-10","170328-019","7/29/2022 11:23:46 AM","0000-00","0","no battery","V","","µV","","µV"
"08/09/2022","10:44:16","6","default","383292078","Oxt_06","42.229","min","100.830","%a.s.","Humid","20.284","deg","39519","µV","28.103","°C","1016.000","hPa","36.4","pmil","0","55.390","deg","20.000","°C","100.000","%a.s.","21.720","deg","20.000","°C","977.000","hPa","0.861","-0.02617","0.00035","0","0","13.56","Humid","26.25","0","44.00","378196.65","SABD0000000001","AAV1.0.0.11","4.0.0.2323","PSt7-10","170328-019","7/29/2022 11:23:46 AM","0000-00","0","no battery","V","","µV","","µV"
"08/09/2022","10:44:17","6","default","383292078","Oxt_06","42.246","min","100.843","%a.s.","Humid","20.282","deg","39520","µV","28.109","°C","1016.000","hPa","36.4","pmil","0","55.390","deg","20.000","°C","100.000","%a.s.","21.720","deg","20.000","°C","977.000","hPa","0.861","-0.02617","0.00035","0","0","13.56","Humid","26.25","0","44.00","378194.07","SABD0000000001","AAV1.0.0.11","4.0.0.2323","PSt7-10","170328-019","7/29/2022 11:23:46 AM","0000-00","0","no battery","V","","µV","","µV"
"08/09/2022","10:44:18","6","default","383292078","Oxt_06","42.262","min","100.856","%a.s.","Humid","20.282","deg","39518","µV","28.095","°C","1016.000","hPa","36.4","pmil","0","55.390","deg","20.000","°C","100.000","%a.s.","21.720","deg","20.000","°C","977.000","hPa","0.861","-0.02617","0.00035","0","0","13.56","Humid","26.25","0","44.00","378217.10","SABD0000000001","AAV1.0.0.11","4.0.0.2323","PSt7-10","170328-019","7/29/2022 11:23:46 AM","0000-00","0","no battery","V","","µV","","µV"
"08/09/2022","10:44:19","6","default","383292078","Oxt_06","42.279","min","100.912","%a.s.","Humid","20.277","deg","39517","µV","28.084","°C","1016.000","hPa","36.4","pmil","0","55.390","deg","20.000","°C","100.000","%a.s.","21.720","deg","20.000","°C","977.000","hPa","0.861","-0.02617","0.00035","0","0","13.56","Humid","26.25","0","44.00","378191.41","SABD0000000001","AAV1.0.0.11","4.0.0.2323","PSt7-10","170328-019","7/29/2022 11:23:46 AM","0000-00","0","no battery","V","","µV","","µV"
"08/09/2022","10:44:20","6","default","383292078","Oxt_06","42.296","min","100.943","%a.s.","Humid","20.272","deg","39512","µV","28.100","°C","1016.000","hPa","36.4","pmil","0","55.390","deg","20.000","°C","100.000","%a.s.","21.720","deg","20.000","°C","977.000","hPa","0.861","-0.02617","0.00035","0","0","13.56","Humid","26.25","0","44.00","378211.28","SABD0000000001","AAV1.0.0.11","4.0.0.2323","PSt7-10","170328-019","7/29/2022 11:23:46 AM","0000-00","0","no battery","V","","µV","","µV"
"08/09/2022","10:44:21","6","default","383292078","Oxt_06","42.313","min","100.910","%a.s.","Humid","20.275","deg","39510","µV","28.105","°C","1016.000","hPa","36.4","pmil","0","55.390","deg","20.000","°C","100.000","%a.s.","21.720","deg","20.000","°C","977.000","hPa","0.861","-0.02617","0.00035","0","0","13.56","Humid","26.25","0","44.00","378193.41","SABD0000000001","AAV1.0.0.11","4.0.0.2323","PSt7-10","170328-019","7/29/2022 11:23:46 AM","0000-00","0","no battery","V","","µV","","µV"
"08/09/2022","10:44:22","6","default","383292078","Oxt_06","42.329","min","100.934","%a.s.","Humid","20.275","deg","39511","µV","28.080","°C","1016.000","hPa","36.4","pmil","0","55.390","deg","20.000","°C","100.000","%a.s.","21.720","deg","20.000","°C","977.000","hPa","0.861","-0.02617","0.00035","0","0","13.56","Humid","26.25","0","44.00","378181.36","SABD0000000001","AAV1.0.0.11","4.0.0.2323","PSt7-10","170328-019","7/29/2022 11:23:46 AM","0000-00","0","no battery","V","","µV","","µV"
"08/09/2022","10:44:23","6","default","383292078","Oxt_06","42.346","min","100.932","%a.s.","Humid","20.274","deg","39504","µV","28.092","°C","1016.000","hPa","36.4","pmil","0","55.390","deg","20.000","°C","100.000","%a.s.","21.720","deg","20.000","°C","977.000","hPa","0.861","-0.02617","0.00035","0","0","13.56","Humid","26.25","0","44.00","378198.68","SABD0000000001","AAV1.0.0.11","4.0.0.2323","PSt7-10","170328-019","7/29/2022 11:23:46 AM","0000-00","0","no battery","V","","µV","","µV"
"08/09/2022","10:44:24","6","default","383292078","Oxt_06","42.363","min","100.964","%a.s.","Humid","20.270","deg","39505","µV","28.097","°C","1016.000","hPa","36.4","pmil","0","55.390","deg","20.000","°C","100.000","%a.s.","21.720","deg","20.000","°C","977.000","hPa","0.861","-0.02617","0.00035","0","0","13.56","Humid","26.25","0","44.00","378194.38","SABD0000000001","AAV1.0.0.11","4.0.0.2323","PSt7-10","170328-019","7/29/2022 11:23:46 AM","0000-00","0","no battery","V","","µV","","µV"
"08/09/2022","10:44:25","6","default","383292078","Oxt_06","42.379","min","100.924","%a.s.","Humid","20.275","deg","39504","µV","28.091","°C","1016.000","hPa","36.4","pmil","0","55.390","deg","20.000","°C","100.000","%a.s.","21.720","deg","20.000","°C","977.000","hPa","0.861","-0.02617","0.00035","0","0","13.56","Humid","26.25","0","44.00","378197.08","SABD0000000001","AAV1.0.0.11","4.0.0.2323","PSt7-10","170328-019","7/29/2022 11:23:46 AM","0000-00","0","no battery","V","","µV","","µV"
"08/09/2022","10:44:26","6","default","383292078","Oxt_06","42.396","min","100.823","%a.s.","Humid","20.287","deg","39505","µV","28.082","°C","1016.000","hPa","36.4","pmil","0","55.390","deg","20.000","°C","100.000","%a.s.","21.720","deg","20.000","°C","977.000","hPa","0.861","-0.02617","0.00035","0","0","13.56","Humid","26.25","0","44.00","378182.35","SABD0000000001","AAV1.0.0.11","4.0.0.2323","PSt7-10","170328-019","7/29/2022 11:23:46 AM","0000-00","0","no battery","V","","µV","","µV"
"08/09/2022","10:44:27","6","default","383292078","Oxt_06","42.412","min","100.943","%a.s.","Humid","20.274","deg","39505","µV","28.080","°C","1016.000","hPa","36.4","pmil","0","55.390","deg","20.000","°C","100.000","%a.s.","21.720","deg","20.000","°C","977.000","hPa","0.861","-0.02617","0.00035","0","0","13.56","Humid","26.25","0","44.00","378187.56","SABD0000000001","AAV1.0.0.11","4.0.0.2323","PSt7-10","170328-019","7/29/2022 11:23:46 AM","0000-00","0","no battery","V","","µV","","µV"
"08/09/2022","10:44:28","6","default","383292078","Oxt_06","42.429","min","100.913","%a.s.","Humid","20.276","deg","39500","µV","28.093","°C","1016.000","hPa","36.4","pmil","0","55.390","deg","20.000","°C","100.000","%a.s.","21.720","deg","20.000","°C","977.000","hPa","0.861","-0.02617","0.00035","0","0","13.56","Humid","26.25","0","44.00","378191.66","SABD0000000001","AAV1.0.0.11","4.0.0.2323","PSt7-10","170328-019","7/29/2022 11:23:46 AM","0000-00","0","no battery","V","","µV","","µV"
"08/09/2022","10:44:29","6","default","383292078","Oxt_06","42.446","min","100.932","%a.s.","Humid","20.275","deg","39498","µV","28.083","°C","1016.000","hPa","36.4","pmil","0","55.390","deg","20.000","°C","100.000","%a.s.","21.720","deg","20.000","°C","977.000","hPa","0.861","-0.02617","0.00035","0","0","13.56","Humid","26.25","0","44.00","378183.35","SABD0000000001","AAV1.0.0.11","4.0.0.2323","PSt7-10","170328-019","7/29/2022 11:23:46 AM","0000-00","0","no battery","V","","µV","","µV"
"08/09/2022","10:44:30","6","default","383292078","Oxt_06","42.462","min","101.017","%a.s.","Humid","20.265","deg","39503","µV","28.089","°C","1016.000","hPa","36.4","pmil","0","55.390","deg","20.000","°C","100.000","%a.s.","21.720","deg","20.000","°C","977.000","hPa","0.861","-0.02617","0.00035","0","0","13.56","Humid","26.25","0","44.00","378186.75","SABD0000000001","AAV1.0.0.11","4.0.0.2323","PSt7-10","170328-019","7/29/2022 11:23:46 AM","0000-00","0","no battery","V","","µV","","µV"
"08/09/2022","10:44:31","6","default","383292078","Oxt_06","42.479","min","100.964","%a.s.","Humid","20.272","deg","39499","µV","28.078","°C","1016.000","hPa","36.4","pmil","0","55.390","deg","20.000","°C","100.000","%a.s.","21.720","deg","20.000","°C","977.000","hPa","0.861","-0.02617","0.00035","0","0","13.56","Humid","26.25","0","44.00","378187.59","SABD0000000001","AAV1.0.0.11","4.0.0.2323","PSt7-10","170328-019","7/29/2022 11:23:46 AM","0000-00","0","no battery","V","","µV","","µV"
"08/09/2022","10:44:32","6","default","383292078","Oxt_06","42.496","min","100.929","%a.s.","Humid","20.276","deg","39499","µV","28.077","°C","1016.000","hPa","36.4","pmil","0","55.390","deg","20.000","°C","100.000","%a.s.","21.720","deg","20.000","°C","977.000","hPa","0.861","-0.02617","0.00035","0","0","13.56","Humid","26.25","0","44.00","378187.40","SABD0000000001","AAV1.0.0.11","4.0.0.2323","PSt7-10","170328-019","7/29/2022 11:23:46 AM","0000-00","0","no battery","V","","µV","","µV"
"08/09/2022","10:44:33","6","default","383292078","Oxt_06","42.512","min","100.945","%a.s.","Humid","20.273","deg","39498","µV","28.088","°C","1016.000","hPa","36.4","pmil","0","55.390","deg","20.000","°C","100.000","%a.s.","21.720","deg","20.000","°C","977.000","hPa","0.861","-0.02617","0.00035","0","0","13.56","Humid","26.25","0","44.00","378181.60","SABD0000000001","AAV1.0.0.11","4.0.0.2323","PSt7-10","170328-019","7/29/2022 11:23:46 AM","0000-00","0","no battery","V","","µV","","µV"
"08/09/2022","10:44:34","6","default","383292078","Oxt_06","42.529","min","101.012","%a.s.","Humid","20.263","deg","39495","µV","28.113","°C","1016.000","hPa","36.4","pmil","0","55.390","deg","20.000","°C","100.000","%a.s.","21.720","deg","20.000","°C","977.000","hPa","0.861","-0.02617","0.00035","0","0","13.56","Humid","26.25","0","44.00","378180.90","SABD0000000001","AAV1.0.0.11","4.0.0.2323","PSt7-10","170328-019","7/29/2022 11:23:46 AM","0000-00","0","no battery","V","","µV","","µV"
"08/09/2022","10:44:35","6","default","383292078","Oxt_06","42.545","min","101.020","%a.s.","Humid","20.263","deg","39500","µV","28.105","°C","1016.000","hPa","36.4","pmil","0","55.390","deg","20.000","°C","100.000","%a.s.","21.720","deg","20.000","°C","977.000","hPa","0.861","-0.02617","0.00035","0","0","13.56","Humid","26.25","0","44.00","378180.07","SABD0000000001","AAV1.0.0.11","4.0.0.2323","PSt7-10","170328-019","7/29/2022 11:23:46 AM","0000-00","0","no battery","V","","µV","","µV"
"08/09/2022","10:44:36","6","default","383292078","Oxt_06","42.562","min","100.926","%a.s.","Humid","20.275","deg","39491","µV","28.089","°C","1016.000","hPa","36.4","pmil","0","55.390","deg","20.000","°C","100.000","%a.s.","21.720","deg","20.000","°C","977.000","hPa","0.861","-0.02617","0.00035","0","0","13.56","Humid","26.25","0","44.00","378189.25","SABD0000000001","AAV1.0.0.11","4.0.0.2323","PSt7-10","170328-019","7/29/2022 11:23:46 AM","0000-00","0","no battery","V","","µV","","µV"
"08/09/2022","10:44:37","6","default","383292078","Oxt_06","42.578","min","100.974","%a.s.","Humid","20.268","deg","39492","µV","28.105","°C","1016.000","hPa","36.4","pmil","0","55.390","deg","20.000","°C","100.000","%a.s.","21.720","deg","20.000","°C","977.000","hPa","0.861","-0.02617","0.00035","0","0","13.56","Humid","26.25","0","44.00","378183.91","SABD0000000001","AAV1.0.0.11","4.0.0.2323","PSt7-10","170328-019","7/29/2022 11:23:46 AM","0000-00","0","no battery","V","","µV","","µV"
"08/09/2022","10:44:38","6","default","383292078","Oxt_06","42.595","min","100.955","%a.s.","Humid","20.270","deg","39493","µV","28.106","°C","1016.000","hPa","36.4","pmil","0","55.390","deg","20.000","°C","100.000","%a.s.","21.720","deg","20.000","°C","977.000","hPa","0.861","-0.02617","0.00035","0","0","13.56","Humid","26.25","0","44.00","378170.61","SABD0000000001","AAV1.0.0.11","4.0.0.2323","PSt7-10","170328-019","7/29/2022 11:23:46 AM","0000-00","0","no battery","V","","µV","","µV"
"08/09/2022","10:44:39","6","default","383292078","Oxt_06","42.612","min","100.983","%a.s.","Humid","20.268","deg","39485","µV","28.096","°C","1016.000","hPa","36.4","pmil","0","55.390","deg","20.000","°C","100.000","%a.s.","21.720","deg","20.000","°C","977.000","hPa","0.861","-0.02617","0.00035","0","0","13.56","Humid","26.25","0","44.00","378165.89","SABD0000000001","AAV1.0.0.11","4.0.0.2323","PSt7-10","170328-019","7/29/2022 11:23:46 AM","0000-00","0","no battery","V","","µV","","µV"
"08/09/2022","10:44:40","6","default","383292078","Oxt_06","42.629","min","101.000","%a.s.","Humid","20.267","deg","39482","µV","28.088","°C","1016.000","hPa","36.4","pmil","0","55.390","deg","20.000","°C","100.000","%a.s.","21.720","deg","20.000","°C","977.000","hPa","0.861","-0.02617","0.00035","0","0","13.56","Humid","26.25","0","44.00","378181.90","SABD0000000001","AAV1.0.0.11","4.0.0.2323","PSt7-10","170328-019","7/29/2022 11:23:46 AM","0000-00","0","no battery","V","","µV","","µV"
"08/09/2022","10:44:41","6","default","383292078","Oxt_06","42.645","min","100.975","%a.s.","Humid","20.270","deg","39486","µV","28.086","°C","1016.000","hPa","36.4","pmil","0","55.390","deg","20.000","°C","100.000","%a.s.","21.720","deg","20.000","°C","977.000","hPa","0.861","-0.02617","0.00035","0","0","13.56","Humid","26.25","0","44.00","378171.72","SABD0000000001","AAV1.0.0.11","4.0.0.2323","PSt7-10","170328-019","7/29/2022 11:23:46 AM","0000-00","0","no battery","V","","µV","","µV"
"08/09/2022","10:44:42","6","default","383292078","Oxt_06","42.662","min","100.929","%a.s.","Humid","20.275","deg","39488","µV","28.086","°C","1016.000","hPa","36.4","pmil","0","55.390","deg","20.000","°C","100.000","%a.s.","21.720","deg","20.000","°C","977.000","hPa","0.861","-0.02617","0.00035","0","0","13.56","Humid","26.25","0","44.00","378177.12","SABD0000000001","AAV1.0.0.11","4.0.0.2323","PSt7-10","170328-019","7/29/2022 11:23:46 AM","0000-00","0","no battery","V","","µV","","µV"
"08/09/2022","10:44:43","6","default","383292078","Oxt_06","42.679","min","100.914","%a.s.","Humid","20.277","deg","39485","µV","28.083","°C","1016.000","hPa","36.4","pmil","0","55.390","deg","20.000","°C","100.000","%a.s.","21.720","deg","20.000","°C","977.000","hPa","0.861","-0.02617","0.00035","0","0","13.56","Humid","26.25","0","44.00","378184.32","SABD0000000001","AAV1.0.0.11","4.0.0.2323","PSt7-10","170328-019","7/29/2022 11:23:46 AM","0000-00","0","no battery","V","","µV","","µV"
"08/09/2022","10:44:44","6","default","383292078","Oxt_06","42.695","min","100.970","%a.s.","Humid","20.269","deg","39487","µV","28.100","°C","1016.000","hPa","36.4","pmil","0","55.390","deg","20.000","°C","100.000","%a.s.","21.720","deg","20.000","°C","977.000","hPa","0.861","-0.02617","0.00035","0","0","13.56","Humid","26.25","0","44.00","378166.62","SABD0000000001","AAV1.0.0.11","4.0.0.2323","PSt7-10","170328-019","7/29/2022 11:23:46 AM","0000-00","0","no battery","V","","µV","","µV"
"08/09/2022","10:44:45","6","default","383292078","Oxt_06","42.712","min","101.037","%a.s.","Humid","20.262","deg","39479","µV","28.097","°C","1016.000","hPa","36.4","pmil","0","55.390","deg","20.000","°C","100.000","%a.s.","21.720","deg","20.000","°C","977.000","hPa","0.861","-0.02617","0.00035","0","0","13.56","Humid","26.25","0","44.00","378172.21","SABD0000000001","AAV1.0.0.11","4.0.0.2323","PSt7-10","170328-019","7/29/2022 11:23:46 AM","0000-00","0","no battery","V","","µV","","µV"
"08/09/2022","10:44:46","6","default","383292078","Oxt_06","42.729","min","101.036","%a.s.","Humid","20.263","deg","39478","µV","28.088","°C","1016.000","hPa","36.4","pmil","0","55.390","deg","20.000","°C","100.000","%a.s.","21.720","deg","20.000","°C","977.000","hPa","0.861","-0.02617","0.00035","0","0","13.56","Humid","26.25","0","44.00","378176.44","SABD0000000001","AAV1.0.0.11","4.0.0.2323","PSt7-10","170328-019","7/29/2022 11:23:46 AM","0000-00","0","no battery","V","","µV","","µV"
"08/09/2022","10:44:47","6","default","383292078","Oxt_06","42.746","min","101.049","%a.s.","Humid","20.261","deg","39482","µV","28.094","°C","1016.000","hPa","36.4","pmil","0","55.390","deg","20.000","°C","100.000","%a.s.","21.720","deg","20.000","°C","977.000","hPa","0.861","-0.02617","0.00035","0","0","13.56","Humid","26.25","0","44.00","378171.45","SABD0000000001","AAV1.0.0.11","4.0.0.2323","PSt7-10","170328-019","7/29/2022 11:23:46 AM","0000-00","0","no battery","V","","µV","","µV"
"08/09/2022","10:44:48","6","default","383292078","Oxt_06","42.762","min","101.053","%a.s.","Humid","20.262","deg","39475","µV","28.080","°C","1016.000","hPa","36.4","pmil","0","55.390","deg","20.000","°C","100.000","%a.s.","21.720","deg","20.000","°C","977.000","hPa","0.861","-0.02617","0.00035","0","0","13.56","Humid","26.25","0","44.00","378165.22","SABD0000000001","AAV1.0.0.11","4.0.0.2323","PSt7-10","170328-019","7/29/2022 11:23:46 AM","0000-00","0","no battery","V","","µV","","µV"
"08/09/2022","10:44:49","6","default","383292078","Oxt_06","42.779","min","101.074","%a.s.","Humid","20.260","deg","39480","µV","28.078","°C","1016.000","hPa","36.4","pmil","0","55.390","deg","20.000","°C","100.000","%a.s.","21.720","deg","20.000","°C","977.000","hPa","0.861","-0.02617","0.00035","0","0","13.56","Humid","26.25","0","44.00","378184.52","SABD0000000001","AAV1.0.0.11","4.0.0.2323","PSt7-10","170328-019","7/29/2022 11:23:46 AM","0000-00","0","no battery","V","","µV","","µV"
"08/09/2022","10:44:50","6","default","383292078","Oxt_06","42.796","min","101.026","%a.s.","Humid","20.265","deg","39476","µV","28.080","°C","1016.000","hPa","36.4","pmil","0","55.390","deg","20.000","°C","100.000","%a.s.","21.720","deg","20.000","°C","977.000","hPa","0.861","-0.02617","0.00035","0","0","13.56","Humid","26.25","0","44.00","378175.07","SABD0000000001","AAV1.0.0.11","4.0.0.2323","PSt7-10","170328-019","7/29/2022 11:23:46 AM","0000-00","0","no battery","V","","µV","","µV"
"08/09/2022","10:44:51","6","default","383292078","Oxt_06","42.812","min","100.967","%a.s.","Humid","20.272","deg","39485","µV","28.074","°C","1016.000","hPa","36.4","pmil","0","55.390","deg","20.000","°C","100.000","%a.s.","21.720","deg","20.000","°C","977.000","hPa","0.861","-0.02617","0.00035","0","0","13.56","Humid","26.25","0","44.00","378162.47","SABD0000000001","AAV1.0.0.11","4.0.0.2323","PSt7-10","170328-019","7/29/2022 11:23:46 AM","0000-00","0","no battery","V","","µV","","µV"
"08/09/2022","10:44:52","6","default","383292078","Oxt_06","42.829","min","100.997","%a.s.","Humid","20.265","deg","39480","µV","28.110","°C","1016.000","hPa","36.4","pmil","0","55.390","deg","20.000","°C","100.000","%a.s.","21.720","deg","20.000","°C","977.000","hPa","0.861","-0.02617","0.00035","0","0","13.56","Humid","26.25","0","44.00","378162.81","SABD0000000001","AAV1.0.0.11","4.0.0.2323","PSt7-10","170328-019","7/29/2022 11:23:46 AM","0000-00","0","no battery","V","","µV","","µV"
"08/09/2022","10:44:53","6","default","383292078","Oxt_06","42.846","min","101.054","%a.s.","Humid","20.260","deg","39479","µV","28.098","°C","1016.000","hPa","36.4","pmil","0","55.390","deg","20.000","°C","100.000","%a.s.","21.720","deg","20.000","°C","977.000","hPa","0.861","-0.02617","0.00035","0","0","13.56","Humid","26.25","0","44.00","378164.31","SABD0000000001","AAV1.0.0.11","4.0.0.2323","PSt7-10","170328-019","7/29/2022 11:23:46 AM","0000-00","0","no battery","V","","µV","","µV"
"08/09/2022","10:44:54","6","default","383292078","Oxt_06","42.862","min","101.034","%a.s.","Humid","20.263","deg","39475","µV","28.090","°C","1016.000","hPa","36.4","pmil","0","55.390","deg","20.000","°C","100.000","%a.s.","21.720","deg","20.000","°C","977.000","hPa","0.861","-0.02617","0.00035","0","0","13.56","Humid","26.25","0","44.00","378170.75","SABD0000000001","AAV1.0.0.11","4.0.0.2323","PSt7-10","170328-019","7/29/2022 11:23:46 AM","0000-00","0","no battery","V","","µV","","µV"
"08/09/2022","10:44:55","6","default","383292078","Oxt_06","42.879","min","101.071","%a.s.","Humid","20.260","deg","39477","µV","28.081","°C","1016.000","hPa","36.4","pmil","0","55.390","deg","20.000","°C","100.000","%a.s.","21.720","deg","20.000","°C","977.000","hPa","0.861","-0.02617","0.00035","0","0","13.56","Humid","26.25","0","44.00","378167.56","SABD0000000001","AAV1.0.0.11","4.0.0.2323","PSt7-10","170328-019","7/29/2022 11:23:46 AM","0000-00","0","no battery","V","","µV","","µV"
"08/09/2022","10:44:56","6","default","383292078","Oxt_06","42.896","min","101.054","%a.s.","Humid","20.260","deg","39472","µV","28.098","°C","1016.000","hPa","36.4","pmil","0","55.390","deg","20.000","°C","100.000","%a.s.","21.720","deg","20.000","°C","977.000","hPa","0.861","-0.02617","0.00035","0","0","13.56","Humid","26.25","0","44.00","378170.78","SABD0000000001","AAV1.0.0.11","4.0.0.2323","PSt7-10","170328-019","7/29/2022 11:23:46 AM","0000-00","0","no battery","V","","µV","","µV"
"08/09/2022","10:44:57","6","default","383292078","Oxt_06","42.912","min","101.101","%a.s.","Humid","20.255","deg","39476","µV","28.097","°C","1016.000","hPa","36.4","pmil","0","55.390","deg","20.000","°C","100.000","%a.s.","21.720","deg","20.000","°C","977.000","hPa","0.861","-0.02617","0.00035","0","0","13.56","Humid","26.25","0","44.00","378166.08","SABD0000000001","AAV1.0.0.11","4.0.0.2323","PSt7-10","170328-019","7/29/2022 11:23:46 AM","0000-00","0","no battery","V","","µV","","µV"
"08/09/2022","10:44:58","6","default","383292078","Oxt_06","42.929","min","101.039","%a.s.","Humid","20.263","deg","39470","µV","28.085","°C","1016.000","hPa","36.4","pmil","0","55.390","deg","20.000","°C","100.000","%a.s.","21.720","deg","20.000","°C","977.000","hPa","0.861","-0.02617","0.00035","0","0","13.56","Humid","26.25","0","44.00","378176.37","SABD0000000001","AAV1.0.0.11","4.0.0.2323","PSt7-10","170328-019","7/29/2022 11:23:46 AM","0000-00","0","no battery","V","","µV","","µV"
"08/09/2022","10:44:59","6","default","383292078","Oxt_06","42.946","min","101.075","%a.s.","Humid","20.260","deg","39467","µV","28.077","°C","1016.000","hPa","36.4","pmil","0","55.390","deg","20.000","°C","100.000","%a.s.","21.720","deg","20.000","°C","977.000","hPa","0.861","-0.02617","0.00035","0","0","13.56","Humid","26.25","0","44.00","378159.23","SABD0000000001","AAV1.0.0.11","4.0.0.2323","PSt7-10","170328-019","7/29/2022 11:23:46 AM","0000-00","0","no battery","V","","µV","","µV"
"08/09/2022","10:45:00","6","default","383292078","Oxt_06","42.963","min","101.064","%a.s.","Humid","20.261","deg","39471","µV","28.078","°C","1016.000","hPa","36.4","pmil","0","55.390","deg","20.000","°C","100.000","%a.s.","21.720","deg","20.000","°C","977.000","hPa","0.861","-0.02617","0.00035","0","0","13.56","Humid","26.25","0","44.00","378170.81","SABD0000000001","AAV1.0.0.11","4.0.0.2323","PSt7-10","170328-019","7/29/2022 11:23:46 AM","0000-00","0","no battery","V","","µV","","µV"
"08/09/2022","10:45:01","6","default","383292078","Oxt_06","42.979","min","101.152","%a.s.","Humid","20.250","deg","39466","µV","28.092","°C","1016.000","hPa","36.4","pmil","0","55.390","deg","20.000","°C","100.000","%a.s.","21.720","deg","20.000","°C","977.000","hPa","0.861","-0.02617","0.00035","0","0","13.56","Humid","26.25","0","44.00","378165.58","SABD0000000001","AAV1.0.0.11","4.0.0.2323","PSt7-10","170328-019","7/29/2022 11:23:46 AM","0000-00","0","no battery","V","","µV","","µV"
"08/09/2022","10:45:02","6","default","383292078","Oxt_06","42.996","min","101.007","%a.s.","Humid","20.266","deg","39469","µV","28.090","°C","1016.000","hPa","36.4","pmil","0","55.390","deg","20.000","°C","100.000","%a.s.","21.720","deg","20.000","°C","977.000","hPa","0.861","-0.02617","0.00035","0","0","13.56","Humid","26.25","0","44.00","378161.23","SABD0000000001","AAV1.0.0.11","4.0.0.2323","PSt7-10","170328-019","7/29/2022 11:23:46 AM","0000-00","0","no battery","V","","µV","","µV"
"08/09/2022","10:45:03","6","default","383292078","Oxt_06","43.012","min","101.065","%a.s.","Humid","20.260","deg","39470","µV","28.087","°C","1016.000","hPa","36.4","pmil","0","55.390","deg","20.000","°C","100.000","%a.s.","21.720","deg","20.000","°C","977.000","hPa","0.861","-0.02617","0.00035","0","0","13.56","Humid","26.25","0","44.00","378165.98","SABD0000000001","AAV1.0.0.11","4.0.0.2323","PSt7-10","170328-019","7/29/2022 11:23:46 AM","0000-00","0","no battery","V","","µV","","µV"
"08/09/2022","10:45:04","6","default","383292078","Oxt_06","43.029","min","101.045","%a.s.","Humid","20.262","deg","39468","µV","28.089","°C","1016.000","hPa","36.4","pmil","0","55.390","deg","20.000","°C","100.000","%a.s.","21.720","deg","20.000","°C","977.000","hPa","0.861","-0.02617","0.00035","0","0","13.56","Humid","26.25","0","44.00","378166.85","SABD0000000001","AAV1.0.0.11","4.0.0.2323","PSt7-10","170328-019","7/29/2022 11:23:46 AM","0000-00","0","no battery","V","","µV","","µV"
"08/09/2022","10:45:05","6","default","383292078","Oxt_06","43.045","min","101.100","%a.s.","Humid","20.256","deg","39464","µV","28.088","°C","1016.000","hPa","36.4","pmil","0","55.390","deg","20.000","°C","100.000","%a.s.","21.720","deg","20.000","°C","977.000","hPa","0.861","-0.02617","0.00035","0","0","13.56","Humid","26.25","0","44.00","378168.69","SABD0000000001","AAV1.0.0.11","4.0.0.2323","PSt7-10","170328-019","7/29/2022 11:23:46 AM","0000-00","0","no battery","V","","µV","","µV"
"08/09/2022","10:45:06","6","default","383292078","Oxt_06","43.062","min","101.010","%a.s.","Humid","20.266","deg","39460","µV","28.087","°C","1016.000","hPa","36.4","pmil","0","55.390","deg","20.000","°C","100.000","%a.s.","21.720","deg","20.000","°C","977.000","hPa","0.861","-0.02617","0.00035","0","0","13.56","Humid","26.25","0","44.00","378160.91","SABD0000000001","AAV1.0.0.11","4.0.0.2323","PSt7-10","170328-019","7/29/2022 11:23:46 AM","0000-00","0","no battery","V","","µV","","µV"
"08/09/2022","10:45:07","6","default","383292078","Oxt_06","43.079","min","101.104","%a.s.","Humid","20.257","deg","39456","µV","28.075","°C","1016.000","hPa","36.4","pmil","0","55.390","deg","20.000","°C","100.000","%a.s.","21.720","deg","20.000","°C","977.000","hPa","0.861","-0.02617","0.00035","0","0","13.56","Humid","26.25","0","44.00","378149.74","SABD0000000001","AAV1.0.0.11","4.0.0.2323","PSt7-10","170328-019","7/29/2022 11:23:46 AM","0000-00","0","no battery","V","","µV","","µV"
"08/09/2022","10:45:08","6","default","383292078","Oxt_06","43.095","min","101.057","%a.s.","Humid","20.260","deg","39460","µV","28.095","°C","1016.000","hPa","36.4","pmil","0","55.390","deg","20.000","°C","100.000","%a.s.","21.720","deg","20.000","°C","977.000","hPa","0.861","-0.02617","0.00035","0","0","13.56","Humid","26.25","0","44.00","378156.02","SABD0000000001","AAV1.0.0.11","4.0.0.2323","PSt7-10","170328-019","7/29/2022 11:23:46 AM","0000-00","0","no battery","V","","µV","","µV"
"08/09/2022","10:45:09","6","default","383292078","Oxt_06","43.112","min","101.077","%a.s.","Humid","20.259","deg","39462","µV","28.084","°C","1016.000","hPa","36.4","pmil","0","55.390","deg","20.000","°C","100.000","%a.s.","21.720","deg","20.000","°C","977.000","hPa","0.861","-0.02617","0.00035","0","0","13.56","Humid","26.25","0","44.00","378161.26","SABD0000000001","AAV1.0.0.11","4.0.0.2323","PSt7-10","170328-019","7/29/2022 11:23:46 AM","0000-00","0","no battery","V","","µV","","µV"
"08/09/2022","10:45:10","6","default","383292078","Oxt_06","43.129","min","101.144","%a.s.","Humid","20.253","deg","39453","µV","28.072","°C","1016.000","hPa","36.4","pmil","0","55.390","deg","20.000","°C","100.000","%a.s.","21.720","deg","20.000","°C","977.000","hPa","0.861","-0.02617","0.00035","0","0","13.56","Humid","26.25","0","44.00","378159.07","SABD0000000001","AAV1.0.0.11","4.0.0.2323","PSt7-10","170328-019","7/29/2022 11:23:46 AM","0000-00","0","no battery","V","","µV","","µV"
"08/09/2022","10:45:11","6","default","383292078","Oxt_06","43.145","min","101.081","%a.s.","Humid","20.260","deg","39456","µV","28.070","°C","1016.000","hPa","36.4","pmil","0","55.390","deg","20.000","°C","100.000","%a.s.","21.720","deg","20.000","°C","977.000","hPa","0.861","-0.02617","0.00035","0","0","13.56","Humid","26.25","0","44.00","378158.79","SABD0000000001","AAV1.0.0.11","4.0.0.2323","PSt7-10","170328-019","7/29/2022 11:23:46 AM","0000-00","0","no battery","V","","µV","","µV"
"08/09/2022","10:45:12","6","default","383292078","Oxt_06","43.162","min","101.133","%a.s.","Humid","20.251","deg","39453","µV","28.102","°C","1016.000","hPa","36.4","pmil","0","55.390","deg","20.000","°C","100.000","%a.s.","21.720","deg","20.000","°C","977.000","hPa","0.861","-0.02617","0.00035","0","0","13.56","Humid","26.25","0","44.00","378162.67","SABD0000000001","AAV1.0.0.11","4.0.0.2323","PSt7-10","170328-019","7/29/2022 11:23:46 AM","0000-00","0","no battery","V","","µV","","µV"
"08/09/2022","10:45:13","6","default","383292078","Oxt_06","43.179","min","101.191","%a.s.","Humid","20.246","deg","39461","µV","28.089","°C","1016.000","hPa","36.4","pmil","0","55.390","deg","20.000","°C","100.000","%a.s.","21.720","deg","20.000","°C","977.000","hPa","0.861","-0.02617","0.00035","0","0","13.56","Humid","26.25","0","44.00","378154.09","SABD0000000001","AAV1.0.0.11","4.0.0.2323","PSt7-10","170328-019","7/29/2022 11:23:46 AM","0000-00","0","no battery","V","","µV","","µV"
"08/09/2022","10:45:14","6","default","383292078","Oxt_06","43.195","min","101.098","%a.s.","Humid","20.255","deg","39450","µV","28.100","°C","1016.000","hPa","36.4","pmil","0","55.390","deg","20.000","°C","100.000","%a.s.","21.720","deg","20.000","°C","977.000","hPa","0.861","-0.02617","0.00035","0","0","13.56","Humid","26.25","0","44.00","378146.47","SABD0000000001","AAV1.0.0.11","4.0.0.2323","PSt7-10","170328-019","7/29/2022 11:23:46 AM","0000-00","0","no battery","V","","µV","","µV"
"08/09/2022","10:45:15","6","default","383292078","Oxt_06","43.212","min","101.162","%a.s.","Humid","20.249","deg","39450","µV","28.091","°C","1016.000","hPa","36.4","pmil","0","55.390","deg","20.000","°C","100.000","%a.s.","21.720","deg","20.000","°C","977.000","hPa","0.861","-0.02617","0.00035","0","0","13.56","Humid","26.25","0","44.00","378146.51","SABD0000000001","AAV1.0.0.11","4.0.0.2323","PSt7-10","170328-019","7/29/2022 11:23:46 AM","0000-00","0","no battery","V","","µV","","µV"
"08/09/2022","10:45:16","6","default","383292078","Oxt_06","43.229","min","101.151","%a.s.","Humid","20.251","deg","39441","µV","28.084","°C","1016.000","hPa","36.4","pmil","0","55.390","deg","20.000","°C","100.000","%a.s.","21.720","deg","20.000","°C","977.000","hPa","0.861","-0.02617","0.00035","0","0","13.56","Humid","26.25","0","44.00","378144.39","SABD0000000001","AAV1.0.0.11","4.0.0.2323","PSt7-10","170328-019","7/29/2022 11:23:46 AM","0000-00","0","no battery","V","","µV","","µV"
"08/09/2022","10:45:17","6","default","383292078","Oxt_06","43.245","min","101.191","%a.s.","Humid","20.246","deg","39447","µV","28.089","°C","1016.000","hPa","36.4","pmil","0","55.390","deg","20.000","°C","100.000","%a.s.","21.720","deg","20.000","°C","977.000","hPa","0.861","-0.02617","0.00035","0","0","13.56","Humid","26.25","0","44.00","378140.52","SABD0000000001","AAV1.0.0.11","4.0.0.2323","PSt7-10","170328-019","7/29/2022 11:23:46 AM","0000-00","0","no battery","V","","µV","","µV"
"08/09/2022","10:45:18","6","default","383292078","Oxt_06","43.262","min","101.114","%a.s.","Humid","20.254","deg","39447","µV","28.093","°C","1016.000","hPa","36.4","pmil","0","55.390","deg","20.000","°C","100.000","%a.s.","21.720","deg","20.000","°C","977.000","hPa","0.861","-0.02617","0.00035","0","0","13.56","Humid","26.25","0","44.00","378144.85","SABD0000000001","AAV1.0.0.11","4.0.0.2323","PSt7-10","170328-019","7/29/2022 11:23:46 AM","0000-00","0","no battery","V","","µV","","µV"
"08/09/2022","10:45:19","6","default","383292078","Oxt_06","43.279","min","101.109","%a.s.","Humid","20.257","deg","39448","µV","28.070","°C","1016.000","hPa","36.4","pmil","0","55.390","deg","20.000","°C","100.000","%a.s.","21.720","deg","20.000","°C","977.000","hPa","0.861","-0.02617","0.00035","0","0","13.56","Humid","26.25","0","44.00","378159.88","SABD0000000001","AAV1.0.0.11","4.0.0.2323","PSt7-10","170328-019","7/29/2022 11:23:46 AM","0000-00","0","no battery","V","","µV","","µV"
"08/09/2022","10:45:20","6","default","383292078","Oxt_06","43.296","min","101.215","%a.s.","Humid","20.244","deg","39438","µV","28.084","°C","1016.000","hPa","36.4","pmil","0","55.390","deg","20.000","°C","100.000","%a.s.","21.720","deg","20.000","°C","977.000","hPa","0.861","-0.02617","0.00035","0","0","13.56","Humid","26.25","0","44.00","378154.66","SABD0000000001","AAV1.0.0.11","4.0.0.2323","PSt7-10","170328-019","7/29/2022 11:23:46 AM","0000-00","0","no battery","V","","µV","","µV"
"08/09/2022","10:45:21","6","default","383292078","Oxt_06","43.312","min","101.100","%a.s.","Humid","20.255","deg","39445","µV","28.098","°C","1016.000","hPa","36.4","pmil","0","55.390","deg","20.000","°C","100.000","%a.s.","21.720","deg","20.000","°C","977.000","hPa","0.861","-0.02617","0.00035","0","0","13.56","Humid","26.25","0","44.00","378145.03","SABD0000000001","AAV1.0.0.11","4.0.0.2323","PSt7-10","170328-019","7/29/2022 11:23:46 AM","0000-00","0","no battery","V","","µV","","µV"
"08/09/2022","10:45:22","6","default","383292078","Oxt_06","43.329","min","101.124","%a.s.","Humid","20.253","deg","39441","µV","28.093","°C","1016.000","hPa","36.4","pmil","0","55.390","deg","20.000","°C","100.000","%a.s.","21.720","deg","20.000","°C","977.000","hPa","0.861","-0.02617","0.00035","0","0","13.56","Humid","26.25","0","44.00","378134.78","SABD0000000001","AAV1.0.0.11","4.0.0.2323","PSt7-10","170328-019","7/29/2022 11:23:46 AM","0000-00","0","no battery","V","","µV","","µV"
"08/09/2022","10:45:23","6","default","383292078","Oxt_06","43.346","min","101.217","%a.s.","Humid","20.243","deg","39436","µV","28.091","°C","1016.000","hPa","36.4","pmil","0","55.390","deg","20.000","°C","100.000","%a.s.","21.720","deg","20.000","°C","977.000","hPa","0.861","-0.02617","0.00035","0","0","13.56","Humid","26.25","0","44.00","378137.05","SABD0000000001","AAV1.0.0.11","4.0.0.2323","PSt7-10","170328-019","7/29/2022 11:23:46 AM","0000-00","0","no battery","V","","µV","","µV"
"08/09/2022","10:45:24","6","default","383292078","Oxt_06","43.362","min","101.228","%a.s.","Humid","20.241","deg","39437","µV","28.099","°C","1016.000","hPa","36.4","pmil","0","55.390","deg","20.000","°C","100.000","%a.s.","21.720","deg","20.000","°C","977.000","hPa","0.861","-0.02617","0.00035","0","0","13.56","Humid","26.25","0","44.00","378146.70","SABD0000000001","AAV1.0.0.11","4.0.0.2323","PSt7-10","170328-019","7/29/2022 11:23:46 AM","0000-00","0","no battery","V","","µV","","µV"
"08/09/2022","10:45:25","6","default","383292078","Oxt_06","43.379","min","101.190","%a.s.","Humid","20.246","deg","39438","µV","28.090","°C","1016.000","hPa","36.4","pmil","0","55.390","deg","20.000","°C","100.000","%a.s.","21.720","deg","20.000","°C","977.000","hPa","0.861","-0.02617","0.00035","0","0","13.56","Humid","26.25","0","44.00","378141.46","SABD0000000001","AAV1.0.0.11","4.0.0.2323","PSt7-10","170328-019","7/29/2022 11:23:46 AM","0000-00","0","no battery","V","","µV","","µV"
"08/09/2022","10:45:26","6","default","383292078","Oxt_06","43.396","min","101.222","%a.s.","Humid","20.244","deg","39438","µV","28.076","°C","1016.000","hPa","36.4","pmil","0","55.390","deg","20.000","°C","100.000","%a.s.","21.720","deg","20.000","°C","977.000","hPa","0.861","-0.02617","0.00035","0","0","13.56","Humid","26.25","0","44.00","378141.12","SABD0000000001","AAV1.0.0.11","4.0.0.2323","PSt7-10","170328-019","7/29/2022 11:23:46 AM","0000-00","0","no battery","V","","µV","","µV"
"08/09/2022","10:45:27","6","default","383292078","Oxt_06","43.412","min","101.212","%a.s.","Humid","20.244","deg","39430","µV","28.086","°C","1016.000","hPa","36.4","pmil","0","55.390","deg","20.000","°C","100.000","%a.s.","21.720","deg","20.000","°C","977.000","hPa","0.861","-0.02617","0.00035","0","0","13.56","Humid","26.25","0","44.00","378137.03","SABD0000000001","AAV1.0.0.11","4.0.0.2323","PSt7-10","170328-019","7/29/2022 11:23:46 AM","0000-00","0","no battery","V","","µV","","µV"
"08/09/2022","10:45:28","6","default","383292078","Oxt_06","43.429","min","101.204","%a.s.","Humid","20.245","deg","39427","µV","28.085","°C","1016.000","hPa","36.4","pmil","0","55.390","deg","20.000","°C","100.000","%a.s.","21.720","deg","20.000","°C","977.000","hPa","0.861","-0.02617","0.00035","0","0","13.56","Humid","26.25","0","44.00","378141.04","SABD0000000001","AAV1.0.0.11","4.0.0.2323","PSt7-10","170328-019","7/29/2022 11:23:46 AM","0000-00","0","no battery","V","","µV","","µV"
"08/09/2022","10:45:29","6","default","383292078","Oxt_06","43.446","min","101.181","%a.s.","Humid","20.247","deg","39432","µV","28.091","°C","1016.000","hPa","36.4","pmil","0","55.390","deg","20.000","°C","100.000","%a.s.","21.720","deg","20.000","°C","977.000","hPa","0.861","-0.02617","0.00035","0","0","13.56","Humid","26.25","0","44.00","378138.61","SABD0000000001","AAV1.0.0.11","4.0.0.2323","PSt7-10","170328-019","7/29/2022 11:23:46 AM","0000-00","0","no battery","V","","µV","","µV"
"08/09/2022","10:45:30","6","default","383292078","Oxt_06","43.463","min","101.256","%a.s.","Humid","20.240","deg","39425","µV","28.079","°C","1016.000","hPa","36.4","pmil","0","55.390","deg","20.000","°C","100.000","%a.s.","21.720","deg","20.000","°C","977.000","hPa","0.861","-0.02617","0.00035","0","0","13.56","Humid","26.25","0","44.00","378125.20","SABD0000000001","AAV1.0.0.11","4.0.0.2323","PSt7-10","170328-019","7/29/2022 11:23:46 AM","0000-00","0","no battery","V","","µV","","µV"
"08/09/2022","10:45:31","6","default","383292078","Oxt_06","43.479","min","101.206","%a.s.","Humid","20.243","deg","39428","µV","28.103","°C","1016.000","hPa","36.4","pmil","0","55.390","deg","20.000","°C","100.000","%a.s.","21.720","deg","20.000","°C","977.000","hPa","0.861","-0.02617","0.00035","0","0","13.56","Humid","26.25","0","44.00","378128.85","SABD0000000001","AAV1.0.0.11","4.0.0.2323","PSt7-10","170328-019","7/29/2022 11:23:46 AM","0000-00","0","no battery","V","","µV","","µV"
"08/09/2022","10:45:32","6","default","383292078","Oxt_06","43.496","min","101.202","%a.s.","Humid","20.243","deg","39429","µV","28.106","°C","1016.000","hPa","36.4","pmil","0","55.390","deg","20.000","°C","100.000","%a.s.","21.720","deg","20.000","°C","977.000","hPa","0.861","-0.02617","0.00035","0","0","13.56","Humid","26.25","0","44.00","378121.89","SABD0000000001","AAV1.0.0.11","4.0.0.2323","PSt7-10","170328-019","7/29/2022 11:23:46 AM","0000-00","0","no battery","V","","µV","","µV"
"08/09/2022","10:45:33","6","default","383292078","Oxt_06","43.512","min","101.278","%a.s.","Humid","20.237","deg","39430","µV","28.085","°C","1016.000","hPa","36.4","pmil","0","55.390","deg","20.000","°C","100.000","%a.s.","21.720","deg","20.000","°C","977.000","hPa","0.861","-0.02617","0.00035","0","0","13.56","Humid","26.25","0","44.00","378138.30","SABD0000000001","AAV1.0.0.11","4.0.0.2323","PSt7-10","170328-019","7/29/2022 11:23:46 AM","0000-00","0","no battery","V","","µV","","µV"
"08/09/2022","10:45:34","6","default","383292078","Oxt_06","43.529","min","101.198","%a.s.","Humid","20.245","deg","39426","µV","28.091","°C","1016.000","hPa","36.4","pmil","0","55.390","deg","20.000","°C","100.000","%a.s.","21.720","deg","20.000","°C","977.000","hPa","0.861","-0.02617","0.00035","0","0","13.56","Humid","26.25","0","44.00","378132.54","SABD0000000001","AAV1.0.0.11","4.0.0.2323","PSt7-10","170328-019","7/29/2022 11:23:46 AM","0000-00","0","no battery","V","","µV","","µV"
"08/09/2022","10:45:35","6","default","383292078","Oxt_06","43.545","min","101.178","%a.s.","Humid","20.247","deg","39420","µV","28.094","°C","1016.000","hPa","36.4","pmil","0","55.390","deg","20.000","°C","100.000","%a.s.","21.720","deg","20.000","°C","977.000","hPa","0.861","-0.02617","0.00035","0","0","13.56","Humid","26.25","0","44.00","378130.35","SABD0000000001","AAV1.0.0.11","4.0.0.2323","PSt7-10","170328-019","7/29/2022 11:23:46 AM","0000-00","0","no battery","V","","µV","","µV"
"08/09/2022","10:45:36","6","default","383292078","Oxt_06","43.562","min","101.247","%a.s.","Humid","20.239","deg","39421","µV","28.098","°C","1016.000","hPa","36.4","pmil","0","55.390","deg","20.000","°C","100.000","%a.s.","21.720","deg","20.000","°C","977.000","hPa","0.861","-0.02617","0.00035","0","0","13.56","Humid","26.25","0","44.00","378135.56","SABD0000000001","AAV1.0.0.11","4.0.0.2323","PSt7-10","170328-019","7/29/2022 11:23:46 AM","0000-00","0","no battery","V","","µV","","µV"
"08/09/2022","10:45:37","6","default","383292078","Oxt_06","43.579","min","101.231","%a.s.","Humid","20.242","deg","39414","µV","28.086","°C","1016.000","hPa","36.4","pmil","0","55.390","deg","20.000","°C","100.000","%a.s.","21.720","deg","20.000","°C","977.000","hPa","0.861","-0.02617","0.00035","0","0","13.56","Humid","26.25","0","44.00","378124.59","SABD0000000001","AAV1.0.0.11","4.0.0.2323","PSt7-10","170328-019","7/29/2022 11:23:46 AM","0000-00","0","no battery","V","","µV","","µV"
"08/09/2022","10:45:38","6","default","383292078","Oxt_06","43.595","min","101.287","%a.s.","Humid","20.236","deg","39418","µV","28.085","°C","1016.000","hPa","36.4","pmil","0","55.390","deg","20.000","°C","100.000","%a.s.","21.720","deg","20.000","°C","977.000","hPa","0.861","-0.02617","0.00035","0","0","13.56","Humid","26.25","0","44.00","378117.99","SABD0000000001","AAV1.0.0.11","4.0.0.2323","PSt7-10","170328-019","7/29/2022 11:23:46 AM","0000-00","0","no battery","V","","µV","","µV"
"08/09/2022","10:45:39","6","default","383292078","Oxt_06","43.612","min","101.270","%a.s.","Humid","20.238","deg","39410","µV","28.083","°C","1016.000","hPa","36.4","pmil","0","55.390","deg","20.000","°C","100.000","%a.s.","21.720","deg","20.000","°C","977.000","hPa","0.861","-0.02617","0.00035","0","0","13.56","Humid","26.25","0","44.00","378104.89","SABD0000000001","AAV1.0.0.11","4.0.0.2323","PSt7-10","170328-019","7/29/2022 11:23:46 AM","0000-00","0","no battery","V","","µV","","µV"
"08/09/2022","10:45:40","6","default","383292078","Oxt_06","43.629","min","101.260","%a.s.","Humid","20.237","deg","39413","µV","28.103","°C","1016.000","hPa","36.4","pmil","0","55.390","deg","20.000","°C","100.000","%a.s.","21.720","deg","20.000","°C","977.000","hPa","0.861","-0.02617","0.00035","0","0","13.56","Humid","26.25","0","44.00","378118.25","SABD0000000001","AAV1.0.0.11","4.0.0.2323","PSt7-10","170328-019","7/29/2022 11:23:46 AM","0000-00","0","no battery","V","","µV","","µV"
"08/09/2022","10:45:41","6","default","383292078","Oxt_06","43.645","min","101.228","%a.s.","Humid","20.242","deg","39407","µV","28.089","°C","1016.000","hPa","36.4","pmil","0","55.390","deg","20.000","°C","100.000","%a.s.","21.720","deg","20.000","°C","977.000","hPa","0.861","-0.02617","0.00035","0","0","13.56","Humid","26.25","0","44.00","378104.98","SABD0000000001","AAV1.0.0.11","4.0.0.2323","PSt7-10","170328-019","7/29/2022 11:23:46 AM","0000-00","0","no battery","V","","µV","","µV"
"08/09/2022","10:45:42","6","default","383292078","Oxt_06","43.662","min","101.296","%a.s.","Humid","20.234","deg","39412","µV","28.095","°C","1016.000","hPa","36.4","pmil","0","55.390","deg","20.000","°C","100.000","%a.s.","21.720","deg","20.000","°C","977.000","hPa","0.861","-0.02617","0.00035","0","0","13.56","Humid","26.25","0","44.00","378108.02","SABD0000000001","AAV1.0.0.11","4.0.0.2323","PSt7-10","170328-019","7/29/2022 11:23:46 AM","0000-00","0","no battery","V","","µV","","µV"
"08/09/2022","10:45:43","6","default","383292078","Oxt_06","43.679","min","101.334","%a.s.","Humid","20.231","deg","39407","µV","28.084","°C","1016.000","hPa","36.4","pmil","0","55.390","deg","20.000","°C","100.000","%a.s.","21.720","deg","20.000","°C","977.000","hPa","0.861","-0.02617","0.00035","0","0","13.56","Humid","26.25","0","44.00","378099.71","SABD0000000001","AAV1.0.0.11","4.0.0.2323","PSt7-10","170328-019","7/29/2022 11:23:46 AM","0000-00","0","no battery","V","","µV","","µV"
"08/09/2022","10:45:44","6","default","383292078","Oxt_06","43.696","min","101.354","%a.s.","Humid","20.228","deg","39403","µV","28.092","°C","1016.000","hPa","36.4","pmil","0","55.390","deg","20.000","°C","100.000","%a.s.","21.720","deg","20.000","°C","977.000","hPa","0.861","-0.02617","0.00035","0","0","13.56","Humid","26.25","0","44.00","378115.29","SABD0000000001","AAV1.0.0.11","4.0.0.2323","PSt7-10","170328-019","7/29/2022 11:23:46 AM","0000-00","0","no battery","V","","µV","","µV"
"08/09/2022","10:45:45","6","default","383292078","Oxt_06","43.712","min","101.268","%a.s.","Humid","20.237","deg","39406","µV","28.095","°C","1016.000","hPa","36.4","pmil","0","55.390","deg","20.000","°C","100.000","%a.s.","21.720","deg","20.000","°C","977.000","hPa","0.861","-0.02617","0.00035","0","0","13.56","Humid","26.25","0","44.00","378096.01","SABD0000000001","AAV1.0.0.11","4.0.0.2323","PSt7-10","170328-019","7/29/2022 11:23:46 AM","0000-00","0","no battery","V","","µV","","µV"
"08/09/2022","10:45:46","6","default","383292078","Oxt_06","43.729","min","101.271","%a.s.","Humid","20.237","deg","39405","µV","28.092","°C","1016.000","hPa","36.4","pmil","0","55.390","deg","20.000","°C","100.000","%a.s.","21.720","deg","20.000","°C","977.000","hPa","0.861","-0.02617","0.00035","0","0","13.56","Humid","26.25","0","44.00","378110.39","SABD0000000001","AAV1.0.0.11","4.0.0.2323","PSt7-10","170328-019","7/29/2022 11:23:46 AM","0000-00","0","no battery","V","","µV","","µV"
"08/09/2022","10:45:47","6","default","383292078","Oxt_06","43.746","min","101.295","%a.s.","Humid","20.236","deg","39399","µV","28.077","°C","1016.000","hPa","36.4","pmil","0","55.390","deg","20.000","°C","100.000","%a.s.","21.720","deg","20.000","°C","977.000","hPa","0.861","-0.02617","0.00035","0","0","13.56","Humid","26.25","0","44.00","378101.32","SABD0000000001","AAV1.0.0.11","4.0.0.2323","PSt7-10","170328-019","7/29/2022 11:23:46 AM","0000-00","0","no battery","V","","µV","","µV"
"08/09/2022","10:45:48","6","default","383292078","Oxt_06","43.762","min","101.274","%a.s.","Humid","20.238","deg","39401","µV","28.080","°C","1016.000","hPa","36.4","pmil","0","55.390","deg","20.000","°C","100.000","%a.s.","21.720","deg","20.000","°C","977.000","hPa","0.861","-0.02617","0.00035","0","0","13.56","Humid","26.25","0","44.00","378109.73","SABD0000000001","AAV1.0.0.11","4.0.0.2323","PSt7-10","170328-019","7/29/2022 11:23:46 AM","0000-00","0","no battery","V","","µV","","µV"
"08/09/2022","10:45:49","6","default","383292078","Oxt_06","43.779","min","101.297","%a.s.","Humid","20.233","deg","39398","µV","28.103","°C","1016.000","hPa","36.4","pmil","0","55.390","deg","20.000","°C","100.000","%a.s.","21.720","deg","20.000","°C","977.000","hPa","0.861","-0.02617","0.00035","0","0","13.56","Humid","26.25","0","44.00","378104.26","SABD0000000001","AAV1.0.0.11","4.0.0.2323","PSt7-10","170328-019","7/29/2022 11:23:46 AM","0000-00","0","no battery","V","","µV","","µV"
"08/09/2022","10:45:50","6","default","383292078","Oxt_06","43.796","min","101.329","%a.s.","Humid","20.230","deg","39404","µV","28.099","°C","1016.000","hPa","36.4","pmil","0","55.390","deg","20.000","°C","100.000","%a.s.","21.720","deg","20.000","°C","977.000","hPa","0.861","-0.02617","0.00035","0","0","13.56","Humid","26.25","0","44.00","378114.97","SABD0000000001","AAV1.0.0.11","4.0.0.2323","PSt7-10","170328-019","7/29/2022 11:23:46 AM","0000-00","0","no battery","V","","µV","","µV"
"08/09/2022","10:45:51","6","default","383292078","Oxt_06","43.812","min","101.361","%a.s.","Humid","20.226","deg","39399","µV","28.104","°C","1016.000","hPa","36.4","pmil","0","55.390","deg","20.000","°C","100.000","%a.s.","21.720","deg","20.000","°C","977.000","hPa","0.861","-0.02617","0.00035","0","0","13.56","Humid","26.25","0","44.00","378109.48","SABD0000000001","AAV1.0.0.11","4.0.0.2323","PSt7-10","170328-019","7/29/2022 11:23:46 AM","0000-00","0","no battery","V","","µV","","µV"
"08/09/2022","10:45:52","6","default","383292078","Oxt_06","43.829","min","101.346","%a.s.","Humid","20.230","deg","39395","µV","28.081","°C","1016.000","hPa","36.4","pmil","0","55.390","deg","20.000","°C","100.000","%a.s.","21.720","deg","20.000","°C","977.000","hPa","0.861","-0.02617","0.00035","0","0","13.56","Humid","26.25","0","44.00","378117.77","SABD0000000001","AAV1.0.0.11","4.0.0.2323","PSt7-10","170328-019","7/29/2022 11:23:46 AM","0000-00","0","no battery","V","","µV","","µV"
"08/09/2022","10:45:53","6","default","383292078","Oxt_06","43.846","min","101.389","%a.s.","Humid","20.225","deg","39397","µV","28.084","°C","1016.000","hPa","36.4","pmil","0","55.390","deg","20.000","°C","100.000","%a.s.","21.720","deg","20.000","°C","977.000","hPa","0.861","-0.02617","0.00035","0","0","13.56","Humid","26.25","0","44.00","378113.88","SABD0000000001","AAV1.0.0.11","4.0.0.2323","PSt7-10","170328-019","7/29/2022 11:23:46 AM","0000-00","0","no battery","V","","µV","","µV"
"08/09/2022","10:45:54","6","default","383292078","Oxt_06","43.863","min","101.270","%a.s.","Humid","20.237","deg","39393","µV","28.093","°C","1016.000","hPa","36.4","pmil","0","55.390","deg","20.000","°C","100.000","%a.s.","21.720","deg","20.000","°C","977.000","hPa","0.861","-0.02617","0.00035","0","0","13.56","Humid","26.25","0","44.00","378100.56","SABD0000000001","AAV1.0.0.11","4.0.0.2323","PSt7-10","170328-019","7/29/2022 11:23:46 AM","0000-00","0","no battery","V","","µV","","µV"
"08/09/2022","10:45:55","6","default","383292078","Oxt_06","43.879","min","101.393","%a.s.","Humid","20.224","deg","39397","µV","28.089","°C","1016.000","hPa","36.4","pmil","0","55.390","deg","20.000","°C","100.000","%a.s.","21.720","deg","20.000","°C","977.000","hPa","0.861","-0.02617","0.00035","0","0","13.56","Humid","26.25","0","44.00","378102.20","SABD0000000001","AAV1.0.0.11","4.0.0.2323","PSt7-10","170328-019","7/29/2022 11:23:46 AM","0000-00","0","no battery","V","","µV","","µV"
"08/09/2022","10:45:56","6","default","383292078","Oxt_06","43.896","min","101.369","%a.s.","Humid","20.227","deg","39391","µV","28.085","°C","1016.000","hPa","36.4","pmil","0","55.390","deg","20.000","°C","100.000","%a.s.","21.720","deg","20.000","°C","977.000","hPa","0.861","-0.02617","0.00035","0","0","13.56","Humid","26.25","0","44.00","378104.12","SABD0000000001","AAV1.0.0.11","4.0.0.2323","PSt7-10","170328-019","7/29/2022 11:23:46 AM","0000-00","0","no battery","V","","µV","","µV"
"08/09/2022","10:45:57","6","default","383292078","Oxt_06","43.912","min","101.389","%a.s.","Humid","20.225","deg","39393","µV","28.084","°C","1016.000","hPa","36.4","pmil","0","55.390","deg","20.000","°C","100.000","%a.s.","21.720","deg","20.000","°C","977.000","hPa","0.861","-0.02617","0.00035","0","0","13.56","Humid","26.25","0","44.00","378097.46","SABD0000000001","AAV1.0.0.11","4.0.0.2323","PSt7-10","170328-019","7/29/2022 11:23:46 AM","0000-00","0","no battery","V","","µV","","µV"
"08/09/2022","10:45:58","6","default","383292078","Oxt_06","43.929","min","101.330","%a.s.","Humid","20.232","deg","39389","µV","28.078","°C","1016.000","hPa","36.4","pmil","0","55.390","deg","20.000","°C","100.000","%a.s.","21.720","deg","20.000","°C","977.000","hPa","0.861","-0.02617","0.00035","0","0","13.56","Humid","26.25","0","44.00","378112.05","SABD0000000001","AAV1.0.0.11","4.0.0.2323","PSt7-10","170328-019","7/29/2022 11:23:46 AM","0000-00","0","no battery","V","","µV","","µV"
"08/09/2022","10:45:59","6","default","383292078","Oxt_06","43.946","min","101.310","%a.s.","Humid","20.234","deg","39390","µV","28.080","°C","1016.000","hPa","36.4","pmil","0","55.390","deg","20.000","°C","100.000","%a.s.","21.720","deg","20.000","°C","977.000","hPa","0.861","-0.02617","0.00035","0","0","13.56","Humid","26.25","0","44.00","378104.86","SABD0000000001","AAV1.0.0.11","4.0.0.2323","PSt7-10","170328-019","7/29/2022 11:23:46 AM","0000-00","0","no battery","V","","µV","","µV"
"08/09/2022","10:46:00","6","default","383292078","Oxt_06","43.963","min","101.333","%a.s.","Humid","20.231","deg","39390","µV","28.085","°C","1016.000","hPa","36.4","pmil","0","55.390","deg","20.000","°C","100.000","%a.s.","21.720","deg","20.000","°C","977.000","hPa","0.861","-0.02617","0.00035","0","0","13.56","Humid","26.25","0","44.00","378095.57","SABD0000000001","AAV1.0.0.11","4.0.0.2323","PSt7-10","170328-019","7/29/2022 11:23:46 AM","0000-00","0","no battery","V","","µV","","µV"
"08/09/2022","10:46:01","6","default","383292078","Oxt_06","43.979","min","101.338","%a.s.","Humid","20.230","deg","39384","µV","28.089","°C","1016.000","hPa","36.4","pmil","0","55.390","deg","20.000","°C","100.000","%a.s.","21.720","deg","20.000","°C","977.000","hPa","0.861","-0.02617","0.00035","0","0","13.56","Humid","26.25","0","44.00","378093.66","SABD0000000001","AAV1.0.0.11","4.0.0.2323","PSt7-10","170328-019","7/29/2022 11:23:46 AM","0000-00","0","no battery","V","","µV","","µV"
"08/09/2022","10:46:02","6","default","383292078","Oxt_06","43.996","min","101.364","%a.s.","Humid","20.227","deg","39383","µV","28.091","°C","1016.000","hPa","36.4","pmil","0","55.390","deg","20.000","°C","100.000","%a.s.","21.720","deg","20.000","°C","977.000","hPa","0.861","-0.02617","0.00035","0","0","13.56","Humid","26.25","0","44.00","378091.07","SABD0000000001","AAV1.0.0.11","4.0.0.2323","PSt7-10","170328-019","7/29/2022 11:23:46 AM","0000-00","0","no battery","V","","µV","","µV"
"08/09/2022","10:46:03","6","default","383292078","Oxt_06","44.012","min","101.375","%a.s.","Humid","20.226","deg","39387","µV","28.089","°C","1016.000","hPa","36.4","pmil","0","55.390","deg","20.000","°C","100.000","%a.s.","21.720","deg","20.000","°C","977.000","hPa","0.861","-0.02617","0.00035","0","0","13.56","Humid","26.25","0","44.00","378103.09","SABD0000000001","AAV1.0.0.11","4.0.0.2323","PSt7-10","170328-019","7/29/2022 11:23:46 AM","0000-00","0","no battery","V","","µV","","µV"
"08/09/2022","10:46:04","6","default","383292078","Oxt_06","44.029","min","101.377","%a.s.","Humid","20.226","deg","39384","µV","28.087","°C","1016.000","hPa","36.4","pmil","0","55.390","deg","20.000","°C","100.000","%a.s.","21.720","deg","20.000","°C","977.000","hPa","0.861","-0.02617","0.00035","0","0","13.56","Humid","26.25","0","44.00","378097.95","SABD0000000001","AAV1.0.0.11","4.0.0.2323","PSt7-10","170328-019","7/29/2022 11:23:46 AM","0000-00","0","no battery","V","","µV","","µV"
"08/09/2022","10:46:05","6","default","383292078","Oxt_06","44.046","min","101.372","%a.s.","Humid","20.226","deg","39379","µV","28.092","°C","1016.000","hPa","36.4","pmil","0","55.390","deg","20.000","°C","100.000","%a.s.","21.720","deg","20.000","°C","977.000","hPa","0.861","-0.02617","0.00035","0","0","13.56","Humid","26.25","0","44.00","378078.01","SABD0000000001","AAV1.0.0.11","4.0.0.2323","PSt7-10","170328-019","7/29/2022 11:23:46 AM","0000-00","0","no battery","V","","µV","","µV"
"08/09/2022","10:46:06","6","default","383292078","Oxt_06","44.062","min","101.379","%a.s.","Humid","20.226","deg","39378","µV","28.085","°C","1016.000","hPa","36.4","pmil","0","55.390","deg","20.000","°C","100.000","%a.s.","21.720","deg","20.000","°C","977.000","hPa","0.861","-0.02617","0.00035","0","0","13.56","Humid","26.25","0","44.00","378089.88","SABD0000000001","AAV1.0.0.11","4.0.0.2323","PSt7-10","170328-019","7/29/2022 11:23:46 AM","0000-00","0","no battery","V","","µV","","µV"
"08/09/2022","10:46:07","6","default","383292078","Oxt_06","44.079","min","101.477","%a.s.","Humid","20.216","deg","39378","µV","28.079","°C","1016.000","hPa","36.4","pmil","0","55.390","deg","20.000","°C","100.000","%a.s.","21.720","deg","20.000","°C","977.000","hPa","0.861","-0.02617","0.00035","0","0","13.56","Humid","26.25","0","44.00","378086.61","SABD0000000001","AAV1.0.0.11","4.0.0.2323","PSt7-10","170328-019","7/29/2022 11:23:46 AM","0000-00","0","no battery","V","","µV","","µV"
"08/09/2022","10:46:08","6","default","383292078","Oxt_06","44.095","min","101.437","%a.s.","Humid","20.221","deg","39383","µV","28.073","°C","1016.000","hPa","36.4","pmil","0","55.390","deg","20.000","°C","100.000","%a.s.","21.720","deg","20.000","°C","977.000","hPa","0.861","-0.02617","0.00035","0","0","13.56","Humid","26.25","0","44.00","378081.98","SABD0000000001","AAV1.0.0.11","4.0.0.2323","PSt7-10","170328-019","7/29/2022 11:23:46 AM","0000-00","0","no battery","V","","µV","","µV"
"08/09/2022","10:46:09","6","default","383292078","Oxt_06","44.112","min","101.380","%a.s.","Humid","20.225","deg","39369","µV","28.094","°C","1016.000","hPa","36.4","pmil","0","55.390","deg","20.000","°C","100.000","%a.s.","21.720","deg","20.000","°C","977.000","hPa","0.861","-0.02617","0.00035","0","0","13.56","Humid","26.25","0","44.00","378075.20","SABD0000000001","AAV1.0.0.11","4.0.0.2323","PSt7-10","170328-019","7/29/2022 11:23:46 AM","0000-00","0","no battery","V","","µV","","µV"
"08/09/2022","10:46:10","6","default","383292078","Oxt_06","44.129","min","101.358","%a.s.","Humid","20.226","deg","39369","µV","28.106","°C","1016.000","hPa","36.4","pmil","0","55.390","deg","20.000","°C","100.000","%a.s.","21.720","deg","20.000","°C","977.000","hPa","0.861","-0.02617","0.00035","0","0","13.56","Humid","26.25","0","44.00","378067.14","SABD0000000001","AAV1.0.0.11","4.0.0.2323","PSt7-10","170328-019","7/29/2022 11:23:46 AM","0000-00","0","no battery","V","","µV","","µV"
"08/09/2022","10:46:11","6","default","383292078","Oxt_06","44.145","min","101.426","%a.s.","Humid","20.220","deg","39374","µV","28.094","°C","1016.000","hPa","36.4","pmil","0","55.390","deg","20.000","°C","100.000","%a.s.","21.720","deg","20.000","°C","977.000","hPa","0.861","-0.02617","0.00035","0","0","13.56","Humid","26.25","0","44.00","378094.58","SABD0000000001","AAV1.0.0.11","4.0.0.2323","PSt7-10","170328-019","7/29/2022 11:23:46 AM","0000-00","0","no battery","V","","µV","","µV"
"08/09/2022","10:46:12","6","default","383292078","Oxt_06","44.162","min","101.462","%a.s.","Humid","20.217","deg","39375","µV","28.084","°C","1016.000","hPa","36.4","pmil","0","55.390","deg","20.000","°C","100.000","%a.s.","21.720","deg","20.000","°C","977.000","hPa","0.861","-0.02617","0.00035","0","0","13.56","Humid","26.25","0","44.00","378101.32","SABD0000000001","AAV1.0.0.11","4.0.0.2323","PSt7-10","170328-019","7/29/2022 11:23:46 AM","0000-00","0","no battery","V","","µV","","µV"
"08/09/2022","10:46:13","6","default","383292078","Oxt_06","44.179","min","101.436","%a.s.","Humid","20.219","deg","39369","µV","28.092","°C","1016.000","hPa","36.4","pmil","0","55.390","deg","20.000","°C","100.000","%a.s.","21.720","deg","20.000","°C","977.000","hPa","0.861","-0.02617","0.00035","0","0","13.56","Humid","26.25","0","44.00","378090.58","SABD0000000001","AAV1.0.0.11","4.0.0.2323","PSt7-10","170328-019","7/29/2022 11:23:46 AM","0000-00","0","no battery","V","","µV","","µV"
"08/09/2022","10:46:14","6","default","383292078","Oxt_06","44.195","min","101.405","%a.s.","Humid","20.223","deg","39370","µV","28.087","°C","1016.000","hPa","36.4","pmil","0","55.390","deg","20.000","°C","100.000","%a.s.","21.720","deg","20.000","°C","977.000","hPa","0.861","-0.02617","0.00035","0","0","13.56","Humid","26.25","0","44.00","378083.10","SABD0000000001","AAV1.0.0.11","4.0.0.2323","PSt7-10","170328-019","7/29/2022 11:23:46 AM","0000-00","0","no battery","V","","µV","","µV"
"08/09/2022","10:46:15","6","default","383292078","Oxt_06","44.212","min","101.354","%a.s.","Humid","20.227","deg","39367","µV","28.101","°C","1016.000","hPa","36.4","pmil","0","55.390","deg","20.000","°C","100.000","%a.s.","21.720","deg","20.000","°C","977.000","hPa","0.861","-0.02617","0.00035","0","0","13.56","Humid","26.25","0","44.00","378091.09","SABD0000000001","AAV1.0.0.11","4.0.0.2323","PSt7-10","170328-019","7/29/2022 11:23:46 AM","0000-00","0","no battery","V","","µV","","µV"
"08/09/2022","10:46:16","6","default","383292078","Oxt_06","44.229","min","101.439","%a.s.","Humid","20.220","deg","39367","µV","28.080","°C","1016.000","hPa","36.4","pmil","0","55.390","deg","20.000","°C","100.000","%a.s.","21.720","deg","20.000","°C","977.000","hPa","0.861","-0.02617","0.00035","0","0","13.56","Humid","26.25","0","44.00","378091.59","SABD0000000001","AAV1.0.0.11","4.0.0.2323","PSt7-10","170328-019","7/29/2022 11:23:46 AM","0000-00","0","no battery","V","","µV","","µV"
"08/09/2022","10:46:17","6","default","383292078","Oxt_06","44.245","min","101.411","%a.s.","Humid","20.223","deg","39369","µV","28.080","°C","1016.000","hPa","36.4","pmil","0","55.390","deg","20.000","°C","100.000","%a.s.","21.720","deg","20.000","°C","977.000","hPa","0.861","-0.02617","0.00035","0","0","13.56","Humid","26.25","0","44.00","378067.83","SABD0000000001","AAV1.0.0.11","4.0.0.2323","PSt7-10","170328-019","7/29/2022 11:23:46 AM","0000-00","0","no battery","V","","µV","","µV"
"08/09/2022","10:46:18","6","default","383292078","Oxt_06","44.262","min","101.484","%a.s.","Humid","20.216","deg","39363","µV","28.072","°C","1016.000","hPa","36.4","pmil","0","55.390","deg","20.000","°C","100.000","%a.s.","21.720","deg","20.000","°C","977.000","hPa","0.861","-0.02617","0.00035","0","0","13.56","Humid","26.25","0","44.00","378072.59","SABD0000000001","AAV1.0.0.11","4.0.0.2323","PSt7-10","170328-019","7/29/2022 11:23:46 AM","0000-00","0","no battery","V","","µV","","µV"
"08/09/2022","10:46:19","6","default","383292078","Oxt_06","44.279","min","101.416","%a.s.","Humid","20.223","deg","39360","µV","28.075","°C","1016.000","hPa","36.4","pmil","0","55.390","deg","20.000","°C","100.000","%a.s.","21.720","deg","20.000","°C","977.000","hPa","0.861","-0.02617","0.00035","0","0","13.56","Humid","26.25","0","44.00","378069.75","SABD0000000001","AAV1.0.0.11","4.0.0.2323","PSt7-10","170328-019","7/29/2022 11:23:46 AM","0000-00","0","no battery","V","","µV","","µV"
"08/09/2022","10:46:20","6","default","383292078","Oxt_06","44.295","min","101.497","%a.s.","Humid","20.213","deg","39361","µV","28.087","°C","1016.000","hPa","36.4","pmil","0","55.390","deg","20.000","°C","100.000","%a.s.","21.720","deg","20.000","°C","977.000","hPa","0.861","-0.02617","0.00035","0","0","13.56","Humid","26.25","0","44.00","378071.97","SABD0000000001","AAV1.0.0.11","4.0.0.2323","PSt7-10","170328-019","7/29/2022 11:23:46 AM","0000-00","0","no battery","V","","µV","","µV"
"08/09/2022","10:46:21","6","default","383292078","Oxt_06","44.312","min","101.464","%a.s.","Humid","20.216","deg","39355","µV","28.092","°C","1016.000","hPa","36.4","pmil","0","55.390","deg","20.000","°C","100.000","%a.s.","21.720","deg","20.000","°C","977.000","hPa","0.861","-0.02617","0.00035","0","0","13.56","Humid","26.25","0","44.00","378066.54","SABD0000000001","AAV1.0.0.11","4.0.0.2323","PSt7-10","170328-019","7/29/2022 11:23:46 AM","0000-00","0","no battery","V","","µV","","µV"
"08/09/2022","10:46:22","6","default","383292078","Oxt_06","44.329","min","101.364","%a.s.","Humid","20.228","deg","39359","µV","28.081","°C","1016.000","hPa","36.4","pmil","0","55.390","deg","20.000","°C","100.000","%a.s.","21.720","deg","20.000","°C","977.000","hPa","0.861","-0.02617","0.00035","0","0","13.56","Humid","26.25","0","44.00","378055.10","SABD0000000001","AAV1.0.0.11","4.0.0.2323","PSt7-10","170328-019","7/29/2022 11:23:46 AM","0000-00","0","no battery","V","","µV","","µV"
"08/09/2022","10:46:23","6","default","383292078","Oxt_06","44.345","min","101.392","%a.s.","Humid","20.225","deg","39357","µV","28.081","°C","1016.000","hPa","36.4","pmil","0","55.390","deg","20.000","°C","100.000","%a.s.","21.720","deg","20.000","°C","977.000","hPa","0.861","-0.02617","0.00035","0","0","13.56","Humid","26.25","0","44.00","378068.47","SABD0000000001","AAV1.0.0.11","4.0.0.2323","PSt7-10","170328-019","7/29/2022 11:23:46 AM","0000-00","0","no battery","V","","µV","","µV"
"08/09/2022","10:46:24","6","default","383292078","Oxt_06","44.362","min","101.458","%a.s.","Humid","20.218","deg","39361","µV","28.079","°C","1016.000","hPa","36.4","pmil","0","55.390","deg","20.000","°C","100.000","%a.s.","21.720","deg","20.000","°C","977.000","hPa","0.861","-0.02617","0.00035","0","0","13.56","Humid","26.25","0","44.00","378068.12","SABD0000000001","AAV1.0.0.11","4.0.0.2323","PSt7-10","170328-019","7/29/2022 11:23:46 AM","0000-00","0","no battery","V","","µV","","µV"
"08/09/2022","10:46:25","6","default","383292078","Oxt_06","44.379","min","101.468","%a.s.","Humid","20.216","deg","39352","µV","28.088","°C","1016.000","hPa","36.4","pmil","0","55.390","deg","20.000","°C","100.000","%a.s.","21.720","deg","20.000","°C","977.000","hPa","0.861","-0.02617","0.00035","0","0","13.56","Humid","26.25","0","44.00","378066.75","SABD0000000001","AAV1.0.0.11","4.0.0.2323","PSt7-10","170328-019","7/29/2022 11:23:46 AM","0000-00","0","no battery","V","","µV","","µV"
"08/09/2022","10:46:26","6","default","383292078","Oxt_06","44.395","min","101.529","%a.s.","Humid","20.211","deg","39352","µV","28.073","°C","1016.000","hPa","36.4","pmil","0","55.390","deg","20.000","°C","100.000","%a.s.","21.720","deg","20.000","°C","977.000","hPa","0.861","-0.02617","0.00035","0","0","13.56","Humid","26.25","0","44.00","378069.98","SABD0000000001","AAV1.0.0.11","4.0.0.2323","PSt7-10","170328-019","7/29/2022 11:23:46 AM","0000-00","0","no battery","V","","µV","","µV"
"08/09/2022","10:46:27","6","default","383292078","Oxt_06","44.412","min","101.462","%a.s.","Humid","20.218","deg","39354","µV","28.075","°C","1016.000","hPa","36.4","pmil","0","55.390","deg","20.000","°C","100.000","%a.s.","21.720","deg","20.000","°C","977.000","hPa","0.861","-0.02617","0.00035","0","0","13.56","Humid","26.25","0","44.00","378064.89","SABD0000000001","AAV1.0.0.11","4.0.0.2323","PSt7-10","170328-019","7/29/2022 11:23:46 AM","0000-00","0","no battery","V","","µV","","µV"
"08/09/2022","10:46:28","6","default","383292078","Oxt_06","44.429","min","101.513","%a.s.","Humid","20.211","deg","39348","µV","28.089","°C","1016.000","hPa","36.4","pmil","0","55.390","deg","20.000","°C","100.000","%a.s.","21.720","deg","20.000","°C","977.000","hPa","0.861","-0.02617","0.00035","0","0","13.56","Humid","26.25","0","44.00","378064.95","SABD0000000001","AAV1.0.0.11","4.0.0.2323","PSt7-10","170328-019","7/29/2022 11:23:46 AM","0000-00","0","no battery","V","","µV","","µV"
"08/09/2022","10:46:29","6","default","383292078","Oxt_06","44.446","min","101.521","%a.s.","Humid","20.210","deg","39355","µV","28.090","°C","1016.000","hPa","36.4","pmil","0","55.390","deg","20.000","°C","100.000","%a.s.","21.720","deg","20.000","°C","977.000","hPa","0.861","-0.02617","0.00035","0","0","13.56","Humid","26.25","0","44.00","378066.00","SABD0000000001","AAV1.0.0.11","4.0.0.2323","PSt7-10","170328-019","7/29/2022 11:23:46 AM","0000-00","0","no battery","V","","µV","","µV"
"08/09/2022","10:46:30","6","default","383292078","Oxt_06","44.462","min","101.395","%a.s.","Humid","20.223","deg","39351","µV","28.097","°C","1016.000","hPa","36.4","pmil","0","55.390","deg","20.000","°C","100.000","%a.s.","21.720","deg","20.000","°C","977.000","hPa","0.861","-0.02617","0.00035","0","0","13.56","Humid","26.25","0","44.00","378064.93","SABD0000000001","AAV1.0.0.11","4.0.0.2323","PSt7-10","170328-019","7/29/2022 11:23:46 AM","0000-00","0","no battery","V","","µV","","µV"
"08/09/2022","10:46:31","6","default","383292078","Oxt_06","44.479","min","101.488","%a.s.","Humid","20.214","deg","39346","µV","28.086","°C","1016.000","hPa","36.4","pmil","0","55.390","deg","20.000","°C","100.000","%a.s.","21.720","deg","20.000","°C","977.000","hPa","0.861","-0.02617","0.00035","0","0","13.56","Humid","26.25","0","44.00","378056.60","SABD0000000001","AAV1.0.0.11","4.0.0.2323","PSt7-10","170328-019","7/29/2022 11:23:46 AM","0000-00","0","no battery","V","","µV","","µV"
"08/09/2022","10:46:32","6","default","383292078","Oxt_06","44.496","min","101.384","%a.s.","Humid","20.225","deg","39347","µV","28.090","°C","1016.000","hPa","36.4","pmil","0","55.390","deg","20.000","°C","100.000","%a.s.","21.720","deg","20.000","°C","977.000","hPa","0.861","-0.02617","0.00035","0","0","13.56","Humid","26.25","0","44.00","378062.30","SABD0000000001","AAV1.0.0.11","4.0.0.2323","PSt7-10","170328-019","7/29/2022 11:23:46 AM","0000-00","0","no battery","V","","µV","","µV"
"08/09/2022","10:46:33","6","default","383292078","Oxt_06","44.512","min","101.491","%a.s.","Humid","20.213","deg","39347","µV","28.093","°C","1016.000","hPa","36.4","pmil","0","55.390","deg","20.000","°C","100.000","%a.s.","21.720","deg","20.000","°C","977.000","hPa","0.861","-0.02617","0.00035","0","0","13.56","Humid","26.25","0","44.00","378054.90","SABD0000000001","AAV1.0.0.11","4.0.0.2323","PSt7-10","170328-019","7/29/2022 11:23:46 AM","0000-00","0","no battery","V","","µV","","µV"
"08/09/2022","10:46:34","6","default","383292078","Oxt_06","44.529","min","101.492","%a.s.","Humid","20.214","deg","39346","µV","28.082","°C","1016.000","hPa","36.4","pmil","0","55.390","deg","20.000","°C","100.000","%a.s.","21.720","deg","20.000","°C","977.000","hPa","0.861","-0.02617","0.00035","0","0","13.56","Humid","26.25","0","44.00","378052.11","SABD0000000001","AAV1.0.0.11","4.0.0.2323","PSt7-10","170328-019","7/29/2022 11:23:46 AM","0000-00","0","no battery","V","","µV","","µV"
"08/09/2022","10:46:35","6","default","383292078","Oxt_06","44.546","min","101.511","%a.s.","Humid","20.212","deg","39342","µV","28.081","°C","1016.000","hPa","36.4","pmil","0","55.390","deg","20.000","°C","100.000","%a.s.","21.720","deg","20.000","°C","977.000","hPa","0.861","-0.02617","0.00035","0","0","13.56","Humid","26.25","0","44.00","378055.24","SABD0000000001","AAV1.0.0.11","4.0.0.2323","PSt7-10","170328-019","7/29/2022 11:23:46 AM","0000-00","0","no battery","V","","µV","","µV"
"08/09/2022","10:46:36","6","default","383292078","Oxt_06","44.562","min","101.519","%a.s.","Humid","20.211","deg","39339","µV","28.083","°C","1016.000","hPa","36.4","pmil","0","55.390","deg","20.000","°C","100.000","%a.s.","21.720","deg","20.000","°C","977.000","hPa","0.861","-0.02617","0.00035","0","0","13.56","Humid","26.25","0","44.00","378049.56","SABD0000000001","AAV1.0.0.11","4.0.0.2323","PSt7-10","170328-019","7/29/2022 11:23:46 AM","0000-00","0","no battery","V","","µV","","µV"
"08/09/2022","10:46:37","6","default","383292078","Oxt_06","44.579","min","101.490","%a.s.","Humid","20.214","deg","39346","µV","28.085","°C","1016.000","hPa","36.4","pmil","0","55.390","deg","20.000","°C","100.000","%a.s.","21.720","deg","20.000","°C","977.000","hPa","0.861","-0.02617","0.00035","0","0","13.56","Humid","26.25","0","44.00","378051.17","SABD0000000001","AAV1.0.0.11","4.0.0.2323","PSt7-10","170328-019","7/29/2022 11:23:46 AM","0000-00","0","no battery","V","","µV","","µV"
"08/09/2022","10:46:38","6","default","383292078","Oxt_06","44.596","min","101.490","%a.s.","Humid","20.213","deg","39336","µV","28.094","°C","1016.000","hPa","36.4","pmil","0","55.390","deg","20.000","°C","100.000","%a.s.","21.720","deg","20.000","°C","977.000","hPa","0.861","-0.02617","0.00035","0","0","13.56","Humid","26.25","0","44.00","378056.66","SABD0000000001","AAV1.0.0.11","4.0.0.2323","PSt7-10","170328-019","7/29/2022 11:23:46 AM","0000-00","0","no battery","V","","µV","","µV"
"08/09/2022","10:46:39","6","default","383292078","Oxt_06","44.613","min","101.534","%a.s.","Humid","20.209","deg","39340","µV","28.086","°C","1016.000","hPa","36.4","pmil","0","55.390","deg","20.000","°C","100.000","%a.s.","21.720","deg","20.000","°C","977.000","hPa","0.861","-0.02617","0.00035","0","0","13.56","Humid","26.25","0","44.00","378043.70","SABD0000000001","AAV1.0.0.11","4.0.0.2323","PSt7-10","170328-019","7/29/2022 11:23:46 AM","0000-00","0","no battery","V","","µV","","µV"
"08/09/2022","10:46:40","6","default","383292078","Oxt_06","44.629","min","101.563","%a.s.","Humid","20.206","deg","39333","µV","28.086","°C","1016.000","hPa","36.4","pmil","0","55.390","deg","20.000","°C","100.000","%a.s.","21.720","deg","20.000","°C","977.000","hPa","0.861","-0.02617","0.00035","0","0","13.56","Humid","26.25","0","44.00","378038.04","SABD0000000001","AAV1.0.0.11","4.0.0.2323","PSt7-10","170328-019","7/29/2022 11:23:46 AM","0000-00","0","no battery","V","","µV","","µV"
"08/09/2022","10:46:41","6","default","383292078","Oxt_06","44.646","min","101.552","%a.s.","Humid","20.208","deg","39327","µV","28.077","°C","1016.000","hPa","36.4","pmil","0","55.390","deg","20.000","°C","100.000","%a.s.","21.720","deg","20.000","°C","977.000","hPa","0.861","-0.02617","0.00035","0","0","13.56","Humid","26.25","0","44.00","378025.12","SABD0000000001","AAV1.0.0.11","4.0.0.2323","PSt7-10","170328-019","7/29/2022 11:23:46 AM","0000-00","0","no battery","V","","µV","","µV"
"08/09/2022","10:46:42","6","default","383292078","Oxt_06","44.663","min","101.546","%a.s.","Humid","20.209","deg","39336","µV","28.074","°C","1016.000","hPa","36.4","pmil","0","55.390","deg","20.000","°C","100.000","%a.s.","21.720","deg","20.000","°C","977.000","hPa","0.861","-0.02617","0.00035","0","0","13.56","Humid","26.25","0","44.00","378032.56","SABD0000000001","AAV1.0.0.11","4.0.0.2323","PSt7-10","170328-019","7/29/2022 11:23:46 AM","0000-00","0","no battery","V","","µV","","µV"
"08/09/2022","10:46:43","6","default","383292078","Oxt_06","44.679","min","101.529","%a.s.","Humid","20.209","deg","39336","µV","28.092","°C","1016.000","hPa","36.4","pmil","0","55.390","deg","20.000","°C","100.000","%a.s.","21.720","deg","20.000","°C","977.000","hPa","0.861","-0.02617","0.00035","0","0","13.56","Humid","26.25","0","44.00","378042.76","SABD0000000001","AAV1.0.0.11","4.0.0.2323","PSt7-10","170328-019","7/29/2022 11:23:46 AM","0000-00","0","no battery","V","","µV","","µV"
"08/09/2022","10:46:44","6","default","383292078","Oxt_06","44.696","min","101.592","%a.s.","Humid","20.203","deg","39331","µV","28.084","°C","1016.000","hPa","36.4","pmil","0","55.390","deg","20.000","°C","100.000","%a.s.","21.720","deg","20.000","°C","977.000","hPa","0.861","-0.02617","0.00035","0","0","13.56","Humid","26.25","0","44.00","378044.19","SABD0000000001","AAV1.0.0.11","4.0.0.2323","PSt7-10","170328-019","7/29/2022 11:23:46 AM","0000-00","0","no battery","V","","µV","","µV"
"08/09/2022","10:46:45","6","default","383292078","Oxt_06","44.713","min","101.531","%a.s.","Humid","20.210","deg","39330","µV","28.080","°C","1016.000","hPa","36.4","pmil","0","55.390","deg","20.000","°C","100.000","%a.s.","21.720","deg","20.000","°C","977.000","hPa","0.861","-0.02617","0.00035","0","0","13.56","Humid","26.25","0","44.00","378032.24","SABD0000000001","AAV1.0.0.11","4.0.0.2323","PSt7-10","170328-019","7/29/2022 11:23:46 AM","0000-00","0","no battery","V","","µV","","µV"
"08/09/2022","10:46:46","6","default","383292078","Oxt_06","44.729","min","101.564","%a.s.","Humid","20.207","deg","39327","µV","28.074","°C","1016.000","hPa","36.4","pmil","0","55.390","deg","20.000","°C","100.000","%a.s.","21.720","deg","20.000","°C","977.000","hPa","0.861","-0.02617","0.00035","0","0","13.56","Humid","26.25","0","44.00","378032.69","SABD0000000001","AAV1.0.0.11","4.0.0.2323","PSt7-10","170328-019","7/29/2022 11:23:46 AM","0000-00","0","no battery","V","","µV","","µV"
"08/09/2022","10:46:47","6","default","383292078","Oxt_06","44.745","min","101.540","%a.s.","Humid","20.207","deg","39323","µV","28.099","°C","1016.000","hPa","36.4","pmil","0","55.390","deg","20.000","°C","100.000","%a.s.","21.720","deg","20.000","°C","977.000","hPa","0.861","-0.02617","0.00035","0","0","13.56","Humid","26.25","0","44.00","378025.48","SABD0000000001","AAV1.0.0.11","4.0.0.2323","PSt7-10","170328-019","7/29/2022 11:23:46 AM","0000-00","0","no battery","V","","µV","","µV"
"08/09/2022","10:46:48","6","default","383292078","Oxt_06","44.762","min","101.568","%a.s.","Humid","20.205","deg","39322","µV","28.089","°C","1016.000","hPa","36.4","pmil","0","55.390","deg","20.000","°C","100.000","%a.s.","21.720","deg","20.000","°C","977.000","hPa","0.861","-0.02617","0.00035","0","0","13.56","Humid","26.25","0","44.00","378025.54","SABD0000000001","AAV1.0.0.11","4.0.0.2323","PSt7-10","170328-019","7/29/2022 11:23:46 AM","0000-00","0","no battery","V","","µV","","µV"
"08/09/2022","10:46:49","6","default","383292078","Oxt_06","44.779","min","101.532","%a.s.","Humid","20.208","deg","39320","µV","28.098","°C","1016.000","hPa","36.4","pmil","0","55.390","deg","20.000","°C","100.000","%a.s.","21.720","deg","20.000","°C","977.000","hPa","0.861","-0.02617","0.00035","0","0","13.56","Humid","26.25","0","44.00","378021.24","SABD0000000001","AAV1.0.0.11","4.0.0.2323","PSt7-10","170328-019","7/29/2022 11:23:46 AM","0000-00","0","no battery","V","","µV","","µV"
"08/09/2022","10:46:50","6","default","383292078","Oxt_06","44.795","min","101.546","%a.s.","Humid","20.207","deg","39317","µV","28.093","°C","1016.000","hPa","36.4","pmil","0","55.390","deg","20.000","°C","100.000","%a.s.","21.720","deg","20.000","°C","977.000","hPa","0.861","-0.02617","0.00035","0","0","13.56","Humid","26.25","0","44.00","378016.97","SABD0000000001","AAV1.0.0.11","4.0.0.2323","PSt7-10","170328-019","7/29/2022 11:23:46 AM","0000-00","0","no battery","V","","µV","","µV"
"08/09/2022","10:46:51","6","default","383292078","Oxt_06","44.812","min","101.549","%a.s.","Humid","20.206","deg","39320","µV","28.099","°C","1016.000","hPa","36.4","pmil","0","55.390","deg","20.000","°C","100.000","%a.s.","21.720","deg","20.000","°C","977.000","hPa","0.861","-0.02617","0.00035","0","0","13.56","Humid","26.25","0","44.00","378031.81","SABD0000000001","AAV1.0.0.11","4.0.0.2323","PSt7-10","170328-019","7/29/2022 11:23:46 AM","0000-00","0","no battery","V","","µV","","µV"
"08/09/2022","10:46:52","6","default","383292078","Oxt_06","44.829","min","101.620","%a.s.","Humid","20.200","deg","39319","µV","28.084","°C","1016.000","hPa","36.4","pmil","0","55.390","deg","20.000","°C","100.000","%a.s.","21.720","deg","20.000","°C","977.000","hPa","0.861","-0.02617","0.00035","0","0","13.56","Humid","26.25","0","44.00","378031.30","SABD0000000001","AAV1.0.0.11","4.0.0.2323","PSt7-10","170328-019","7/29/2022 11:23:46 AM","0000-00","0","no battery","V","","µV","","µV"
"08/09/2022","10:46:53","6","default","383292078","Oxt_06","44.845","min","101.607","%a.s.","Humid","20.200","deg","39318","µV","28.097","°C","1016.000","hPa","36.4","pmil","0","55.390","deg","20.000","°C","100.000","%a.s.","21.720","deg","20.000","°C","977.000","hPa","0.861","-0.02617","0.00035","0","0","13.56","Humid","26.25","0","44.00","378033.68","SABD0000000001","AAV1.0.0.11","4.0.0.2323","PSt7-10","170328-019","7/29/2022 11:23:46 AM","0000-00","0","no battery","V","","µV","","µV"
"08/09/2022","10:46:54","6","default","383292078","Oxt_06","44.862","min","101.634","%a.s.","Humid","20.199","deg","39319","µV","28.078","°C","1016.000","hPa","36.4","pmil","0","55.390","deg","20.000","°C","100.000","%a.s.","21.720","deg","20.000","°C","977.000","hPa","0.861","-0.02617","0.00035","0","0","13.56","Humid","26.25","0","44.00","378028.24","SABD0000000001","AAV1.0.0.11","4.0.0.2323","PSt7-10","170328-019","7/29/2022 11:23:46 AM","0000-00","0","no battery","V","","µV","","µV"
"08/09/2022","10:46:55","6","default","383292078","Oxt_06","44.879","min","101.559","%a.s.","Humid","20.206","deg","39320","µV","28.090","°C","1016.000","hPa","36.4","pmil","0","55.390","deg","20.000","°C","100.000","%a.s.","21.720","deg","20.000","°C","977.000","hPa","0.861","-0.02617","0.00035","0","0","13.56","Humid","26.25","0","44.00","378025.86","SABD0000000001","AAV1.0.0.11","4.0.0.2323","PSt7-10","170328-019","7/29/2022 11:23:46 AM","0000-00","0","no battery","V","","µV","","µV"
"08/09/2022","10:46:56","6","default","383292078","Oxt_06","44.895","min","101.598","%a.s.","Humid","20.201","deg","39310","µV","28.096","°C","1016.000","hPa","36.4","pmil","0","55.390","deg","20.000","°C","100.000","%a.s.","21.720","deg","20.000","°C","977.000","hPa","0.861","-0.02617","0.00035","0","0","13.56","Humid","26.25","0","44.00","378016.56","SABD0000000001","AAV1.0.0.11","4.0.0.2323","PSt7-10","170328-019","7/29/2022 11:23:46 AM","0000-00","0","no battery","V","","µV","","µV"
"08/09/2022","10:46:57","6","default","383292078","Oxt_06","44.912","min","101.663","%a.s.","Humid","20.194","deg","39316","µV","28.096","°C","1016.000","hPa","36.4","pmil","0","55.390","deg","20.000","°C","100.000","%a.s.","21.720","deg","20.000","°C","977.000","hPa","0.861","-0.02617","0.00035","0","0","13.56","Humid","26.25","0","44.00","378024.34","SABD0000000001","AAV1.0.0.11","4.0.0.2323","PSt7-10","170328-019","7/29/2022 11:23:46 AM","0000-00","0","no battery","V","","µV","","µV"
"08/09/2022","10:46:58","6","default","383292078","Oxt_06","44.929","min","101.536","%a.s.","Humid","20.209","deg","39305","µV","28.085","°C","1016.000","hPa","36.4","pmil","0","55.390","deg","20.000","°C","100.000","%a.s.","21.720","deg","20.000","°C","977.000","hPa","0.861","-0.02617","0.00035","0","0","13.56","Humid","26.25","0","44.00","378019.50","SABD0000000001","AAV1.0.0.11","4.0.0.2323","PSt7-10","170328-019","7/29/2022 11:23:46 AM","0000-00","0","no battery","V","","µV","","µV"
"08/09/2022","10:46:59","6","default","383292078","Oxt_06","44.945","min","101.625","%a.s.","Humid","20.200","deg","39311","µV","28.078","°C","1016.000","hPa","36.4","pmil","0","55.390","deg","20.000","°C","100.000","%a.s.","21.720","deg","20.000","°C","977.000","hPa","0.861","-0.02617","0.00035","0","0","13.56","Humid","26.25","0","44.00","378014.01","SABD0000000001","AAV1.0.0.11","4.0.0.2323","PSt7-10","170328-019","7/29/2022 11:23:46 AM","0000-00","0","no battery","V","","µV","","µV"
"08/09/2022","10:47:00","6","default","383292078","Oxt_06","44.962","min","101.636","%a.s.","Humid","20.198","deg","39311","µV","28.086","°C","1016.000","hPa","36.4","pmil","0","55.390","deg","20.000","°C","100.000","%a.s.","21.720","deg","20.000","°C","977.000","hPa","0.861","-0.02617","0.00035","0","0","13.56","Humid","26.25","0","44.00","378020.32","SABD0000000001","AAV1.0.0.11","4.0.0.2323","PSt7-10","170328-019","7/29/2022 11:23:46 AM","0000-00","0","no battery","V","","µV","","µV"
"08/09/2022","10:47:01","6","default","383292078","Oxt_06","44.979","min","101.611","%a.s.","Humid","20.200","deg","39310","µV","28.092","°C","1016.000","hPa","36.4","pmil","0","55.390","deg","20.000","°C","100.000","%a.s.","21.720","deg","20.000","°C","977.000","hPa","0.861","-0.02617","0.00035","0","0","13.56","Humid","26.25","0","44.00","378023.44","SABD0000000001","AAV1.0.0.11","4.0.0.2323","PSt7-10","170328-019","7/29/2022 11:23:46 AM","0000-00","0","no battery","V","","µV","","µV"
"08/09/2022","10:47:02","6","default","383292078","Oxt_06","44.996","min","101.621","%a.s.","Humid","20.199","deg","39300","µV","28.092","°C","1016.000","hPa","36.4","pmil","0","55.390","deg","20.000","°C","100.000","%a.s.","21.720","deg","20.000","°C","977.000","hPa","0.861","-0.02617","0.00035","0","0","13.56","Humid","26.25","0","44.00","378024.92","SABD0000000001","AAV1.0.0.11","4.0.0.2323","PSt7-10","170328-019","7/29/2022 11:23:46 AM","0000-00","0","no battery","V","","µV","","µV"
"08/09/2022","10:47:03","6","default","383292078","Oxt_06","45.012","min","101.662","%a.s.","Humid","20.196","deg","39304","µV","28.078","°C","1016.000","hPa","36.4","pmil","0","55.390","deg","20.000","°C","100.000","%a.s.","21.720","deg","20.000","°C","977.000","hPa","0.861","-0.02617","0.00035","0","0","13.56","Humid","26.25","0","44.00","378028.34","SABD0000000001","AAV1.0.0.11","4.0.0.2323","PSt7-10","170328-019","7/29/2022 11:23:46 AM","0000-00","0","no battery","V","","µV","","µV"
"08/09/2022","10:47:04","6","default","383292078","Oxt_06","45.029","min","101.654","%a.s.","Humid","20.196","deg","39308","µV","28.086","°C","1016.000","hPa","36.4","pmil","0","55.390","deg","20.000","°C","100.000","%a.s.","21.720","deg","20.000","°C","977.000","hPa","0.861","-0.02617","0.00035","0","0","13.56","Humid","26.25","0","44.00","378010.91","SABD0000000001","AAV1.0.0.11","4.0.0.2323","PSt7-10","170328-019","7/29/2022 11:23:46 AM","0000-00","0","no battery","V","","µV","","µV"
"08/09/2022","10:47:05","6","default","383292078","Oxt_06","45.046","min","101.633","%a.s.","Humid","20.198","deg","39303","µV","28.088","°C","1016.000","hPa","36.4","pmil","0","55.390","deg","20.000","°C","100.000","%a.s.","21.720","deg","20.000","°C","977.000","hPa","0.861","-0.02617","0.00035","0","0","13.56","Humid","26.25","0","44.00","378019.12","SABD0000000001","AAV1.0.0.11","4.0.0.2323","PSt7-10","170328-019","7/29/2022 11:23:46 AM","0000-00","0","no battery","V","","µV","","µV"
"08/09/2022","10:47:06","6","default","383292078","Oxt_06","45.062","min","101.648","%a.s.","Humid","20.196","deg","39298","µV","28.092","°C","1016.000","hPa","36.4","pmil","0","55.390","deg","20.000","°C","100.000","%a.s.","21.720","deg","20.000","°C","977.000","hPa","0.861","-0.02617","0.00035","0","0","13.56","Humid","26.25","0","44.00","378013.59","SABD0000000001","AAV1.0.0.11","4.0.0.2323","PSt7-10","170328-019","7/29/2022 11:23:46 AM","0000-00","0","no battery","V","","µV","","µV"
"08/09/2022","10:47:07","6","default","383292078","Oxt_06","45.079","min","101.511","%a.s.","Humid","20.210","deg","39304","µV","28.100","°C","1016.000","hPa","36.4","pmil","0","55.390","deg","20.000","°C","100.000","%a.s.","21.720","deg","20.000","°C","977.000","hPa","0.861","-0.02617","0.00035","0","0","13.56","Humid","26.25","0","44.00","378018.39","SABD0000000001","AAV1.0.0.11","4.0.0.2323","PSt7-10","170328-019","7/29/2022 11:23:46 AM","0000-00","0","no battery","V","","µV","","µV"
"08/09/2022","10:47:08","6","default","383292078","Oxt_06","45.096","min","101.583","%a.s.","Humid","20.202","deg","39293","µV","28.102","°C","1016.000","hPa","36.4","pmil","0","55.390","deg","20.000","°C","100.000","%a.s.","21.720","deg","20.000","°C","977.000","hPa","0.861","-0.02617","0.00035","0","0","13.56","Humid","26.25","0","44.00","378015.74","SABD0000000001","AAV1.0.0.11","4.0.0.2323","PSt7-10","170328-019","7/29/2022 11:23:46 AM","0000-00","0","no battery","V","","µV","","µV"
"08/09/2022","10:47:09","6","default","383292078","Oxt_06","45.112","min","101.652","%a.s.","Humid","20.196","deg","39295","µV","28.088","°C","1016.000","hPa","36.4","pmil","0","55.390","deg","20.000","°C","100.000","%a.s.","21.720","deg","20.000","°C","977.000","hPa","0.861","-0.02617","0.00035","0","0","13.56","Humid","26.25","0","44.00","378008.87","SABD0000000001","AAV1.0.0.11","4.0.0.2323","PSt7-10","170328-019","7/29/2022 11:23:46 AM","0000-00","0","no battery","V","","µV","","µV"
"08/09/2022","10:47:10","6","default","383292078","Oxt_06","45.129","min","101.663","%a.s.","Humid","20.195","deg","39293","µV","28.086","°C","1016.000","hPa","36.4","pmil","0","55.390","deg","20.000","°C","100.000","%a.s.","21.720","deg","20.000","°C","977.000","hPa","0.861","-0.02617","0.00035","0","0","13.56","Humid","26.25","0","44.00","378013.92","SABD0000000001","AAV1.0.0.11","4.0.0.2323","PSt7-10","170328-019","7/29/2022 11:23:46 AM","0000-00","0","no battery","V","","µV","","µV"
"08/09/2022","10:47:11","6","default","383292078","Oxt_06","45.146","min","101.566","%a.s.","Humid","20.204","deg","39291","µV","28.101","°C","1016.000","hPa","36.4","pmil","0","55.390","deg","20.000","°C","100.000","%a.s.","21.720","deg","20.000","°C","977.000","hPa","0.861","-0.02617","0.00035","0","0","13.56","Humid","26.25","0","44.00","378020.18","SABD0000000001","AAV1.0.0.11","4.0.0.2323","PSt7-10","170328-019","7/29/2022 11:23:46 AM","0000-00","0","no battery","V","","µV","","µV"
"08/09/2022","10:47:12","6","default","383292078","Oxt_06","45.163","min","101.593","%a.s.","Humid","20.201","deg","39292","µV","28.101","°C","1016.000","hPa","36.4","pmil","0","55.390","deg","20.000","°C","100.000","%a.s.","21.720","deg","20.000","°C","977.000","hPa","0.861","-0.02617","0.00035","0","0","13.56","Humid","26.25","0","44.00","378010.21","SABD0000000001","AAV1.0.0.11","4.0.0.2323","PSt7-10","170328-019","7/29/2022 11:23:46 AM","0000-00","0","no battery","V","","µV","","µV"
"08/09/2022","10:47:13","6","default","383292078","Oxt_06","45.179","min","101.620","%a.s.","Humid","20.199","deg","39294","µV","28.093","°C","1016.000","hPa","36.4","pmil","0","55.390","deg","20.000","°C","100.000","%a.s.","21.720","deg","20.000","°C","977.000","hPa","0.861","-0.02617","0.00035","0","0","13.56","Humid","26.25","0","44.00","378016.04","SABD0000000001","AAV1.0.0.11","4.0.0.2323","PSt7-10","170328-019","7/29/2022 11:23:46 AM","0000-00","0","no battery","V","","µV","","µV"
"08/09/2022","10:47:14","6","default","383292078","Oxt_06","45.196","min","101.613","%a.s.","Humid","20.200","deg","39287","µV","28.091","°C","1016.000","hPa","36.4","pmil","0","55.390","deg","20.000","°C","100.000","%a.s.","21.720","deg","20.000","°C","977.000","hPa","0.861","-0.02617","0.00035","0","0","13.56","Humid","26.25","0","44.00","378011.78","SABD0000000001","AAV1.0.0.11","4.0.0.2323","PSt7-10","170328-019","7/29/2022 11:23:46 AM","0000-00","0","no battery","V","","µV","","µV"
"08/09/2022","10:47:15","6","default","383292078","Oxt_06","45.213","min","101.637","%a.s.","Humid","20.198","deg","39285","µV","28.085","°C","1016.000","hPa","36.4","pmil","0","55.390","deg","20.000","°C","100.000","%a.s.","21.720","deg","20.000","°C","977.000","hPa","0.861","-0.02617","0.00035","0","0","13.56","Humid","26.25","0","44.00","378005.66","SABD0000000001","AAV1.0.0.11","4.0.0.2323","PSt7-10","170328-019","7/29/2022 11:23:46 AM","0000-00","0","no battery","V","","µV","","µV"
"08/09/2022","10:47:16","6","default","383292078","Oxt_06","45.229","min","101.666","%a.s.","Humid","20.194","deg","39290","µV","28.093","°C","1016.000","hPa","36.4","pmil","0","55.390","deg","20.000","°C","100.000","%a.s.","21.720","deg","20.000","°C","977.000","hPa","0.861","-0.02617","0.00035","0","0","13.56","Humid","26.25","0","44.00","377984.19","SABD0000000001","AAV1.0.0.11","4.0.0.2323","PSt7-10","170328-019","7/29/2022 11:23:46 AM","0000-00","0","no battery","V","","µV","","µV"
"08/09/2022","10:47:17","6","default","383292078","Oxt_06","45.246","min","101.639","%a.s.","Humid","20.196","deg","39280","µV","28.102","°C","1016.000","hPa","36.4","pmil","0","55.390","deg","20.000","°C","100.000","%a.s.","21.720","deg","20.000","°C","977.000","hPa","0.861","-0.02617","0.00035","0","0","13.56","Humid","26.25","0","44.00","378000.76","SABD0000000001","AAV1.0.0.11","4.0.0.2323","PSt7-10","170328-019","7/29/2022 11:23:46 AM","0000-00","0","no battery","V","","µV","","µV"
"08/09/2022","10:47:18","6","default","383292078","Oxt_06","45.262","min","101.687","%a.s.","Humid","20.193","deg","39285","µV","28.081","°C","1016.000","hPa","36.4","pmil","0","55.390","deg","20.000","°C","100.000","%a.s.","21.720","deg","20.000","°C","977.000","hPa","0.861","-0.02617","0.00035","0","0","13.56","Humid","26.25","0","44.00","378005.18","SABD0000000001","AAV1.0.0.11","4.0.0.2323","PSt7-10","170328-019","7/29/2022 11:23:46 AM","0000-00","0","no battery","V","","µV","","µV"
"08/09/2022","10:47:19","6","default","383292078","Oxt_06","45.279","min","101.640","%a.s.","Humid","20.198","deg","39281","µV","28.082","°C","1016.000","hPa","36.4","pmil","0","55.390","deg","20.000","°C","100.000","%a.s.","21.720","deg","20.000","°C","977.000","hPa","0.861","-0.02617","0.00035","0","0","13.56","Humid","26.25","0","44.00","378008.79","SABD0000000001","AAV1.0.0.11","4.0.0.2323","PSt7-10","170328-019","7/29/2022 11:23:46 AM","0000-00","0","no battery","V","","µV","","µV"
"08/09/2022","10:47:20","6","default","383292078","Oxt_06","45.295","min","101.684","%a.s.","Humid","20.192","deg","39282","µV","28.093","°C","1016.000","hPa","36.4","pmil","0","55.390","deg","20.000","°C","100.000","%a.s.","21.720","deg","20.000","°C","977.000","hPa","0.861","-0.02617","0.00035","0","0","13.56","Humid","26.25","0","44.00","378000.56","SABD0000000001","AAV1.0.0.11","4.0.0.2323","PSt7-10","170328-019","7/29/2022 11:23:46 AM","0000-00","0","no battery","V","","µV","","µV"
"08/09/2022","10:47:21","6","default","383292078","Oxt_06","45.312","min","101.731","%a.s.","Humid","20.189","deg","39278","µV","28.073","°C","1016.000","hPa","36.4","pmil","0","55.390","deg","20.000","°C","100.000","%a.s.","21.720","deg","20.000","°C","977.000","hPa","0.861","-0.02617","0.00035","0","0","13.56","Humid","26.25","0","44.00","377999.04","SABD0000000001","AAV1.0.0.11","4.0.0.2323","PSt7-10","170328-019","7/29/2022 11:23:46 AM","0000-00","0","no battery","V","","µV","","µV"
"08/09/2022","10:47:22","6","default","383292078","Oxt_06","45.329","min","101.711","%a.s.","Humid","20.190","deg","39277","µV","28.084","°C","1016.000","hPa","36.4","pmil","0","55.390","deg","20.000","°C","100.000","%a.s.","21.720","deg","20.000","°C","977.000","hPa","0.861","-0.02617","0.00035","0","0","13.56","Humid","26.25","0","44.00","377995.33","SABD0000000001","AAV1.0.0.11","4.0.0.2323","PSt7-10","170328-019","7/29/2022 11:23:46 AM","0000-00","0","no battery","V","","µV","","µV"
"08/09/2022","10:47:23","6","default","383292078","Oxt_06","45.345","min","101.716","%a.s.","Humid","20.190","deg","39277","µV","28.079","°C","1016.000","hPa","36.4","pmil","0","55.390","deg","20.000","°C","100.000","%a.s.","21.720","deg","20.000","°C","977.000","hPa","0.861","-0.02617","0.00035","0","0","13.56","Humid","26.25","0","44.00","377989.69","SABD0000000001","AAV1.0.0.11","4.0.0.2323","PSt7-10","170328-019","7/29/2022 11:23:46 AM","0000-00","0","no battery","V","","µV","","µV"
"08/09/2022","10:47:24","6","default","383292078","Oxt_06","45.362","min","101.668","%a.s.","Humid","20.194","deg","39272","µV","28.090","°C","1016.000","hPa","36.4","pmil","0","55.390","deg","20.000","°C","100.000","%a.s.","21.720","deg","20.000","°C","977.000","hPa","0.861","-0.02617","0.00035","0","0","13.56","Humid","26.25","0","44.00","377993.25","SABD0000000001","AAV1.0.0.11","4.0.0.2323","PSt7-10","170328-019","7/29/2022 11:23:46 AM","0000-00","0","no battery","V","","µV","","µV"
"08/09/2022","10:47:25","6","default","383292078","Oxt_06","45.379","min","101.768","%a.s.","Humid","20.183","deg","39277","µV","28.092","°C","1016.000","hPa","36.4","pmil","0","55.390","deg","20.000","°C","100.000","%a.s.","21.720","deg","20.000","°C","977.000","hPa","0.861","-0.02617","0.00035","0","0","13.56","Humid","26.25","0","44.00","377986.34","SABD0000000001","AAV1.0.0.11","4.0.0.2323","PSt7-10","170328-019","7/29/2022 11:23:46 AM","0000-00","0","no battery","V","","µV","","µV"
"08/09/2022","10:47:26","6","default","383292078","Oxt_06","45.395","min","101.763","%a.s.","Humid","20.183","deg","39275","µV","28.097","°C","1016.000","hPa","36.4","pmil","0","55.390","deg","20.000","°C","100.000","%a.s.","21.720","deg","20.000","°C","977.000","hPa","0.861","-0.02617","0.00035","0","0","13.56","Humid","26.25","0","44.00","377992.02","SABD0000000001","AAV1.0.0.11","4.0.0.2323","PSt7-10","170328-019","7/29/2022 11:23:46 AM","0000-00","0","no battery","V","","µV","","µV"
"08/09/2022","10:47:27","6","default","383292078","Oxt_06","45.412","min","101.704","%a.s.","Humid","20.190","deg","39269","µV","28.092","°C","1016.000","hPa","36.4","pmil","0","55.390","deg","20.000","°C","100.000","%a.s.","21.720","deg","20.000","°C","977.000","hPa","0.861","-0.02617","0.00035","0","0","13.56","Humid","26.25","0","44.00","377985.42","SABD0000000001","AAV1.0.0.11","4.0.0.2323","PSt7-10","170328-019","7/29/2022 11:23:46 AM","0000-00","0","no battery","V","","µV","","µV"
"08/09/2022","10:47:28","6","default","383292078","Oxt_06","45.429","min","101.687","%a.s.","Humid","20.191","deg","39264","µV","28.100","°C","1016.000","hPa","36.4","pmil","0","55.390","deg","20.000","°C","100.000","%a.s.","21.720","deg","20.000","°C","977.000","hPa","0.861","-0.02617","0.00035","0","0","13.56","Humid","26.25","0","44.00","377997.86","SABD0000000001","AAV1.0.0.11","4.0.0.2323","PSt7-10","170328-019","7/29/2022 11:23:46 AM","0000-00","0","no battery","V","","µV","","µV"
"08/09/2022","10:47:29","6","default","383292078","Oxt_06","45.445","min","101.756","%a.s.","Humid","20.185","deg","39268","µV","28.086","°C","1016.000","hPa","36.4","pmil","0","55.390","deg","20.000","°C","100.000","%a.s.","21.720","deg","20.000","°C","977.000","hPa","0.861","-0.02617","0.00035","0","0","13.56","Humid","26.25","0","44.00","377983.73","SABD0000000001","AAV1.0.0.11","4.0.0.2323","PSt7-10","170328-019","7/29/2022 11:23:46 AM","0000-00","0","no battery","V","","µV","","µV"
"08/09/2022","10:47:30","6","default","383292078","Oxt_06","45.462","min","101.798","%a.s.","Humid","20.180","deg","39255","µV","28.091","°C","1016.000","hPa","36.4","pmil","0","55.390","deg","20.000","°C","100.000","%a.s.","21.720","deg","20.000","°C","977.000","hPa","0.861","-0.02617","0.00035","0","0","13.56","Humid","26.25","0","44.00","377965.58","SABD0000000001","AAV1.0.0.11","4.0.0.2323","PSt7-10","170328-019","7/29/2022 11:23:46 AM","0000-00","0","no battery","V","","µV","","µV"
"08/09/2022","10:47:31","6","default","383292078","Oxt_06","45.479","min","101.765","%a.s.","Humid","20.183","deg","39267","µV","28.096","°C","1016.000","hPa","36.4","pmil","0","55.390","deg","20.000","°C","100.000","%a.s.","21.720","deg","20.000","°C","977.000","hPa","0.861","-0.02617","0.00035","0","0","13.56","Humid","26.25","0","44.00","377973.55","SABD0000000001","AAV1.0.0.11","4.0.0.2323","PSt7-10","170328-019","7/29/2022 11:23:46 AM","0000-00","0","no battery","V","","µV","","µV"
"08/09/2022","10:47:32","6","default","383292078","Oxt_06","45.496","min","101.741","%a.s.","Humid","20.186","deg","39260","µV","28.092","°C","1016.000","hPa","36.4","pmil","0","55.390","deg","20.000","°C","100.000","%a.s.","21.720","deg","20.000","°C","977.000","hPa","0.861","-0.02617","0.00035","0","0","13.56","Humid","26.25","0","44.00","377986.70","SABD0000000001","AAV1.0.0.11","4.0.0.2323","PSt7-10","170328-019","7/29/2022 11:23:46 AM","0000-00","0","no battery","V","","µV","","µV"
"08/09/2022","10:47:33","6","default","383292078","Oxt_06","45.512","min","101.707","%a.s.","Humid","20.190","deg","39257","µV","28.089","°C","1016.000","hPa","36.4","pmil","0","55.390","deg","20.000","°C","100.000","%a.s.","21.720","deg","20.000","°C","977.000","hPa","0.861","-0.02617","0.00035","0","0","13.56","Humid","26.25","0","44.00","377990.62","SABD0000000001","AAV1.0.0.11","4.0.0.2323","PSt7-10","170328-019","7/29/2022 11:23:46 AM","0000-00","0","no battery","V","","µV","","µV"
"08/09/2022","10:47:34","6","default","383292078","Oxt_06","45.529","min","101.764","%a.s.","Humid","20.183","deg","39256","µV","28.097","°C","1016.000","hPa","36.4","pmil","0","55.390","deg","20.000","°C","100.000","%a.s.","21.720","deg","20.000","°C","977.000","hPa","0.861","-0.02617","0.00035","0","0","13.56","Humid","26.25","0","44.00","377975.08","SABD0000000001","AAV1.0.0.11","4.0.0.2323","PSt7-10","170328-019","7/29/2022 11:23:46 AM","0000-00","0","no battery","V","","µV","","µV"
"08/09/2022","10:47:35","6","default","383292078","Oxt_06","45.546","min","101.823","%a.s.","Humid","20.176","deg","39260","µV","28.102","°C","1016.000","hPa","36.4","pmil","0","55.390","deg","20.000","°C","100.000","%a.s.","21.720","deg","20.000","°C","977.000","hPa","0.861","-0.02617","0.00035","0","0","13.56","Humid","26.25","0","44.00","377980.12","SABD0000000001","AAV1.0.0.11","4.0.0.2323","PSt7-10","170328-019","7/29/2022 11:23:46 AM","0000-00","0","no battery","V","","µV","","µV"
"08/09/2022","10:47:36","6","default","383292078","Oxt_06","45.562","min","101.763","%a.s.","Humid","20.183","deg","39259","µV","28.097","°C","1016.000","hPa","36.4","pmil","0","55.390","deg","20.000","°C","100.000","%a.s.","21.720","deg","20.000","°C","977.000","hPa","0.861","-0.02617","0.00035","0","0","13.56","Humid","26.25","0","44.00","377975.55","SABD0000000001","AAV1.0.0.11","4.0.0.2323","PSt7-10","170328-019","7/29/2022 11:23:46 AM","0000-00","0","no battery","V","","µV","","µV"
"08/09/2022","10:47:37","6","default","383292078","Oxt_06","45.579","min","101.837","%a.s.","Humid","20.178","deg","39254","µV","28.069","°C","1016.000","hPa","36.4","pmil","0","55.390","deg","20.000","°C","100.000","%a.s.","21.720","deg","20.000","°C","977.000","hPa","0.861","-0.02617","0.00035","0","0","13.56","Humid","26.25","0","44.00","377984.08","SABD0000000001","AAV1.0.0.11","4.0.0.2323","PSt7-10","170328-019","7/29/2022 11:23:46 AM","0000-00","0","no battery","V","","µV","","µV"
"08/09/2022","10:47:38","6","default","383292078","Oxt_06","45.596","min","101.791","%a.s.","Humid","20.181","deg","39253","µV","28.088","°C","1016.000","hPa","36.4","pmil","0","55.390","deg","20.000","°C","100.000","%a.s.","21.720","deg","20.000","°C","977.000","hPa","0.861","-0.02617","0.00035","0","0","13.56","Humid","26.25","0","44.00","377978.07","SABD0000000001","AAV1.0.0.11","4.0.0.2323","PSt7-10","170328-019","7/29/2022 11:23:46 AM","0000-00","0","no battery","V","","µV","","µV"
"08/09/2022","10:47:39","6","default","383292078","Oxt_06","45.612","min","101.755","%a.s.","Humid","20.185","deg","39256","µV","28.087","°C","1016.000","hPa","36.4","pmil","0","55.390","deg","20.000","°C","100.000","%a.s.","21.720","deg","20.000","°C","977.000","hPa","0.861","-0.02617","0.00035","0","0","13.56","Humid","26.25","0","44.00","377982.39","SABD0000000001","AAV1.0.0.11","4.0.0.2323","PSt7-10","170328-019","7/29/2022 11:23:46 AM","0000-00","0","no battery","V","","µV","","µV"
"08/09/2022","10:47:40","6","default","383292078","Oxt_06","45.629","min","101.764","%a.s.","Humid","20.184","deg","39254","µV","28.087","°C","1016.000","hPa","36.4","pmil","0","55.390","deg","20.000","°C","100.000","%a.s.","21.720","deg","20.000","°C","977.000","hPa","0.861","-0.02617","0.00035","0","0","13.56","Humid","26.25","0","44.00","377970.81","SABD0000000001","AAV1.0.0.11","4.0.0.2323","PSt7-10","170328-019","7/29/2022 11:23:46 AM","0000-00","0","no battery","V","","µV","","µV"
"08/09/2022","10:47:41","6","default","383292078","Oxt_06","45.646","min","101.827","%a.s.","Humid","20.177","deg","39254","µV","28.089","°C","1016.000","hPa","36.4","pmil","0","55.390","deg","20.000","°C","100.000","%a.s.","21.720","deg","20.000","°C","977.000","hPa","0.861","-0.02617","0.00035","0","0","13.56","Humid","26.25","0","44.00","377962.62","SABD0000000001","AAV1.0.0.11","4.0.0.2323","PSt7-10","170328-019","7/29/2022 11:23:46 AM","0000-00","0","no battery","V","","µV","","µV"
"08/09/2022","10:47:42","6","default","383292078","Oxt_06","45.662","min","101.786","%a.s.","Humid","20.182","deg","39253","µV","28.083","°C","1016.000","hPa","36.4","pmil","0","55.390","deg","20.000","°C","100.000","%a.s.","21.720","deg","20.000","°C","977.000","hPa","0.861","-0.02617","0.00035","0","0","13.56","Humid","26.25","0","44.00","377945.96","SABD0000000001","AAV1.0.0.11","4.0.0.2323","PSt7-10","170328-019","7/29/2022 11:23:46 AM","0000-00","0","no battery","V","","µV","","µV"
"08/09/2022","10:47:43","6","default","383292078","Oxt_06","45.679","min","101.777","%a.s.","Humid","20.183","deg","39247","µV","28.084","°C","1016.000","hPa","36.4","pmil","0","55.390","deg","20.000","°C","100.000","%a.s.","21.720","deg","20.000","°C","977.000","hPa","0.861","-0.02617","0.00035","0","0","13.56","Humid","26.25","0","44.00","377961.10","SABD0000000001","AAV1.0.0.11","4.0.0.2323","PSt7-10","170328-019","7/29/2022 11:23:46 AM","0000-00","0","no battery","V","","µV","","µV"
"08/09/2022","10:47:44","6","default","383292078","Oxt_06","45.696","min","101.870","%a.s.","Humid","20.172","deg","39248","µV","28.093","°C","1016.000","hPa","36.4","pmil","0","55.390","deg","20.000","°C","100.000","%a.s.","21.720","deg","20.000","°C","977.000","hPa","0.861","-0.02617","0.00035","0","0","13.56","Humid","26.25","0","44.00","377968.40","SABD0000000001","AAV1.0.0.11","4.0.0.2323","PSt7-10","170328-019","7/29/2022 11:23:46 AM","0000-00","0","no battery","V","","µV","","µV"
"08/09/2022","10:47:45","6","default","383292078","Oxt_06","45.713","min","101.806","%a.s.","Humid","20.177","deg","39252","µV","28.110","°C","1016.000","hPa","36.4","pmil","0","55.390","deg","20.000","°C","100.000","%a.s.","21.720","deg","20.000","°C","977.000","hPa","0.861","-0.02617","0.00035","0","0","13.56","Humid","26.25","0","44.00","377961.01","SABD0000000001","AAV1.0.0.11","4.0.0.2323","PSt7-10","170328-019","7/29/2022 11:23:46 AM","0000-00","0","no battery","V","","µV","","µV"
"08/09/2022","10:47:46","6","default","383292078","Oxt_06","45.729","min","101.755","%a.s.","Humid","20.183","deg","39250","µV","28.106","°C","1016.000","hPa","36.4","pmil","0","55.390","deg","20.000","°C","100.000","%a.s.","21.720","deg","20.000","°C","977.000","hPa","0.861","-0.02617","0.00035","0","0","13.56","Humid","26.25","0","44.00","377954.39","SABD0000000001","AAV1.0.0.11","4.0.0.2323","PSt7-10","170328-019","7/29/2022 11:23:46 AM","0000-00","0","no battery","V","","µV","","µV"
"08/09/2022","10:47:47","6","default","383292078","Oxt_06","45.746","min","101.808","%a.s.","Humid","20.178","deg","39245","µV","28.099","°C","1016.000","hPa","36.4","pmil","0","55.390","deg","20.000","°C","100.000","%a.s.","21.720","deg","20.000","°C","977.000","hPa","0.861","-0.02617","0.00035","0","0","13.56","Humid","26.25","0","44.00","377962.97","SABD0000000001","AAV1.0.0.11","4.0.0.2323","PSt7-10","170328-019","7/29/2022 11:23:46 AM","0000-00","0","no battery","V","","µV","","µV"
"08/09/2022","10:47:48","6","default","383292078","Oxt_06","45.763","min","101.736","%a.s.","Humid","20.187","deg","39243","µV","28.088","°C","1016.000","hPa","36.4","pmil","0","55.390","deg","20.000","°C","100.000","%a.s.","21.720","deg","20.000","°C","977.000","hPa","0.861","-0.02617","0.00035","0","0","13.56","Humid","26.25","0","44.00","377964.16","SABD0000000001","AAV1.0.0.11","4.0.0.2323","PSt7-10","170328-019","7/29/2022 11:23:46 AM","0000-00","0","no battery","V","","µV","","µV"
"08/09/2022","10:47:49","6","default","383292078","Oxt_06","45.779","min","101.855","%a.s.","Humid","20.173","deg","39244","µV","28.098","°C","1016.000","hPa","36.4","pmil","0","55.390","deg","20.000","°C","100.000","%a.s.","21.720","deg","20.000","°C","977.000","hPa","0.861","-0.02617","0.00035","0","0","13.56","Humid","26.25","0","44.00","377954.08","SABD0000000001","AAV1.0.0.11","4.0.0.2323","PSt7-10","170328-019","7/29/2022 11:23:46 AM","0000-00","0","no battery","V","","µV","","µV"
"08/09/2022","10:47:50","6","default","383292078","Oxt_06","45.796","min","101.809","%a.s.","Humid","20.179","deg","39237","µV","28.088","°C","1016.000","hPa","36.4","pmil","0","55.390","deg","20.000","°C","100.000","%a.s.","21.720","deg","20.000","°C","977.000","hPa","0.861","-0.02617","0.00035","0","0","13.56","Humid","26.25","0","44.00","377954.59","SABD0000000001","AAV1.0.0.11","4.0.0.2323","PSt7-10","170328-019","7/29/2022 11:23:46 AM","0000-00","0","no battery","V","","µV","","µV"
"08/09/2022","10:47:51","6","default","383292078","Oxt_06","45.813","min","101.839","%a.s.","Humid","20.176","deg","39242","µV","28.086","°C","1016.000","hPa","36.4","pmil","0","55.390","deg","20.000","°C","100.000","%a.s.","21.720","deg","20.000","°C","977.000","hPa","0.861","-0.02617","0.00035","0","0","13.56","Humid","26.25","0","44.00","377967.75","SABD0000000001","AAV1.0.0.11","4.0.0.2323","PSt7-10","170328-019","7/29/2022 11:23:46 AM","0000-00","0","no battery","V","","µV","","µV"
"08/09/2022","10:47:52","6","default","383292078","Oxt_06","45.829","min","101.862","%a.s.","Humid","20.173","deg","39238","µV","28.091","°C","1016.000","hPa","36.4","pmil","0","55.390","deg","20.000","°C","100.000","%a.s.","21.720","deg","20.000","°C","977.000","hPa","0.861","-0.02617","0.00035","0","0","13.56","Humid","26.25","0","44.00","377950.24","SABD0000000001","AAV1.0.0.11","4.0.0.2323","PSt7-10","170328-019","7/29/2022 11:23:46 AM","0000-00","0","no battery","V","","µV","","µV"
"08/09/2022","10:47:53","6","default","383292078","Oxt_06","45.846","min","101.790","%a.s.","Humid","20.181","deg","39237","µV","28.088","°C","1016.000","hPa","36.4","pmil","0","55.390","deg","20.000","°C","100.000","%a.s.","21.720","deg","20.000","°C","977.000","hPa","0.861","-0.02617","0.00035","0","0","13.56","Humid","26.25","0","44.00","377970.65","SABD0000000001","AAV1.0.0.11","4.0.0.2323","PSt7-10","170328-019","7/29/2022 11:23:46 AM","0000-00","0","no battery","V","","µV","","µV"
"08/09/2022","10:47:54","6","default","383292078","Oxt_06","45.862","min","101.832","%a.s.","Humid","20.176","deg","39235","µV","28.094","°C","1016.000","hPa","36.4","pmil","0","55.390","deg","20.000","°C","100.000","%a.s.","21.720","deg","20.000","°C","977.000","hPa","0.861","-0.02617","0.00035","0","0","13.56","Humid","26.25","0","44.00","377950.09","SABD0000000001","AAV1.0.0.11","4.0.0.2323","PSt7-10","170328-019","7/29/2022 11:23:46 AM","0000-00","0","no battery","V","","µV","","µV"
"08/09/2022","10:47:55","6","default","383292078","Oxt_06","45.879","min","101.815","%a.s.","Humid","20.178","deg","39231","µV","28.091","°C","1016.000","hPa","36.4","pmil","0","55.390","deg","20.000","°C","100.000","%a.s.","21.720","deg","20.000","°C","977.000","hPa","0.861","-0.02617","0.00035","0","0","13.56","Humid","26.25","0","44.00","377946.80","SABD0000000001","AAV1.0.0.11","4.0.0.2323","PSt7-10","170328-019","7/29/2022 11:23:46 AM","0000-00","0","no battery","V","","µV","","µV"
"08/09/2022","10:47:56","6","default","383292078","Oxt_06","45.895","min","101.901","%a.s.","Humid","20.169","deg","39230","µV","28.089","°C","1016.000","hPa","36.4","pmil","0","55.390","deg","20.000","°C","100.000","%a.s.","21.720","deg","20.000","°C","977.000","hPa","0.861","-0.02617","0.00035","0","0","13.56","Humid","26.25","0","44.00","377952.46","SABD0000000001","AAV1.0.0.11","4.0.0.2323","PSt7-10","170328-019","7/29/2022 11:23:46 AM","0000-00","0","no battery","V","","µV","","µV"
"08/09/2022","10:47:57","6","default","383292078","Oxt_06","45.912","min","101.892","%a.s.","Humid","20.170","deg","39227","µV","28.088","°C","1016.000","hPa","36.4","pmil","0","55.390","deg","20.000","°C","100.000","%a.s.","21.720","deg","20.000","°C","977.000","hPa","0.861","-0.02617","0.00035","0","0","13.56","Humid","26.25","0","44.00","377948.02","SABD0000000001","AAV1.0.0.11","4.0.0.2323","PSt7-10","170328-019","7/29/2022 11:23:46 AM","0000-00","0","no battery","V","","µV","","µV"
"08/09/2022","10:47:58","6","default","383292078","Oxt_06","45.929","min","101.858","%a.s.","Humid","20.173","deg","39230","µV","28.095","°C","1016.000","hPa","36.4","pmil","0","55.390","deg","20.000","°C","100.000","%a.s.","21.720","deg","20.000","°C","977.000","hPa","0.861","-0.02617","0.00035","0","0","13.56","Humid","26.25","0","44.00","377948.33","SABD0000000001","AAV1.0.0.11","4.0.0.2323","PSt7-10","170328-019","7/29/2022 11:23:46 AM","0000-00","0","no battery","V","","µV","","µV"
"08/09/2022","10:47:59","6","default","383292078","Oxt_06","45.945","min","101.906","%a.s.","Humid","20.168","deg","39230","µV","28.093","°C","1016.000","hPa","36.4","pmil","0","55.390","deg","20.000","°C","100.000","%a.s.","21.720","deg","20.000","°C","977.000","hPa","0.861","-0.02617","0.00035","0","0","13.56","Humid","26.25","0","44.00","377955.46","SABD0000000001","AAV1.0.0.11","4.0.0.2323","PSt7-10","170328-019","7/29/2022 11:23:46 AM","0000-00","0","no battery","V","","µV","","µV"
"08/09/2022","10:48:00","6","default","383292078","Oxt_06","45.962","min","101.866","%a.s.","Humid","20.172","deg","39234","µV","28.096","°C","1016.000","hPa","36.4","pmil","0","55.390","deg","20.000","°C","100.000","%a.s.","21.720","deg","20.000","°C","977.000","hPa","0.861","-0.02617","0.00035","0","0","13.56","Humid","26.25","0","44.00","377945.62","SABD0000000001","AAV1.0.0.11","4.0.0.2323","PSt7-10","170328-019","7/29/2022 11:23:46 AM","0000-00","0","no battery","V","","µV","","µV"
"08/09/2022","10:48:01","6","default","383292078","Oxt_06","45.979","min","101.883","%a.s.","Humid","20.171","deg","39231","µV","28.088","°C","1016.000","hPa","36.4","pmil","0","55.390","deg","20.000","°C","100.000","%a.s.","21.720","deg","20.000","°C","977.000","hPa","0.861","-0.02617","0.00035","0","0","13.56","Humid","26.25","0","44.00","377937.63","SABD0000000001","AAV1.0.0.11","4.0.0.2323","PSt7-10","170328-019","7/29/2022 11:23:46 AM","0000-00","0","no battery","V","","µV","","µV"
"08/09/2022","10:48:02","6","default","383292078","Oxt_06","45.995","min","101.956","%a.s.","Humid","20.164","deg","39225","µV","28.080","°C","1016.000","hPa","36.4","pmil","0","55.390","deg","20.000","°C","100.000","%a.s.","21.720","deg","20.000","°C","977.000","hPa","0.861","-0.02617","0.00035","0","0","13.56","Humid","26.25","0","44.00","377938.03","SABD0000000001","AAV1.0.0.11","4.0.0.2323","PSt7-10","170328-019","7/29/2022 11:23:46 AM","0000-00","0","no battery","V","","µV","","µV"
"08/09/2022","10:48:03","6","default","383292078","Oxt_06","46.012","min","101.890","%a.s.","Humid","20.167","deg","39227","µV","28.119","°C","1016.000","hPa","36.4","pmil","0","55.390","deg","20.000","°C","100.000","%a.s.","21.720","deg","20.000","°C","977.000","hPa","0.861","-0.02617","0.00035","0","0","13.56","Humid","26.25","0","44.00","377936.21","SABD0000000001","AAV1.0.0.11","4.0.0.2323","PSt7-10","170328-019","7/29/2022 11:23:46 AM","0000-00","0","no battery","V","","µV","","µV"
"08/09/2022","10:48:04","6","default","383292078","Oxt_06","46.029","min","101.841","%a.s.","Humid","20.172","deg","39227","µV","28.122","°C","1016.000","hPa","36.4","pmil","0","55.390","deg","20.000","°C","100.000","%a.s.","21.720","deg","20.000","°C","977.000","hPa","0.861","-0.02617","0.00035","0","0","13.56","Humid","26.25","0","44.00","377932.79","SABD0000000001","AAV1.0.0.11","4.0.0.2323","PSt7-10","170328-019","7/29/2022 11:23:46 AM","0000-00","0","no battery","V","","µV","","µV"
"08/09/2022","10:48:05","6","default","383292078","Oxt_06","46.045","min","101.865","%a.s.","Humid","20.172","deg","39220","µV","28.097","°C","1016.000","hPa","36.4","pmil","0","55.390","deg","20.000","°C","100.000","%a.s.","21.720","deg","20.000","°C","977.000","hPa","0.861","-0.02617","0.00035","0","0","13.56","Humid","26.25","0","44.00","377942.72","SABD0000000001","AAV1.0.0.11","4.0.0.2323","PSt7-10","170328-019","7/29/2022 11:23:46 AM","0000-00","0","no battery","V","","µV","","µV"
"08/09/2022","10:48:06","6","default","383292078","Oxt_06","46.062","min","101.937","%a.s.","Humid","20.165","deg","39226","µV","28.090","°C","1016.000","hPa","36.4","pmil","0","55.390","deg","20.000","°C","100.000","%a.s.","21.720","deg","20.000","°C","977.000","hPa","0.861","-0.02617","0.00035","0","0","13.56","Humid","26.25","0","44.00","377936.26","SABD0000000001","AAV1.0.0.11","4.0.0.2323","PSt7-10","170328-019","7/29/2022 11:23:46 AM","0000-00","0","no battery","V","","µV","","µV"
"08/09/2022","10:48:07","6","default","383292078","Oxt_06","46.079","min","101.927","%a.s.","Humid","20.166","deg","39224","µV","28.090","°C","1016.000","hPa","36.4","pmil","0","55.390","deg","20.000","°C","100.000","%a.s.","21.720","deg","20.000","°C","977.000","hPa","0.861","-0.02617","0.00035","0","0","13.56","Humid","26.25","0","44.00","377931.29","SABD0000000001","AAV1.0.0.11","4.0.0.2323","PSt7-10","170328-019","7/29/2022 11:23:46 AM","0000-00","0","no battery","V","","µV","","µV"
"08/09/2022","10:48:08","6","default","383292078","Oxt_06","46.095","min","101.909","%a.s.","Humid","20.168","deg","39228","µV","28.090","°C","1016.000","hPa","36.4","pmil","0","55.390","deg","20.000","°C","100.000","%a.s.","21.720","deg","20.000","°C","977.000","hPa","0.861","-0.02617","0.00035","0","0","13.56","Humid","26.25","0","44.00","377946.65","SABD0000000001","AAV1.0.0.11","4.0.0.2323","PSt7-10","170328-019","7/29/2022 11:23:46 AM","0000-00","0","no battery","V","","µV","","µV"
"08/09/2022","10:48:09","6","default","383292078","Oxt_06","46.112","min","101.907","%a.s.","Humid","20.169","deg","39218","µV","28.083","°C","1016.000","hPa","36.4","pmil","0","55.390","deg","20.000","°C","100.000","%a.s.","21.720","deg","20.000","°C","977.000","hPa","0.861","-0.02617","0.00035","0","0","13.56","Humid","26.25","0","44.00","377950.13","SABD0000000001","AAV1.0.0.11","4.0.0.2323","PSt7-10","170328-019","7/29/2022 11:23:46 AM","0000-00","0","no battery","V","","µV","","µV"
"08/09/2022","10:48:10","6","default","383292078","Oxt_06","46.129","min","101.855","%a.s.","Humid","20.173","deg","39209","µV","28.098","°C","1016.000","hPa","36.4","pmil","0","55.390","deg","20.000","°C","100.000","%a.s.","21.720","deg","20.000","°C","977.000","hPa","0.861","-0.02617","0.00035","0","0","13.56","Humid","26.25","0","44.00","377937.09","SABD0000000001","AAV1.0.0.11","4.0.0.2323","PSt7-10","170328-019","7/29/2022 11:23:46 AM","0000-00","0","no battery","V","","µV","","µV"
"08/09/2022","10:48:11","6","default","383292078","Oxt_06","46.145","min","101.937","%a.s.","Humid","20.165","deg","39212","µV","28.090","°C","1016.000","hPa","36.4","pmil","0","55.390","deg","20.000","°C","100.000","%a.s.","21.720","deg","20.000","°C","977.000","hPa","0.861","-0.02617","0.00035","0","0","13.56","Humid","26.25","0","44.00","377927.87","SABD0000000001","AAV1.0.0.11","4.0.0.2323","PSt7-10","170328-019","7/29/2022 11:23:46 AM","0000-00","0","no battery","V","","µV","","µV"
"08/09/2022","10:48:12","6","default","383292078","Oxt_06","46.162","min","101.984","%a.s.","Humid","20.160","deg","39212","µV","28.090","°C","1016.000","hPa","36.4","pmil","0","55.390","deg","20.000","°C","100.000","%a.s.","21.720","deg","20.000","°C","977.000","hPa","0.861","-0.02617","0.00035","0","0","13.56","Humid","26.25","0","44.00","377932.90","SABD0000000001","AAV1.0.0.11","4.0.0.2323","PSt7-10","170328-019","7/29/2022 11:23:46 AM","0000-00","0","no battery","V","","µV","","µV"
"08/09/2022","10:48:13","6","default","383292078","Oxt_06","46.179","min","101.914","%a.s.","Humid","20.168","deg","39206","µV","28.085","°C","1016.000","hPa","36.4","pmil","0","55.390","deg","20.000","°C","100.000","%a.s.","21.720","deg","20.000","°C","977.000","hPa","0.861","-0.02617","0.00035","0","0","13.56","Humid","26.25","0","44.00","377926.17","SABD0000000001","AAV1.0.0.11","4.0.0.2323","PSt7-10","170328-019","7/29/2022 11:23:46 AM","0000-00","0","no battery","V","","µV","","µV"
"08/09/2022","10:48:14","6","default","383292078","Oxt_06","46.196","min","101.963","%a.s.","Humid","20.161","deg","39208","µV","28.101","°C","1016.000","hPa","36.4","pmil","0","55.390","deg","20.000","°C","100.000","%a.s.","21.720","deg","20.000","°C","977.000","hPa","0.861","-0.02617","0.00035","0","0","13.56","Humid","26.25","0","44.00","377925.22","SABD0000000001","AAV1.0.0.11","4.0.0.2323","PSt7-10","170328-019","7/29/2022 11:23:46 AM","0000-00","0","no battery","V","","µV","","µV"
"08/09/2022","10:48:15","6","default","383292078","Oxt_06","46.212","min","101.912","%a.s.","Humid","20.167","deg","39213","µV","28.097","°C","1016.000","hPa","36.4","pmil","0","55.390","deg","20.000","°C","100.000","%a.s.","21.720","deg","20.000","°C","977.000","hPa","0.861","-0.02617","0.00035","0","0","13.56","Humid","26.25","0","44.00","377918.15","SABD0000000001","AAV1.0.0.11","4.0.0.2323","PSt7-10","170328-019","7/29/2022 11:23:46 AM","0000-00","0","no battery","V","","µV","","µV"
"08/09/2022","10:48:16","6","default","383292078","Oxt_06","46.229","min","101.938","%a.s.","Humid","20.164","deg","39202","µV","28.099","°C","1016.000","hPa","36.4","pmil","0","55.390","deg","20.000","°C","100.000","%a.s.","21.720","deg","20.000","°C","977.000","hPa","0.861","-0.02617","0.00035","0","0","13.56","Humid","26.25","0","44.00","377933.26","SABD0000000001","AAV1.0.0.11","4.0.0.2323","PSt7-10","170328-019","7/29/2022 11:23:46 AM","0000-00","0","no battery","V","","µV","","µV"
"08/09/2022","10:48:17","6","default","383292078","Oxt_06","46.246","min","101.923","%a.s.","Humid","20.168","deg","39200","µV","28.076","°C","1016.000","hPa","36.4","pmil","0","55.390","deg","20.000","°C","100.000","%a.s.","21.720","deg","20.000","°C","977.000","hPa","0.861","-0.02617","0.00035","0","0","13.56","Humid","26.25","0","44.00","377929.30","SABD0000000001","AAV1.0.0.11","4.0.0.2323","PSt7-10","170328-019","7/29/2022 11:23:46 AM","0000-00","0","no battery","V","","µV","","µV"
"08/09/2022","10:48:18","6","default","383292078","Oxt_06","46.262","min","102.009","%a.s.","Humid","20.158","deg","39202","µV","28.083","°C","1016.000","hPa","36.4","pmil","0","55.390","deg","20.000","°C","100.000","%a.s.","21.720","deg","20.000","°C","977.000","hPa","0.861","-0.02617","0.00035","0","0","13.56","Humid","26.25","0","44.00","377936.88","SABD0000000001","AAV1.0.0.11","4.0.0.2323","PSt7-10","170328-019","7/29/2022 11:23:46 AM","0000-00","0","no battery","V","","µV","","µV"
"08/09/2022","10:48:19","6","default","383292078","Oxt_06","46.279","min","102.047","%a.s.","Humid","20.155","deg","39202","µV","28.073","°C","1016.000","hPa","36.4","pmil","0","55.390","deg","20.000","°C","100.000","%a.s.","21.720","deg","20.000","°C","977.000","hPa","0.861","-0.02617","0.00035","0","0","13.56","Humid","26.25","0","44.00","377931.09","SABD0000000001","AAV1.0.0.11","4.0.0.2323","PSt7-10","170328-019","7/29/2022 11:23:46 AM","0000-00","0","no battery","V","","µV","","µV"
"08/09/2022","10:48:20","6","default","383292078","Oxt_06","46.296","min","101.998","%a.s.","Humid","20.160","deg","39204","µV","28.075","°C","1016.000","hPa","36.4","pmil","0","55.390","deg","20.000","°C","100.000","%a.s.","21.720","deg","20.000","°C","977.000","hPa","0.861","-0.02617","0.00035","0","0","13.56","Humid","26.25","0","44.00","377922.18","SABD0000000001","AAV1.0.0.11","4.0.0.2323","PSt7-10","170328-019","7/29/2022 11:23:46 AM","0000-00","0","no battery","V","","µV","","µV"
"08/09/2022","10:48:21","6","default","383292078","Oxt_06","46.312","min","101.978","%a.s.","Humid","20.161","deg","39201","µV","28.086","°C","1016.000","hPa","36.4","pmil","0","55.390","deg","20.000","°C","100.000","%a.s.","21.720","deg","20.000","°C","977.000","hPa","0.861","-0.02617","0.00035","0","0","13.56","Humid","26.25","0","44.00","377919.25","SABD0000000001","AAV1.0.0.11","4.0.0.2323","PSt7-10","170328-019","7/29/2022 11:23:46 AM","0000-00","0","no battery","V","","µV","","µV"
"08/09/2022","10:48:22","6","default","383292078","Oxt_06","46.329","min","101.983","%a.s.","Humid","20.158","deg","39200","µV","28.109","°C","1016.000","hPa","36.4","pmil","0","55.390","deg","20.000","°C","100.000","%a.s.","21.720","deg","20.000","°C","977.000","hPa","0.861","-0.02617","0.00035","0","0","13.56","Humid","26.25","0","44.00","377917.89","SABD0000000001","AAV1.0.0.11","4.0.0.2323","PSt7-10","170328-019","7/29/2022 11:23:46 AM","0000-00","0","no battery","V","","µV","","µV"
"08/09/2022","10:48:23","6","default","383292078","Oxt_06","46.346","min","101.990","%a.s.","Humid","20.158","deg","39196","µV","28.102","°C","1016.000","hPa","36.4","pmil","0","55.390","deg","20.000","°C","100.000","%a.s.","21.720","deg","20.000","°C","977.000","hPa","0.861","-0.02617","0.00035","0","0","13.56","Humid","26.25","0","44.00","377921.04","SABD0000000001","AAV1.0.0.11","4.0.0.2323","PSt7-10","170328-019","7/29/2022 11:23:46 AM","0000-00","0","no battery","V","","µV","","µV"
"08/09/2022","10:48:24","6","default","383292078","Oxt_06","46.363","min","101.952","%a.s.","Humid","20.163","deg","39199","µV","28.093","°C","1016.000","hPa","36.4","pmil","0","55.390","deg","20.000","°C","100.000","%a.s.","21.720","deg","20.000","°C","977.000","hPa","0.861","-0.02617","0.00035","0","0","13.56","Humid","26.25","0","44.00","377917.26","SABD0000000001","AAV1.0.0.11","4.0.0.2323","PSt7-10","170328-019","7/29/2022 11:23:46 AM","0000-00","0","no battery","V","","µV","","µV"
"08/09/2022","10:48:25","6","default","383292078","Oxt_06","46.379","min","101.936","%a.s.","Humid","20.165","deg","39195","µV","28.091","°C","1016.000","hPa","36.4","pmil","0","55.390","deg","20.000","°C","100.000","%a.s.","21.720","deg","20.000","°C","977.000","hPa","0.861","-0.02617","0.00035","0","0","13.56","Humid","26.25","0","44.00","377928.57","SABD0000000001","AAV1.0.0.11","4.0.0.2323","PSt7-10","170328-019","7/29/2022 11:23:46 AM","0000-00","0","no battery","V","","µV","","µV"
"08/09/2022","10:48:26","6","default","383292078","Oxt_06","46.396","min","101.966","%a.s.","Humid","20.161","deg","39203","µV","28.098","°C","1016.000","hPa","36.4","pmil","0","55.390","deg","20.000","°C","100.000","%a.s.","21.720","deg","20.000","°C","977.000","hPa","0.861","-0.02617","0.00035","0","0","13.56","Humid","26.25","0","44.00","377924.99","SABD0000000001","AAV1.0.0.11","4.0.0.2323","PSt7-10","170328-019","7/29/2022 11:23:46 AM","0000-00","0","no battery","V","","µV","","µV"
"08/09/2022","10:48:27","6","default","383292078","Oxt_06","46.412","min","102.015","%a.s.","Humid","20.156","deg","39195","µV","28.095","°C","1016.000","hPa","36.4","pmil","0","55.390","deg","20.000","°C","100.000","%a.s.","21.720","deg","20.000","°C","977.000","hPa","0.861","-0.02617","0.00035","0","0","13.56","Humid","26.25","0","44.00","377922.69","SABD0000000001","AAV1.0.0.11","4.0.0.2323","PSt7-10","170328-019","7/29/2022 11:23:46 AM","0000-00","0","no battery","V","","µV","","µV"
"08/09/2022","10:48:28","6","default","383292078","Oxt_06","46.429","min","101.900","%a.s.","Humid","20.169","deg","39198","µV","28.090","°C","1016.000","hPa","36.4","pmil","0","55.390","deg","20.000","°C","100.000","%a.s.","21.720","deg","20.000","°C","977.000","hPa","0.861","-0.02617","0.00035","0","0","13.56","Humid","26.25","0","44.00","377917.70","SABD0000000001","AAV1.0.0.11","4.0.0.2323","PSt7-10","170328-019","7/29/2022 11:23:46 AM","0000-00","0","no battery","V","","µV","","µV"
"08/09/2022","10:48:29","6","default","383292078","Oxt_06","46.445","min","102.015","%a.s.","Humid","20.157","deg","39190","µV","28.086","°C","1016.000","hPa","36.4","pmil","0","55.390","deg","20.000","°C","100.000","%a.s.","21.720","deg","20.000","°C","977.000","hPa","0.861","-0.02617","0.00035","0","0","13.56","Humid","26.25","0","44.00","377912.96","SABD0000000001","AAV1.0.0.11","4.0.0.2323","PSt7-10","170328-019","7/29/2022 11:23:46 AM","0000-00","0","no battery","V","","µV","","µV"
"08/09/2022","10:48:30","6","default","383292078","Oxt_06","46.462","min","102.005","%a.s.","Humid","20.158","deg","39187","µV","28.087","°C","1016.000","hPa","36.4","pmil","0","55.390","deg","20.000","°C","100.000","%a.s.","21.720","deg","20.000","°C","977.000","hPa","0.861","-0.02617","0.00035","0","0","13.56","Humid","26.25","0","44.00","377923.89","SABD0000000001","AAV1.0.0.11","4.0.0.2323","PSt7-10","170328-019","7/29/2022 11:23:46 AM","0000-00","0","no battery","V","","µV","","µV"
"08/09/2022","10:48:31","6","default","383292078","Oxt_06","46.479","min","102.005","%a.s.","Humid","20.157","deg","39189","µV","28.096","°C","1016.000","hPa","36.4","pmil","0","55.390","deg","20.000","°C","100.000","%a.s.","21.720","deg","20.000","°C","977.000","hPa","0.861","-0.02617","0.00035","0","0","13.56","Humid","26.25","0","44.00","377917.70","SABD0000000001","AAV1.0.0.11","4.0.0.2323","PSt7-10","170328-019","7/29/2022 11:23:46 AM","0000-00","0","no battery","V","","µV","","µV"
"08/09/2022","10:48:32","6","default","383292078","Oxt_06","46.495","min","102.003","%a.s.","Humid","20.158","deg","39183","µV","28.088","°C","1016.000","hPa","36.4","pmil","0","55.390","deg","20.000","°C","100.000","%a.s.","21.720","deg","20.000","°C","977.000","hPa","0.861","-0.02617","0.00035","0","0","13.56","Humid","26.25","0","44.00","377912.11","SABD0000000001","AAV1.0.0.11","4.0.0.2323","PSt7-10","170328-019","7/29/2022 11:23:46 AM","0000-00","0","no battery","V","","µV","","µV"
"08/09/2022","10:48:33","6","default","383292078","Oxt_06","46.512","min","101.942","%a.s.","Humid","20.164","deg","39180","µV","28.094","°C","1016.000","hPa","36.4","pmil","0","55.390","deg","20.000","°C","100.000","%a.s.","21.720","deg","20.000","°C","977.000","hPa","0.861","-0.02617","0.00035","0","0","13.56","Humid","26.25","0","44.00","377916.48","SABD0000000001","AAV1.0.0.11","4.0.0.2323","PSt7-10","170328-019","7/29/2022 11:23:46 AM","0000-00","0","no battery","V","","µV","","µV"
"08/09/2022","10:48:34","6","default","383292078","Oxt_06","46.529","min","102.036","%a.s.","Humid","20.153","deg","39187","µV","28.102","°C","1016.000","hPa","36.4","pmil","0","55.390","deg","20.000","°C","100.000","%a.s.","21.720","deg","20.000","°C","977.000","hPa","0.861","-0.02617","0.00035","0","0","13.56","Humid","26.25","0","44.00","377922.59","SABD0000000001","AAV1.0.0.11","4.0.0.2323","PSt7-10","170328-019","7/29/2022 11:23:46 AM","0000-00","0","no battery","V","","µV","","µV"
"08/09/2022","10:48:35","6","default","383292078","Oxt_06","46.545","min","102.014","%a.s.","Humid","20.156","deg","39184","µV","28.096","°C","1016.000","hPa","36.4","pmil","0","55.390","deg","20.000","°C","100.000","%a.s.","21.720","deg","20.000","°C","977.000","hPa","0.861","-0.02617","0.00035","0","0","13.56","Humid","26.25","0","44.00","377913.39","SABD0000000001","AAV1.0.0.11","4.0.0.2323","PSt7-10","170328-019","7/29/2022 11:23:46 AM","0000-00","0","no battery","V","","µV","","µV"
"08/09/2022","10:48:36","6","default","383292078","Oxt_06","46.562","min","102.022","%a.s.","Humid","20.156","deg","39182","µV","28.088","°C","1016.000","hPa","36.4","pmil","0","55.390","deg","20.000","°C","100.000","%a.s.","21.720","deg","20.000","°C","977.000","hPa","0.861","-0.02617","0.00035","0","0","13.56","Humid","26.25","0","44.00","377916.98","SABD0000000001","AAV1.0.0.11","4.0.0.2323","PSt7-10","170328-019","7/29/2022 11:23:46 AM","0000-00","0","no battery","V","","µV","","µV"
"08/09/2022","10:48:37","6","default","383292078","Oxt_06","46.579","min","102.058","%a.s.","Humid","20.151","deg","39183","µV","28.099","°C","1016.000","hPa","36.4","pmil","0","55.390","deg","20.000","°C","100.000","%a.s.","21.720","deg","20.000","°C","977.000","hPa","0.861","-0.02617","0.00035","0","0","13.56","Humid","26.25","0","44.00","377916.32","SABD0000000001","AAV1.0.0.11","4.0.0.2323","PSt7-10","170328-019","7/29/2022 11:23:46 AM","0000-00","0","no battery","V","","µV","","µV"
"08/09/2022","10:48:38","6","default","383292078","Oxt_06","46.595","min","102.074","%a.s.","Humid","20.150","deg","39178","µV","28.092","°C","1016.000","hPa","36.4","pmil","0","55.390","deg","20.000","°C","100.000","%a.s.","21.720","deg","20.000","°C","977.000","hPa","0.861","-0.02617","0.00035","0","0","13.56","Humid","26.25","0","44.00","377928.90","SABD0000000001","AAV1.0.0.11","4.0.0.2323","PSt7-10","170328-019","7/29/2022 11:23:46 AM","0000-00","0","no battery","V","","µV","","µV"
"08/09/2022","10:48:39","6","default","383292078","Oxt_06","46.612","min","102.060","%a.s.","Humid","20.152","deg","39181","µV","28.088","°C","1016.000","hPa","36.4","pmil","0","55.390","deg","20.000","°C","100.000","%a.s.","21.720","deg","20.000","°C","977.000","hPa","0.861","-0.02617","0.00035","0","0","13.56","Humid","26.25","0","44.00","377906.00","SABD0000000001","AAV1.0.0.11","4.0.0.2323","PSt7-10","170328-019","7/29/2022 11:23:46 AM","0000-00","0","no battery","V","","µV","","µV"
"08/09/2022","10:48:40","6","default","383292078","Oxt_06","46.629","min","102.099","%a.s.","Humid","20.148","deg","39177","µV","28.085","°C","1016.000","hPa","36.4","pmil","0","55.390","deg","20.000","°C","100.000","%a.s.","21.720","deg","20.000","°C","977.000","hPa","0.861","-0.02617","0.00035","0","0","13.56","Humid","26.25","0","44.00","377918.75","SABD0000000001","AAV1.0.0.11","4.0.0.2323","PSt7-10","170328-019","7/29/2022 11:23:46 AM","0000-00","0","no battery","V","","µV","","µV"
"08/09/2022","10:48:41","6","default","383292078","Oxt_06","46.645","min","102.115","%a.s.","Humid","20.145","deg","39176","µV","28.097","°C","1016.000","hPa","36.4","pmil","0","55.390","deg","20.000","°C","100.000","%a.s.","21.720","deg","20.000","°C","977.000","hPa","0.861","-0.02617","0.00035","0","0","13.56","Humid","26.25","0","44.00","377928.30","SABD0000000001","AAV1.0.0.11","4.0.0.2323","PSt7-10","170328-019","7/29/2022 11:23:46 AM","0000-00","0","no battery","V","","µV","","µV"
"08/09/2022","10:48:42","6","default","383292078","Oxt_06","46.662","min","101.982","%a.s.","Humid","20.159","deg","39171","µV","28.101","°C","1016.000","hPa","36.4","pmil","0","55.390","deg","20.000","°C","100.000","%a.s.","21.720","deg","20.000","°C","977.000","hPa","0.861","-0.02617","0.00035","0","0","13.56","Humid","26.25","0","44.00","377914.76","SABD0000000001","AAV1.0.0.11","4.0.0.2323","PSt7-10","170328-019","7/29/2022 11:23:46 AM","0000-00","0","no battery","V","","µV","","µV"
"08/09/2022","10:48:43","6","default","383292078","Oxt_06","46.679","min","102.021","%a.s.","Humid","20.155","deg","39177","µV","28.099","°C","1016.000","hPa","36.4","pmil","0","55.390","deg","20.000","°C","100.000","%a.s.","21.720","deg","20.000","°C","977.000","hPa","0.861","-0.02617","0.00035","0","0","13.56","Humid","26.25","0","44.00","377908.87","SABD0000000001","AAV1.0.0.11","4.0.0.2323","PSt7-10","170328-019","7/29/2022 11:23:46 AM","0000-00","0","no battery","V","","µV","","µV"
"08/09/2022","10:48:44","6","default","383292078","Oxt_06","46.696","min","102.099","%a.s.","Humid","20.146","deg","39166","µV","28.104","°C","1016.000","hPa","36.4","pmil","0","55.390","deg","20.000","°C","100.000","%a.s.","21.720","deg","20.000","°C","977.000","hPa","0.861","-0.02617","0.00035","0","0","13.56","Humid","26.25","0","44.00","377925.76","SABD0000000001","AAV1.0.0.11","4.0.0.2323","PSt7-10","170328-019","7/29/2022 11:23:46 AM","0000-00","0","no battery","V","","µV","","µV"
"08/09/2022","10:48:45","6","default","383292078","Oxt_06","46.712","min","102.072","%a.s.","Humid","20.148","deg","39164","µV","28.113","°C","1016.000","hPa","36.4","pmil","0","55.390","deg","20.000","°C","100.000","%a.s.","21.720","deg","20.000","°C","977.000","hPa","0.861","-0.02617","0.00035","0","0","13.56","Humid","26.25","0","44.00","377910.89","SABD0000000001","AAV1.0.0.11","4.0.0.2323","PSt7-10","170328-019","7/29/2022 11:23:46 AM","0000-00","0","no battery","V","","µV","","µV"
"08/09/2022","10:48:46","6","default","383292078","Oxt_06","46.729","min","102.117","%a.s.","Humid","20.145","deg","39159","µV","28.095","°C","1016.000","hPa","36.4","pmil","0","55.390","deg","20.000","°C","100.000","%a.s.","21.720","deg","20.000","°C","977.000","hPa","0.861","-0.02617","0.00035","0","0","13.56","Humid","26.25","0","44.00","377901.79","SABD0000000001","AAV1.0.0.11","4.0.0.2323","PSt7-10","170328-019","7/29/2022 11:23:46 AM","0000-00","0","no battery","V","","µV","","µV"
"08/09/2022","10:48:47","6","default","383292078","Oxt_06","46.746","min","102.142","%a.s.","Humid","20.141","deg","39161","µV","28.108","°C","1016.000","hPa","36.4","pmil","0","55.390","deg","20.000","°C","100.000","%a.s.","21.720","deg","20.000","°C","977.000","hPa","0.861","-0.02617","0.00035","0","0","13.56","Humid","26.25","0","44.00","377925.23","SABD0000000001","AAV1.0.0.11","4.0.0.2323","PSt7-10","170328-019","7/29/2022 11:23:46 AM","0000-00","0","no battery","V","","µV","","µV"
"08/09/2022","10:48:48","6","default","383292078","Oxt_06","46.762","min","102.069","%a.s.","Humid","20.149","deg","39158","µV","28.107","°C","1016.000","hPa","36.4","pmil","0","55.390","deg","20.000","°C","100.000","%a.s.","21.720","deg","20.000","°C","977.000","hPa","0.861","-0.02617","0.00035","0","0","13.56","Humid","26.25","0","44.00","377920.37","SABD0000000001","AAV1.0.0.11","4.0.0.2323","PSt7-10","170328-019","7/29/2022 11:23:46 AM","0000-00","0","no battery","V","","µV","","µV"
"08/09/2022","10:48:49","6","default","383292078","Oxt_06","46.779","min","102.156","%a.s.","Humid","20.141","deg","39152","µV","28.094","°C","1016.000","hPa","36.4","pmil","0","55.390","deg","20.000","°C","100.000","%a.s.","21.720","deg","20.000","°C","977.000","hPa","0.861","-0.02617","0.00035","0","0","13.56","Humid","26.25","0","44.00","377909.43","SABD0000000001","AAV1.0.0.11","4.0.0.2323","PSt7-10","170328-019","7/29/2022 11:23:46 AM","0000-00","0","no battery","V","","µV","","µV"
"08/09/2022","10:48:50","6","default","383292078","Oxt_06","46.796","min","102.146","%a.s.","Humid","20.142","deg","39159","µV","28.094","°C","1016.000","hPa","36.4","pmil","0","55.390","deg","20.000","°C","100.000","%a.s.","21.720","deg","20.000","°C","977.000","hPa","0.861","-0.02617","0.00035","0","0","13.56","Humid","26.25","0","44.00","377914.70","SABD0000000001","AAV1.0.0.11","4.0.0.2323","PSt7-10","170328-019","7/29/2022 11:23:46 AM","0000-00","0","no battery","V","","µV","","µV"
"08/09/2022","10:48:51","6","default","383292078","Oxt_06","46.812","min","102.079","%a.s.","Humid","20.149","deg","39158","µV","28.096","°C","1016.000","hPa","36.4","pmil","0","55.390","deg","20.000","°C","100.000","%a.s.","21.720","deg","20.000","°C","977.000","hPa","0.861","-0.02617","0.00035","0","0","13.56","Humid","26.25","0","44.00","377920.06","SABD0000000001","AAV1.0.0.11","4.0.0.2323","PSt7-10","170328-019","7/29/2022 11:23:46 AM","0000-00","0","no battery","V","","µV","","µV"
"08/09/2022","10:48:52","6","default","383292078","Oxt_06","46.829","min","102.051","%a.s.","Humid","20.152","deg","39156","µV","28.096","°C","1016.000","hPa","36.4","pmil","0","55.390","deg","20.000","°C","100.000","%a.s.","21.720","deg","20.000","°C","977.000","hPa","0.861","-0.02617","0.00035","0","0","13.56","Humid","26.25","0","44.00","377919.46","SABD0000000001","AAV1.0.0.11","4.0.0.2323","PSt7-10","170328-019","7/29/2022 11:23:46 AM","0000-00","0","no battery","V","","µV","","µV"
"08/09/2022","10:48:53","6","default","383292078","Oxt_06","46.846","min","102.135","%a.s.","Humid","20.144","deg","39154","µV","28.086","°C","1016.000","hPa","36.4","pmil","0","55.390","deg","20.000","°C","100.000","%a.s.","21.720","deg","20.000","°C","977.000","hPa","0.861","-0.02617","0.00035","0","0","13.56","Humid","26.25","0","44.00","377930.37","SABD0000000001","AAV1.0.0.11","4.0.0.2323","PSt7-10","170328-019","7/29/2022 11:23:46 AM","0000-00","0","no battery","V","","µV","","µV"
"08/09/2022","10:48:54","6","default","383292078","Oxt_06","46.863","min","102.199","%a.s.","Humid","20.138","deg","39149","µV","28.078","°C","1016.000","hPa","36.4","pmil","0","55.390","deg","20.000","°C","100.000","%a.s.","21.720","deg","20.000","°C","977.000","hPa","0.861","-0.02617","0.00035","0","0","13.56","Humid","26.25","0","44.00","377902.31","SABD0000000001","AAV1.0.0.11","4.0.0.2323","PSt7-10","170328-019","7/29/2022 11:23:46 AM","0000-00","0","no battery","V","","µV","","µV"
"08/09/2022","10:48:55","6","default","383292078","Oxt_06","46.879","min","102.198","%a.s.","Humid","20.138","deg","39149","µV","28.080","°C","1016.000","hPa","36.4","pmil","0","55.390","deg","20.000","°C","100.000","%a.s.","21.720","deg","20.000","°C","977.000","hPa","0.861","-0.02617","0.00035","0","0","13.56","Humid","26.25","0","44.00","377919.99","SABD0000000001","AAV1.0.0.11","4.0.0.2323","PSt7-10","170328-019","7/29/2022 11:23:46 AM","0000-00","0","no battery","V","","µV","","µV"
"08/09/2022","10:48:56","6","default","383292078","Oxt_06","46.896","min","102.214","%a.s.","Humid","20.135","deg","39148","µV","28.091","°C","1016.000","hPa","36.4","pmil","0","55.390","deg","20.000","°C","100.000","%a.s.","21.720","deg","20.000","°C","977.000","hPa","0.861","-0.02617","0.00035","0","0","13.56","Humid","26.25","0","44.00","377899.03","SABD0000000001","AAV1.0.0.11","4.0.0.2323","PSt7-10","170328-019","7/29/2022 11:23:46 AM","0000-00","0","no battery","V","","µV","","µV"
"08/09/2022","10:48:57","6","default","383292078","Oxt_06","46.912","min","102.167","%a.s.","Humid","20.140","deg","39145","µV","28.092","°C","1016.000","hPa","36.4","pmil","0","55.390","deg","20.000","°C","100.000","%a.s.","21.720","deg","20.000","°C","977.000","hPa","0.861","-0.02617","0.00035","0","0","13.56","Humid","26.25","0","44.00","377904.49","SABD0000000001","AAV1.0.0.11","4.0.0.2323","PSt7-10","170328-019","7/29/2022 11:23:46 AM","0000-00","0","no battery","V","","µV","","µV"
"08/09/2022","10:48:58","6","default","383292078","Oxt_06","46.929","min","102.176","%a.s.","Humid","20.139","deg","39143","µV","28.093","°C","1016.000","hPa","36.4","pmil","0","55.390","deg","20.000","°C","100.000","%a.s.","21.720","deg","20.000","°C","977.000","hPa","0.861","-0.02617","0.00035","0","0","13.56","Humid","26.25","0","44.00","377905.13","SABD0000000001","AAV1.0.0.11","4.0.0.2323","PSt7-10","170328-019","7/29/2022 11:23:46 AM","0000-00","0","no battery","V","","µV","","µV"
"08/09/2022","10:48:59","6","default","383292078","Oxt_06","46.945","min","102.192","%a.s.","Humid","20.137","deg","39137","µV","28.095","°C","1016.000","hPa","36.4","pmil","0","55.390","deg","20.000","°C","100.000","%a.s.","21.720","deg","20.000","°C","977.000","hPa","0.861","-0.02617","0.00035","0","0","13.56","Humid","26.25","0","44.00","377903.30","SABD0000000001","AAV1.0.0.11","4.0.0.2323","PSt7-10","170328-019","7/29/2022 11:23:46 AM","0000-00","0","no battery","V","","µV","","µV"
"08/09/2022","10:49:00","6","default","383292078","Oxt_06","46.962","min","102.197","%a.s.","Humid","20.137","deg","39141","µV","28.089","°C","1016.000","hPa","36.4","pmil","0","55.390","deg","20.000","°C","100.000","%a.s.","21.720","deg","20.000","°C","977.000","hPa","0.861","-0.02617","0.00035","0","0","13.56","Humid","26.25","0","44.00","377908.32","SABD0000000001","AAV1.0.0.11","4.0.0.2323","PSt7-10","170328-019","7/29/2022 11:23:46 AM","0000-00","0","no battery","V","","µV","","µV"
"08/09/2022","10:49:01","6","default","383292078","Oxt_06","46.979","min","102.191","%a.s.","Humid","20.135","deg","39137","µV","28.115","°C","1016.000","hPa","36.4","pmil","0","55.390","deg","20.000","°C","100.000","%a.s.","21.720","deg","20.000","°C","977.000","hPa","0.861","-0.02617","0.00035","0","0","13.56","Humid","26.25","0","44.00","377904.32","SABD0000000001","AAV1.0.0.11","4.0.0.2323","PSt7-10","170328-019","7/29/2022 11:23:46 AM","0000-00","0","no battery","V","","µV","","µV"
"08/09/2022","10:49:02","6","default","383292078","Oxt_06","46.996","min","102.208","%a.s.","Humid","20.134","deg","39127","µV","28.107","°C","1016.000","hPa","36.4","pmil","0","55.390","deg","20.000","°C","100.000","%a.s.","21.720","deg","20.000","°C","977.000","hPa","0.861","-0.02617","0.00035","0","0","13.56","Humid","26.25","0","44.00","377902.47","SABD0000000001","AAV1.0.0.11","4.0.0.2323","PSt7-10","170328-019","7/29/2022 11:23:46 AM","0000-00","0","no battery","V","","µV","","µV"
"08/09/2022","10:49:03","6","default","383292078","Oxt_06","47.012","min","102.144","%a.s.","Humid","20.141","deg","39131","µV","28.106","°C","1016.000","hPa","36.4","pmil","0","55.390","deg","20.000","°C","100.000","%a.s.","21.720","deg","20.000","°C","977.000","hPa","0.861","-0.02617","0.00035","0","0","13.56","Humid","26.25","0","44.00","377883.43","SABD0000000001","AAV1.0.0.11","4.0.0.2323","PSt7-10","170328-019","7/29/2022 11:23:46 AM","0000-00","0","no battery","V","","µV","","µV"
"08/09/2022","10:49:04","6","default","383292078","Oxt_06","47.029","min","102.170","%a.s.","Humid","20.139","deg","39141","µV","28.098","°C","1016.000","hPa","36.4","pmil","0","55.390","deg","20.000","°C","100.000","%a.s.","21.720","deg","20.000","°C","977.000","hPa","0.861","-0.02617","0.00035","0","0","13.56","Humid","26.25","0","44.00","377901.23","SABD0000000001","AAV1.0.0.11","4.0.0.2323","PSt7-10","170328-019","7/29/2022 11:23:46 AM","0000-00","0","no battery","V","","µV","","µV"
"08/09/2022","10:49:05","6","default","383292078","Oxt_06","47.046","min","102.158","%a.s.","Humid","20.140","deg","39135","µV","28.101","°C","1016.000","hPa","36.4","pmil","0","55.390","deg","20.000","°C","100.000","%a.s.","21.720","deg","20.000","°C","977.000","hPa","0.861","-0.02617","0.00035","0","0","13.56","Humid","26.25","0","44.00","377907.43","SABD0000000001","AAV1.0.0.11","4.0.0.2323","PSt7-10","170328-019","7/29/2022 11:23:46 AM","0000-00","0","no battery","V","","µV","","µV"
"08/09/2022","10:49:06","6","default","383292078","Oxt_06","47.062","min","102.232","%a.s.","Humid","20.132","deg","39134","µV","28.102","°C","1016.000","hPa","36.4","pmil","0","55.390","deg","20.000","°C","100.000","%a.s.","21.720","deg","20.000","°C","977.000","hPa","0.861","-0.02617","0.00035","0","0","13.56","Humid","26.25","0","44.00","377902.76","SABD0000000001","AAV1.0.0.11","4.0.0.2323","PSt7-10","170328-019","7/29/2022 11:23:46 AM","0000-00","0","no battery","V","","µV","","µV"
"08/09/2022","10:49:07","6","default","383292078","Oxt_06","47.079","min","102.115","%a.s.","Humid","20.145","deg","39131","µV","28.098","°C","1016.000","hPa","36.4","pmil","0","55.390","deg","20.000","°C","100.000","%a.s.","21.720","deg","20.000","°C","977.000","hPa","0.861","-0.02617","0.00035","0","0","13.56","Humid","26.25","0","44.00","377907.38","SABD0000000001","AAV1.0.0.11","4.0.0.2323","PSt7-10","170328-019","7/29/2022 11:23:46 AM","0000-00","0","no battery","V","","µV","","µV"
"08/09/2022","10:49:08","6","default","383292078","Oxt_06","47.096","min","102.202","%a.s.","Humid","20.136","deg","39128","µV","28.094","°C","1016.000","hPa","36.4","pmil","0","55.390","deg","20.000","°C","100.000","%a.s.","21.720","deg","20.000","°C","977.000","hPa","0.861","-0.02617","0.00035","0","0","13.56","Humid","26.25","0","44.00","377898.13","SABD0000000001","AAV1.0.0.11","4.0.0.2323","PSt7-10","170328-019","7/29/2022 11:23:46 AM","0000-00","0","no battery","V","","µV","","µV"
"08/09/2022","10:49:09","6","default","383292078","Oxt_06","47.113","min","102.180","%a.s.","Humid","20.139","deg","39130","µV","28.088","°C","1016.000","hPa","36.4","pmil","0","55.390","deg","20.000","°C","100.000","%a.s.","21.720","deg","20.000","°C","977.000","hPa","0.861","-0.02617","0.00035","0","0","13.56","Humid","26.25","0","44.00","377893.68","SABD0000000001","AAV1.0.0.11","4.0.0.2323","PSt7-10","170328-019","7/29/2022 11:23:46 AM","0000-00","0","no battery","V","","µV","","µV"
"08/09/2022","10:49:10","6","default","383292078","Oxt_06","47.129","min","102.179","%a.s.","Humid","20.138","deg","39134","µV","28.099","°C","1016.000","hPa","36.4","pmil","0","55.390","deg","20.000","°C","100.000","%a.s.","21.720","deg","20.000","°C","977.000","hPa","0.861","-0.02617","0.00035","0","0","13.56","Humid","26.25","0","44.00","377910.57","SABD0000000001","AAV1.0.0.11","4.0.0.2323","PSt7-10","170328-019","7/29/2022 11:23:46 AM","0000-00","0","no battery","V","","µV","","µV"
"08/09/2022","10:49:11","6","default","383292078","Oxt_06","47.146","min","102.123","%a.s.","Humid","20.144","deg","39126","µV","28.099","°C","1016.000","hPa","36.4","pmil","0","55.390","deg","20.000","°C","100.000","%a.s.","21.720","deg","20.000","°C","977.000","hPa","0.861","-0.02617","0.00035","0","0","13.56","Humid","26.25","0","44.00","377904.82","SABD0000000001","AAV1.0.0.11","4.0.0.2323","PSt7-10","170328-019","7/29/2022 11:23:46 AM","0000-00","0","no battery","V","","µV","","µV"
"08/09/2022","10:49:12","6","default","383292078","Oxt_06","47.163","min","102.214","%a.s.","Humid","20.135","deg","39123","µV","28.091","°C","1016.000","hPa","36.4","pmil","0","55.390","deg","20.000","°C","100.000","%a.s.","21.720","deg","20.000","°C","977.000","hPa","0.861","-0.02617","0.00035","0","0","13.56","Humid","26.25","0","44.00","377906.66","SABD0000000001","AAV1.0.0.11","4.0.0.2323","PSt7-10","170328-019","7/29/2022 11:23:46 AM","0000-00","0","no battery","V","","µV","","µV"
"08/09/2022","10:49:13","6","default","383292078","Oxt_06","47.179","min","102.170","%a.s.","Humid","20.140","deg","39127","µV","28.089","°C","1016.000","hPa","36.4","pmil","0","55.390","deg","20.000","°C","100.000","%a.s.","21.720","deg","20.000","°C","977.000","hPa","0.861","-0.02617","0.00035","0","0","13.56","Humid","26.25","0","44.00","377904.86","SABD0000000001","AAV1.0.0.11","4.0.0.2323","PSt7-10","170328-019","7/29/2022 11:23:46 AM","0000-00","0","no battery","V","","µV","","µV"
"08/09/2022","10:49:14","6","default","383292078","Oxt_06","47.196","min","102.186","%a.s.","Humid","20.138","deg","39129","µV","28.092","°C","1016.000","hPa","36.4","pmil","0","55.390","deg","20.000","°C","100.000","%a.s.","21.720","deg","20.000","°C","977.000","hPa","0.861","-0.02617","0.00035","0","0","13.56","Humid","26.25","0","44.00","377890.48","SABD0000000001","AAV1.0.0.11","4.0.0.2323","PSt7-10","170328-019","7/29/2022 11:23:46 AM","0000-00","0","no battery","V","","µV","","µV"
"08/09/2022","10:49:15","6","default","383292078","Oxt_06","47.213","min","102.243","%a.s.","Humid","20.132","deg","39125","µV","28.090","°C","1016.000","hPa","36.4","pmil","0","55.390","deg","20.000","°C","100.000","%a.s.","21.720","deg","20.000","°C","977.000","hPa","0.861","-0.02617","0.00035","0","0","13.56","Humid","26.25","0","44.00","377891.51","SABD0000000001","AAV1.0.0.11","4.0.0.2323","PSt7-10","170328-019","7/29/2022 11:23:46 AM","0000-00","0","no battery","V","","µV","","µV"
"08/09/2022","10:49:16","6","default","383292078","Oxt_06","47.229","min","102.258","%a.s.","Humid","20.130","deg","39125","µV","28.093","°C","1016.000","hPa","36.4","pmil","0","55.390","deg","20.000","°C","100.000","%a.s.","21.720","deg","20.000","°C","977.000","hPa","0.861","-0.02617","0.00035","0","0","13.56","Humid","26.25","0","44.00","377904.50","SABD0000000001","AAV1.0.0.11","4.0.0.2323","PSt7-10","170328-019","7/29/2022 11:23:46 AM","0000-00","0","no battery","V","","µV","","µV"
"08/09/2022","10:49:17","6","default","383292078","Oxt_06","47.246","min","102.248","%a.s.","Humid","20.133","deg","39116","µV","28.076","°C","1016.000","hPa","36.4","pmil","0","55.390","deg","20.000","°C","100.000","%a.s.","21.720","deg","20.000","°C","977.000","hPa","0.861","-0.02617","0.00035","0","0","13.56","Humid","26.25","0","44.00","377889.37","SABD0000000001","AAV1.0.0.11","4.0.0.2323","PSt7-10","170328-019","7/29/2022 11:23:46 AM","0000-00","0","no battery","V","","µV","","µV"
"08/09/2022","10:49:18","6","default","383292078","Oxt_06","47.263","min","102.288","%a.s.","Humid","20.127","deg","39121","µV","28.091","°C","1016.000","hPa","36.4","pmil","0","55.390","deg","20.000","°C","100.000","%a.s.","21.720","deg","20.000","°C","977.000","hPa","0.861","-0.02617","0.00035","0","0","13.56","Humid","26.25","0","44.00","377899.12","SABD0000000001","AAV1.0.0.11","4.0.0.2323","PSt7-10","170328-019","7/29/2022 11:23:46 AM","0000-00","0","no battery","V","","µV","","µV"
"08/09/2022","10:49:19","6","default","383292078","Oxt_06","47.279","min","102.225","%a.s.","Humid","20.133","deg","39125","µV","28.100","°C","1016.000","hPa","36.4","pmil","0","55.390","deg","20.000","°C","100.000","%a.s.","21.720","deg","20.000","°C","977.000","hPa","0.861","-0.02617","0.00035","0","0","13.56","Humid","26.25","0","44.00","377910.74","SABD0000000001","AAV1.0.0.11","4.0.0.2323","PSt7-10","170328-019","7/29/2022 11:23:46 AM","0000-00","0","no battery","V","","µV","","µV"
"08/09/2022","10:49:20","6","default","383292078","Oxt_06","47.296","min","102.194","%a.s.","Humid","20.136","deg","39122","µV","28.102","°C","1016.000","hPa","36.4","pmil","0","55.390","deg","20.000","°C","100.000","%a.s.","21.720","deg","20.000","°C","977.000","hPa","0.861","-0.02617","0.00035","0","0","13.56","Humid","26.25","0","44.00","377896.37","SABD0000000001","AAV1.0.0.11","4.0.0.2323","PSt7-10","170328-019","7/29/2022 11:23:46 AM","0000-00","0","no battery","V","","µV","","µV"
"08/09/2022","10:49:21","6","default","383292078","Oxt_06","47.313","min","102.222","%a.s.","Humid","20.134","deg","39120","µV","28.092","°C","1016.000","hPa","36.4","pmil","0","55.390","deg","20.000","°C","100.000","%a.s.","21.720","deg","20.000","°C","977.000","hPa","0.861","-0.02617","0.00035","0","0","13.56","Humid","26.25","0","44.00","377902.45","SABD0000000001","AAV1.0.0.11","4.0.0.2323","PSt7-10","170328-019","7/29/2022 11:23:46 AM","0000-00","0","no battery","V","","µV","","µV"
"08/09/2022","10:49:22","6","default","383292078","Oxt_06","47.329","min","102.333","%a.s.","Humid","20.123","deg","39111","µV","28.084","°C","1016.000","hPa","36.4","pmil","0","55.390","deg","20.000","°C","100.000","%a.s.","21.720","deg","20.000","°C","977.000","hPa","0.861","-0.02617","0.00035","0","0","13.56","Humid","26.25","0","44.00","377908.12","SABD0000000001","AAV1.0.0.11","4.0.0.2323","PSt7-10","170328-019","7/29/2022 11:23:46 AM","0000-00","0","no battery","V","","µV","","µV"
"08/09/2022","10:49:23","6","default","383292078","Oxt_06","47.346","min","102.280","%a.s.","Humid","20.127","deg","39111","µV","28.100","°C","1016.000","hPa","36.4","pmil","0","55.390","deg","20.000","°C","100.000","%a.s.","21.720","deg","20.000","°C","977.000","hPa","0.861","-0.02617","0.00035","0","0","13.56","Humid","26.25","0","44.00","377901.76","SABD0000000001","AAV1.0.0.11","4.0.0.2323","PSt7-10","170328-019","7/29/2022 11:23:46 AM","0000-00","0","no battery","V","","µV","","µV"
"08/09/2022","10:49:24","6","default","383292078","Oxt_06","47.362","min","102.231","%a.s.","Humid","20.132","deg","39111","µV","28.102","°C","1016.000","hPa","36.4","pmil","0","55.390","deg","20.000","°C","100.000","%a.s.","21.720","deg","20.000","°C","977.000","hPa","0.861","-0.02617","0.00035","0","0","13.56","Humid","26.25","0","44.00","377905.91","SABD0000000001","AAV1.0.0.11","4.0.0.2323","PSt7-10","170328-019","7/29/2022 11:23:46 AM","0000-00","0","no battery","V","","µV","","µV"
"08/09/2022","10:49:25","6","default","383292078","Oxt_06","47.379","min","102.333","%a.s.","Humid","20.121","deg","39108","µV","28.103","°C","1016.000","hPa","36.4","pmil","0","55.390","deg","20.000","°C","100.000","%a.s.","21.720","deg","20.000","°C","977.000","hPa","0.861","-0.02617","0.00035","0","0","13.56","Humid","26.25","0","44.00","377889.38","SABD0000000001","AAV1.0.0.11","4.0.0.2323","PSt7-10","170328-019","7/29/2022 11:23:46 AM","0000-00","0","no battery","V","","µV","","µV"
"08/09/2022","10:49:26","6","default","383292078","Oxt_06","47.396","min","102.237","%a.s.","Humid","20.131","deg","39111","µV","28.105","°C","1016.000","hPa","36.4","pmil","0","55.390","deg","20.000","°C","100.000","%a.s.","21.720","deg","20.000","°C","977.000","hPa","0.861","-0.02617","0.00035","0","0","13.56","Humid","26.25","0","44.00","377896.79","SABD0000000001","AAV1.0.0.11","4.0.0.2323","PSt7-10","170328-019","7/29/2022 11:23:46 AM","0000-00","0","no battery","V","","µV","","µV"
"08/09/2022","10:49:27","6","default","383292078","Oxt_06","47.412","min","102.346","%a.s.","Humid","20.120","deg","39109","µV","28.099","°C","1016.000","hPa","36.4","pmil","0","55.390","deg","20.000","°C","100.000","%a.s.","21.720","deg","20.000","°C","977.000","hPa","0.861","-0.02617","0.00035","0","0","13.56","Humid","26.25","0","44.00","377906.13","SABD0000000001","AAV1.0.0.11","4.0.0.2323","PSt7-10","170328-019","7/29/2022 11:23:46 AM","0000-00","0","no battery","V","","µV","","µV"
"08/09/2022","10:49:28","6","default","383292078","Oxt_06","47.429","min","102.376","%a.s.","Humid","20.118","deg","39111","µV","28.087","°C","1016.000","hPa","36.4","pmil","0","55.390","deg","20.000","°C","100.000","%a.s.","21.720","deg","20.000","°C","977.000","hPa","0.861","-0.02617","0.00035","0","0","13.56","Humid","26.25","0","44.00","377908.03","SABD0000000001","AAV1.0.0.11","4.0.0.2323","PSt7-10","170328-019","7/29/2022 11:23:46 AM","0000-00","0","no battery","V","","µV","","µV"
"08/09/2022","10:49:29","6","default","383292078","Oxt_06","47.445","min","102.264","%a.s.","Humid","20.129","deg","39110","µV","28.097","°C","1016.000","hPa","36.4","pmil","0","55.390","deg","20.000","°C","100.000","%a.s.","21.720","deg","20.000","°C","977.000","hPa","0.861","-0.02617","0.00035","0","0","13.56","Humid","26.25","0","44.00","377891.81","SABD0000000001","AAV1.0.0.11","4.0.0.2323","PSt7-10","170328-019","7/29/2022 11:23:46 AM","0000-00","0","no battery","V","","µV","","µV"
"08/09/2022","10:49:30","6","default","383292078","Oxt_06","47.462","min","102.296","%a.s.","Humid","20.126","deg","39106","µV","28.094","°C","1016.000","hPa","36.4","pmil","0","55.390","deg","20.000","°C","100.000","%a.s.","21.720","deg","20.000","°C","977.000","hPa","0.861","-0.02617","0.00035","0","0","13.56","Humid","26.25","0","44.00","377894.46","SABD0000000001","AAV1.0.0.11","4.0.0.2323","PSt7-10","170328-019","7/29/2022 11:23:46 AM","0000-00","0","no battery","V","","µV","","µV"
"08/09/2022","10:49:31","6","default","383292078","Oxt_06","47.479","min","102.291","%a.s.","Humid","20.127","deg","39107","µV","28.089","°C","1016.000","hPa","36.4","pmil","0","55.390","deg","20.000","°C","100.000","%a.s.","21.720","deg","20.000","°C","977.000","hPa","0.861","-0.02617","0.00035","0","0","13.56","Humid","26.25","0","44.00","377882.53","SABD0000000001","AAV1.0.0.11","4.0.0.2323","PSt7-10","170328-019","7/29/2022 11:23:46 AM","0000-00","0","no battery","V","","µV","","µV"
"08/09/2022","10:49:32","6","default","383292078","Oxt_06","47.495","min","102.288","%a.s.","Humid","20.127","deg","39110","µV","28.092","°C","1016.000","hPa","36.4","pmil","0","55.390","deg","20.000","°C","100.000","%a.s.","21.720","deg","20.000","°C","977.000","hPa","0.861","-0.02617","0.00035","0","0","13.56","Humid","26.25","0","44.00","377907.14","SABD0000000001","AAV1.0.0.11","4.0.0.2323","PSt7-10","170328-019","7/29/2022 11:23:46 AM","0000-00","0","no battery","V","","µV","","µV"
"08/09/2022","10:49:33","6","default","383292078","Oxt_06","47.512","min","102.320","%a.s.","Humid","20.124","deg","39107","µV","28.087","°C","1016.000","hPa","36.4","pmil","0","55.390","deg","20.000","°C","100.000","%a.s.","21.720","deg","20.000","°C","977.000","hPa","0.861","-0.02617","0.00035","0","0","13.56","Humid","26.25","0","44.00","377891.53","SABD0000000001","AAV1.0.0.11","4.0.0.2323","PSt7-10","170328-019","7/29/2022 11:23:46 AM","0000-00","0","no battery","V","","µV","","µV"
"08/09/2022","10:49:34","6","default","383292078","Oxt_06","47.529","min","102.295","%a.s.","Humid","20.126","deg","39104","µV","28.094","°C","1016.000","hPa","36.4","pmil","0","55.390","deg","20.000","°C","100.000","%a.s.","21.720","deg","20.000","°C","977.000","hPa","0.861","-0.02617","0.00035","0","0","13.56","Humid","26.25","0","44.00","377895.05","SABD0000000001","AAV1.0.0.11","4.0.0.2323","PSt7-10","170328-019","7/29/2022 11:23:46 AM","0000-00","0","no battery","V","","µV","","µV"
"08/09/2022","10:49:35","6","default","383292078","Oxt_06","47.545","min","102.305","%a.s.","Humid","20.125","deg","39098","µV","28.094","°C","1016.000","hPa","36.4","pmil","0","55.390","deg","20.000","°C","100.000","%a.s.","21.720","deg","20.000","°C","977.000","hPa","0.861","-0.02617","0.00035","0","0","13.56","Humid","26.25","0","44.00","377879.39","SABD0000000001","AAV1.0.0.11","4.0.0.2323","PSt7-10","170328-019","7/29/2022 11:23:46 AM","0000-00","0","no battery","V","","µV","","µV"
"08/09/2022","10:49:36","6","default","383292078","Oxt_06","47.562","min","102.276","%a.s.","Humid","20.129","deg","39103","µV","28.085","°C","1016.000","hPa","36.4","pmil","0","55.390","deg","20.000","°C","100.000","%a.s.","21.720","deg","20.000","°C","977.000","hPa","0.861","-0.02617","0.00035","0","0","13.56","Humid","26.25","0","44.00","377887.13","SABD0000000001","AAV1.0.0.11","4.0.0.2323","PSt7-10","170328-019","7/29/2022 11:23:46 AM","0000-00","0","no battery","V","","µV","","µV"
"08/09/2022","10:49:37","6","default","383292078","Oxt_06","47.579","min","102.377","%a.s.","Humid","20.118","deg","39103","µV","28.087","°C","1016.000","hPa","36.4","pmil","0","55.390","deg","20.000","°C","100.000","%a.s.","21.720","deg","20.000","°C","977.000","hPa","0.861","-0.02617","0.00035","0","0","13.56","Humid","26.25","0","44.00","377898.24","SABD0000000001","AAV1.0.0.11","4.0.0.2323","PSt7-10","170328-019","7/29/2022 11:23:46 AM","0000-00","0","no battery","V","","µV","","µV"
"08/09/2022","10:49:38","6","default","383292078","Oxt_06","47.595","min","102.403","%a.s.","Humid","20.116","deg","39102","µV","28.079","°C","1016.000","hPa","36.4","pmil","0","55.390","deg","20.000","°C","100.000","%a.s.","21.720","deg","20.000","°C","977.000","hPa","0.861","-0.02617","0.00035","0","0","13.56","Humid","26.25","0","44.00","377895.23","SABD0000000001","AAV1.0.0.11","4.0.0.2323","PSt7-10","170328-019","7/29/2022 11:23:46 AM","0000-00","0","no battery","V","","µV","","µV"
"08/09/2022","10:49:39","6","default","383292078","Oxt_06","47.612","min","102.362","%a.s.","Humid","20.118","deg","39098","µV","28.101","°C","1016.000","hPa","36.4","pmil","0","55.390","deg","20.000","°C","100.000","%a.s.","21.720","deg","20.000","°C","977.000","hPa","0.861","-0.02617","0.00035","0","0","13.56","Humid","26.25","0","44.00","377905.40","SABD0000000001","AAV1.0.0.11","4.0.0.2323","PSt7-10","170328-019","7/29/2022 11:23:46 AM","0000-00","0","no battery","V","","µV","","µV"
"08/09/2022","10:49:40","6","default","383292078","Oxt_06","47.629","min","102.323","%a.s.","Humid","20.122","deg","39095","µV","28.104","°C","1016.000","hPa","36.4","pmil","0","55.390","deg","20.000","°C","100.000","%a.s.","21.720","deg","20.000","°C","977.000","hPa","0.861","-0.02617","0.00035","0","0","13.56","Humid","26.25","0","44.00","377900.13","SABD0000000001","AAV1.0.0.11","4.0.0.2323","PSt7-10","170328-019","7/29/2022 11:23:46 AM","0000-00","0","no battery","V","","µV","","µV"
"08/09/2022","10:49:41","6","default","383292078","Oxt_06","47.646","min","102.337","%a.s.","Humid","20.121","deg","39097","µV","28.099","°C","1016.000","hPa","36.4","pmil","0","55.390","deg","20.000","°C","100.000","%a.s.","21.720","deg","20.000","°C","977.000","hPa","0.861","-0.02617","0.00035","0","0","13.56","Humid","26.25","0","44.00","377903.46","SABD0000000001","AAV1.0.0.11","4.0.0.2323","PSt7-10","170328-019","7/29/2022 11:23:46 AM","0000-00","0","no battery","V","","µV","","µV"
"08/09/2022","10:49:42","6","default","383292078","Oxt_06","47.662","min","102.282","%a.s.","Humid","20.127","deg","39099","µV","28.097","°C","1016.000","hPa","36.4","pmil","0","55.390","deg","20.000","°C","100.000","%a.s.","21.720","deg","20.000","°C","977.000","hPa","0.861","-0.02617","0.00035","0","0","13.56","Humid","26.25","0","44.00","377894.05","SABD0000000001","AAV1.0.0.11","4.0.0.2323","PSt7-10","170328-019","7/29/2022 11:23:46 AM","0000-00","0","no battery","V","","µV","","µV"
"08/09/2022","10:49:43","6","default","383292078","Oxt_06","47.679","min","102.357","%a.s.","Humid","20.119","deg","39100","µV","28.098","°C","1016.000","hPa","36.4","pmil","0","55.390","deg","20.000","°C","100.000","%a.s.","21.720","deg","20.000","°C","977.000","hPa","0.861","-0.02617","0.00035","0","0","13.56","Humid","26.25","0","44.00","377902.18","SABD0000000001","AAV1.0.0.11","4.0.0.2323","PSt7-10","170328-019","7/29/2022 11:23:46 AM","0000-00","0","no battery","V","","µV","","µV"
"08/09/2022","10:49:44","6","default","383292078","Oxt_06","47.696","min","102.343","%a.s.","Humid","20.120","deg","39097","µV","28.102","°C","1016.000","hPa","36.4","pmil","0","55.390","deg","20.000","°C","100.000","%a.s.","21.720","deg","20.000","°C","977.000","hPa","0.861","-0.02617","0.00035","0","0","13.56","Humid","26.25","0","44.00","377899.82","SABD0000000001","AAV1.0.0.11","4.0.0.2323","PSt7-10","170328-019","7/29/2022 11:23:46 AM","0000-00","0","no battery","V","","µV","","µV"
"08/09/2022","10:49:45","6","default","383292078","Oxt_06","47.712","min","102.353","%a.s.","Humid","20.119","deg","39095","µV","28.101","°C","1016.000","hPa","36.4","pmil","0","55.390","deg","20.000","°C","100.000","%a.s.","21.720","deg","20.000","°C","977.000","hPa","0.861","-0.02617","0.00035","0","0","13.56","Humid","26.25","0","44.00","377886.41","SABD0000000001","AAV1.0.0.11","4.0.0.2323","PSt7-10","170328-019","7/29/2022 11:23:46 AM","0000-00","0","no battery","V","","µV","","µV"
"08/09/2022","10:49:46","6","default","383292078","Oxt_06","47.729","min","102.283","%a.s.","Humid","20.127","deg","39102","µV","28.097","°C","1016.000","hPa","36.4","pmil","0","55.390","deg","20.000","°C","100.000","%a.s.","21.720","deg","20.000","°C","977.000","hPa","0.861","-0.02617","0.00035","0","0","13.56","Humid","26.25","0","44.00","377901.52","SABD0000000001","AAV1.0.0.11","4.0.0.2323","PSt7-10","170328-019","7/29/2022 11:23:46 AM","0000-00","0","no battery","V","","µV","","µV"
"08/09/2022","10:49:47","6","default","383292078","Oxt_06","47.746","min","102.368","%a.s.","Humid","20.118","deg","39096","µV","28.095","°C","1016.000","hPa","36.4","pmil","0","55.390","deg","20.000","°C","100.000","%a.s.","21.720","deg","20.000","°C","977.000","hPa","0.861","-0.02617","0.00035","0","0","13.56","Humid","26.25","0","44.00","377904.58","SABD0000000001","AAV1.0.0.11","4.0.0.2323","PSt7-10","170328-019","7/29/2022 11:23:46 AM","0000-00","0","no battery","V","","µV","","µV"
"08/09/2022","10:49:48","6","default","383292078","Oxt_06","47.762","min","102.335","%a.s.","Humid","20.121","deg","39095","µV","28.100","°C","1016.000","hPa","36.4","pmil","0","55.390","deg","20.000","°C","100.000","%a.s.","21.720","deg","20.000","°C","977.000","hPa","0.861","-0.02617","0.00035","0","0","13.56","Humid","26.25","0","44.00","377897.58","SABD0000000001","AAV1.0.0.11","4.0.0.2323","PSt7-10","170328-019","7/29/2022 11:23:46 AM","0000-00","0","no battery","V","","µV","","µV"
"08/09/2022","10:49:49","6","default","383292078","Oxt_06","47.779","min","102.323","%a.s.","Humid","20.122","deg","39097","µV","28.104","°C","1016.000","hPa","36.4","pmil","0","55.390","deg","20.000","°C","100.000","%a.s.","21.720","deg","20.000","°C","977.000","hPa","0.861","-0.02617","0.00035","0","0","13.56","Humid","26.25","0","44.00","377890.40","SABD0000000001","AAV1.0.0.11","4.0.0.2323","PSt7-10","170328-019","7/29/2022 11:23:46 AM","0000-00","0","no battery","V","","µV","","µV"
"08/09/2022","10:49:50","6","default","383292078","Oxt_06","47.796","min","102.226","%a.s.","Humid","20.133","deg","39090","µV","28.098","°C","1016.000","hPa","36.4","pmil","0","55.390","deg","20.000","°C","100.000","%a.s.","21.720","deg","20.000","°C","977.000","hPa","0.861","-0.02617","0.00035","0","0","13.56","Humid","26.25","0","44.00","377912.00","SABD0000000001","AAV1.0.0.11","4.0.0.2323","PSt7-10","170328-019","7/29/2022 11:23:46 AM","0000-00","0","no battery","V","","µV","","µV"
"08/09/2022","10:49:51","6","default","383292078","Oxt_06","47.812","min","102.366","%a.s.","Humid","20.118","deg","39084","µV","28.098","°C","1016.000","hPa","36.4","pmil","0","55.390","deg","20.000","°C","100.000","%a.s.","21.720","deg","20.000","°C","977.000","hPa","0.861","-0.02617","0.00035","0","0","13.56","Humid","26.25","0","44.00","377897.44","SABD0000000001","AAV1.0.0.11","4.0.0.2323","PSt7-10","170328-019","7/29/2022 11:23:46 AM","0000-00","0","no battery","V","","µV","","µV"
"08/09/2022","10:49:52","6","default","383292078","Oxt_06","47.829","min","102.363","%a.s.","Humid","20.118","deg","39092","µV","28.101","°C","1016.000","hPa","36.4","pmil","0","55.390","deg","20.000","°C","100.000","%a.s.","21.720","deg","20.000","°C","977.000","hPa","0.861","-0.02617","0.00035","0","0","13.56","Humid","26.25","0","44.00","377903.88","SABD0000000001","AAV1.0.0.11","4.0.0.2323","PSt7-10","170328-019","7/29/2022 11:23:46 AM","0000-00","0","no battery","V","","µV","","µV"
"08/09/2022","10:49:53","6","default","383292078","Oxt_06","47.846","min","102.366","%a.s.","Humid","20.118","deg","39096","µV","28.097","°C","1016.000","hPa","36.4","pmil","0","55.390","deg","20.000","°C","100.000","%a.s.","21.720","deg","20.000","°C","977.000","hPa","0.861","-0.02617","0.00035","0","0","13.56","Humid","26.25","0","44.00","377901.90","SABD0000000001","AAV1.0.0.11","4.0.0.2323","PSt7-10","170328-019","7/29/2022 11:23:46 AM","0000-00","0","no battery","V","","µV","","µV"
"08/09/2022","10:49:54","6","default","383292078","Oxt_06","47.862","min","102.426","%a.s.","Humid","20.112","deg","39081","µV","28.093","°C","1016.000","hPa","36.4","pmil","0","55.390","deg","20.000","°C","100.000","%a.s.","21.720","deg","20.000","°C","977.000","hPa","0.861","-0.02617","0.00035","0","0","13.56","Humid","26.25","0","44.00","377905.78","SABD0000000001","AAV1.0.0.11","4.0.0.2323","PSt7-10","170328-019","7/29/2022 11:23:46 AM","0000-00","0","no battery","V","","µV","","µV"
"08/09/2022","10:49:55","6","default","383292078","Oxt_06","47.879","min","102.375","%a.s.","Humid","20.117","deg","39089","µV","28.097","°C","1016.000","hPa","36.4","pmil","0","55.390","deg","20.000","°C","100.000","%a.s.","21.720","deg","20.000","°C","977.000","hPa","0.861","-0.02617","0.00035","0","0","13.56","Humid","26.25","0","44.00","377905.58","SABD0000000001","AAV1.0.0.11","4.0.0.2323","PSt7-10","170328-019","7/29/2022 11:23:46 AM","0000-00","0","no battery","V","","µV","","µV"
"08/09/2022","10:49:56","6","default","383292078","Oxt_06","47.896","min","102.387","%a.s.","Humid","20.115","deg","39087","µV","28.105","°C","1016.000","hPa","36.4","pmil","0","55.390","deg","20.000","°C","100.000","%a.s.","21.720","deg","20.000","°C","977.000","hPa","0.861","-0.02617","0.00035","0","0","13.56","Humid","26.25","0","44.00","377902.55","SABD0000000001","AAV1.0.0.11","4.0.0.2323","PSt7-10","170328-019","7/29/2022 11:23:46 AM","0000-00","0","no battery","V","","µV","","µV"
"08/09/2022","10:49:57","6","default","383292078","Oxt_06","47.913","min","102.388","%a.s.","Humid","20.116","deg","39086","µV","28.094","°C","1016.000","hPa","36.4","pmil","0","55.390","deg","20.000","°C","100.000","%a.s.","21.720","deg","20.000","°C","977.000","hPa","0.861","-0.02617","0.00035","0","0","13.56","Humid","26.25","0","44.00","377897.39","SABD0000000001","AAV1.0.0.11","4.0.0.2323","PSt7-10","170328-019","7/29/2022 11:23:46 AM","0000-00","0","no battery","V","","µV","","µV"
"08/09/2022","10:49:58","6","default","383292078","Oxt_06","47.929","min","102.371","%a.s.","Humid","20.117","deg","39082","µV","28.102","°C","1016.000","hPa","36.4","pmil","0","55.390","deg","20.000","°C","100.000","%a.s.","21.720","deg","20.000","°C","977.000","hPa","0.861","-0.02617","0.00035","0","0","13.56","Humid","26.25","0","44.00","377898.77","SABD0000000001","AAV1.0.0.11","4.0.0.2323","PSt7-10","170328-019","7/29/2022 11:23:46 AM","0000-00","0","no battery","V","","µV","","µV"
"08/09/2022","10:49:59","6","default","383292078","Oxt_06","47.946","min","102.362","%a.s.","Humid","20.117","deg","39078","µV","28.111","°C","1016.000","hPa","36.4","pmil","0","55.390","deg","20.000","°C","100.000","%a.s.","21.720","deg","20.000","°C","977.000","hPa","0.861","-0.02617","0.00035","0","0","13.56","Humid","26.25","0","44.00","377898.05","SABD0000000001","AAV1.0.0.11","4.0.0.2323","PSt7-10","170328-019","7/29/2022 11:23:46 AM","0000-00","0","no battery","V","","µV","","µV"
"08/09/2022","10:50:00","6","default","383292078","Oxt_06","47.963","min","102.462","%a.s.","Humid","20.107","deg","39083","µV","28.104","°C","1016.000","hPa","36.4","pmil","0","55.390","deg","20.000","°C","100.000","%a.s.","21.720","deg","20.000","°C","977.000","hPa","0.861","-0.02617","0.00035","0","0","13.56","Humid","26.25","0","44.00","377891.18","SABD0000000001","AAV1.0.0.11","4.0.0.2323","PSt7-10","170328-019","7/29/2022 11:23:46 AM","0000-00","0","no battery","V","","µV","","µV"
"08/09/2022","10:50:01","6","default","383292078","Oxt_06","47.979","min","102.421","%a.s.","Humid","20.111","deg","39077","µV","28.108","°C","1016.000","hPa","36.4","pmil","0","55.390","deg","20.000","°C","100.000","%a.s.","21.720","deg","20.000","°C","977.000","hPa","0.861","-0.02617","0.00035","0","0","13.56","Humid","26.25","0","44.00","377894.03","SABD0000000001","AAV1.0.0.11","4.0.0.2323","PSt7-10","170328-019","7/29/2022 11:23:46 AM","0000-00","0","no battery","V","","µV","","µV"
"08/09/2022","10:50:02","6","default","383292078","Oxt_06","47.996","min","102.537","%a.s.","Humid","20.099","deg","39085","µV","28.104","°C","1016.000","hPa","36.4","pmil","0","55.390","deg","20.000","°C","100.000","%a.s.","21.720","deg","20.000","°C","977.000","hPa","0.861","-0.02617","0.00035","0","0","13.56","Humid","26.25","0","44.00","377906.04","SABD0000000001","AAV1.0.0.11","4.0.0.2323","PSt7-10","170328-019","7/29/2022 11:23:46 AM","0000-00","0","no battery","V","","µV","","µV"
"08/09/2022","10:50:03","6","default","383292078","Oxt_06","48.012","min","102.430","%a.s.","Humid","20.110","deg","39082","µV","28.108","°C","1016.000","hPa","36.4","pmil","0","55.390","deg","20.000","°C","100.000","%a.s.","21.720","deg","20.000","°C","977.000","hPa","0.861","-0.02617","0.00035","0","0","13.56","Humid","26.25","0","44.00","377898.56","SABD0000000001","AAV1.0.0.11","4.0.0.2323","PSt7-10","170328-019","7/29/2022 11:23:46 AM","0000-00","0","no battery","V","","µV","","µV"
"08/09/2022","10:50:04","6","default","383292078","Oxt_06","48.029","min","102.349","%a.s.","Humid","20.119","deg","39074","µV","28.106","°C","1016.000","hPa","36.4","pmil","0","55.390","deg","20.000","°C","100.000","%a.s.","21.720","deg","20.000","°C","977.000","hPa","0.861","-0.02617","0.00035","0","0","13.56","Humid","26.25","0","44.00","377898.28","SABD0000000001","AAV1.0.0.11","4.0.0.2323","PSt7-10","170328-019","7/29/2022 11:23:46 AM","0000-00","0","no battery","V","","µV","","µV"
"08/09/2022","10:50:05","6","default","383292078","Oxt_06","48.045","min","102.389","%a.s.","Humid","20.115","deg","39075","µV","28.103","°C","1016.000","hPa","36.4","pmil","0","55.390","deg","20.000","°C","100.000","%a.s.","21.720","deg","20.000","°C","977.000","hPa","0.861","-0.02617","0.00035","0","0","13.56","Humid","26.25","0","44.00","377884.27","SABD0000000001","AAV1.0.0.11","4.0.0.2323","PSt7-10","170328-019","7/29/2022 11:23:46 AM","0000-00","0","no battery","V","","µV","","µV"
"08/09/2022","10:50:06","6","default","383292078","Oxt_06","48.062","min","102.421","%a.s.","Humid","20.112","deg","39077","µV","28.099","°C","1016.000","hPa","36.4","pmil","0","55.390","deg","20.000","°C","100.000","%a.s.","21.720","deg","20.000","°C","977.000","hPa","0.861","-0.02617","0.00035","0","0","13.56","Humid","26.25","0","44.00","377888.98","SABD0000000001","AAV1.0.0.11","4.0.0.2323","PSt7-10","170328-019","7/29/2022 11:23:46 AM","0000-00","0","no battery","V","","µV","","µV"
"08/09/2022","10:50:07","6","default","383292078","Oxt_06","48.079","min","102.452","%a.s.","Humid","20.109","deg","39074","µV","28.096","°C","1016.000","hPa","36.4","pmil","0","55.390","deg","20.000","°C","100.000","%a.s.","21.720","deg","20.000","°C","977.000","hPa","0.861","-0.02617","0.00035","0","0","13.56","Humid","26.25","0","44.00","377894.71","SABD0000000001","AAV1.0.0.11","4.0.0.2323","PSt7-10","170328-019","7/29/2022 11:23:46 AM","0000-00","0","no battery","V","","µV","","µV"
"08/09/2022","10:50:08","6","default","383292078","Oxt_06","48.095","min","102.486","%a.s.","Humid","20.105","deg","39071","µV","28.098","°C","1016.000","hPa","36.4","pmil","0","55.390","deg","20.000","°C","100.000","%a.s.","21.720","deg","20.000","°C","977.000","hPa","0.861","-0.02617","0.00035","0","0","13.56","Humid","26.25","0","44.00","377899.86","SABD0000000001","AAV1.0.0.11","4.0.0.2323","PSt7-10","170328-019","7/29/2022 11:23:46 AM","0000-00","0","no battery","V","","µV","","µV"
"08/09/2022","10:50:09","6","default","383292078","Oxt_06","48.112","min","102.440","%a.s.","Humid","20.110","deg","39077","µV","28.098","°C","1016.000","hPa","36.4","pmil","0","55.390","deg","20.000","°C","100.000","%a.s.","21.720","deg","20.000","°C","977.000","hPa","0.861","-0.02617","0.00035","0","0","13.56","Humid","26.25","0","44.00","377900.43","SABD0000000001","AAV1.0.0.11","4.0.0.2323","PSt7-10","170328-019","7/29/2022 11:23:46 AM","0000-00","0","no battery","V","","µV","","µV"
"08/09/2022","10:50:10","6","default","383292078","Oxt_06","48.129","min","102.498","%a.s.","Humid","20.103","deg","39072","µV","28.105","°C","1016.000","hPa","36.4","pmil","0","55.390","deg","20.000","°C","100.000","%a.s.","21.720","deg","20.000","°C","977.000","hPa","0.861","-0.02617","0.00035","0","0","13.56","Humid","26.25","0","44.00","377888.18","SABD0000000001","AAV1.0.0.11","4.0.0.2323","PSt7-10","170328-019","7/29/2022 11:23:46 AM","0000-00","0","no battery","V","","µV","","µV"
"08/09/2022","10:50:11","6","default","383292078","Oxt_06","48.145","min","102.474","%a.s.","Humid","20.106","deg","39066","µV","28.101","°C","1016.000","hPa","36.4","pmil","0","55.390","deg","20.000","°C","100.000","%a.s.","21.720","deg","20.000","°C","977.000","hPa","0.861","-0.02617","0.00035","0","0","13.56","Humid","26.25","0","44.00","377892.83","SABD0000000001","AAV1.0.0.11","4.0.0.2323","PSt7-10","170328-019","7/29/2022 11:23:46 AM","0000-00","0","no battery","V","","µV","","µV"
"08/09/2022","10:50:12","6","default","383292078","Oxt_06","48.162","min","102.469","%a.s.","Humid","20.106","deg","39067","µV","28.107","°C","1016.000","hPa","36.4","pmil","0","55.390","deg","20.000","°C","100.000","%a.s.","21.720","deg","20.000","°C","977.000","hPa","0.861","-0.02617","0.00035","0","0","13.56","Humid","26.25","0","44.00","377885.99","SABD0000000001","AAV1.0.0.11","4.0.0.2323","PSt7-10","170328-019","7/29/2022 11:23:46 AM","0000-00","0","no battery","V","","µV","","µV"
"08/09/2022","10:50:13","6","default","383292078","Oxt_06","48.179","min","102.445","%a.s.","Humid","20.109","deg","39067","µV","28.102","°C","1016.000","hPa","36.4","pmil","0","55.390","deg","20.000","°C","100.000","%a.s.","21.720","deg","20.000","°C","977.000","hPa","0.861","-0.02617","0.00035","0","0","13.56","Humid","26.25","0","44.00","377892.56","SABD0000000001","AAV1.0.0.11","4.0.0.2323","PSt7-10","170328-019","7/29/2022 11:23:46 AM","0000-00","0","no battery","V","","µV","","µV"
"08/09/2022","10:50:14","6","default","383292078","Oxt_06","48.195","min","102.448","%a.s.","Humid","20.110","deg","39069","µV","28.090","°C","1016.000","hPa","36.4","pmil","0","55.390","deg","20.000","°C","100.000","%a.s.","21.720","deg","20.000","°C","977.000","hPa","0.861","-0.02617","0.00035","0","0","13.56","Humid","26.25","0","44.00","377894.85","SABD0000000001","AAV1.0.0.11","4.0.0.2323","PSt7-10","170328-019","7/29/2022 11:23:46 AM","0000-00","0","no battery","V","","µV","","µV"
"08/09/2022","10:50:15","6","default","383292078","Oxt_06","48.212","min","102.443","%a.s.","Humid","20.111","deg","39064","µV","28.086","°C","1016.000","hPa","36.4","pmil","0","55.390","deg","20.000","°C","100.000","%a.s.","21.720","deg","20.000","°C","977.000","hPa","0.861","-0.02617","0.00035","0","0","13.56","Humid","26.25","0","44.00","377905.82","SABD0000000001","AAV1.0.0.11","4.0.0.2323","PSt7-10","170328-019","7/29/2022 11:23:46 AM","0000-00","0","no battery","V","","µV","","µV"
"08/09/2022","10:50:16","6","default","383292078","Oxt_06","48.229","min","102.475","%a.s.","Humid","20.105","deg","39071","µV","28.110","°C","1016.000","hPa","36.4","pmil","0","55.390","deg","20.000","°C","100.000","%a.s.","21.720","deg","20.000","°C","977.000","hPa","0.861","-0.02617","0.00035","0","0","13.56","Humid","26.25","0","44.00","377889.26","SABD0000000001","AAV1.0.0.11","4.0.0.2323","PSt7-10","170328-019","7/29/2022 11:23:46 AM","0000-00","0","no battery","V","","µV","","µV"
"08/09/2022","10:50:17","6","default","383292078","Oxt_06","48.245","min","102.515","%a.s.","Humid","20.101","deg","39068","µV","28.107","°C","1016.000","hPa","36.4","pmil","0","55.390","deg","20.000","°C","100.000","%a.s.","21.720","deg","20.000","°C","977.000","hPa","0.861","-0.02617","0.00035","0","0","13.56","Humid","26.25","0","44.00","377915.66","SABD0000000001","AAV1.0.0.11","4.0.0.2323","PSt7-10","170328-019","7/29/2022 11:23:46 AM","0000-00","0","no battery","V","","µV","","µV"
"08/09/2022","10:50:18","6","default","383292078","Oxt_06","48.262","min","102.467","%a.s.","Humid","20.106","deg","39070","µV","28.108","°C","1016.000","hPa","36.4","pmil","0","55.390","deg","20.000","°C","100.000","%a.s.","21.720","deg","20.000","°C","977.000","hPa","0.861","-0.02617","0.00035","0","0","13.56","Humid","26.25","0","44.00","377894.56","SABD0000000001","AAV1.0.0.11","4.0.0.2323","PSt7-10","170328-019","7/29/2022 11:23:46 AM","0000-00","0","no battery","V","","µV","","µV"
"08/09/2022","10:50:19","6","default","383292078","Oxt_06","48.279","min","102.478","%a.s.","Humid","20.106","deg","39063","µV","28.098","°C","1016.000","hPa","36.4","pmil","0","55.390","deg","20.000","°C","100.000","%a.s.","21.720","deg","20.000","°C","977.000","hPa","0.861","-0.02617","0.00035","0","0","13.56","Humid","26.25","0","44.00","377906.49","SABD0000000001","AAV1.0.0.11","4.0.0.2323","PSt7-10","170328-019","7/29/2022 11:23:46 AM","0000-00","0","no battery","V","","µV","","µV"
"08/09/2022","10:50:20","6","default","383292078","Oxt_06","48.296","min","102.530","%a.s.","Humid","20.100","deg","39062","µV","28.101","°C","1016.000","hPa","36.4","pmil","0","55.390","deg","20.000","°C","100.000","%a.s.","21.720","deg","20.000","°C","977.000","hPa","0.861","-0.02617","0.00035","0","0","13.56","Humid","26.25","0","44.00","377909.21","SABD0000000001","AAV1.0.0.11","4.0.0.2323","PSt7-10","170328-019","7/29/2022 11:23:46 AM","0000-00","0","no battery","V","","µV","","µV"
"08/09/2022","10:50:21","6","default","383292078","Oxt_06","48.312","min","102.432","%a.s.","Humid","20.110","deg","39064","µV","28.106","°C","1016.000","hPa","36.4","pmil","0","55.390","deg","20.000","°C","100.000","%a.s.","21.720","deg","20.000","°C","977.000","hPa","0.861","-0.02617","0.00035","0","0","13.56","Humid","26.25","0","44.00","377904.54","SABD0000000001","AAV1.0.0.11","4.0.0.2323","PSt7-10","170328-019","7/29/2022 11:23:46 AM","0000-00","0","no battery","V","","µV","","µV"
"08/09/2022","10:50:22","6","default","383292078","Oxt_06","48.329","min","102.465","%a.s.","Humid","20.106","deg","39058","µV","28.111","°C","1016.000","hPa","36.4","pmil","0","55.390","deg","20.000","°C","100.000","%a.s.","21.720","deg","20.000","°C","977.000","hPa","0.861","-0.02617","0.00035","0","0","13.56","Humid","26.25","0","44.00","377923.92","SABD0000000001","AAV1.0.0.11","4.0.0.2323","PSt7-10","170328-019","7/29/2022 11:23:46 AM","0000-00","0","no battery","V","","µV","","µV"
"08/09/2022","10:50:23","6","default","383292078","Oxt_06","48.346","min","102.536","%a.s.","Humid","20.099","deg","39059","µV","28.104","°C","1016.000","hPa","36.4","pmil","0","55.390","deg","20.000","°C","100.000","%a.s.","21.720","deg","20.000","°C","977.000","hPa","0.861","-0.02617","0.00035","0","0","13.56","Humid","26.25","0","44.00","377907.24","SABD0000000001","AAV1.0.0.11","4.0.0.2323","PSt7-10","170328-019","7/29/2022 11:23:46 AM","0000-00","0","no battery","V","","µV","","µV"
"08/09/2022","10:50:24","6","default","383292078","Oxt_06","48.362","min","102.485","%a.s.","Humid","20.105","deg","39056","µV","28.100","°C","1016.000","hPa","36.4","pmil","0","55.390","deg","20.000","°C","100.000","%a.s.","21.720","deg","20.000","°C","977.000","hPa","0.861","-0.02617","0.00035","0","0","13.56","Humid","26.25","0","44.00","377897.29","SABD0000000001","AAV1.0.0.11","4.0.0.2323","PSt7-10","170328-019","7/29/2022 11:23:46 AM","0000-00","0","no battery","V","","µV","","µV"
"08/09/2022","10:50:25","6","default","383292078","Oxt_06","48.379","min","102.566","%a.s.","Humid","20.096","deg","39056","µV","28.103","°C","1016.000","hPa","36.4","pmil","0","55.390","deg","20.000","°C","100.000","%a.s.","21.720","deg","20.000","°C","977.000","hPa","0.861","-0.02617","0.00035","0","0","13.56","Humid","26.25","0","44.00","377909.11","SABD0000000001","AAV1.0.0.11","4.0.0.2323","PSt7-10","170328-019","7/29/2022 11:23:46 AM","0000-00","0","no battery","V","","µV","","µV"
"08/09/2022","10:50:26","6","default","383292078","Oxt_06","48.396","min","102.538","%a.s.","Humid","20.098","deg","39057","µV","28.112","°C","1016.000","hPa","36.4","pmil","0","55.390","deg","20.000","°C","100.000","%a.s.","21.720","deg","20.000","°C","977.000","hPa","0.861","-0.02617","0.00035","0","0","13.56","Humid","26.25","0","44.00","377903.47","SABD0000000001","AAV1.0.0.11","4.0.0.2323","PSt7-10","170328-019","7/29/2022 11:23:46 AM","0000-00","0","no battery","V","","µV","","µV"
"08/09/2022","10:50:27","6","default","383292078","Oxt_06","48.412","min","102.582","%a.s.","Humid","20.095","deg","39048","µV","28.096","°C","1016.000","hPa","36.4","pmil","0","55.390","deg","20.000","°C","100.000","%a.s.","21.720","deg","20.000","°C","977.000","hPa","0.861","-0.02617","0.00035","0","0","13.56","Humid","26.25","0","44.00","377910.69","SABD0000000001","AAV1.0.0.11","4.0.0.2323","PSt7-10","170328-019","7/29/2022 11:23:46 AM","0000-00","0","no battery","V","","µV","","µV"
"08/09/2022","10:50:28","6","default","383292078","Oxt_06","48.429","min","102.517","%a.s.","Humid","20.102","deg","39049","µV","28.095","°C","1016.000","hPa","36.4","pmil","0","55.390","deg","20.000","°C","100.000","%a.s.","21.720","deg","20.000","°C","977.000","hPa","0.861","-0.02617","0.00035","0","0","13.56","Humid","26.25","0","44.00","377910.96","SABD0000000001","AAV1.0.0.11","4.0.0.2323","PSt7-10","170328-019","7/29/2022 11:23:46 AM","0000-00","0","no battery","V","","µV","","µV"
"08/09/2022","10:50:29","6","default","383292078","Oxt_06","48.446","min","102.527","%a.s.","Humid","20.100","deg","39045","µV","28.105","°C","1016.000","hPa","36.4","pmil","0","55.390","deg","20.000","°C","100.000","%a.s.","21.720","deg","20.000","°C","977.000","hPa","0.861","-0.02617","0.00035","0","0","13.56","Humid","26.25","0","44.00","377895.49","SABD0000000001","AAV1.0.0.11","4.0.0.2323","PSt7-10","170328-019","7/29/2022 11:23:46 AM","0000-00","0","no battery","V","","µV","","µV"
"08/09/2022","10:50:30","6","default","383292078","Oxt_06","48.462","min","102.559","%a.s.","Humid","20.096","deg","39050","µV","28.110","°C","1016.000","hPa","36.4","pmil","0","55.390","deg","20.000","°C","100.000","%a.s.","21.720","deg","20.000","°C","977.000","hPa","0.861","-0.02617","0.00035","0","0","13.56","Humid","26.25","0","44.00","377894.67","SABD0000000001","AAV1.0.0.11","4.0.0.2323","PSt7-10","170328-019","7/29/2022 11:23:46 AM","0000-00","0","no battery","V","","µV","","µV"
"08/09/2022","10:50:31","6","default","383292078","Oxt_06","48.479","min","102.561","%a.s.","Humid","20.097","deg","39054","µV","28.098","°C","1016.000","hPa","36.4","pmil","0","55.390","deg","20.000","°C","100.000","%a.s.","21.720","deg","20.000","°C","977.000","hPa","0.861","-0.02617","0.00035","0","0","13.56","Humid","26.25","0","44.00","377910.07","SABD0000000001","AAV1.0.0.11","4.0.0.2323","PSt7-10","170328-019","7/29/2022 11:23:46 AM","0000-00","0","no battery","V","","µV","","µV"
"08/09/2022","10:50:32","6","default","383292078","Oxt_06","48.496","min","102.454","%a.s.","Humid","20.108","deg","39056","µV","28.103","°C","1016.000","hPa","36.4","pmil","0","55.390","deg","20.000","°C","100.000","%a.s.","21.720","deg","20.000","°C","977.000","hPa","0.861","-0.02617","0.00035","0","0","13.56","Humid","26.25","0","44.00","377918.57","SABD0000000001","AAV1.0.0.11","4.0.0.2323","PSt7-10","170328-019","7/29/2022 11:23:46 AM","0000-00","0","no battery","V","","µV","","µV"
"08/09/2022","10:50:33","6","default","383292078","Oxt_06","48.513","min","102.463","%a.s.","Humid","20.108","deg","39053","µV","28.094","°C","1016.000","hPa","36.4","pmil","0","55.390","deg","20.000","°C","100.000","%a.s.","21.720","deg","20.000","°C","977.000","hPa","0.861","-0.02617","0.00035","0","0","13.56","Humid","26.25","0","44.00","377925.89","SABD0000000001","AAV1.0.0.11","4.0.0.2323","PSt7-10","170328-019","7/29/2022 11:23:46 AM","0000-00","0","no battery","V","","µV","","µV"
"08/09/2022","10:50:34","6","default","383292078","Oxt_06","48.529","min","102.544","%a.s.","Humid","20.099","deg","39044","µV","28.097","°C","1016.000","hPa","36.4","pmil","0","55.390","deg","20.000","°C","100.000","%a.s.","21.720","deg","20.000","°C","977.000","hPa","0.861","-0.02617","0.00035","0","0","13.56","Humid","26.25","0","44.00","377896.18","SABD0000000001","AAV1.0.0.11","4.0.0.2323","PSt7-10","170328-019","7/29/2022 11:23:46 AM","0000-00","0","no battery","V","","µV","","µV"
"08/09/2022","10:50:35","6","default","383292078","Oxt_06","48.546","min","102.598","%a.s.","Humid","20.094","deg","39044","µV","28.089","°C","1016.000","hPa","36.4","pmil","0","55.390","deg","20.000","°C","100.000","%a.s.","21.720","deg","20.000","°C","977.000","hPa","0.861","-0.02617","0.00035","0","0","13.56","Humid","26.25","0","44.00","377904.18","SABD0000000001","AAV1.0.0.11","4.0.0.2323","PSt7-10","170328-019","7/29/2022 11:23:46 AM","0000-00","0","no battery","V","","µV","","µV"
"08/09/2022","10:50:36","6","default","383292078","Oxt_06","48.562","min","102.607","%a.s.","Humid","20.092","deg","39047","µV","28.099","°C","1016.000","hPa","36.4","pmil","0","55.390","deg","20.000","°C","100.000","%a.s.","21.720","deg","20.000","°C","977.000","hPa","0.861","-0.02617","0.00035","0","0","13.56","Humid","26.25","0","44.00","377909.46","SABD0000000001","AAV1.0.0.11","4.0.0.2323","PSt7-10","170328-019","7/29/2022 11:23:46 AM","0000-00","0","no battery","V","","µV","","µV"
"08/09/2022","10:50:37","6","default","383292078","Oxt_06","48.579","min","102.547","%a.s.","Humid","20.097","deg","39050","µV","28.113","°C","1016.000","hPa","36.4","pmil","0","55.390","deg","20.000","°C","100.000","%a.s.","21.720","deg","20.000","°C","977.000","hPa","0.861","-0.02617","0.00035","0","0","13.56","Humid","26.25","0","44.00","377910.34","SABD0000000001","AAV1.0.0.11","4.0.0.2323","PSt7-10","170328-019","7/29/2022 11:23:46 AM","0000-00","0","no battery","V","","µV","","µV"
"08/09/2022","10:50:38","6","default","383292078","Oxt_06","48.596","min","102.574","%a.s.","Humid","20.095","deg","39049","µV","28.104","°C","1016.000","hPa","36.4","pmil","0","55.390","deg","20.000","°C","100.000","%a.s.","21.720","deg","20.000","°C","977.000","hPa","0.861","-0.02617","0.00035","0","0","13.56","Humid","26.25","0","44.00","377903.14","SABD0000000001","AAV1.0.0.11","4.0.0.2323","PSt7-10","170328-019","7/29/2022 11:23:46 AM","0000-00","0","no battery","V","","µV","","µV"
"08/09/2022","10:50:39","6","default","383292078","Oxt_06","48.613","min","102.549","%a.s.","Humid","20.098","deg","39041","µV","28.102","°C","1016.000","hPa","36.4","pmil","0","55.390","deg","20.000","°C","100.000","%a.s.","21.720","deg","20.000","°C","977.000","hPa","0.861","-0.02617","0.00035","0","0","13.56","Humid","26.25","0","44.00","377910.80","SABD0000000001","AAV1.0.0.11","4.0.0.2323","PSt7-10","170328-019","7/29/2022 11:23:46 AM","0000-00","0","no battery","V","","µV","","µV"
"08/09/2022","10:50:40","6","default","383292078","Oxt_06","48.629","min","102.596","%a.s.","Humid","20.093","deg","39036","µV","28.100","°C","1016.000","hPa","36.4","pmil","0","55.390","deg","20.000","°C","100.000","%a.s.","21.720","deg","20.000","°C","977.000","hPa","0.861","-0.02617","0.00035","0","0","13.56","Humid","26.25","0","44.00","377906.23","SABD0000000001","AAV1.0.0.11","4.0.0.2323","PSt7-10","170328-019","7/29/2022 11:23:46 AM","0000-00","0","no battery","V","","µV","","µV"
"08/09/2022","10:50:41","6","default","383292078","Oxt_06","48.646","min","102.550","%a.s.","Humid","20.097","deg","39039","µV","28.109","°C","1016.000","hPa","36.4","pmil","0","55.390","deg","20.000","°C","100.000","%a.s.","21.720","deg","20.000","°C","977.000","hPa","0.861","-0.02617","0.00035","0","0","13.56","Humid","26.25","0","44.00","377905.80","SABD0000000001","AAV1.0.0.11","4.0.0.2323","PSt7-10","170328-019","7/29/2022 11:23:46 AM","0000-00","0","no battery","V","","µV","","µV"
"08/09/2022","10:50:42","6","default","383292078","Oxt_06","48.663","min","102.573","%a.s.","Humid","20.094","deg","39034","µV","28.115","°C","1016.000","hPa","36.4","pmil","0","55.390","deg","20.000","°C","100.000","%a.s.","21.720","deg","20.000","°C","977.000","hPa","0.861","-0.02617","0.00035","0","0","13.56","Humid","26.25","0","44.00","377912.09","SABD0000000001","AAV1.0.0.11","4.0.0.2323","PSt7-10","170328-019","7/29/2022 11:23:46 AM","0000-00","0","no battery","V","","µV","","µV"
"08/09/2022","10:50:43","6","default","383292078","Oxt_06","48.679","min","102.648","%a.s.","Humid","20.089","deg","39032","µV","28.085","°C","1016.000","hPa","36.4","pmil","0","55.390","deg","20.000","°C","100.000","%a.s.","21.720","deg","20.000","°C","977.000","hPa","0.861","-0.02617","0.00035","0","0","13.56","Humid","26.25","0","44.00","377908.97","SABD0000000001","AAV1.0.0.11","4.0.0.2323","PSt7-10","170328-019","7/29/2022 11:23:46 AM","0000-00","0","no battery","V","","µV","","µV"
"08/09/2022","10:50:44","6","default","383292078","Oxt_06","48.696","min","102.613","%a.s.","Humid","20.091","deg","39035","µV","28.103","°C","1016.000","hPa","36.4","pmil","0","55.390","deg","20.000","°C","100.000","%a.s.","21.720","deg","20.000","°C","977.000","hPa","0.861","-0.02617","0.00035","0","0","13.56","Humid","26.25","0","44.00","377911.84","SABD0000000001","AAV1.0.0.11","4.0.0.2323","PSt7-10","170328-019","7/29/2022 11:23:46 AM","0000-00","0","no battery","V","","µV","","µV"
"08/09/2022","10:50:45","6","default","383292078","Oxt_06","48.713","min","102.549","%a.s.","Humid","20.098","deg","39039","µV","28.101","°C","1016.000","hPa","36.4","pmil","0","55.390","deg","20.000","°C","100.000","%a.s.","21.720","deg","20.000","°C","977.000","hPa","0.861","-0.02617","0.00035","0","0","13.56","Humid","26.25","0","44.00","377910.05","SABD0000000001","AAV1.0.0.11","4.0.0.2323","PSt7-10","170328-019","7/29/2022 11:23:46 AM","0000-00","0","no battery","V","","µV","","µV"
"08/09/2022","10:50:46","6","default","383292078","Oxt_06","48.729","min","102.639","%a.s.","Humid","20.087","deg","39034","µV","28.114","°C","1016.000","hPa","36.4","pmil","0","55.390","deg","20.000","°C","100.000","%a.s.","21.720","deg","20.000","°C","977.000","hPa","0.861","-0.02617","0.00035","0","0","13.56","Humid","26.25","0","44.00","377923.83","SABD0000000001","AAV1.0.0.11","4.0.0.2323","PSt7-10","170328-019","7/29/2022 11:23:46 AM","0000-00","0","no battery","V","","µV","","µV"
"08/09/2022","10:50:47","6","default","383292078","Oxt_06","48.746","min","102.610","%a.s.","Humid","20.092","deg","39033","µV","28.096","°C","1016.000","hPa","36.4","pmil","0","55.390","deg","20.000","°C","100.000","%a.s.","21.720","deg","20.000","°C","977.000","hPa","0.861","-0.02617","0.00035","0","0","13.56","Humid","26.25","0","44.00","377925.14","SABD0000000001","AAV1.0.0.11","4.0.0.2323","PSt7-10","170328-019","7/29/2022 11:23:46 AM","0000-00","0","no battery","V","","µV","","µV"
"08/09/2022","10:50:48","6","default","383292078","Oxt_06","48.763","min","102.643","%a.s.","Humid","20.088","deg","39038","µV","28.101","°C","1016.000","hPa","36.4","pmil","0","55.390","deg","20.000","°C","100.000","%a.s.","21.720","deg","20.000","°C","977.000","hPa","0.861","-0.02617","0.00035","0","0","13.56","Humid","26.25","0","44.00","377922.15","SABD0000000001","AAV1.0.0.11","4.0.0.2323","PSt7-10","170328-019","7/29/2022 11:23:46 AM","0000-00","0","no battery","V","","µV","","µV"
"08/09/2022","10:50:49","6","default","383292078","Oxt_06","48.779","min","102.698","%a.s.","Humid","20.082","deg","39028","µV","28.102","°C","1016.000","hPa","36.4","pmil","0","55.390","deg","20.000","°C","100.000","%a.s.","21.720","deg","20.000","°C","977.000","hPa","0.861","-0.02617","0.00035","0","0","13.56","Humid","26.25","0","44.00","377907.55","SABD0000000001","AAV1.0.0.11","4.0.0.2323","PSt7-10","170328-019","7/29/2022 11:23:46 AM","0000-00","0","no battery","V","","µV","","µV"
"08/09/2022","10:50:50","6","default","383292078","Oxt_06","48.796","min","102.652","%a.s.","Humid","20.086","deg","39035","µV","28.110","°C","1016.000","hPa","36.4","pmil","0","55.390","deg","20.000","°C","100.000","%a.s.","21.720","deg","20.000","°C","977.000","hPa","0.861","-0.02617","0.00035","0","0","13.56","Humid","26.25","0","44.00","377917.41","SABD0000000001","AAV1.0.0.11","4.0.0.2323","PSt7-10","170328-019","7/29/2022 11:23:46 AM","0000-00","0","no battery","V","","µV","","µV"
"08/09/2022","10:50:51","6","default","383292078","Oxt_06","48.813","min","102.630","%a.s.","Humid","20.089","deg","39034","µV","28.104","°C","1016.000","hPa","36.4","pmil","0","55.390","deg","20.000","°C","100.000","%a.s.","21.720","deg","20.000","°C","977.000","hPa","0.861","-0.02617","0.00035","0","0","13.56","Humid","26.25","0","44.00","377913.17","SABD0000000001","AAV1.0.0.11","4.0.0.2323","PSt7-10","170328-019","7/29/2022 11:23:46 AM","0000-00","0","no battery","V","","µV","","µV"
"08/09/2022","10:50:52","6","default","383292078","Oxt_06","48.829","min","102.597","%a.s.","Humid","20.092","deg","39032","µV","28.109","°C","1016.000","hPa","36.4","pmil","0","55.390","deg","20.000","°C","100.000","%a.s.","21.720","deg","20.000","°C","977.000","hPa","0.861","-0.02617","0.00035","0","0","13.56","Humid","26.25","0","44.00","377928.47","SABD0000000001","AAV1.0.0.11","4.0.0.2323","PSt7-10","170328-019","7/29/2022 11:23:46 AM","0000-00","0","no battery","V","","µV","","µV"
"08/09/2022","10:50:53","6","default","383292078","Oxt_06","48.846","min","102.615","%a.s.","Humid","20.091","deg","39028","µV","28.100","°C","1016.000","hPa","36.4","pmil","0","55.390","deg","20.000","°C","100.000","%a.s.","21.720","deg","20.000","°C","977.000","hPa","0.861","-0.02617","0.00035","0","0","13.56","Humid","26.25","0","44.00","377933.29","SABD0000000001","AAV1.0.0.11","4.0.0.2323","PSt7-10","170328-019","7/29/2022 11:23:46 AM","0000-00","0","no battery","V","","µV","","µV"
"08/09/2022","10:50:54","6","default","383292078","Oxt_06","48.863","min","102.739","%a.s.","Humid","20.077","deg","39031","µV","28.108","°C","1016.000","hPa","36.4","pmil","0","55.390","deg","20.000","°C","100.000","%a.s.","21.720","deg","20.000","°C","977.000","hPa","0.861","-0.02617","0.00035","0","0","13.56","Humid","26.25","0","44.00","377927.61","SABD0000000001","AAV1.0.0.11","4.0.0.2323","PSt7-10","170328-019","7/29/2022 11:23:46 AM","0000-00","0","no battery","V","","µV","","µV"
"08/09/2022","10:50:55","6","default","383292078","Oxt_06","48.879","min","102.613","%a.s.","Humid","20.090","deg","39023","µV","28.112","°C","1016.000","hPa","36.4","pmil","0","55.390","deg","20.000","°C","100.000","%a.s.","21.720","deg","20.000","°C","977.000","hPa","0.861","-0.02617","0.00035","0","0","13.56","Humid","26.25","0","44.00","377930.41","SABD0000000001","AAV1.0.0.11","4.0.0.2323","PSt7-10","170328-019","7/29/2022 11:23:46 AM","0000-00","0","no battery","V","","µV","","µV"
"08/09/2022","10:50:56","6","default","383292078","Oxt_06","48.896","min","102.661","%a.s.","Humid","20.085","deg","39025","µV","28.110","°C","1016.000","hPa","36.4","pmil","0","55.390","deg","20.000","°C","100.000","%a.s.","21.720","deg","20.000","°C","977.000","hPa","0.861","-0.02617","0.00035","0","0","13.56","Humid","26.25","0","44.00","377919.37","SABD0000000001","AAV1.0.0.11","4.0.0.2323","PSt7-10","170328-019","7/29/2022 11:23:46 AM","0000-00","0","no battery","V","","µV","","µV"
"08/09/2022","10:50:57","6","default","383292078","Oxt_06","48.913","min","102.613","%a.s.","Humid","20.089","deg","39020","µV","28.122","°C","1016.000","hPa","36.4","pmil","0","55.390","deg","20.000","°C","100.000","%a.s.","21.720","deg","20.000","°C","977.000","hPa","0.861","-0.02617","0.00035","0","0","13.56","Humid","26.25","0","44.00","377931.89","SABD0000000001","AAV1.0.0.11","4.0.0.2323","PSt7-10","170328-019","7/29/2022 11:23:46 AM","0000-00","0","no battery","V","","µV","","µV"
"08/09/2022","10:50:58","6","default","383292078","Oxt_06","48.929","min","102.628","%a.s.","Humid","20.089","deg","39023","µV","28.106","°C","1016.000","hPa","36.4","pmil","0","55.390","deg","20.000","°C","100.000","%a.s.","21.720","deg","20.000","°C","977.000","hPa","0.861","-0.02617","0.00035","0","0","13.56","Humid","26.25","0","44.00","377912.98","SABD0000000001","AAV1.0.0.11","4.0.0.2323","PSt7-10","170328-019","7/29/2022 11:23:46 AM","0000-00","0","no battery","V","","µV","","µV"
"08/09/2022","10:50:59","6","default","383292078","Oxt_06","48.946","min","102.614","%a.s.","Humid","20.090","deg","39020","µV","28.111","°C","1016.000","hPa","36.4","pmil","0","55.390","deg","20.000","°C","100.000","%a.s.","21.720","deg","20.000","°C","977.000","hPa","0.861","-0.02617","0.00035","0","0","13.56","Humid","26.25","0","44.00","377922.46","SABD0000000001","AAV1.0.0.11","4.0.0.2323","PSt7-10","170328-019","7/29/2022 11:23:46 AM","0000-00","0","no battery","V","","µV","","µV"
"08/09/2022","10:51:00","6","default","383292078","Oxt_06","48.962","min","102.633","%a.s.","Humid","20.088","deg","39016","µV","28.110","°C","1016.000","hPa","36.4","pmil","0","55.390","deg","20.000","°C","100.000","%a.s.","21.720","deg","20.000","°C","977.000","hPa","0.861","-0.02617","0.00035","0","0","13.56","Humid","26.25","0","44.00","377930.27","SABD0000000001","AAV1.0.0.11","4.0.0.2323","PSt7-10","170328-019","7/29/2022 11:23:46 AM","0000-00","0","no battery","V","","µV","","µV"
"08/09/2022","10:51:01","6","default","383292078","Oxt_06","48.979","min","102.719","%a.s.","Humid","20.080","deg","39019","µV","28.100","°C","1016.000","hPa","36.4","pmil","0","55.390","deg","20.000","°C","100.000","%a.s.","21.720","deg","20.000","°C","977.000","hPa","0.861","-0.02617","0.00035","0","0","13.56","Humid","26.25","0","44.00","377923.58","SABD0000000001","AAV1.0.0.11","4.0.0.2323","PSt7-10","170328-019","7/29/2022 11:23:46 AM","0000-00","0","no battery","V","","µV","","µV"
"08/09/2022","10:51:02","6","default","383292078","Oxt_06","48.996","min","102.626","%a.s.","Humid","20.090","deg","39020","µV","28.099","°C","1016.000","hPa","36.4","pmil","0","55.390","deg","20.000","°C","100.000","%a.s.","21.720","deg","20.000","°C","977.000","hPa","0.861","-0.02617","0.00035","0","0","13.56","Humid","26.25","0","44.00","377922.90","SABD0000000001","AAV1.0.0.11","4.0.0.2323","PSt7-10","170328-019","7/29/2022 11:23:46 AM","0000-00","0","no battery","V","","µV","","µV"
"08/09/2022","10:51:03","6","default","383292078","Oxt_06","49.012","min","102.699","%a.s.","Humid","20.081","deg","39014","µV","28.111","°C","1016.000","hPa","36.4","pmil","0","55.390","deg","20.000","°C","100.000","%a.s.","21.720","deg","20.000","°C","977.000","hPa","0.861","-0.02617","0.00035","0","0","13.56","Humid","26.25","0","44.00","377921.67","SABD0000000001","AAV1.0.0.11","4.0.0.2323","PSt7-10","170328-019","7/29/2022 11:23:46 AM","0000-00","0","no battery","V","","µV","","µV"
"08/09/2022","10:51:04","6","default","383292078","Oxt_06","49.029","min","102.720","%a.s.","Humid","20.080","deg","39014","µV","28.098","°C","1016.000","hPa","36.4","pmil","0","55.390","deg","20.000","°C","100.000","%a.s.","21.720","deg","20.000","°C","977.000","hPa","0.861","-0.02617","0.00035","0","0","13.56","Humid","26.25","0","44.00","377925.42","SABD0000000001","AAV1.0.0.11","4.0.0.2323","PSt7-10","170328-019","7/29/2022 11:23:46 AM","0000-00","0","no battery","V","","µV","","µV"
"08/09/2022","10:51:05","6","default","383292078","Oxt_06","49.046","min","102.706","%a.s.","Humid","20.080","deg","39018","µV","28.113","°C","1016.000","hPa","36.4","pmil","0","55.390","deg","20.000","°C","100.000","%a.s.","21.720","deg","20.000","°C","977.000","hPa","0.861","-0.02617","0.00035","0","0","13.56","Humid","26.25","0","44.00","377931.52","SABD0000000001","AAV1.0.0.11","4.0.0.2323","PSt7-10","170328-019","7/29/2022 11:23:46 AM","0000-00","0","no battery","V","","µV","","µV"
"08/09/2022","10:51:06","6","default","383292078","Oxt_06","49.062","min","102.781","%a.s.","Humid","20.074","deg","39009","µV","28.093","°C","1016.000","hPa","36.4","pmil","0","55.390","deg","20.000","°C","100.000","%a.s.","21.720","deg","20.000","°C","977.000","hPa","0.861","-0.02617","0.00035","0","0","13.56","Humid","26.25","0","44.00","377944.82","SABD0000000001","AAV1.0.0.11","4.0.0.2323","PSt7-10","170328-019","7/29/2022 11:23:46 AM","0000-00","0","no battery","V","","µV","","µV"
"08/09/2022","10:51:07","6","default","383292078","Oxt_06","49.079","min","102.729","%a.s.","Humid","20.078","deg","39009","µV","28.109","°C","1016.000","hPa","36.4","pmil","0","55.390","deg","20.000","°C","100.000","%a.s.","21.720","deg","20.000","°C","977.000","hPa","0.861","-0.02617","0.00035","0","0","13.56","Humid","26.25","0","44.00","377948.67","SABD0000000001","AAV1.0.0.11","4.0.0.2323","PSt7-10","170328-019","7/29/2022 11:23:46 AM","0000-00","0","no battery","V","","µV","","µV"
"08/09/2022","10:51:08","6","default","383292078","Oxt_06","49.096","min","102.694","%a.s.","Humid","20.081","deg","39011","µV","28.115","°C","1016.000","hPa","36.4","pmil","0","55.390","deg","20.000","°C","100.000","%a.s.","21.720","deg","20.000","°C","977.000","hPa","0.861","-0.02617","0.00035","0","0","13.56","Humid","26.25","0","44.00","377933.90","SABD0000000001","AAV1.0.0.11","4.0.0.2323","PSt7-10","170328-019","7/29/2022 11:23:46 AM","0000-00","0","no battery","V","","µV","","µV"
"08/09/2022","10:51:09","6","default","383292078","Oxt_06","49.112","min","102.753","%a.s.","Humid","20.076","deg","39015","µV","28.103","°C","1016.000","hPa","36.4","pmil","0","55.390","deg","20.000","°C","100.000","%a.s.","21.720","deg","20.000","°C","977.000","hPa","0.861","-0.02617","0.00035","0","0","13.56","Humid","26.25","0","44.00","377943.16","SABD0000000001","AAV1.0.0.11","4.0.0.2323","PSt7-10","170328-019","7/29/2022 11:23:46 AM","0000-00","0","no battery","V","","µV","","µV"
"08/09/2022","10:51:10","6","default","383292078","Oxt_06","49.129","min","102.763","%a.s.","Humid","20.074","deg","39013","µV","28.111","°C","1016.000","hPa","36.4","pmil","0","55.390","deg","20.000","°C","100.000","%a.s.","21.720","deg","20.000","°C","977.000","hPa","0.861","-0.02617","0.00035","0","0","13.56","Humid","26.25","0","44.00","377938.95","SABD0000000001","AAV1.0.0.11","4.0.0.2323","PSt7-10","170328-019","7/29/2022 11:23:46 AM","0000-00","0","no battery","V","","µV","","µV"
"08/09/2022","10:51:11","6","default","383292078","Oxt_06","49.146","min","102.806","%a.s.","Humid","20.072","deg","39005","µV","28.087","°C","1016.000","hPa","36.4","pmil","0","55.390","deg","20.000","°C","100.000","%a.s.","21.720","deg","20.000","°C","977.000","hPa","0.861","-0.02617","0.00035","0","0","13.56","Humid","26.25","0","44.00","377939.70","SABD0000000001","AAV1.0.0.11","4.0.0.2323","PSt7-10","170328-019","7/29/2022 11:23:46 AM","0000-00","0","no battery","V","","µV","","µV"
"08/09/2022","10:51:12","6","default","383292078","Oxt_06","49.162","min","102.674","%a.s.","Humid","20.086","deg","39008","µV","28.088","°C","1016.000","hPa","36.4","pmil","0","55.390","deg","20.000","°C","100.000","%a.s.","21.720","deg","20.000","°C","977.000","hPa","0.861","-0.02617","0.00035","0","0","13.56","Humid","26.25","0","44.00","377929.82","SABD0000000001","AAV1.0.0.11","4.0.0.2323","PSt7-10","170328-019","7/29/2022 11:23:46 AM","0000-00","0","no battery","V","","µV","","µV"
"08/09/2022","10:51:13","6","default","383292078","Oxt_06","49.179","min","102.719","%a.s.","Humid","20.081","deg","39006","µV","28.090","°C","1016.000","hPa","36.4","pmil","0","55.390","deg","20.000","°C","100.000","%a.s.","21.720","deg","20.000","°C","977.000","hPa","0.861","-0.02617","0.00035","0","0","13.56","Humid","26.25","0","44.00","377937.50","SABD0000000001","AAV1.0.0.11","4.0.0.2323","PSt7-10","170328-019","7/29/2022 11:23:46 AM","0000-00","0","no battery","V","","µV","","µV"
"08/09/2022","10:51:14","6","default","383292078","Oxt_06","49.196","min","102.796","%a.s.","Humid","20.070","deg","39000","µV","28.116","°C","1016.000","hPa","36.4","pmil","0","55.390","deg","20.000","°C","100.000","%a.s.","21.720","deg","20.000","°C","977.000","hPa","0.861","-0.02617","0.00035","0","0","13.56","Humid","26.25","0","44.00","377928.31","SABD0000000001","AAV1.0.0.11","4.0.0.2323","PSt7-10","170328-019","7/29/2022 11:23:46 AM","0000-00","0","no battery","V","","µV","","µV"
"08/09/2022","10:51:15","6","default","383292078","Oxt_06","49.212","min","102.773","%a.s.","Humid","20.072","deg","39009","µV","28.120","°C","1016.000","hPa","36.4","pmil","0","55.390","deg","20.000","°C","100.000","%a.s.","21.720","deg","20.000","°C","977.000","hPa","0.861","-0.02617","0.00035","0","0","13.56","Humid","26.25","0","44.00","377949.29","SABD0000000001","AAV1.0.0.11","4.0.0.2323","PSt7-10","170328-019","7/29/2022 11:23:46 AM","0000-00","0","no battery","V","","µV","","µV"
"08/09/2022","10:51:16","6","default","383292078","Oxt_06","49.229","min","102.885","%a.s.","Humid","20.062","deg","39006","µV","28.102","°C","1016.000","hPa","36.4","pmil","0","55.390","deg","20.000","°C","100.000","%a.s.","21.720","deg","20.000","°C","977.000","hPa","0.861","-0.02617","0.00035","0","0","13.56","Humid","26.25","0","44.00","377934.45","SABD0000000001","AAV1.0.0.11","4.0.0.2323","PSt7-10","170328-019","7/29/2022 11:23:46 AM","0000-00","0","no battery","V","","µV","","µV"
"08/09/2022","10:51:17","6","default","383292078","Oxt_06","49.246","min","102.776","%a.s.","Humid","20.074","deg","39000","µV","28.099","°C","1016.000","hPa","36.4","pmil","0","55.390","deg","20.000","°C","100.000","%a.s.","21.720","deg","20.000","°C","977.000","hPa","0.861","-0.02617","0.00035","0","0","13.56","Humid","26.25","0","44.00","377940.38","SABD0000000001","AAV1.0.0.11","4.0.0.2323","PSt7-10","170328-019","7/29/2022 11:23:46 AM","0000-00","0","no battery","V","","µV","","µV"
"08/09/2022","10:51:18","6","default","383292078","Oxt_06","49.262","min","102.775","%a.s.","Humid","20.073","deg","38999","µV","28.109","°C","1016.000","hPa","36.4","pmil","0","55.390","deg","20.000","°C","100.000","%a.s.","21.720","deg","20.000","°C","977.000","hPa","0.861","-0.02617","0.00035","0","0","13.56","Humid","26.25","0","44.00","377945.13","SABD0000000001","AAV1.0.0.11","4.0.0.2323","PSt7-10","170328-019","7/29/2022 11:23:46 AM","0000-00","0","no battery","V","","µV","","µV"
"08/09/2022","10:51:19","6","default","383292078","Oxt_06","49.279","min","102.804","%a.s.","Humid","20.070","deg","39007","µV","28.108","°C","1016.000","hPa","36.4","pmil","0","55.390","deg","20.000","°C","100.000","%a.s.","21.720","deg","20.000","°C","977.000","hPa","0.861","-0.02617","0.00035","0","0","13.56","Humid","26.25","0","44.00","377931.92","SABD0000000001","AAV1.0.0.11","4.0.0.2323","PSt7-10","170328-019","7/29/2022 11:23:46 AM","0000-00","0","no battery","V","","µV","","µV"
"08/09/2022","10:51:20","6","default","383292078","Oxt_06","49.296","min","102.784","%a.s.","Humid","20.072","deg","38999","µV","28.110","°C","1016.000","hPa","36.4","pmil","0","55.390","deg","20.000","°C","100.000","%a.s.","21.720","deg","20.000","°C","977.000","hPa","0.861","-0.02617","0.00035","0","0","13.56","Humid","26.25","0","44.00","377933.89","SABD0000000001","AAV1.0.0.11","4.0.0.2323","PSt7-10","170328-019","7/29/2022 11:23:46 AM","0000-00","0","no battery","V","","µV","","µV"
"08/09/2022","10:51:21","6","default","383292078","Oxt_06","49.312","min","102.753","%a.s.","Humid","20.075","deg","38996","µV","28.112","°C","1016.000","hPa","36.4","pmil","0","55.390","deg","20.000","°C","100.000","%a.s.","21.720","deg","20.000","°C","977.000","hPa","0.861","-0.02617","0.00035","0","0","13.56","Humid","26.25","0","44.00","377943.35","SABD0000000001","AAV1.0.0.11","4.0.0.2323","PSt7-10","170328-019","7/29/2022 11:23:46 AM","0000-00","0","no battery","V","","µV","","µV"
"08/09/2022","10:51:22","6","default","383292078","Oxt_06","49.329","min","102.786","%a.s.","Humid","20.072","deg","38999","µV","28.107","°C","1016.000","hPa","36.4","pmil","0","55.390","deg","20.000","°C","100.000","%a.s.","21.720","deg","20.000","°C","977.000","hPa","0.861","-0.02617","0.00035","0","0","13.56","Humid","26.25","0","44.00","377929.29","SABD0000000001","AAV1.0.0.11","4.0.0.2323","PSt7-10","170328-019","7/29/2022 11:23:46 AM","0000-00","0","no battery","V","","µV","","µV"
"08/09/2022","10:51:23","6","default","383292078","Oxt_06","49.345","min","102.868","%a.s.","Humid","20.064","deg","38991","µV","28.100","°C","1016.000","hPa","36.4","pmil","0","55.390","deg","20.000","°C","100.000","%a.s.","21.720","deg","20.000","°C","977.000","hPa","0.861","-0.02617","0.00035","0","0","13.56","Humid","26.25","0","44.00","377931.65","SABD0000000001","AAV1.0.0.11","4.0.0.2323","PSt7-10","170328-019","7/29/2022 11:23:46 AM","0000-00","0","no battery","V","","µV","","µV"
"08/09/2022","10:51:24","6","default","383292078","Oxt_06","49.362","min","102.800","%a.s.","Humid","20.072","deg","39004","µV","28.093","°C","1016.000","hPa","36.4","pmil","0","55.390","deg","20.000","°C","100.000","%a.s.","21.720","deg","20.000","°C","977.000","hPa","0.861","-0.02617","0.00035","0","0","13.56","Humid","26.25","0","44.00","377941.78","SABD0000000001","AAV1.0.0.11","4.0.0.2323","PSt7-10","170328-019","7/29/2022 11:23:46 AM","0000-00","0","no battery","V","","µV","","µV"
"08/09/2022","10:51:25","6","default","383292078","Oxt_06","49.379","min","102.848","%a.s.","Humid","20.065","deg","38989","µV","28.111","°C","1016.000","hPa","36.4","pmil","0","55.390","deg","20.000","°C","100.000","%a.s.","21.720","deg","20.000","°C","977.000","hPa","0.861","-0.02617","0.00035","0","0","13.56","Humid","26.25","0","44.00","377942.54","SABD0000000001","AAV1.0.0.11","4.0.0.2323","PSt7-10","170328-019","7/29/2022 11:23:46 AM","0000-00","0","no battery","V","","µV","","µV"
"08/09/2022","10:51:26","6","default","383292078","Oxt_06","49.395","min","102.850","%a.s.","Humid","20.065","deg","39001","µV","28.109","°C","1016.000","hPa","36.4","pmil","0","55.390","deg","20.000","°C","100.000","%a.s.","21.720","deg","20.000","°C","977.000","hPa","0.861","-0.02617","0.00035","0","0","13.56","Humid","26.25","0","44.00","377945.09","SABD0000000001","AAV1.0.0.11","4.0.0.2323","PSt7-10","170328-019","7/29/2022 11:23:46 AM","0000-00","0","no battery","V","","µV","","µV"
"08/09/2022","10:51:27","6","default","383292078","Oxt_06","49.412","min","102.834","%a.s.","Humid","20.067","deg","38993","µV","28.107","°C","1016.000","hPa","36.4","pmil","0","55.390","deg","20.000","°C","100.000","%a.s.","21.720","deg","20.000","°C","977.000","hPa","0.861","-0.02617","0.00035","0","0","13.56","Humid","26.25","0","44.00","377956.14","SABD0000000001","AAV1.0.0.11","4.0.0.2323","PSt7-10","170328-019","7/29/2022 11:23:46 AM","0000-00","0","no battery","V","","µV","","µV"
"08/09/2022","10:51:28","6","default","383292078","Oxt_06","49.429","min","102.777","%a.s.","Humid","20.073","deg","38995","µV","28.107","°C","1016.000","hPa","36.4","pmil","0","55.390","deg","20.000","°C","100.000","%a.s.","21.720","deg","20.000","°C","977.000","hPa","0.861","-0.02617","0.00035","0","0","13.56","Humid","26.25","0","44.00","377944.28","SABD0000000001","AAV1.0.0.11","4.0.0.2323","PSt7-10","170328-019","7/29/2022 11:23:46 AM","0000-00","0","no battery","V","","µV","","µV"
"08/09/2022","10:51:29","6","default","383292078","Oxt_06","49.445","min","102.838","%a.s.","Humid","20.067","deg","38992","µV","28.102","°C","1016.000","hPa","36.4","pmil","0","55.390","deg","20.000","°C","100.000","%a.s.","21.720","deg","20.000","°C","977.000","hPa","0.861","-0.02617","0.00035","0","0","13.56","Humid","26.25","0","44.00","377950.88","SABD0000000001","AAV1.0.0.11","4.0.0.2323","PSt7-10","170328-019","7/29/2022 11:23:46 AM","0000-00","0","no battery","V","","µV","","µV"
"08/09/2022","10:51:30","6","default","383292078","Oxt_06","49.462","min","102.867","%a.s.","Humid","20.063","deg","38989","µV","28.111","°C","1016.000","hPa","36.4","pmil","0","55.390","deg","20.000","°C","100.000","%a.s.","21.720","deg","20.000","°C","977.000","hPa","0.861","-0.02617","0.00035","0","0","13.56","Humid","26.25","0","44.00","377937.80","SABD0000000001","AAV1.0.0.11","4.0.0.2323","PSt7-10","170328-019","7/29/2022 11:23:46 AM","0000-00","0","no battery","V","","µV","","µV"
"08/09/2022","10:51:31","6","default","383292078","Oxt_06","49.479","min","102.874","%a.s.","Humid","20.064","deg","38987","µV","28.094","°C","1016.000","hPa","36.4","pmil","0","55.390","deg","20.000","°C","100.000","%a.s.","21.720","deg","20.000","°C","977.000","hPa","0.861","-0.02617","0.00035","0","0","13.56","Humid","26.25","0","44.00","377951.96","SABD0000000001","AAV1.0.0.11","4.0.0.2323","PSt7-10","170328-019","7/29/2022 11:23:46 AM","0000-00","0","no battery","V","","µV","","µV"
"08/09/2022","10:51:32","6","default","383292078","Oxt_06","49.495","min","102.862","%a.s.","Humid","20.065","deg","38990","µV","28.096","°C","1016.000","hPa","36.4","pmil","0","55.390","deg","20.000","°C","100.000","%a.s.","21.720","deg","20.000","°C","977.000","hPa","0.861","-0.02617","0.00035","0","0","13.56","Humid","26.25","0","44.00","377940.71","SABD0000000001","AAV1.0.0.11","4.0.0.2323","PSt7-10","170328-019","7/29/2022 11:23:46 AM","0000-00","0","no battery","V","","µV","","µV"
"08/09/2022","10:51:33","6","default","383292078","Oxt_06","49.512","min","102.797","%a.s.","Humid","20.070","deg","38987","µV","28.115","°C","1016.000","hPa","36.4","pmil","0","55.390","deg","20.000","°C","100.000","%a.s.","21.720","deg","20.000","°C","977.000","hPa","0.861","-0.02617","0.00035","0","0","13.56","Humid","26.25","0","44.00","377947.28","SABD0000000001","AAV1.0.0.11","4.0.0.2323","PSt7-10","170328-019","7/29/2022 11:23:46 AM","0000-00","0","no battery","V","","µV","","µV"
"08/09/2022","10:51:34","6","default","383292078","Oxt_06","49.529","min","102.829","%a.s.","Humid","20.066","deg","38988","µV","28.121","°C","1016.000","hPa","36.4","pmil","0","55.390","deg","20.000","°C","100.000","%a.s.","21.720","deg","20.000","°C","977.000","hPa","0.861","-0.02617","0.00035","0","0","13.56","Humid","26.25","0","44.00","377954.09","SABD0000000001","AAV1.0.0.11","4.0.0.2323","PSt7-10","170328-019","7/29/2022 11:23:46 AM","0000-00","0","no battery","V","","µV","","µV"
"08/09/2022","10:51:35","6","default","383292078","Oxt_06","49.546","min","102.841","%a.s.","Humid","20.065","deg","38986","µV","28.118","°C","1016.000","hPa","36.4","pmil","0","55.390","deg","20.000","°C","100.000","%a.s.","21.720","deg","20.000","°C","977.000","hPa","0.861","-0.02617","0.00035","0","0","13.56","Humid","26.25","0","44.00","377955.75","SABD0000000001","AAV1.0.0.11","4.0.0.2323","PSt7-10","170328-019","7/29/2022 11:23:46 AM","0000-00","0","no battery","V","","µV","","µV"
"08/09/2022","10:51:36","6","default","383292078","Oxt_06","49.562","min","102.873","%a.s.","Humid","20.063","deg","38985","µV","28.105","°C","1016.000","hPa","36.4","pmil","0","55.390","deg","20.000","°C","100.000","%a.s.","21.720","deg","20.000","°C","977.000","hPa","0.861","-0.02617","0.00035","0","0","13.56","Humid","26.25","0","44.00","377946.61","SABD0000000001","AAV1.0.0.11","4.0.0.2323","PSt7-10","170328-019","7/29/2022 11:23:46 AM","0000-00","0","no battery","V","","µV","","µV"
"08/09/2022","10:51:37","6","default","383292078","Oxt_06","49.579","min","102.861","%a.s.","Humid","20.063","deg","38985","µV","28.117","°C","1016.000","hPa","36.4","pmil","0","55.390","deg","20.000","°C","100.000","%a.s.","21.720","deg","20.000","°C","977.000","hPa","0.861","-0.02617","0.00035","0","0","13.56","Humid","26.25","0","44.00","377954.60","SABD0000000001","AAV1.0.0.11","4.0.0.2323","PSt7-10","170328-019","7/29/2022 11:23:46 AM","0000-00","0","no battery","V","","µV","","µV"
"08/09/2022","10:51:38","6","default","383292078","Oxt_06","49.596","min","102.813","%a.s.","Humid","20.068","deg","38978","µV","28.118","°C","1016.000","hPa","36.4","pmil","0","55.390","deg","20.000","°C","100.000","%a.s.","21.720","deg","20.000","°C","977.000","hPa","0.861","-0.02617","0.00035","0","0","13.56","Humid","26.25","0","44.00","377937.24","SABD0000000001","AAV1.0.0.11","4.0.0.2323","PSt7-10","170328-019","7/29/2022 11:23:46 AM","0000-00","0","no battery","V","","µV","","µV"
"08/09/2022","10:51:39","6","default","383292078","Oxt_06","49.612","min","102.861","%a.s.","Humid","20.063","deg","38983","µV","28.117","°C","1016.000","hPa","36.4","pmil","0","55.390","deg","20.000","°C","100.000","%a.s.","21.720","deg","20.000","°C","977.000","hPa","0.861","-0.02617","0.00035","0","0","13.56","Humid","26.25","0","44.00","377946.77","SABD0000000001","AAV1.0.0.11","4.0.0.2323","PSt7-10","170328-019","7/29/2022 11:23:46 AM","0000-00","0","no battery","V","","µV","","µV"
"08/09/2022","10:51:40","6","default","383292078","Oxt_06","49.629","min","102.847","%a.s.","Humid","20.063","deg","38982","µV","28.131","°C","1016.000","hPa","36.4","pmil","0","55.390","deg","20.000","°C","100.000","%a.s.","21.720","deg","20.000","°C","977.000","hPa","0.861","-0.02617","0.00035","0","0","13.56","Humid","26.25","0","44.00","377938.54","SABD0000000001","AAV1.0.0.11","4.0.0.2323","PSt7-10","170328-019","7/29/2022 11:23:46 AM","0000-00","0","no battery","V","","µV","","µV"
"08/09/2022","10:51:41","6","default","383292078","Oxt_06","49.646","min","102.777","%a.s.","Humid","20.070","deg","38980","µV","28.135","°C","1016.000","hPa","36.4","pmil","0","55.390","deg","20.000","°C","100.000","%a.s.","21.720","deg","20.000","°C","977.000","hPa","0.861","-0.02617","0.00035","0","0","13.56","Humid","26.25","0","44.00","377951.76","SABD0000000001","AAV1.0.0.11","4.0.0.2323","PSt7-10","170328-019","7/29/2022 11:23:46 AM","0000-00","0","no battery","V","","µV","","µV"
"08/09/2022","10:51:42","6","default","383292078","Oxt_06","49.662","min","102.877","%a.s.","Humid","20.062","deg","38984","µV","28.110","°C","1016.000","hPa","36.4","pmil","0","55.390","deg","20.000","°C","100.000","%a.s.","21.720","deg","20.000","°C","977.000","hPa","0.861","-0.02617","0.00035","0","0","13.56","Humid","26.25","0","44.00","377943.12","SABD0000000001","AAV1.0.0.11","4.0.0.2323","PSt7-10","170328-019","7/29/2022 11:23:46 AM","0000-00","0","no battery","V","","µV","","µV"
"08/09/2022","10:51:43","6","default","383292078","Oxt_06","49.679","min","102.949","%a.s.","Humid","20.054","deg","38976","µV","28.113","°C","1016.000","hPa","36.4","pmil","0","55.390","deg","20.000","°C","100.000","%a.s.","21.720","deg","20.000","°C","977.000","hPa","0.861","-0.02617","0.00035","0","0","13.56","Humid","26.25","0","44.00","377947.11","SABD0000000001","AAV1.0.0.11","4.0.0.2323","PSt7-10","170328-019","7/29/2022 11:23:46 AM","0000-00","0","no battery","V","","µV","","µV"
"08/09/2022","10:51:44","6","default","383292078","Oxt_06","49.696","min","102.933","%a.s.","Humid","20.056","deg","38976","µV","28.110","°C","1016.000","hPa","36.4","pmil","0","55.390","deg","20.000","°C","100.000","%a.s.","21.720","deg","20.000","°C","977.000","hPa","0.861","-0.02617","0.00035","0","0","13.56","Humid","26.25","0","44.00","377947.59","SABD0000000001","AAV1.0.0.11","4.0.0.2323","PSt7-10","170328-019","7/29/2022 11:23:46 AM","0000-00","0","no battery","V","","µV","","µV"
"08/09/2022","10:51:45","6","default","383292078","Oxt_06","49.712","min","102.870","%a.s.","Humid","20.062","deg","38972","µV","28.117","°C","1016.000","hPa","36.4","pmil","0","55.390","deg","20.000","°C","100.000","%a.s.","21.720","deg","20.000","°C","977.000","hPa","0.861","-0.02617","0.00035","0","0","13.56","Humid","26.25","0","44.00","377943.70","SABD0000000001","AAV1.0.0.11","4.0.0.2323","PSt7-10","170328-019","7/29/2022 11:23:46 AM","0000-00","0","no battery","V","","µV","","µV"
"08/09/2022","10:51:46","6","default","383292078","Oxt_06","49.729","min","102.907","%a.s.","Humid","20.058","deg","38980","µV","28.117","°C","1016.000","hPa","36.4","pmil","0","55.390","deg","20.000","°C","100.000","%a.s.","21.720","deg","20.000","°C","977.000","hPa","0.861","-0.02617","0.00035","0","0","13.56","Humid","26.25","0","44.00","377950.68","SABD0000000001","AAV1.0.0.11","4.0.0.2323","PSt7-10","170328-019","7/29/2022 11:23:46 AM","0000-00","0","no battery","V","","µV","","µV"
"08/09/2022","10:51:47","6","default","383292078","Oxt_06","49.746","min","102.933","%a.s.","Humid","20.056","deg","38975","µV","28.110","°C","1016.000","hPa","36.4","pmil","0","55.390","deg","20.000","°C","100.000","%a.s.","21.720","deg","20.000","°C","977.000","hPa","0.861","-0.02617","0.00035","0","0","13.56","Humid","26.25","0","44.00","377963.36","SABD0000000001","AAV1.0.0.11","4.0.0.2323","PSt7-10","170328-019","7/29/2022 11:23:46 AM","0000-00","0","no battery","V","","µV","","µV"
"08/09/2022","10:51:48","6","default","383292078","Oxt_06","49.763","min","102.945","%a.s.","Humid","20.055","deg","38973","µV","28.108","°C","1016.000","hPa","36.4","pmil","0","55.390","deg","20.000","°C","100.000","%a.s.","21.720","deg","20.000","°C","977.000","hPa","0.861","-0.02617","0.00035","0","0","13.56","Humid","26.25","0","44.00","377967.15","SABD0000000001","AAV1.0.0.11","4.0.0.2323","PSt7-10","170328-019","7/29/2022 11:23:46 AM","0000-00","0","no battery","V","","µV","","µV"
"08/09/2022","10:51:49","6","default","383292078","Oxt_06","49.779","min","102.941","%a.s.","Humid","20.056","deg","38975","µV","28.102","°C","1016.000","hPa","36.4","pmil","0","55.390","deg","20.000","°C","100.000","%a.s.","21.720","deg","20.000","°C","977.000","hPa","0.861","-0.02617","0.00035","0","0","13.56","Humid","26.25","0","44.00","377982.42","SABD0000000001","AAV1.0.0.11","4.0.0.2323","PSt7-10","170328-019","7/29/2022 11:23:46 AM","0000-00","0","no battery","V","","µV","","µV"
"08/09/2022","10:51:50","6","default","383292078","Oxt_06","49.796","min","102.912","%a.s.","Humid","20.059","deg","38972","µV","28.103","°C","1016.000","hPa","36.4","pmil","0","55.390","deg","20.000","°C","100.000","%a.s.","21.720","deg","20.000","°C","977.000","hPa","0.861","-0.02617","0.00035","0","0","13.56","Humid","26.25","0","44.00","377963.15","SABD0000000001","AAV1.0.0.11","4.0.0.2323","PSt7-10","170328-019","7/29/2022 11:23:46 AM","0000-00","0","no battery","V","","µV","","µV"
"08/09/2022","10:51:51","6","default","383292078","Oxt_06","49.812","min","102.866","%a.s.","Humid","20.064","deg","38975","µV","28.102","°C","1016.000","hPa","36.4","pmil","0","55.390","deg","20.000","°C","100.000","%a.s.","21.720","deg","20.000","°C","977.000","hPa","0.861","-0.02617","0.00035","0","0","13.56","Humid","26.25","0","44.00","377972.30","SABD0000000001","AAV1.0.0.11","4.0.0.2323","PSt7-10","170328-019","7/29/2022 11:23:46 AM","0000-00","0","no battery","V","","µV","","µV"
"08/09/2022","10:51:52","6","default","383292078","Oxt_06","49.829","min","102.920","%a.s.","Humid","20.058","deg","38970","µV","28.104","°C","1016.000","hPa","36.4","pmil","0","55.390","deg","20.000","°C","100.000","%a.s.","21.720","deg","20.000","°C","977.000","hPa","0.861","-0.02617","0.00035","0","0","13.56","Humid","26.25","0","44.00","377957.74","SABD0000000001","AAV1.0.0.11","4.0.0.2323","PSt7-10","170328-019","7/29/2022 11:23:46 AM","0000-00","0","no battery","V","","µV","","µV"
"08/09/2022","10:51:53","6","default","383292078","Oxt_06","49.846","min","102.950","%a.s.","Humid","20.054","deg","38968","µV","28.112","°C","1016.000","hPa","36.4","pmil","0","55.390","deg","20.000","°C","100.000","%a.s.","21.720","deg","20.000","°C","977.000","hPa","0.861","-0.02617","0.00035","0","0","13.56","Humid","26.25","0","44.00","377971.99","SABD0000000001","AAV1.0.0.11","4.0.0.2323","PSt7-10","170328-019","7/29/2022 11:23:46 AM","0000-00","0","no battery","V","","µV","","µV"
"08/09/2022","10:51:54","6","default","383292078","Oxt_06","49.862","min","102.943","%a.s.","Humid","20.054","deg","38969","µV","28.119","°C","1016.000","hPa","36.4","pmil","0","55.390","deg","20.000","°C","100.000","%a.s.","21.720","deg","20.000","°C","977.000","hPa","0.861","-0.02617","0.00035","0","0","13.56","Humid","26.25","0","44.00","377978.74","SABD0000000001","AAV1.0.0.11","4.0.0.2323","PSt7-10","170328-019","7/29/2022 11:23:46 AM","0000-00","0","no battery","V","","µV","","µV"
"08/09/2022","10:51:55","6","default","383292078","Oxt_06","49.879","min","102.939","%a.s.","Humid","20.055","deg","38971","µV","28.113","°C","1016.000","hPa","36.4","pmil","0","55.390","deg","20.000","°C","100.000","%a.s.","21.720","deg","20.000","°C","977.000","hPa","0.861","-0.02617","0.00035","0","0","13.56","Humid","26.25","0","44.00","377965.36","SABD0000000001","AAV1.0.0.11","4.0.0.2323","PSt7-10","170328-019","7/29/2022 11:23:46 AM","0000-00","0","no battery","V","","µV","","µV"
"08/09/2022","10:51:56","6","default","383292078","Oxt_06","49.895","min","102.894","%a.s.","Humid","20.059","deg","38970","µV","28.121","°C","1016.000","hPa","36.4","pmil","0","55.390","deg","20.000","°C","100.000","%a.s.","21.720","deg","20.000","°C","977.000","hPa","0.861","-0.02617","0.00035","0","0","13.56","Humid","26.25","0","44.00","377977.90","SABD0000000001","AAV1.0.0.11","4.0.0.2323","PSt7-10","170328-019","7/29/2022 11:23:46 AM","0000-00","0","no battery","V","","µV","","µV"
"08/09/2022","10:51:57","6","default","383292078","Oxt_06","49.912","min","102.874","%a.s.","Humid","20.061","deg","38970","µV","28.122","°C","1016.000","hPa","36.4","pmil","0","55.390","deg","20.000","°C","100.000","%a.s.","21.720","deg","20.000","°C","977.000","hPa","0.861","-0.02617","0.00035","0","0","13.56","Humid","26.25","0","44.00","377977.29","SABD0000000001","AAV1.0.0.11","4.0.0.2323","PSt7-10","170328-019","7/29/2022 11:23:46 AM","0000-00","0","no battery","V","","µV","","µV"
"08/09/2022","10:51:58","6","default","383292078","Oxt_06","49.929","min","103.031","%a.s.","Humid","20.044","deg","38967","µV","28.125","°C","1016.000","hPa","36.4","pmil","0","55.390","deg","20.000","°C","100.000","%a.s.","21.720","deg","20.000","°C","977.000","hPa","0.861","-0.02617","0.00035","0","0","13.56","Humid","26.25","0","44.00","377971.23","SABD0000000001","AAV1.0.0.11","4.0.0.2323","PSt7-10","170328-019","7/29/2022 11:23:46 AM","0000-00","0","no battery","V","","µV","","µV"
"08/09/2022","10:51:59","6","default","383292078","Oxt_06","49.945","min","102.984","%a.s.","Humid","20.051","deg","38972","µV","28.106","°C","1016.000","hPa","36.4","pmil","0","55.390","deg","20.000","°C","100.000","%a.s.","21.720","deg","20.000","°C","977.000","hPa","0.861","-0.02617","0.00035","0","0","13.56","Humid","26.25","0","44.00","377976.64","SABD0000000001","AAV1.0.0.11","4.0.0.2323","PSt7-10","170328-019","7/29/2022 11:23:46 AM","0000-00","0","no battery","V","","µV","","µV"
"08/09/2022","10:52:00","6","default","383292078","Oxt_06","49.962","min","102.973","%a.s.","Humid","20.052","deg","38970","µV","28.107","°C","1016.000","hPa","36.4","pmil","0","55.390","deg","20.000","°C","100.000","%a.s.","21.720","deg","20.000","°C","977.000","hPa","0.861","-0.02617","0.00035","0","0","13.56","Humid","26.25","0","44.00","377966.64","SABD0000000001","AAV1.0.0.11","4.0.0.2323","PSt7-10","170328-019","7/29/2022 11:23:46 AM","0000-00","0","no battery","V","","µV","","µV"
"08/09/2022","10:52:01","6","default","383292078","Oxt_06","49.979","min","103.067","%a.s.","Humid","20.041","deg","38976","µV","28.117","°C","1016.000","hPa","36.4","pmil","0","55.390","deg","20.000","°C","100.000","%a.s.","21.720","deg","20.000","°C","977.000","hPa","0.861","-0.02617","0.00035","0","0","13.56","Humid","26.25","0","44.00","377978.04","SABD0000000001","AAV1.0.0.11","4.0.0.2323","PSt7-10","170328-019","7/29/2022 11:23:46 AM","0000-00","0","no battery","V","","µV","","µV"
"08/09/2022","10:52:02","6","default","383292078","Oxt_06","49.995","min","102.943","%a.s.","Humid","20.053","deg","38966","µV","28.128","°C","1016.000","hPa","36.4","pmil","0","55.390","deg","20.000","°C","100.000","%a.s.","21.720","deg","20.000","°C","977.000","hPa","0.861","-0.02617","0.00035","0","0","13.56","Humid","26.25","0","44.00","377976.33","SABD0000000001","AAV1.0.0.11","4.0.0.2323","PSt7-10","170328-019","7/29/2022 11:23:46 AM","0000-00","0","no battery","V","","µV","","µV"
"08/09/2022","10:52:03","6","default","383292078","Oxt_06","50.012","min","102.915","%a.s.","Humid","20.056","deg","38965","µV","28.129","°C","1016.000","hPa","36.4","pmil","0","55.390","deg","20.000","°C","100.000","%a.s.","21.720","deg","20.000","°C","977.000","hPa","0.861","-0.02617","0.00035","0","0","13.56","Humid","26.25","0","44.00","377979.23","SABD0000000001","AAV1.0.0.11","4.0.0.2323","PSt7-10","170328-019","7/29/2022 11:23:46 AM","0000-00","0","no battery","V","","µV","","µV"
"08/09/2022","10:52:04","6","default","383292078","Oxt_06","50.029","min","103.039","%a.s.","Humid","20.045","deg","38963","µV","28.108","°C","1016.000","hPa","36.4","pmil","0","55.390","deg","20.000","°C","100.000","%a.s.","21.720","deg","20.000","°C","977.000","hPa","0.861","-0.02617","0.00035","0","0","13.56","Humid","26.25","0","44.00","377969.41","SABD0000000001","AAV1.0.0.11","4.0.0.2323","PSt7-10","170328-019","7/29/2022 11:23:46 AM","0000-00","0","no battery","V","","µV","","µV"
"08/09/2022","10:52:05","6","default","383292078","Oxt_06","50.045","min","102.958","%a.s.","Humid","20.053","deg","38964","µV","28.113","°C","1016.000","hPa","36.4","pmil","0","55.390","deg","20.000","°C","100.000","%a.s.","21.720","deg","20.000","°C","977.000","hPa","0.861","-0.02617","0.00035","0","0","13.56","Humid","26.25","0","44.00","377981.60","SABD0000000001","AAV1.0.0.11","4.0.0.2323","PSt7-10","170328-019","7/29/2022 11:23:46 AM","0000-00","0","no battery","V","","µV","","µV"
"08/09/2022","10:52:06","6","default","383292078","Oxt_06","50.062","min","102.915","%a.s.","Humid","20.058","deg","38966","µV","28.109","°C","1016.000","hPa","36.4","pmil","0","55.390","deg","20.000","°C","100.000","%a.s.","21.720","deg","20.000","°C","977.000","hPa","0.861","-0.02617","0.00035","0","0","13.56","Humid","26.25","0","44.00","377988.33","SABD0000000001","AAV1.0.0.11","4.0.0.2323","PSt7-10","170328-019","7/29/2022 11:23:46 AM","0000-00","0","no battery","V","","µV","","µV"
"08/09/2022","10:52:07","6","default","383292078","Oxt_06","50.079","min","103.022","%a.s.","Humid","20.046","deg","38965","µV","28.115","°C","1016.000","hPa","36.4","pmil","0","55.390","deg","20.000","°C","100.000","%a.s.","21.720","deg","20.000","°C","977.000","hPa","0.861","-0.02617","0.00035","0","0","13.56","Humid","26.25","0","44.00","377982.35","SABD0000000001","AAV1.0.0.11","4.0.0.2323","PSt7-10","170328-019","7/29/2022 11:23:46 AM","0000-00","0","no battery","V","","µV","","µV"
"08/09/2022","10:52:08","6","default","383292078","Oxt_06","50.095","min","102.995","%a.s.","Humid","20.050","deg","38968","µV","28.105","°C","1016.000","hPa","36.4","pmil","0","55.390","deg","20.000","°C","100.000","%a.s.","21.720","deg","20.000","°C","977.000","hPa","0.861","-0.02617","0.00035","0","0","13.56","Humid","26.25","0","44.00","377987.05","SABD0000000001","AAV1.0.0.11","4.0.0.2323","PSt7-10","170328-019","7/29/2022 11:23:46 AM","0000-00","0","no battery","V","","µV","","µV"
"08/09/2022","10:52:09","6","default","383292078","Oxt_06","50.112","min","103.026","%a.s.","Humid","20.047","deg","38962","µV","28.102","°C","1016.000","hPa","36.4","pmil","0","55.390","deg","20.000","°C","100.000","%a.s.","21.720","deg","20.000","°C","977.000","hPa","0.861","-0.02617","0.00035","0","0","13.56","Humid","26.25","0","44.00","377986.67","SABD0000000001","AAV1.0.0.11","4.0.0.2323","PSt7-10","170328-019","7/29/2022 11:23:46 AM","0000-00","0","no battery","V","","µV","","µV"
"08/09/2022","10:52:10","6","default","383292078","Oxt_06","50.129","min","103.044","%a.s.","Humid","20.046","deg","38967","µV","28.093","°C","1016.000","hPa","36.4","pmil","0","55.390","deg","20.000","°C","100.000","%a.s.","21.720","deg","20.000","°C","977.000","hPa","0.861","-0.02617","0.00035","0","0","13.56","Humid","26.25","0","44.00","377990.70","SABD0000000001","AAV1.0.0.11","4.0.0.2323","PSt7-10","170328-019","7/29/2022 11:23:46 AM","0000-00","0","no battery","V","","µV","","µV"
"08/09/2022","10:52:11","6","default","383292078","Oxt_06","50.145","min","102.977","%a.s.","Humid","20.050","deg","38952","µV","28.122","°C","1016.000","hPa","36.4","pmil","0","55.390","deg","20.000","°C","100.000","%a.s.","21.720","deg","20.000","°C","977.000","hPa","0.861","-0.02617","0.00035","0","0","13.56","Humid","26.25","0","44.00","377995.73","SABD0000000001","AAV1.0.0.11","4.0.0.2323","PSt7-10","170328-019","7/29/2022 11:23:46 AM","0000-00","0","no battery","V","","µV","","µV"
"08/09/2022","10:52:12","6","default","383292078","Oxt_06","50.162","min","102.970","%a.s.","Humid","20.051","deg","38963","µV","28.120","°C","1016.000","hPa","36.4","pmil","0","55.390","deg","20.000","°C","100.000","%a.s.","21.720","deg","20.000","°C","977.000","hPa","0.861","-0.02617","0.00035","0","0","13.56","Humid","26.25","0","44.00","377987.77","SABD0000000001","AAV1.0.0.11","4.0.0.2323","PSt7-10","170328-019","7/29/2022 11:23:46 AM","0000-00","0","no battery","V","","µV","","µV"
"08/09/2022","10:52:13","6","default","383292078","Oxt_06","50.179","min","103.020","%a.s.","Humid","20.046","deg","38956","µV","28.118","°C","1016.000","hPa","36.4","pmil","0","55.390","deg","20.000","°C","100.000","%a.s.","21.720","deg","20.000","°C","977.000","hPa","0.861","-0.02617","0.00035","0","0","13.56","Humid","26.25","0","44.00","377996.52","SABD0000000001","AAV1.0.0.11","4.0.0.2323","PSt7-10","170328-019","7/29/2022 11:23:46 AM","0000-00","0","no battery","V","","µV","","µV"
"08/09/2022","10:52:14","6","default","383292078","Oxt_06","50.195","min","103.057","%a.s.","Humid","20.042","deg","38957","µV","28.118","°C","1016.000","hPa","36.4","pmil","0","55.390","deg","20.000","°C","100.000","%a.s.","21.720","deg","20.000","°C","977.000","hPa","0.861","-0.02617","0.00035","0","0","13.56","Humid","26.25","0","44.00","377985.74","SABD0000000001","AAV1.0.0.11","4.0.0.2323","PSt7-10","170328-019","7/29/2022 11:23:46 AM","0000-00","0","no battery","V","","µV","","µV"
"08/09/2022","10:52:15","6","default","383292078","Oxt_06","50.212","min","102.956","%a.s.","Humid","20.053","deg","38963","µV","28.116","°C","1016.000","hPa","36.4","pmil","0","55.390","deg","20.000","°C","100.000","%a.s.","21.720","deg","20.000","°C","977.000","hPa","0.861","-0.02617","0.00035","0","0","13.56","Humid","26.25","0","44.00","377983.10","SABD0000000001","AAV1.0.0.11","4.0.0.2323","PSt7-10","170328-019","7/29/2022 11:23:46 AM","0000-00","0","no battery","V","","µV","","µV"
"08/09/2022","10:52:16","6","default","383292078","Oxt_06","50.229","min","103.005","%a.s.","Humid","20.047","deg","38956","µV","28.123","°C","1016.000","hPa","36.4","pmil","0","55.390","deg","20.000","°C","100.000","%a.s.","21.720","deg","20.000","°C","977.000","hPa","0.861","-0.02617","0.00035","0","0","13.56","Humid","26.25","0","44.00","378006.39","SABD0000000001","AAV1.0.0.11","4.0.0.2323","PSt7-10","170328-019","7/29/2022 11:23:46 AM","0000-00","0","no battery","V","","µV","","µV"
"08/09/2022","10:52:17","6","default","383292078","Oxt_06","50.246","min","103.062","%a.s.","Humid","20.043","deg","38956","µV","28.104","°C","1016.000","hPa","36.4","pmil","0","55.390","deg","20.000","°C","100.000","%a.s.","21.720","deg","20.000","°C","977.000","hPa","0.861","-0.02617","0.00035","0","0","13.56","Humid","26.25","0","44.00","378009.80","SABD0000000001","AAV1.0.0.11","4.0.0.2323","PSt7-10","170328-019","7/29/2022 11:23:46 AM","0000-00","0","no battery","V","","µV","","µV"
"08/09/2022","10:52:18","6","default","383292078","Oxt_06","50.262","min","103.039","%a.s.","Humid","20.046","deg","38959","µV","28.098","°C","1016.000","hPa","36.4","pmil","0","55.390","deg","20.000","°C","100.000","%a.s.","21.720","deg","20.000","°C","977.000","hPa","0.861","-0.02617","0.00035","0","0","13.56","Humid","26.25","0","44.00","377991.83","SABD0000000001","AAV1.0.0.11","4.0.0.2323","PSt7-10","170328-019","7/29/2022 11:23:46 AM","0000-00","0","no battery","V","","µV","","µV"
"08/09/2022","10:52:19","6","default","383292078","Oxt_06","50.279","min","103.086","%a.s.","Humid","20.039","deg","38951","µV","28.117","°C","1016.000","hPa","36.4","pmil","0","55.390","deg","20.000","°C","100.000","%a.s.","21.720","deg","20.000","°C","977.000","hPa","0.861","-0.02617","0.00035","0","0","13.56","Humid","26.25","0","44.00","377997.26","SABD0000000001","AAV1.0.0.11","4.0.0.2323","PSt7-10","170328-019","7/29/2022 11:23:46 AM","0000-00","0","no battery","V","","µV","","µV"
"08/09/2022","10:52:20","6","default","383292078","Oxt_06","50.296","min","103.052","%a.s.","Humid","20.043","deg","38952","µV","28.113","°C","1016.000","hPa","36.4","pmil","0","55.390","deg","20.000","°C","100.000","%a.s.","21.720","deg","20.000","°C","977.000","hPa","0.861","-0.02617","0.00035","0","0","13.56","Humid","26.25","0","44.00","378001.66","SABD0000000001","AAV1.0.0.11","4.0.0.2323","PSt7-10","170328-019","7/29/2022 11:23:46 AM","0000-00","0","no battery","V","","µV","","µV"
"08/09/2022","10:52:21","6","default","383292078","Oxt_06","50.312","min","103.021","%a.s.","Humid","20.046","deg","38953","µV","28.116","°C","1016.000","hPa","36.4","pmil","0","55.390","deg","20.000","°C","100.000","%a.s.","21.720","deg","20.000","°C","977.000","hPa","0.861","-0.02617","0.00035","0","0","13.56","Humid","26.25","0","44.00","378009.07","SABD0000000001","AAV1.0.0.11","4.0.0.2323","PSt7-10","170328-019","7/29/2022 11:23:46 AM","0000-00","0","no battery","V","","µV","","µV"
"08/09/2022","10:52:22","6","default","383292078","Oxt_06","50.329","min","103.097","%a.s.","Humid","20.038","deg","38954","µV","28.115","°C","1016.000","hPa","36.4","pmil","0","55.390","deg","20.000","°C","100.000","%a.s.","21.720","deg","20.000","°C","977.000","hPa","0.861","-0.02617","0.00035","0","0","13.56","Humid","26.25","0","44.00","378012.48","SABD0000000001","AAV1.0.0.11","4.0.0.2323","PSt7-10","170328-019","7/29/2022 11:23:46 AM","0000-00","0","no battery","V","","µV","","µV"
"08/09/2022","10:52:23","6","default","383292078","Oxt_06","50.346","min","103.091","%a.s.","Humid","20.039","deg","38949","µV","28.111","°C","1016.000","hPa","36.4","pmil","0","55.390","deg","20.000","°C","100.000","%a.s.","21.720","deg","20.000","°C","977.000","hPa","0.861","-0.02617","0.00035","0","0","13.56","Humid","26.25","0","44.00","378016.58","SABD0000000001","AAV1.0.0.11","4.0.0.2323","PSt7-10","170328-019","7/29/2022 11:23:46 AM","0000-00","0","no battery","V","","µV","","µV"
"08/09/2022","10:52:24","6","default","383292078","Oxt_06","50.363","min","103.011","%a.s.","Humid","20.046","deg","38954","µV","28.126","°C","1016.000","hPa","36.4","pmil","0","55.390","deg","20.000","°C","100.000","%a.s.","21.720","deg","20.000","°C","977.000","hPa","0.861","-0.02617","0.00035","0","0","13.56","Humid","26.25","0","44.00","377994.93","SABD0000000001","AAV1.0.0.11","4.0.0.2323","PSt7-10","170328-019","7/29/2022 11:23:46 AM","0000-00","0","no battery","V","","µV","","µV"
"08/09/2022","10:52:25","6","default","383292078","Oxt_06","50.379","min","103.053","%a.s.","Humid","20.043","deg","38954","µV","28.112","°C","1016.000","hPa","36.4","pmil","0","55.390","deg","20.000","°C","100.000","%a.s.","21.720","deg","20.000","°C","977.000","hPa","0.861","-0.02617","0.00035","0","0","13.56","Humid","26.25","0","44.00","377990.05","SABD0000000001","AAV1.0.0.11","4.0.0.2323","PSt7-10","170328-019","7/29/2022 11:23:46 AM","0000-00","0","no battery","V","","µV","","µV"
"08/09/2022","10:52:26","6","default","383292078","Oxt_06","50.396","min","103.088","%a.s.","Humid","20.039","deg","38940","µV","28.114","°C","1016.000","hPa","36.4","pmil","0","55.390","deg","20.000","°C","100.000","%a.s.","21.720","deg","20.000","°C","977.000","hPa","0.861","-0.02617","0.00035","0","0","13.56","Humid","26.25","0","44.00","377986.72","SABD0000000001","AAV1.0.0.11","4.0.0.2323","PSt7-10","170328-019","7/29/2022 11:23:46 AM","0000-00","0","no battery","V","","µV","","µV"
"08/09/2022","10:52:27","6","default","383292078","Oxt_06","50.413","min","103.079","%a.s.","Humid","20.040","deg","38948","µV","28.114","°C","1016.000","hPa","36.4","pmil","0","55.390","deg","20.000","°C","100.000","%a.s.","21.720","deg","20.000","°C","977.000","hPa","0.861","-0.02617","0.00035","0","0","13.56","Humid","26.25","0","44.00","378016.43","SABD0000000001","AAV1.0.0.11","4.0.0.2323","PSt7-10","170328-019","7/29/2022 11:23:46 AM","0000-00","0","no battery","V","","µV","","µV"
"08/09/2022","10:52:28","6","default","383292078","Oxt_06","50.429","min","103.096","%a.s.","Humid","20.040","deg","38946","µV","28.097","°C","1016.000","hPa","36.4","pmil","0","55.390","deg","20.000","°C","100.000","%a.s.","21.720","deg","20.000","°C","977.000","hPa","0.861","-0.02617","0.00035","0","0","13.56","Humid","26.25","0","44.00","378004.70","SABD0000000001","AAV1.0.0.11","4.0.0.2323","PSt7-10","170328-019","7/29/2022 11:23:46 AM","0000-00","0","no battery","V","","µV","","µV"
"08/09/2022","10:52:29","6","default","383292078","Oxt_06","50.446","min","103.143","%a.s.","Humid","20.035","deg","38948","µV","28.097","°C","1016.000","hPa","36.4","pmil","0","55.390","deg","20.000","°C","100.000","%a.s.","21.720","deg","20.000","°C","977.000","hPa","0.861","-0.02617","0.00035","0","0","13.56","Humid","26.25","0","44.00","378021.47","SABD0000000001","AAV1.0.0.11","4.0.0.2323","PSt7-10","170328-019","7/29/2022 11:23:46 AM","0000-00","0","no battery","V","","µV","","µV"
"08/09/2022","10:52:30","6","default","383292078","Oxt_06","50.462","min","103.004","%a.s.","Humid","20.048","deg","38945","µV","28.114","°C","1016.000","hPa","36.4","pmil","0","55.390","deg","20.000","°C","100.000","%a.s.","21.720","deg","20.000","°C","977.000","hPa","0.861","-0.02617","0.00035","0","0","13.56","Humid","26.25","0","44.00","378013.55","SABD0000000001","AAV1.0.0.11","4.0.0.2323","PSt7-10","170328-019","7/29/2022 11:23:46 AM","0000-00","0","no battery","V","","µV","","µV"
"08/09/2022","10:52:31","6","default","383292078","Oxt_06","50.479","min","103.102","%a.s.","Humid","20.037","deg","38949","µV","28.120","°C","1016.000","hPa","36.4","pmil","0","55.390","deg","20.000","°C","100.000","%a.s.","21.720","deg","20.000","°C","977.000","hPa","0.861","-0.02617","0.00035","0","0","13.56","Humid","26.25","0","44.00","378012.98","SABD0000000001","AAV1.0.0.11","4.0.0.2323","PSt7-10","170328-019","7/29/2022 11:23:46 AM","0000-00","0","no battery","V","","µV","","µV"
"08/09/2022","10:52:32","6","default","383292078","Oxt_06","50.495","min","103.077","%a.s.","Humid","20.040","deg","38946","µV","28.116","°C","1016.000","hPa","36.4","pmil","0","55.390","deg","20.000","°C","100.000","%a.s.","21.720","deg","20.000","°C","977.000","hPa","0.861","-0.02617","0.00035","0","0","13.56","Humid","26.25","0","44.00","378005.45","SABD0000000001","AAV1.0.0.11","4.0.0.2323","PSt7-10","170328-019","7/29/2022 11:23:46 AM","0000-00","0","no battery","V","","µV","","µV"
"08/09/2022","10:52:33","6","default","383292078","Oxt_06","50.512","min","103.086","%a.s.","Humid","20.039","deg","38942","µV","28.117","°C","1016.000","hPa","36.4","pmil","0","55.390","deg","20.000","°C","100.000","%a.s.","21.720","deg","20.000","°C","977.000","hPa","0.861","-0.02617","0.00035","0","0","13.56","Humid","26.25","0","44.00","378019.35","SABD0000000001","AAV1.0.0.11","4.0.0.2323","PSt7-10","170328-019","7/29/2022 11:23:46 AM","0000-00","0","no battery","V","","µV","","µV"
"08/09/2022","10:52:34","6","default","383292078","Oxt_06","50.529","min","103.108","%a.s.","Humid","20.037","deg","38945","µV","28.114","°C","1016.000","hPa","36.4","pmil","0","55.390","deg","20.000","°C","100.000","%a.s.","21.720","deg","20.000","°C","977.000","hPa","0.861","-0.02617","0.00035","0","0","13.56","Humid","26.25","0","44.00","378009.54","SABD0000000001","AAV1.0.0.11","4.0.0.2323","PSt7-10","170328-019","7/29/2022 11:23:46 AM","0000-00","0","no battery","V","","µV","","µV"
"08/09/2022","10:52:35","6","default","383292078","Oxt_06","50.545","min","103.136","%a.s.","Humid","20.034","deg","38937","µV","28.114","°C","1016.000","hPa","36.4","pmil","0","55.390","deg","20.000","°C","100.000","%a.s.","21.720","deg","20.000","°C","977.000","hPa","0.861","-0.02617","0.00035","0","0","13.56","Humid","26.25","0","44.00","378025.46","SABD0000000001","AAV1.0.0.11","4.0.0.2323","PSt7-10","170328-019","7/29/2022 11:23:46 AM","0000-00","0","no battery","V","","µV","","µV"
"08/09/2022","10:52:36","6","default","383292078","Oxt_06","50.562","min","103.107","%a.s.","Humid","20.036","deg","38934","µV","28.125","°C","1016.000","hPa","36.4","pmil","0","55.390","deg","20.000","°C","100.000","%a.s.","21.720","deg","20.000","°C","977.000","hPa","0.861","-0.02617","0.00035","0","0","13.56","Humid","26.25","0","44.00","378017.37","SABD0000000001","AAV1.0.0.11","4.0.0.2323","PSt7-10","170328-019","7/29/2022 11:23:46 AM","0000-00","0","no battery","V","","µV","","µV"
"08/09/2022","10:52:37","6","default","383292078","Oxt_06","50.579","min","103.125","%a.s.","Humid","20.034","deg","38937","µV","28.125","°C","1016.000","hPa","36.4","pmil","0","55.390","deg","20.000","°C","100.000","%a.s.","21.720","deg","20.000","°C","977.000","hPa","0.861","-0.02617","0.00035","0","0","13.56","Humid","26.25","0","44.00","378025.00","SABD0000000001","AAV1.0.0.11","4.0.0.2323","PSt7-10","170328-019","7/29/2022 11:23:46 AM","0000-00","0","no battery","V","","µV","","µV"
"08/09/2022","10:52:38","6","default","383292078","Oxt_06","50.595","min","103.154","%a.s.","Humid","20.033","deg","38940","µV","28.105","°C","1016.000","hPa","36.4","pmil","0","55.390","deg","20.000","°C","100.000","%a.s.","21.720","deg","20.000","°C","977.000","hPa","0.861","-0.02617","0.00035","0","0","13.56","Humid","26.25","0","44.00","378022.51","SABD0000000001","AAV1.0.0.11","4.0.0.2323","PSt7-10","170328-019","7/29/2022 11:23:46 AM","0000-00","0","no battery","V","","µV","","µV"
"08/09/2022","10:52:39","6","default","383292078","Oxt_06","50.612","min","103.043","%a.s.","Humid","20.044","deg","38934","µV","28.113","°C","1016.000","hPa","36.4","pmil","0","55.390","deg","20.000","°C","100.000","%a.s.","21.720","deg","20.000","°C","977.000","hPa","0.861","-0.02617","0.00035","0","0","13.56","Humid","26.25","0","44.00","378027.90","SABD0000000001","AAV1.0.0.11","4.0.0.2323","PSt7-10","170328-019","7/29/2022 11:23:46 AM","0000-00","0","no battery","V","","µV","","µV"
"08/09/2022","10:52:40","6","default","383292078","Oxt_06","50.629","min","103.127","%a.s.","Humid","20.036","deg","38939","µV","28.104","°C","1016.000","hPa","36.4","pmil","0","55.390","deg","20.000","°C","100.000","%a.s.","21.720","deg","20.000","°C","977.000","hPa","0.861","-0.02617","0.00035","0","0","13.56","Humid","26.25","0","44.00","378030.49","SABD0000000001","AAV1.0.0.11","4.0.0.2323","PSt7-10","170328-019","7/29/2022 11:23:46 AM","0000-00","0","no battery","V","","µV","","µV"
"08/09/2022","10:52:41","6","default","383292078","Oxt_06","50.645","min","103.174","%a.s.","Humid","20.029","deg","38930","µV","28.123","°C","1016.000","hPa","36.4","pmil","0","55.390","deg","20.000","°C","100.000","%a.s.","21.720","deg","20.000","°C","977.000","hPa","0.861","-0.02617","0.00035","0","0","13.56","Humid","26.25","0","44.00","378028.90","SABD0000000001","AAV1.0.0.11","4.0.0.2323","PSt7-10","170328-019","7/29/2022 11:23:46 AM","0000-00","0","no battery","V","","µV","","µV"
"08/09/2022","10:52:42","6","default","383292078","Oxt_06","50.662","min","103.114","%a.s.","Humid","20.035","deg","38932","µV","28.127","°C","1016.000","hPa","36.4","pmil","0","55.390","deg","20.000","°C","100.000","%a.s.","21.720","deg","20.000","°C","977.000","hPa","0.861","-0.02617","0.00035","0","0","13.56","Humid","26.25","0","44.00","378039.02","SABD0000000001","AAV1.0.0.11","4.0.0.2323","PSt7-10","170328-019","7/29/2022 11:23:46 AM","0000-00","0","no battery","V","","µV","","µV"
"08/09/2022","10:52:43","6","default","383292078","Oxt_06","50.679","min","103.164","%a.s.","Humid","20.032","deg","38934","µV","28.104","°C","1016.000","hPa","36.4","pmil","0","55.390","deg","20.000","°C","100.000","%a.s.","21.720","deg","20.000","°C","977.000","hPa","0.861","-0.02617","0.00035","0","0","13.56","Humid","26.25","0","44.00","378030.81","SABD0000000001","AAV1.0.0.11","4.0.0.2323","PSt7-10","170328-019","7/29/2022 11:23:46 AM","0000-00","0","no battery","V","","µV","","µV"
"08/09/2022","10:52:44","6","default","383292078","Oxt_06","50.696","min","103.068","%a.s.","Humid","20.041","deg","38938","µV","28.116","°C","1016.000","hPa","36.4","pmil","0","55.390","deg","20.000","°C","100.000","%a.s.","21.720","deg","20.000","°C","977.000","hPa","0.861","-0.02617","0.00035","0","0","13.56","Humid","26.25","0","44.00","378037.87","SABD0000000001","AAV1.0.0.11","4.0.0.2323","PSt7-10","170328-019","7/29/2022 11:23:46 AM","0000-00","0","no battery","V","","µV","","µV"
"08/09/2022","10:52:45","6","default","383292078","Oxt_06","50.712","min","103.139","%a.s.","Humid","20.033","deg","38930","µV","28.121","°C","1016.000","hPa","36.4","pmil","0","55.390","deg","20.000","°C","100.000","%a.s.","21.720","deg","20.000","°C","977.000","hPa","0.861","-0.02617","0.00035","0","0","13.56","Humid","26.25","0","44.00","378013.82","SABD0000000001","AAV1.0.0.11","4.0.0.2323","PSt7-10","170328-019","7/29/2022 11:23:46 AM","0000-00","0","no battery","V","","µV","","µV"
"08/09/2022","10:52:46","6","default","383292078","Oxt_06","50.729","min","103.138","%a.s.","Humid","20.032","deg","38934","µV","28.131","°C","1016.000","hPa","36.4","pmil","0","55.390","deg","20.000","°C","100.000","%a.s.","21.720","deg","20.000","°C","977.000","hPa","0.861","-0.02617","0.00035","0","0","13.56","Humid","26.25","0","44.00","378032.95","SABD0000000001","AAV1.0.0.11","4.0.0.2323","PSt7-10","170328-019","7/29/2022 11:23:46 AM","0000-00","0","no battery","V","","µV","","µV"
"08/09/2022","10:52:47","6","default","383292078","Oxt_06","50.746","min","103.130","%a.s.","Humid","20.036","deg","38937","µV","28.100","°C","1016.000","hPa","36.4","pmil","0","55.390","deg","20.000","°C","100.000","%a.s.","21.720","deg","20.000","°C","977.000","hPa","0.861","-0.02617","0.00035","0","0","13.56","Humid","26.25","0","44.00","378033.81","SABD0000000001","AAV1.0.0.11","4.0.0.2323","PSt7-10","170328-019","7/29/2022 11:23:46 AM","0000-00","0","no battery","V","","µV","","µV"
"08/09/2022","10:52:48","6","default","383292078","Oxt_06","50.762","min","103.252","%a.s.","Humid","20.023","deg","38933","µV","28.102","°C","1016.000","hPa","36.4","pmil","0","55.390","deg","20.000","°C","100.000","%a.s.","21.720","deg","20.000","°C","977.000","hPa","0.861","-0.02617","0.00035","0","0","13.56","Humid","26.25","0","44.00","378029.95","SABD0000000001","AAV1.0.0.11","4.0.0.2323","PSt7-10","170328-019","7/29/2022 11:23:46 AM","0000-00","0","no battery","V","","µV","","µV"
"08/09/2022","10:52:49","6","default","383292078","Oxt_06","50.779","min","103.211","%a.s.","Humid","20.027","deg","38931","µV","28.105","°C","1016.000","hPa","36.4","pmil","0","55.390","deg","20.000","°C","100.000","%a.s.","21.720","deg","20.000","°C","977.000","hPa","0.861","-0.02617","0.00035","0","0","13.56","Humid","26.25","0","44.00","378028.68","SABD0000000001","AAV1.0.0.11","4.0.0.2323","PSt7-10","170328-019","7/29/2022 11:23:46 AM","0000-00","0","no battery","V","","µV","","µV"
"08/09/2022","10:52:50","6","default","383292078","Oxt_06","50.796","min","103.183","%a.s.","Humid","20.028","deg","38927","µV","28.123","°C","1016.000","hPa","36.4","pmil","0","55.390","deg","20.000","°C","100.000","%a.s.","21.720","deg","20.000","°C","977.000","hPa","0.861","-0.02617","0.00035","0","0","13.56","Humid","26.25","0","44.00","378061.31","SABD0000000001","AAV1.0.0.11","4.0.0.2323","PSt7-10","170328-019","7/29/2022 11:23:46 AM","0000-00","0","no battery","V","","µV","","µV"
"08/09/2022","10:52:51","6","default","383292078","Oxt_06","50.813","min","103.231","%a.s.","Humid","20.023","deg","38924","µV","28.122","°C","1016.000","hPa","36.4","pmil","0","55.390","deg","20.000","°C","100.000","%a.s.","21.720","deg","20.000","°C","977.000","hPa","0.861","-0.02617","0.00035","0","0","13.56","Humid","26.25","0","44.00","378044.54","SABD0000000001","AAV1.0.0.11","4.0.0.2323","PSt7-10","170328-019","7/29/2022 11:23:46 AM","0000-00","0","no battery","V","","µV","","µV"
"08/09/2022","10:52:52","6","default","383292078","Oxt_06","50.829","min","103.219","%a.s.","Humid","20.025","deg","38923","µV","28.115","°C","1016.000","hPa","36.4","pmil","0","55.390","deg","20.000","°C","100.000","%a.s.","21.720","deg","20.000","°C","977.000","hPa","0.861","-0.02617","0.00035","0","0","13.56","Humid","26.25","0","44.00","378041.08","SABD0000000001","AAV1.0.0.11","4.0.0.2323","PSt7-10","170328-019","7/29/2022 11:23:46 AM","0000-00","0","no battery","V","","µV","","µV"
"08/09/2022","10:52:53","6","default","383292078","Oxt_06","50.846","min","103.126","%a.s.","Humid","20.034","deg","38925","µV","28.124","°C","1016.000","hPa","36.4","pmil","0","55.390","deg","20.000","°C","100.000","%a.s.","21.720","deg","20.000","°C","977.000","hPa","0.861","-0.02617","0.00035","0","0","13.56","Humid","26.25","0","44.00","378040.25","SABD0000000001","AAV1.0.0.11","4.0.0.2323","PSt7-10","170328-019","7/29/2022 11:23:46 AM","0000-00","0","no battery","V","","µV","","µV"
"08/09/2022","10:52:54","6","default","383292078","Oxt_06","50.862","min","103.182","%a.s.","Humid","20.028","deg","38920","µV","28.125","°C","1016.000","hPa","36.4","pmil","0","55.390","deg","20.000","°C","100.000","%a.s.","21.720","deg","20.000","°C","977.000","hPa","0.861","-0.02617","0.00035","0","0","13.56","Humid","26.25","0","44.00","378039.62","SABD0000000001","AAV1.0.0.11","4.0.0.2323","PSt7-10","170328-019","7/29/2022 11:23:46 AM","0000-00","0","no battery","V","","µV","","µV"
"08/09/2022","10:52:55","6","default","383292078","Oxt_06","50.879","min","103.137","%a.s.","Humid","20.032","deg","38916","µV","28.132","°C","1016.000","hPa","36.4","pmil","0","55.390","deg","20.000","°C","100.000","%a.s.","21.720","deg","20.000","°C","977.000","hPa","0.861","-0.02617","0.00035","0","0","13.56","Humid","26.25","0","44.00","378045.72","SABD0000000001","AAV1.0.0.11","4.0.0.2323","PSt7-10","170328-019","7/29/2022 11:23:46 AM","0000-00","0","no battery","V","","µV","","µV"
"08/09/2022","10:52:56","6","default","383292078","Oxt_06","50.896","min","103.264","%a.s.","Humid","20.020","deg","38918","µV","28.118","°C","1016.000","hPa","36.4","pmil","0","55.390","deg","20.000","°C","100.000","%a.s.","21.720","deg","20.000","°C","977.000","hPa","0.861","-0.02617","0.00035","0","0","13.56","Humid","26.25","0","44.00","378036.63","SABD0000000001","AAV1.0.0.11","4.0.0.2323","PSt7-10","170328-019","7/29/2022 11:23:46 AM","0000-00","0","no battery","V","","µV","","µV"
"08/09/2022","10:52:57","6","default","383292078","Oxt_06","50.912","min","103.161","%a.s.","Humid","20.030","deg","38918","µV","28.126","°C","1016.000","hPa","36.4","pmil","0","55.390","deg","20.000","°C","100.000","%a.s.","21.720","deg","20.000","°C","977.000","hPa","0.861","-0.02617","0.00035","0","0","13.56","Humid","26.25","0","44.00","378039.01","SABD0000000001","AAV1.0.0.11","4.0.0.2323","PSt7-10","170328-019","7/29/2022 11:23:46 AM","0000-00","0","no battery","V","","µV","","µV"
"08/09/2022","10:52:58","6","default","383292078","Oxt_06","50.929","min","103.198","%a.s.","Humid","20.027","deg","38918","µV","28.117","°C","1016.000","hPa","36.4","pmil","0","55.390","deg","20.000","°C","100.000","%a.s.","21.720","deg","20.000","°C","977.000","hPa","0.861","-0.02617","0.00035","0","0","13.56","Humid","26.25","0","44.00","378055.47","SABD0000000001","AAV1.0.0.11","4.0.0.2323","PSt7-10","170328-019","7/29/2022 11:23:46 AM","0000-00","0","no battery","V","","µV","","µV"
"08/09/2022","10:52:59","6","default","383292078","Oxt_06","50.945","min","103.314","%a.s.","Humid","20.015","deg","38914","µV","28.114","°C","1016.000","hPa","36.4","pmil","0","55.390","deg","20.000","°C","100.000","%a.s.","21.720","deg","20.000","°C","977.000","hPa","0.861","-0.02617","0.00035","0","0","13.56","Humid","26.25","0","44.00","378047.79","SABD0000000001","AAV1.0.0.11","4.0.0.2323","PSt7-10","170328-019","7/29/2022 11:23:46 AM","0000-00","0","no battery","V","","µV","","µV"
"08/09/2022","10:53:00","6","default","383292078","Oxt_06","50.962","min","103.239","%a.s.","Humid","20.023","deg","38915","µV","28.114","°C","1016.000","hPa","36.4","pmil","0","55.390","deg","20.000","°C","100.000","%a.s.","21.720","deg","20.000","°C","977.000","hPa","0.861","-0.02617","0.00035","0","0","13.56","Humid","26.25","0","44.00","378039.95","SABD0000000001","AAV1.0.0.11","4.0.0.2323","PSt7-10","170328-019","7/29/2022 11:23:46 AM","0000-00","0","no battery","V","","µV","","µV"
"08/09/2022","10:53:01","6","default","383292078","Oxt_06","50.979","min","103.247","%a.s.","Humid","20.022","deg","38916","µV","28.116","°C","1016.000","hPa","36.4","pmil","0","55.390","deg","20.000","°C","100.000","%a.s.","21.720","deg","20.000","°C","977.000","hPa","0.861","-0.02617","0.00035","0","0","13.56","Humid","26.25","0","44.00","378052.34","SABD0000000001","AAV1.0.0.11","4.0.0.2323","PSt7-10","170328-019","7/29/2022 11:23:46 AM","0000-00","0","no battery","V","","µV","","µV"
"08/09/2022","10:53:02","6","default","383292078","Oxt_06","50.995","min","103.299","%a.s.","Humid","20.017","deg","38918","µV","28.111","°C","1016.000","hPa","36.4","pmil","0","55.390","deg","20.000","°C","100.000","%a.s.","21.720","deg","20.000","°C","977.000","hPa","0.861","-0.02617","0.00035","0","0","13.56","Humid","26.25","0","44.00","378044.48","SABD0000000001","AAV1.0.0.11","4.0.0.2323","PSt7-10","170328-019","7/29/2022 11:23:46 AM","0000-00","0","no battery","V","","µV","","µV"
"08/09/2022","10:53:03","6","default","383292078","Oxt_06","51.012","min","103.305","%a.s.","Humid","20.016","deg","38911","µV","28.114","°C","1016.000","hPa","36.4","pmil","0","55.390","deg","20.000","°C","100.000","%a.s.","21.720","deg","20.000","°C","977.000","hPa","0.861","-0.02617","0.00035","0","0","13.56","Humid","26.25","0","44.00","378051.04","SABD0000000001","AAV1.0.0.11","4.0.0.2323","PSt7-10","170328-019","7/29/2022 11:23:46 AM","0000-00","0","no battery","V","","µV","","µV"
"08/09/2022","10:53:04","6","default","383292078","Oxt_06","51.029","min","103.292","%a.s.","Humid","20.017","deg","38918","µV","28.118","°C","1016.000","hPa","36.4","pmil","0","55.390","deg","20.000","°C","100.000","%a.s.","21.720","deg","20.000","°C","977.000","hPa","0.861","-0.02617","0.00035","0","0","13.56","Humid","26.25","0","44.00","378065.49","SABD0000000001","AAV1.0.0.11","4.0.0.2323","PSt7-10","170328-019","7/29/2022 11:23:46 AM","0000-00","0","no battery","V","","µV","","µV"
"08/09/2022","10:53:05","6","default","383292078","Oxt_06","51.045","min","103.178","%a.s.","Humid","20.029","deg","38921","µV","28.119","°C","1016.000","hPa","36.4","pmil","0","55.390","deg","20.000","°C","100.000","%a.s.","21.720","deg","20.000","°C","977.000","hPa","0.861","-0.02617","0.00035","0","0","13.56","Humid","26.25","0","44.00","378059.31","SABD0000000001","AAV1.0.0.11","4.0.0.2323","PSt7-10","170328-019","7/29/2022 11:23:46 AM","0000-00","0","no battery","V","","µV","","µV"
"08/09/2022","10:53:06","6","default","383292078","Oxt_06","51.062","min","103.248","%a.s.","Humid","20.023","deg","38918","µV","28.106","°C","1016.000","hPa","36.4","pmil","0","55.390","deg","20.000","°C","100.000","%a.s.","21.720","deg","20.000","°C","977.000","hPa","0.861","-0.02617","0.00035","0","0","13.56","Humid","26.25","0","44.00","378054.27","SABD0000000001","AAV1.0.0.11","4.0.0.2323","PSt7-10","170328-019","7/29/2022 11:23:46 AM","0000-00","0","no battery","V","","µV","","µV"
"08/09/2022","10:53:07","6","default","383292078","Oxt_06","51.079","min","103.303","%a.s.","Humid","20.017","deg","38913","µV","28.107","°C","1016.000","hPa","36.4","pmil","0","55.390","deg","20.000","°C","100.000","%a.s.","21.720","deg","20.000","°C","977.000","hPa","0.861","-0.02617","0.00035","0","0","13.56","Humid","26.25","0","44.00","378065.14","SABD0000000001","AAV1.0.0.11","4.0.0.2323","PSt7-10","170328-019","7/29/2022 11:23:46 AM","0000-00","0","no battery","V","","µV","","µV"
"08/09/2022","10:53:08","6","default","383292078","Oxt_06","51.095","min","103.296","%a.s.","Humid","20.016","deg","38913","µV","28.124","°C","1016.000","hPa","36.4","pmil","0","55.390","deg","20.000","°C","100.000","%a.s.","21.720","deg","20.000","°C","977.000","hPa","0.861","-0.02617","0.00035","0","0","13.56","Humid","26.25","0","44.00","378047.23","SABD0000000001","AAV1.0.0.11","4.0.0.2323","PSt7-10","170328-019","7/29/2022 11:23:46 AM","0000-00","0","no battery","V","","µV","","µV"
"08/09/2022","10:53:09","6","default","383292078","Oxt_06","51.112","min","103.228","%a.s.","Humid","20.022","deg","38910","µV","28.135","°C","1016.000","hPa","36.4","pmil","0","55.390","deg","20.000","°C","100.000","%a.s.","21.720","deg","20.000","°C","977.000","hPa","0.861","-0.02617","0.00035","0","0","13.56","Humid","26.25","0","44.00","378060.56","SABD0000000001","AAV1.0.0.11","4.0.0.2323","PSt7-10","170328-019","7/29/2022 11:23:46 AM","0000-00","0","no battery","V","","µV","","µV"
"08/09/2022","10:53:10","6","default","383292078","Oxt_06","51.129","min","103.226","%a.s.","Humid","20.022","deg","38914","µV","28.137","°C","1016.000","hPa","36.4","pmil","0","55.390","deg","20.000","°C","100.000","%a.s.","21.720","deg","20.000","°C","977.000","hPa","0.861","-0.02617","0.00035","0","0","13.56","Humid","26.25","0","44.00","378060.88","SABD0000000001","AAV1.0.0.11","4.0.0.2323","PSt7-10","170328-019","7/29/2022 11:23:46 AM","0000-00","0","no battery","V","","µV","","µV"
"08/09/2022","10:53:11","6","default","383292078","Oxt_06","51.146","min","103.234","%a.s.","Humid","20.022","deg","38912","µV","28.129","°C","1016.000","hPa","36.4","pmil","0","55.390","deg","20.000","°C","100.000","%a.s.","21.720","deg","20.000","°C","977.000","hPa","0.861","-0.02617","0.00035","0","0","13.56","Humid","26.25","0","44.00","378060.77","SABD0000000001","AAV1.0.0.11","4.0.0.2323","PSt7-10","170328-019","7/29/2022 11:23:46 AM","0000-00","0","no battery","V","","µV","","µV"
"08/09/2022","10:53:12","6","default","383292078","Oxt_06","51.162","min","103.269","%a.s.","Humid","20.019","deg","38916","µV","28.122","°C","1016.000","hPa","36.4","pmil","0","55.390","deg","20.000","°C","100.000","%a.s.","21.720","deg","20.000","°C","977.000","hPa","0.861","-0.02617","0.00035","0","0","13.56","Humid","26.25","0","44.00","378064.78","SABD0000000001","AAV1.0.0.11","4.0.0.2323","PSt7-10","170328-019","7/29/2022 11:23:46 AM","0000-00","0","no battery","V","","µV","","µV"
"08/09/2022","10:53:13","6","default","383292078","Oxt_06","51.179","min","103.266","%a.s.","Humid","20.019","deg","38909","µV","28.126","°C","1016.000","hPa","36.4","pmil","0","55.390","deg","20.000","°C","100.000","%a.s.","21.720","deg","20.000","°C","977.000","hPa","0.861","-0.02617","0.00035","0","0","13.56","Humid","26.25","0","44.00","378070.24","SABD0000000001","AAV1.0.0.11","4.0.0.2323","PSt7-10","170328-019","7/29/2022 11:23:46 AM","0000-00","0","no battery","V","","µV","","µV"
"08/09/2022","10:53:14","6","default","383292078","Oxt_06","51.196","min","103.342","%a.s.","Humid","20.011","deg","38908","µV","28.125","°C","1016.000","hPa","36.4","pmil","0","55.390","deg","20.000","°C","100.000","%a.s.","21.720","deg","20.000","°C","977.000","hPa","0.861","-0.02617","0.00035","0","0","13.56","Humid","26.25","0","44.00","378087.61","SABD0000000001","AAV1.0.0.11","4.0.0.2323","PSt7-10","170328-019","7/29/2022 11:23:46 AM","0000-00","0","no battery","V","","µV","","µV"
"08/09/2022","10:53:15","6","default","383292078","Oxt_06","51.213","min","103.296","%a.s.","Humid","20.017","deg","38908","µV","28.114","°C","1016.000","hPa","36.4","pmil","0","55.390","deg","20.000","°C","100.000","%a.s.","21.720","deg","20.000","°C","977.000","hPa","0.861","-0.02617","0.00035","0","0","13.56","Humid","26.25","0","44.00","378083.01","SABD0000000001","AAV1.0.0.11","4.0.0.2323","PSt7-10","170328-019","7/29/2022 11:23:46 AM","0000-00","0","no battery","V","","µV","","µV"
"08/09/2022","10:53:16","6","default","383292078","Oxt_06","51.229","min","103.282","%a.s.","Humid","20.019","deg","38902","µV","28.109","°C","1016.000","hPa","36.4","pmil","0","55.390","deg","20.000","°C","100.000","%a.s.","21.720","deg","20.000","°C","977.000","hPa","0.861","-0.02617","0.00035","0","0","13.56","Humid","26.25","0","44.00","378067.10","SABD0000000001","AAV1.0.0.11","4.0.0.2323","PSt7-10","170328-019","7/29/2022 11:23:46 AM","0000-00","0","no battery","V","","µV","","µV"
"08/09/2022","10:53:17","6","default","383292078","Oxt_06","51.246","min","103.314","%a.s.","Humid","20.015","deg","38906","µV","28.114","°C","1016.000","hPa","36.4","pmil","0","55.390","deg","20.000","°C","100.000","%a.s.","21.720","deg","20.000","°C","977.000","hPa","0.861","-0.02617","0.00035","0","0","13.56","Humid","26.25","0","44.00","378076.04","SABD0000000001","AAV1.0.0.11","4.0.0.2323","PSt7-10","170328-019","7/29/2022 11:23:46 AM","0000-00","0","no battery","V","","µV","","µV"
"08/09/2022","10:53:18","6","default","383292078","Oxt_06","51.263","min","103.321","%a.s.","Humid","20.013","deg","38903","µV","28.127","°C","1016.000","hPa","36.4","pmil","0","55.390","deg","20.000","°C","100.000","%a.s.","21.720","deg","20.000","°C","977.000","hPa","0.861","-0.02617","0.00035","0","0","13.56","Humid","26.25","0","44.00","378075.49","SABD0000000001","AAV1.0.0.11","4.0.0.2323","PSt7-10","170328-019","7/29/2022 11:23:46 AM","0000-00","0","no battery","V","","µV","","µV"
"08/09/2022","10:53:19","6","default","383292078","Oxt_06","51.279","min","103.321","%a.s.","Humid","20.014","deg","38897","µV","28.117","°C","1016.000","hPa","36.4","pmil","0","55.390","deg","20.000","°C","100.000","%a.s.","21.720","deg","20.000","°C","977.000","hPa","0.861","-0.02617","0.00035","0","0","13.56","Humid","26.25","0","44.00","378072.32","SABD0000000001","AAV1.0.0.11","4.0.0.2323","PSt7-10","170328-019","7/29/2022 11:23:46 AM","0000-00","0","no battery","V","","µV","","µV"
"08/09/2022","10:53:20","6","default","383292078","Oxt_06","51.296","min","103.345","%a.s.","Humid","20.013","deg","38907","µV","28.103","°C","1016.000","hPa","36.4","pmil","0","55.390","deg","20.000","°C","100.000","%a.s.","21.720","deg","20.000","°C","977.000","hPa","0.861","-0.02617","0.00035","0","0","13.56","Humid","26.25","0","44.00","378072.50","SABD0000000001","AAV1.0.0.11","4.0.0.2323","PSt7-10","170328-019","7/29/2022 11:23:46 AM","0000-00","0","no battery","V","","µV","","µV"
"08/09/2022","10:53:21","6","default","383292078","Oxt_06","51.312","min","103.301","%a.s.","Humid","20.018","deg","38904","µV","28.099","°C","1016.000","hPa","36.4","pmil","0","55.390","deg","20.000","°C","100.000","%a.s.","21.720","deg","20.000","°C","977.000","hPa","0.861","-0.02617","0.00035","0","0","13.56","Humid","26.25","0","44.00","378092.59","SABD0000000001","AAV1.0.0.11","4.0.0.2323","PSt7-10","170328-019","7/29/2022 11:23:46 AM","0000-00","0","no battery","V","","µV","","µV"
"08/09/2022","10:53:22","6","default","383292078","Oxt_06","51.329","min","103.339","%a.s.","Humid","20.013","deg","38904","µV","28.108","°C","1016.000","hPa","36.4","pmil","0","55.390","deg","20.000","°C","100.000","%a.s.","21.720","deg","20.000","°C","977.000","hPa","0.861","-0.02617","0.00035","0","0","13.56","Humid","26.25","0","44.00","378076.64","SABD0000000001","AAV1.0.0.11","4.0.0.2323","PSt7-10","170328-019","7/29/2022 11:23:46 AM","0000-00","0","no battery","V","","µV","","µV"
"08/09/2022","10:53:23","6","default","383292078","Oxt_06","51.345","min","103.337","%a.s.","Humid","20.012","deg","38902","µV","28.120","°C","1016.000","hPa","36.4","pmil","0","55.390","deg","20.000","°C","100.000","%a.s.","21.720","deg","20.000","°C","977.000","hPa","0.861","-0.02617","0.00035","0","0","13.56","Humid","26.25","0","44.00","378070.86","SABD0000000001","AAV1.0.0.11","4.0.0.2323","PSt7-10","170328-019","7/29/2022 11:23:46 AM","0000-00","0","no battery","V","","µV","","µV"
"08/09/2022","10:53:24","6","default","383292078","Oxt_06","51.362","min","103.399","%a.s.","Humid","20.006","deg","38901","µV","28.115","°C","1016.000","hPa","36.4","pmil","0","55.390","deg","20.000","°C","100.000","%a.s.","21.720","deg","20.000","°C","977.000","hPa","0.861","-0.02617","0.00035","0","0","13.56","Humid","26.25","0","44.00","378077.68","SABD0000000001","AAV1.0.0.11","4.0.0.2323","PSt7-10","170328-019","7/29/2022 11:23:46 AM","0000-00","0","no battery","V","","µV","","µV"
"08/09/2022","10:53:25","6","default","383292078","Oxt_06","51.379","min","103.332","%a.s.","Humid","20.014","deg","38900","µV","28.107","°C","1016.000","hPa","36.4","pmil","0","55.390","deg","20.000","°C","100.000","%a.s.","21.720","deg","20.000","°C","977.000","hPa","0.861","-0.02617","0.00035","0","0","13.56","Humid","26.25","0","44.00","378084.55","SABD0000000001","AAV1.0.0.11","4.0.0.2323","PSt7-10","170328-019","7/29/2022 11:23:46 AM","0000-00","0","no battery","V","","µV","","µV"
"08/09/2022","10:53:26","6","default","383292078","Oxt_06","51.395","min","103.323","%a.s.","Humid","20.015","deg","38893","µV","28.106","°C","1016.000","hPa","36.4","pmil","0","55.390","deg","20.000","°C","100.000","%a.s.","21.720","deg","20.000","°C","977.000","hPa","0.861","-0.02617","0.00035","0","0","13.56","Humid","26.25","0","44.00","378078.78","SABD0000000001","AAV1.0.0.11","4.0.0.2323","PSt7-10","170328-019","7/29/2022 11:23:46 AM","0000-00","0","no battery","V","","µV","","µV"
"08/09/2022","10:53:27","6","default","383292078","Oxt_06","51.412","min","103.296","%a.s.","Humid","20.018","deg","38898","µV","28.105","°C","1016.000","hPa","36.4","pmil","0","55.390","deg","20.000","°C","100.000","%a.s.","21.720","deg","20.000","°C","977.000","hPa","0.861","-0.02617","0.00035","0","0","13.56","Humid","26.25","0","44.00","378087.89","SABD0000000001","AAV1.0.0.11","4.0.0.2323","PSt7-10","170328-019","7/29/2022 11:23:46 AM","0000-00","0","no battery","V","","µV","","µV"
"08/09/2022","10:53:28","6","default","383292078","Oxt_06","51.429","min","103.335","%a.s.","Humid","20.012","deg","38897","µV","28.123","°C","1016.000","hPa","36.4","pmil","0","55.390","deg","20.000","°C","100.000","%a.s.","21.720","deg","20.000","°C","977.000","hPa","0.861","-0.02617","0.00035","0","0","13.56","Humid","26.25","0","44.00","378086.87","SABD0000000001","AAV1.0.0.11","4.0.0.2323","PSt7-10","170328-019","7/29/2022 11:23:46 AM","0000-00","0","no battery","V","","µV","","µV"
"08/09/2022","10:53:29","6","default","383292078","Oxt_06","51.445","min","103.280","%a.s.","Humid","20.016","deg","38898","µV","28.140","°C","1016.000","hPa","36.4","pmil","0","55.390","deg","20.000","°C","100.000","%a.s.","21.720","deg","20.000","°C","977.000","hPa","0.861","-0.02617","0.00035","0","0","13.56","Humid","26.25","0","44.00","378092.87","SABD0000000001","AAV1.0.0.11","4.0.0.2323","PSt7-10","170328-019","7/29/2022 11:23:46 AM","0000-00","0","no battery","V","","µV","","µV"
"08/09/2022","10:53:30","6","default","383292078","Oxt_06","51.462","min","103.395","%a.s.","Humid","20.004","deg","38898","µV","28.138","°C","1016.000","hPa","36.4","pmil","0","55.390","deg","20.000","°C","100.000","%a.s.","21.720","deg","20.000","°C","977.000","hPa","0.861","-0.02617","0.00035","0","0","13.56","Humid","26.25","0","44.00","378093.04","SABD0000000001","AAV1.0.0.11","4.0.0.2323","PSt7-10","170328-019","7/29/2022 11:23:46 AM","0000-00","0","no battery","V","","µV","","µV"
"08/09/2022","10:53:31","6","default","383292078","Oxt_06","51.479","min","103.362","%a.s.","Humid","20.010","deg","38900","µV","28.114","°C","1016.000","hPa","36.4","pmil","0","55.390","deg","20.000","°C","100.000","%a.s.","21.720","deg","20.000","°C","977.000","hPa","0.861","-0.02617","0.00035","0","0","13.56","Humid","26.25","0","44.00","378093.77","SABD0000000001","AAV1.0.0.11","4.0.0.2323","PSt7-10","170328-019","7/29/2022 11:23:46 AM","0000-00","0","no battery","V","","µV","","µV"
"08/09/2022","10:53:32","6","default","383292078","Oxt_06","51.495","min","103.388","%a.s.","Humid","20.007","deg","38894","µV","28.117","°C","1016.000","hPa","36.4","pmil","0","55.390","deg","20.000","°C","100.000","%a.s.","21.720","deg","20.000","°C","977.000","hPa","0.861","-0.02617","0.00035","0","0","13.56","Humid","26.25","0","44.00","378098.02","SABD0000000001","AAV1.0.0.11","4.0.0.2323","PSt7-10","170328-019","7/29/2022 11:23:46 AM","0000-00","0","no battery","V","","µV","","µV"
"08/09/2022","10:53:33","6","default","383292078","Oxt_06","51.512","min","103.370","%a.s.","Humid","20.007","deg","38894","µV","28.135","°C","1016.000","hPa","36.4","pmil","0","55.390","deg","20.000","°C","100.000","%a.s.","21.720","deg","20.000","°C","977.000","hPa","0.861","-0.02617","0.00035","0","0","13.56","Humid","26.25","0","44.00","378100.35","SABD0000000001","AAV1.0.0.11","4.0.0.2323","PSt7-10","170328-019","7/29/2022 11:23:46 AM","0000-00","0","no battery","V","","µV","","µV"
"08/09/2022","10:53:34","6","default","383292078","Oxt_06","51.529","min","103.415","%a.s.","Humid","20.003","deg","38889","µV","28.128","°C","1016.000","hPa","36.4","pmil","0","55.390","deg","20.000","°C","100.000","%a.s.","21.720","deg","20.000","°C","977.000","hPa","0.861","-0.02617","0.00035","0","0","13.56","Humid","26.25","0","44.00","378109.09","SABD0000000001","AAV1.0.0.11","4.0.0.2323","PSt7-10","170328-019","7/29/2022 11:23:46 AM","0000-00","0","no battery","V","","µV","","µV"
"08/09/2022","10:53:35","6","default","383292078","Oxt_06","51.545","min","103.444","%a.s.","Humid","20.001","deg","38892","µV","28.117","°C","1016.000","hPa","36.4","pmil","0","55.390","deg","20.000","°C","100.000","%a.s.","21.720","deg","20.000","°C","977.000","hPa","0.861","-0.02617","0.00035","0","0","13.56","Humid","26.25","0","44.00","378116.41","SABD0000000001","AAV1.0.0.11","4.0.0.2323","PSt7-10","170328-019","7/29/2022 11:23:46 AM","0000-00","0","no battery","V","","µV","","µV"
"08/09/2022","10:53:36","6","default","383292078","Oxt_06","51.562","min","103.381","%a.s.","Humid","20.007","deg","38895","µV","28.124","°C","1016.000","hPa","36.4","pmil","0","55.390","deg","20.000","°C","100.000","%a.s.","21.720","deg","20.000","°C","977.000","hPa","0.861","-0.02617","0.00035","0","0","13.56","Humid","26.25","0","44.00","378113.86","SABD0000000001","AAV1.0.0.11","4.0.0.2323","PSt7-10","170328-019","7/29/2022 11:23:46 AM","0000-00","0","no battery","V","","µV","","µV"
"08/09/2022","10:53:37","6","default","383292078","Oxt_06","51.579","min","103.460","%a.s.","Humid","19.999","deg","38888","µV","28.120","°C","1016.000","hPa","36.4","pmil","0","55.390","deg","20.000","°C","100.000","%a.s.","21.720","deg","20.000","°C","977.000","hPa","0.861","-0.02617","0.00035","0","0","13.56","Humid","26.25","0","44.00","378112.71","SABD0000000001","AAV1.0.0.11","4.0.0.2323","PSt7-10","170328-019","7/29/2022 11:23:46 AM","0000-00","0","no battery","V","","µV","","µV"
"08/09/2022","10:53:38","6","default","383292078","Oxt_06","51.596","min","103.367","%a.s.","Humid","20.008","deg","38887","µV","28.128","°C","1016.000","hPa","36.4","pmil","0","55.390","deg","20.000","°C","100.000","%a.s.","21.720","deg","20.000","°C","977.000","hPa","0.861","-0.02617","0.00035","0","0","13.56","Humid","26.25","0","44.00","378104.76","SABD0000000001","AAV1.0.0.11","4.0.0.2323","PSt7-10","170328-019","7/29/2022 11:23:46 AM","0000-00","0","no battery","V","","µV","","µV"
"08/09/2022","10:53:39","6","default","383292078","Oxt_06","51.612","min","103.423","%a.s.","Humid","20.002","deg","38882","µV","28.129","°C","1016.000","hPa","36.4","pmil","0","55.390","deg","20.000","°C","100.000","%a.s.","21.720","deg","20.000","°C","977.000","hPa","0.861","-0.02617","0.00035","0","0","13.56","Humid","26.25","0","44.00","378111.14","SABD0000000001","AAV1.0.0.11","4.0.0.2323","PSt7-10","170328-019","7/29/2022 11:23:46 AM","0000-00","0","no battery","V","","µV","","µV"
"08/09/2022","10:53:40","6","default","383292078","Oxt_06","51.629","min","103.445","%a.s.","Humid","20.000","deg","38883","µV","28.125","°C","1016.000","hPa","36.4","pmil","0","55.390","deg","20.000","°C","100.000","%a.s.","21.720","deg","20.000","°C","977.000","hPa","0.861","-0.02617","0.00035","0","0","13.56","Humid","26.25","0","44.00","378106.73","SABD0000000001","AAV1.0.0.11","4.0.0.2323","PSt7-10","170328-019","7/29/2022 11:23:46 AM","0000-00","0","no battery","V","","µV","","µV"
"08/09/2022","10:53:41","6","default","383292078","Oxt_06","51.646","min","103.447","%a.s.","Humid","20.000","deg","38886","µV","28.123","°C","1016.000","hPa","36.4","pmil","0","55.390","deg","20.000","°C","100.000","%a.s.","21.720","deg","20.000","°C","977.000","hPa","0.861","-0.02617","0.00035","0","0","13.56","Humid","26.25","0","44.00","378116.90","SABD0000000001","AAV1.0.0.11","4.0.0.2323","PSt7-10","170328-019","7/29/2022 11:23:46 AM","0000-00","0","no battery","V","","µV","","µV"
"08/09/2022","10:53:42","6","default","383292078","Oxt_06","51.662","min","103.443","%a.s.","Humid","20.000","deg","38885","µV","28.127","°C","1016.000","hPa","36.4","pmil","0","55.390","deg","20.000","°C","100.000","%a.s.","21.720","deg","20.000","°C","977.000","hPa","0.861","-0.02617","0.00035","0","0","13.56","Humid","26.25","0","44.00","378100.42","SABD0000000001","AAV1.0.0.11","4.0.0.2323","PSt7-10","170328-019","7/29/2022 11:23:46 AM","0000-00","0","no battery","V","","µV","","µV"
"08/09/2022","10:53:43","6","default","383292078","Oxt_06","51.679","min","103.447","%a.s.","Humid","20.000","deg","38883","µV","28.124","°C","1016.000","hPa","36.4","pmil","0","55.390","deg","20.000","°C","100.000","%a.s.","21.720","deg","20.000","°C","977.000","hPa","0.861","-0.02617","0.00035","0","0","13.56","Humid","26.25","0","44.00","378118.60","SABD0000000001","AAV1.0.0.11","4.0.0.2323","PSt7-10","170328-019","7/29/2022 11:23:46 AM","0000-00","0","no battery","V","","µV","","µV"
"08/09/2022","10:53:44","6","default","383292078","Oxt_06","51.696","min","103.467","%a.s.","Humid","19.997","deg","38888","µV","28.132","°C","1016.000","hPa","36.4","pmil","0","55.390","deg","20.000","°C","100.000","%a.s.","21.720","deg","20.000","°C","977.000","hPa","0.861","-0.02617","0.00035","0","0","13.56","Humid","26.25","0","44.00","378128.92","SABD0000000001","AAV1.0.0.11","4.0.0.2323","PSt7-10","170328-019","7/29/2022 11:23:46 AM","0000-00","0","no battery","V","","µV","","µV"
"08/09/2022","10:53:45","6","default","383292078","Oxt_06","51.712","min","103.498","%a.s.","Humid","19.996","deg","38884","µV","28.110","°C","1016.000","hPa","36.4","pmil","0","55.390","deg","20.000","°C","100.000","%a.s.","21.720","deg","20.000","°C","977.000","hPa","0.861","-0.02617","0.00035","0","0","13.56","Humid","26.25","0","44.00","378131.60","SABD0000000001","AAV1.0.0.11","4.0.0.2323","PSt7-10","170328-019","7/29/2022 11:23:46 AM","0000-00","0","no battery","V","","µV","","µV"
"08/09/2022","10:53:46","6","default","383292078","Oxt_06","51.729","min","103.450","%a.s.","Humid","19.998","deg","38883","µV","28.139","°C","1016.000","hPa","36.4","pmil","0","55.390","deg","20.000","°C","100.000","%a.s.","21.720","deg","20.000","°C","977.000","hPa","0.861","-0.02617","0.00035","0","0","13.56","Humid","26.25","0","44.00","378112.90","SABD0000000001","AAV1.0.0.11","4.0.0.2323","PSt7-10","170328-019","7/29/2022 11:23:46 AM","0000-00","0","no battery","V","","µV","","µV"
"08/09/2022","10:53:47","6","default","383292078","Oxt_06","51.746","min","103.546","%a.s.","Humid","19.988","deg","38877","µV","28.138","°C","1016.000","hPa","36.4","pmil","0","55.390","deg","20.000","°C","100.000","%a.s.","21.720","deg","20.000","°C","977.000","hPa","0.861","-0.02617","0.00035","0","0","13.56","Humid","26.25","0","44.00","378110.48","SABD0000000001","AAV1.0.0.11","4.0.0.2323","PSt7-10","170328-019","7/29/2022 11:23:46 AM","0000-00","0","no battery","V","","µV","","µV"
"08/09/2022","10:53:48","6","default","383292078","Oxt_06","51.763","min","103.457","%a.s.","Humid","19.998","deg","38875","µV","28.132","°C","1016.000","hPa","36.4","pmil","0","55.390","deg","20.000","°C","100.000","%a.s.","21.720","deg","20.000","°C","977.000","hPa","0.861","-0.02617","0.00035","0","0","13.56","Humid","26.25","0","44.00","378121.93","SABD0000000001","AAV1.0.0.11","4.0.0.2323","PSt7-10","170328-019","7/29/2022 11:23:46 AM","0000-00","0","no battery","V","","µV","","µV"
"08/09/2022","10:53:49","6","default","383292078","Oxt_06","51.779","min","103.426","%a.s.","Humid","20.001","deg","38881","µV","28.135","°C","1016.000","hPa","36.4","pmil","0","55.390","deg","20.000","°C","100.000","%a.s.","21.720","deg","20.000","°C","977.000","hPa","0.861","-0.02617","0.00035","0","0","13.56","Humid","26.25","0","44.00","378146.73","SABD0000000001","AAV1.0.0.11","4.0.0.2323","PSt7-10","170328-019","7/29/2022 11:23:46 AM","0000-00","0","no battery","V","","µV","","µV"
"08/09/2022","10:53:50","6","default","383292078","Oxt_06","51.796","min","103.479","%a.s.","Humid","19.995","deg","38880","µV","28.139","°C","1016.000","hPa","36.4","pmil","0","55.390","deg","20.000","°C","100.000","%a.s.","21.720","deg","20.000","°C","977.000","hPa","0.861","-0.02617","0.00035","0","0","13.56","Humid","26.25","0","44.00","378123.42","SABD0000000001","AAV1.0.0.11","4.0.0.2323","PSt7-10","170328-019","7/29/2022 11:23:46 AM","0000-00","0","no battery","V","","µV","","µV"
"08/09/2022","10:53:51","6","default","383292078","Oxt_06","51.813","min","103.426","%a.s.","Humid","20.001","deg","38883","µV","28.135","°C","1016.000","hPa","36.4","pmil","0","55.390","deg","20.000","°C","100.000","%a.s.","21.720","deg","20.000","°C","977.000","hPa","0.861","-0.02617","0.00035","0","0","13.56","Humid","26.25","0","44.00","378119.43","SABD0000000001","AAV1.0.0.11","4.0.0.2323","PSt7-10","170328-019","7/29/2022 11:23:46 AM","0000-00","0","no battery","V","","µV","","µV"
"08/09/2022","10:53:52","6","default","383292078","Oxt_06","51.829","min","103.514","%a.s.","Humid","19.992","deg","38875","µV","28.132","°C","1016.000","hPa","36.4","pmil","0","55.390","deg","20.000","°C","100.000","%a.s.","21.720","deg","20.000","°C","977.000","hPa","0.861","-0.02617","0.00035","0","0","13.56","Humid","26.25","0","44.00","378131.50","SABD0000000001","AAV1.0.0.11","4.0.0.2323","PSt7-10","170328-019","7/29/2022 11:23:46 AM","0000-00","0","no battery","V","","µV","","µV"
"08/09/2022","10:53:53","6","default","383292078","Oxt_06","51.846","min","103.431","%a.s.","Humid","20.001","deg","38878","µV","28.130","°C","1016.000","hPa","36.4","pmil","0","55.390","deg","20.000","°C","100.000","%a.s.","21.720","deg","20.000","°C","977.000","hPa","0.861","-0.02617","0.00035","0","0","13.56","Humid","26.25","0","44.00","378133.84","SABD0000000001","AAV1.0.0.11","4.0.0.2323","PSt7-10","170328-019","7/29/2022 11:23:46 AM","0000-00","0","no battery","V","","µV","","µV"
"08/09/2022","10:53:54","6","default","383292078","Oxt_06","51.862","min","103.485","%a.s.","Humid","19.996","deg","38879","µV","28.123","°C","1016.000","hPa","36.4","pmil","0","55.390","deg","20.000","°C","100.000","%a.s.","21.720","deg","20.000","°C","977.000","hPa","0.861","-0.02617","0.00035","0","0","13.56","Humid","26.25","0","44.00","378129.46","SABD0000000001","AAV1.0.0.11","4.0.0.2323","PSt7-10","170328-019","7/29/2022 11:23:46 AM","0000-00","0","no battery","V","","µV","","µV"
"08/09/2022","10:53:55","6","default","383292078","Oxt_06","51.879","min","103.509","%a.s.","Humid","19.994","deg","38883","µV","28.118","°C","1016.000","hPa","36.4","pmil","0","55.390","deg","20.000","°C","100.000","%a.s.","21.720","deg","20.000","°C","977.000","hPa","0.861","-0.02617","0.00035","0","0","13.56","Humid","26.25","0","44.00","378128.12","SABD0000000001","AAV1.0.0.11","4.0.0.2323","PSt7-10","170328-019","7/29/2022 11:23:46 AM","0000-00","0","no battery","V","","µV","","µV"
"08/09/2022","10:53:56","6","default","383292078","Oxt_06","51.896","min","103.511","%a.s.","Humid","19.992","deg","38871","µV","28.135","°C","1016.000","hPa","36.4","pmil","0","55.390","deg","20.000","°C","100.000","%a.s.","21.720","deg","20.000","°C","977.000","hPa","0.861","-0.02617","0.00035","0","0","13.56","Humid","26.25","0","44.00","378132.05","SABD0000000001","AAV1.0.0.11","4.0.0.2323","PSt7-10","170328-019","7/29/2022 11:23:46 AM","0000-00","0","no battery","V","","µV","","µV"
"08/09/2022","10:53:57","6","default","383292078","Oxt_06","51.912","min","103.525","%a.s.","Humid","19.991","deg","38874","µV","28.131","°C","1016.000","hPa","36.4","pmil","0","55.390","deg","20.000","°C","100.000","%a.s.","21.720","deg","20.000","°C","977.000","hPa","0.861","-0.02617","0.00035","0","0","13.56","Humid","26.25","0","44.00","378131.90","SABD0000000001","AAV1.0.0.11","4.0.0.2323","PSt7-10","170328-019","7/29/2022 11:23:46 AM","0000-00","0","no battery","V","","µV","","µV"
"08/09/2022","10:53:58","6","default","383292078","Oxt_06","51.929","min","103.496","%a.s.","Humid","19.994","deg","38875","µV","28.131","°C","1016.000","hPa","36.4","pmil","0","55.390","deg","20.000","°C","100.000","%a.s.","21.720","deg","20.000","°C","977.000","hPa","0.861","-0.02617","0.00035","0","0","13.56","Humid","26.25","0","44.00","378145.98","SABD0000000001","AAV1.0.0.11","4.0.0.2323","PSt7-10","170328-019","7/29/2022 11:23:46 AM","0000-00","0","no battery","V","","µV","","µV"
"08/09/2022","10:53:59","6","default","383292078","Oxt_06","51.945","min","103.597","%a.s.","Humid","19.984","deg","38868","µV","28.124","°C","1016.000","hPa","36.4","pmil","0","55.390","deg","20.000","°C","100.000","%a.s.","21.720","deg","20.000","°C","977.000","hPa","0.861","-0.02617","0.00035","0","0","13.56","Humid","26.25","0","44.00","378149.11","SABD0000000001","AAV1.0.0.11","4.0.0.2323","PSt7-10","170328-019","7/29/2022 11:23:46 AM","0000-00","0","no battery","V","","µV","","µV"
"08/09/2022","10:54:00","6","default","383292078","Oxt_06","51.962","min","103.563","%a.s.","Humid","19.988","deg","38871","µV","28.121","°C","1016.000","hPa","36.4","pmil","0","55.390","deg","20.000","°C","100.000","%a.s.","21.720","deg","20.000","°C","977.000","hPa","0.861","-0.02617","0.00035","0","0","13.56","Humid","26.25","0","44.00","378142.86","SABD0000000001","AAV1.0.0.11","4.0.0.2323","PSt7-10","170328-019","7/29/2022 11:23:46 AM","0000-00","0","no battery","V","","µV","","µV"
"08/09/2022","10:54:01","6","default","383292078","Oxt_06","51.979","min","103.554","%a.s.","Humid","19.989","deg","38868","µV","28.120","°C","1016.000","hPa","36.4","pmil","0","55.390","deg","20.000","°C","100.000","%a.s.","21.720","deg","20.000","°C","977.000","hPa","0.861","-0.02617","0.00035","0","0","13.56","Humid","26.25","0","44.00","378137.78","SABD0000000001","AAV1.0.0.11","4.0.0.2323","PSt7-10","170328-019","7/29/2022 11:23:46 AM","0000-00","0","no battery","V","","µV","","µV"
"08/09/2022","10:54:02","6","default","383292078","Oxt_06","51.995","min","103.514","%a.s.","Humid","19.993","deg","38865","µV","28.123","°C","1016.000","hPa","36.4","pmil","0","55.390","deg","20.000","°C","100.000","%a.s.","21.720","deg","20.000","°C","977.000","hPa","0.861","-0.02617","0.00035","0","0","13.56","Humid","26.25","0","44.00","378146.87","SABD0000000001","AAV1.0.0.11","4.0.0.2323","PSt7-10","170328-019","7/29/2022 11:23:46 AM","0000-00","0","no battery","V","","µV","","µV"
"08/09/2022","10:54:03","6","default","383292078","Oxt_06","52.012","min","103.525","%a.s.","Humid","19.992","deg","38864","µV","28.121","°C","1016.000","hPa","36.4","pmil","0","55.390","deg","20.000","°C","100.000","%a.s.","21.720","deg","20.000","°C","977.000","hPa","0.861","-0.02617","0.00035","0","0","13.56","Humid","26.25","0","44.00","378138.50","SABD0000000001","AAV1.0.0.11","4.0.0.2323","PSt7-10","170328-019","7/29/2022 11:23:46 AM","0000-00","0","no battery","V","","µV","","µV"
"08/09/2022","10:54:04","6","default","383292078","Oxt_06","52.029","min","103.591","%a.s.","Humid","19.986","deg","38862","µV","28.111","°C","1016.000","hPa","36.4","pmil","0","55.390","deg","20.000","°C","100.000","%a.s.","21.720","deg","20.000","°C","977.000","hPa","0.861","-0.02617","0.00035","0","0","13.56","Humid","26.25","0","44.00","378143.46","SABD0000000001","AAV1.0.0.11","4.0.0.2323","PSt7-10","170328-019","7/29/2022 11:23:46 AM","0000-00","0","no battery","V","","µV","","µV"
"08/09/2022","10:54:05","6","default","383292078","Oxt_06","52.045","min","103.521","%a.s.","Humid","19.990","deg","38861","µV","28.144","°C","1016.000","hPa","36.4","pmil","0","55.390","deg","20.000","°C","100.000","%a.s.","21.720","deg","20.000","°C","977.000","hPa","0.861","-0.02617","0.00035","0","0","13.56","Humid","26.25","0","44.00","378132.26","SABD0000000001","AAV1.0.0.11","4.0.0.2323","PSt7-10","170328-019","7/29/2022 11:23:46 AM","0000-00","0","no battery","V","","µV","","µV"
"08/09/2022","10:54:06","6","default","383292078","Oxt_06","52.062","min","103.511","%a.s.","Humid","19.991","deg","38868","µV","28.144","°C","1016.000","hPa","36.4","pmil","0","55.390","deg","20.000","°C","100.000","%a.s.","21.720","deg","20.000","°C","977.000","hPa","0.861","-0.02617","0.00035","0","0","13.56","Humid","26.25","0","44.00","378142.42","SABD0000000001","AAV1.0.0.11","4.0.0.2323","PSt7-10","170328-019","7/29/2022 11:23:46 AM","0000-00","0","no battery","V","","µV","","µV"
"08/09/2022","10:54:07","6","default","383292078","Oxt_06","52.079","min","103.624","%a.s.","Humid","19.979","deg","38863","µV","28.145","°C","1016.000","hPa","36.4","pmil","0","55.390","deg","20.000","°C","100.000","%a.s.","21.720","deg","20.000","°C","977.000","hPa","0.861","-0.02617","0.00035","0","0","13.56","Humid","26.25","0","44.00","378156.67","SABD0000000001","AAV1.0.0.11","4.0.0.2323","PSt7-10","170328-019","7/29/2022 11:23:46 AM","0000-00","0","no battery","V","","µV","","µV"
"08/09/2022","10:54:08","6","default","383292078","Oxt_06","52.096","min","103.557","%a.s.","Humid","19.986","deg","38864","µV","28.146","°C","1016.000","hPa","36.4","pmil","0","55.390","deg","20.000","°C","100.000","%a.s.","21.720","deg","20.000","°C","977.000","hPa","0.861","-0.02617","0.00035","0","0","13.56","Humid","26.25","0","44.00","378160.44","SABD0000000001","AAV1.0.0.11","4.0.0.2323","PSt7-10","170328-019","7/29/2022 11:23:46 AM","0000-00","0","no battery","V","","µV","","µV"
"08/09/2022","10:54:09","6","default","383292078","Oxt_06","52.112","min","103.587","%a.s.","Humid","19.985","deg","38871","µV","28.126","°C","1016.000","hPa","36.4","pmil","0","55.390","deg","20.000","°C","100.000","%a.s.","21.720","deg","20.000","°C","977.000","hPa","0.861","-0.02617","0.00035","0","0","13.56","Humid","26.25","0","44.00","378156.43","SABD0000000001","AAV1.0.0.11","4.0.0.2323","PSt7-10","170328-019","7/29/2022 11:23:46 AM","0000-00","0","no battery","V","","µV","","µV"
"08/09/2022","10:54:10","6","default","383292078","Oxt_06","52.129","min","103.566","%a.s.","Humid","19.987","deg","38863","µV","28.127","°C","1016.000","hPa","36.4","pmil","0","55.390","deg","20.000","°C","100.000","%a.s.","21.720","deg","20.000","°C","977.000","hPa","0.861","-0.02617","0.00035","0","0","13.56","Humid","26.25","0","44.00","378150.95","SABD0000000001","AAV1.0.0.11","4.0.0.2323","PSt7-10","170328-019","7/29/2022 11:23:46 AM","0000-00","0","no battery","V","","µV","","µV"
"08/09/2022","10:54:11","6","default","383292078","Oxt_06","52.146","min","103.568","%a.s.","Humid","19.986","deg","38865","µV","28.134","°C","1016.000","hPa","36.4","pmil","0","55.390","deg","20.000","°C","100.000","%a.s.","21.720","deg","20.000","°C","977.000","hPa","0.861","-0.02617","0.00035","0","0","13.56","Humid","26.25","0","44.00","378152.86","SABD0000000001","AAV1.0.0.11","4.0.0.2323","PSt7-10","170328-019","7/29/2022 11:23:46 AM","0000-00","0","no battery","V","","µV","","µV"
"08/09/2022","10:54:12","6","default","383292078","Oxt_06","52.162","min","103.568","%a.s.","Humid","19.986","deg","38868","µV","28.135","°C","1016.000","hPa","36.4","pmil","0","55.390","deg","20.000","°C","100.000","%a.s.","21.720","deg","20.000","°C","977.000","hPa","0.861","-0.02617","0.00035","0","0","13.56","Humid","26.25","0","44.00","378149.71","SABD0000000001","AAV1.0.0.11","4.0.0.2323","PSt7-10","170328-019","7/29/2022 11:23:46 AM","0000-00","0","no battery","V","","µV","","µV"
"08/09/2022","10:54:13","6","default","383292078","Oxt_06","52.179","min","103.629","%a.s.","Humid","19.980","deg","38859","µV","28.130","°C","1016.000","hPa","36.4","pmil","0","55.390","deg","20.000","°C","100.000","%a.s.","21.720","deg","20.000","°C","977.000","hPa","0.861","-0.02617","0.00035","0","0","13.56","Humid","26.25","0","44.00","378146.11","SABD0000000001","AAV1.0.0.11","4.0.0.2323","PSt7-10","170328-019","7/29/2022 11:23:46 AM","0000-00","0","no battery","V","","µV","","µV"
"08/09/2022","10:54:14","6","default","383292078","Oxt_06","52.196","min","103.560","%a.s.","Humid","19.988","deg","38861","µV","28.124","°C","1016.000","hPa","36.4","pmil","0","55.390","deg","20.000","°C","100.000","%a.s.","21.720","deg","20.000","°C","977.000","hPa","0.861","-0.02617","0.00035","0","0","13.56","Humid","26.25","0","44.00","378151.15","SABD0000000001","AAV1.0.0.11","4.0.0.2323","PSt7-10","170328-019","7/29/2022 11:23:46 AM","0000-00","0","no battery","V","","µV","","µV"
"08/09/2022","10:54:15","6","default","383292078","Oxt_06","52.213","min","103.577","%a.s.","Humid","19.985","deg","38860","µV","28.135","°C","1016.000","hPa","36.4","pmil","0","55.390","deg","20.000","°C","100.000","%a.s.","21.720","deg","20.000","°C","977.000","hPa","0.861","-0.02617","0.00035","0","0","13.56","Humid","26.25","0","44.00","378159.99","SABD0000000001","AAV1.0.0.11","4.0.0.2323","PSt7-10","170328-019","7/29/2022 11:23:46 AM","0000-00","0","no battery","V","","µV","","µV"
"08/09/2022","10:54:16","6","default","383292078","Oxt_06","52.229","min","103.636","%a.s.","Humid","19.979","deg","38857","µV","28.133","°C","1016.000","hPa","36.4","pmil","0","55.390","deg","20.000","°C","100.000","%a.s.","21.720","deg","20.000","°C","977.000","hPa","0.861","-0.02617","0.00035","0","0","13.56","Humid","26.25","0","44.00","378156.70","SABD0000000001","AAV1.0.0.11","4.0.0.2323","PSt7-10","170328-019","7/29/2022 11:23:46 AM","0000-00","0","no battery","V","","µV","","µV"
"08/09/2022","10:54:17","6","default","383292078","Oxt_06","52.246","min","103.604","%a.s.","Humid","19.982","deg","38855","µV","28.137","°C","1016.000","hPa","36.4","pmil","0","55.390","deg","20.000","°C","100.000","%a.s.","21.720","deg","20.000","°C","977.000","hPa","0.861","-0.02617","0.00035","0","0","13.56","Humid","26.25","0","44.00","378162.04","SABD0000000001","AAV1.0.0.11","4.0.0.2323","PSt7-10","170328-019","7/29/2022 11:23:46 AM","0000-00","0","no battery","V","","µV","","µV"
"08/09/2022","10:54:18","6","default","383292078","Oxt_06","52.262","min","103.608","%a.s.","Humid","19.983","deg","38862","µV","28.123","°C","1016.000","hPa","36.4","pmil","0","55.390","deg","20.000","°C","100.000","%a.s.","21.720","deg","20.000","°C","977.000","hPa","0.861","-0.02617","0.00035","0","0","13.56","Humid","26.25","0","44.00","378164.73","SABD0000000001","AAV1.0.0.11","4.0.0.2323","PSt7-10","170328-019","7/29/2022 11:23:46 AM","0000-00","0","no battery","V","","µV","","µV"
"08/09/2022","10:54:19","6","default","383292078","Oxt_06","52.279","min","103.624","%a.s.","Humid","19.981","deg","38858","µV","28.126","°C","1016.000","hPa","36.4","pmil","0","55.390","deg","20.000","°C","100.000","%a.s.","21.720","deg","20.000","°C","977.000","hPa","0.861","-0.02617","0.00035","0","0","13.56","Humid","26.25","0","44.00","378160.33","SABD0000000001","AAV1.0.0.11","4.0.0.2323","PSt7-10","170328-019","7/29/2022 11:23:46 AM","0000-00","0","no battery","V","","µV","","µV"
"08/09/2022","10:54:20","6","default","383292078","Oxt_06","52.295","min","103.625","%a.s.","Humid","19.981","deg","38858","µV","28.125","°C","1016.000","hPa","36.4","pmil","0","55.390","deg","20.000","°C","100.000","%a.s.","21.720","deg","20.000","°C","977.000","hPa","0.861","-0.02617","0.00035","0","0","13.56","Humid","26.25","0","44.00","378166.52","SABD0000000001","AAV1.0.0.11","4.0.0.2323","PSt7-10","170328-019","7/29/2022 11:23:46 AM","0000-00","0","no battery","V","","µV","","µV"
"08/09/2022","10:54:21","6","default","383292078","Oxt_06","52.312","min","103.584","%a.s.","Humid","19.984","deg","38856","µV","28.138","°C","1016.000","hPa","36.4","pmil","0","55.390","deg","20.000","°C","100.000","%a.s.","21.720","deg","20.000","°C","977.000","hPa","0.861","-0.02617","0.00035","0","0","13.56","Humid","26.25","0","44.00","378157.51","SABD0000000001","AAV1.0.0.11","4.0.0.2323","PSt7-10","170328-019","7/29/2022 11:23:46 AM","0000-00","0","no battery","V","","µV","","µV"
"08/09/2022","10:54:22","6","default","383292078","Oxt_06","52.329","min","103.668","%a.s.","Humid","19.976","deg","38852","µV","28.129","°C","1016.000","hPa","36.4","pmil","0","55.390","deg","20.000","°C","100.000","%a.s.","21.720","deg","20.000","°C","977.000","hPa","0.861","-0.02617","0.00035","0","0","13.56","Humid","26.25","0","44.00","378167.14","SABD0000000001","AAV1.0.0.11","4.0.0.2323","PSt7-10","170328-019","7/29/2022 11:23:46 AM","0000-00","0","no battery","V","","µV","","µV"
"08/09/2022","10:54:23","6","default","383292078","Oxt_06","52.345","min","103.684","%a.s.","Humid","19.975","deg","38852","µV","28.123","°C","1016.000","hPa","36.4","pmil","0","55.390","deg","20.000","°C","100.000","%a.s.","21.720","deg","20.000","°C","977.000","hPa","0.861","-0.02617","0.00035","0","0","13.56","Humid","26.25","0","44.00","378159.54","SABD0000000001","AAV1.0.0.11","4.0.0.2323","PSt7-10","170328-019","7/29/2022 11:23:46 AM","0000-00","0","no battery","V","","µV","","µV"
"08/09/2022","10:54:24","6","default","383292078","Oxt_06","52.362","min","103.600","%a.s.","Humid","19.984","deg","38851","µV","28.122","°C","1016.000","hPa","36.4","pmil","0","55.390","deg","20.000","°C","100.000","%a.s.","21.720","deg","20.000","°C","977.000","hPa","0.861","-0.02617","0.00035","0","0","13.56","Humid","26.25","0","44.00","378159.75","SABD0000000001","AAV1.0.0.11","4.0.0.2323","PSt7-10","170328-019","7/29/2022 11:23:46 AM","0000-00","0","no battery","V","","µV","","µV"
"08/09/2022","10:54:25","6","default","383292078","Oxt_06","52.379","min","103.534","%a.s.","Humid","19.989","deg","38849","µV","28.140","°C","1016.000","hPa","36.4","pmil","0","55.390","deg","20.000","°C","100.000","%a.s.","21.720","deg","20.000","°C","977.000","hPa","0.861","-0.02617","0.00035","0","0","13.56","Humid","26.25","0","44.00","378162.57","SABD0000000001","AAV1.0.0.11","4.0.0.2323","PSt7-10","170328-019","7/29/2022 11:23:46 AM","0000-00","0","no battery","V","","µV","","µV"
"08/09/2022","10:54:26","6","default","383292078","Oxt_06","52.395","min","103.648","%a.s.","Humid","19.977","deg","38848","µV","28.140","°C","1016.000","hPa","36.4","pmil","0","55.390","deg","20.000","°C","100.000","%a.s.","21.720","deg","20.000","°C","977.000","hPa","0.861","-0.02617","0.00035","0","0","13.56","Humid","26.25","0","44.00","378167.87","SABD0000000001","AAV1.0.0.11","4.0.0.2323","PSt7-10","170328-019","7/29/2022 11:23:46 AM","0000-00","0","no battery","V","","µV","","µV"
"08/09/2022","10:54:27","6","default","383292078","Oxt_06","52.412","min","103.663","%a.s.","Humid","19.976","deg","38843","µV","28.135","°C","1016.000","hPa","36.4","pmil","0","55.390","deg","20.000","°C","100.000","%a.s.","21.720","deg","20.000","°C","977.000","hPa","0.861","-0.02617","0.00035","0","0","13.56","Humid","26.25","0","44.00","378169.31","SABD0000000001","AAV1.0.0.11","4.0.0.2323","PSt7-10","170328-019","7/29/2022 11:23:46 AM","0000-00","0","no battery","V","","µV","","µV"
"08/09/2022","10:54:28","6","default","383292078","Oxt_06","52.429","min","103.715","%a.s.","Humid","19.970","deg","38854","µV","28.140","°C","1016.000","hPa","36.4","pmil","0","55.390","deg","20.000","°C","100.000","%a.s.","21.720","deg","20.000","°C","977.000","hPa","0.861","-0.02617","0.00035","0","0","13.56","Humid","26.25","0","44.00","378175.86","SABD0000000001","AAV1.0.0.11","4.0.0.2323","PSt7-10","170328-019","7/29/2022 11:23:46 AM","0000-00","0","no battery","V","","µV","","µV"
"08/09/2022","10:54:29","6","default","383292078","Oxt_06","52.446","min","103.753","%a.s.","Humid","19.967","deg","38849","µV","28.129","°C","1016.000","hPa","36.4","pmil","0","55.390","deg","20.000","°C","100.000","%a.s.","21.720","deg","20.000","°C","977.000","hPa","0.861","-0.02617","0.00035","0","0","13.56","Humid","26.25","0","44.00","378174.22","SABD0000000001","AAV1.0.0.11","4.0.0.2323","PSt7-10","170328-019","7/29/2022 11:23:46 AM","0000-00","0","no battery","V","","µV","","µV"
"08/09/2022","10:54:30","6","default","383292078","Oxt_06","52.462","min","103.665","%a.s.","Humid","19.976","deg","38854","µV","28.132","°C","1016.000","hPa","36.4","pmil","0","55.390","deg","20.000","°C","100.000","%a.s.","21.720","deg","20.000","°C","977.000","hPa","0.861","-0.02617","0.00035","0","0","13.56","Humid","26.25","0","44.00","378171.63","SABD0000000001","AAV1.0.0.11","4.0.0.2323","PSt7-10","170328-019","7/29/2022 11:23:46 AM","0000-00","0","no battery","V","","µV","","µV"
"08/09/2022","10:54:31","6","default","383292078","Oxt_06","52.479","min","103.678","%a.s.","Humid","19.974","deg","38847","µV","28.139","°C","1016.000","hPa","36.4","pmil","0","55.390","deg","20.000","°C","100.000","%a.s.","21.720","deg","20.000","°C","977.000","hPa","0.861","-0.02617","0.00035","0","0","13.56","Humid","26.25","0","44.00","378178.96","SABD0000000001","AAV1.0.0.11","4.0.0.2323","PSt7-10","170328-019","7/29/2022 11:23:46 AM","0000-00","0","no battery","V","","µV","","µV"
"08/09/2022","10:54:32","6","default","383292078","Oxt_06","52.496","min","103.723","%a.s.","Humid","19.970","deg","38847","µV","28.131","°C","1016.000","hPa","36.4","pmil","0","55.390","deg","20.000","°C","100.000","%a.s.","21.720","deg","20.000","°C","977.000","hPa","0.861","-0.02617","0.00035","0","0","13.56","Humid","26.25","0","44.00","378172.39","SABD0000000001","AAV1.0.0.11","4.0.0.2323","PSt7-10","170328-019","7/29/2022 11:23:46 AM","0000-00","0","no battery","V","","µV","","µV"
"08/09/2022","10:54:33","6","default","383292078","Oxt_06","52.512","min","103.639","%a.s.","Humid","19.979","deg","38845","µV","28.130","°C","1016.000","hPa","36.4","pmil","0","55.390","deg","20.000","°C","100.000","%a.s.","21.720","deg","20.000","°C","977.000","hPa","0.861","-0.02617","0.00035","0","0","13.56","Humid","26.25","0","44.00","378166.33","SABD0000000001","AAV1.0.0.11","4.0.0.2323","PSt7-10","170328-019","7/29/2022 11:23:46 AM","0000-00","0","no battery","V","","µV","","µV"
"08/09/2022","10:54:34","6","default","383292078","Oxt_06","52.529","min","103.759","%a.s.","Humid","19.966","deg","38853","µV","28.133","°C","1016.000","hPa","36.4","pmil","0","55.390","deg","20.000","°C","100.000","%a.s.","21.720","deg","20.000","°C","977.000","hPa","0.861","-0.02617","0.00035","0","0","13.56","Humid","26.25","0","44.00","378187.63","SABD0000000001","AAV1.0.0.11","4.0.0.2323","PSt7-10","170328-019","7/29/2022 11:23:46 AM","0000-00","0","no battery","V","","µV","","µV"
"08/09/2022","10:54:35","6","default","383292078","Oxt_06","52.545","min","103.685","%a.s.","Humid","19.974","deg","38842","µV","28.132","°C","1016.000","hPa","36.4","pmil","0","55.390","deg","20.000","°C","100.000","%a.s.","21.720","deg","20.000","°C","977.000","hPa","0.861","-0.02617","0.00035","0","0","13.56","Humid","26.25","0","44.00","378170.33","SABD0000000001","AAV1.0.0.11","4.0.0.2323","PSt7-10","170328-019","7/29/2022 11:23:46 AM","0000-00","0","no battery","V","","µV","","µV"
"08/09/2022","10:54:36","6","default","383292078","Oxt_06","52.562","min","103.659","%a.s.","Humid","19.976","deg","38844","µV","28.139","°C","1016.000","hPa","36.4","pmil","0","55.390","deg","20.000","°C","100.000","%a.s.","21.720","deg","20.000","°C","977.000","hPa","0.861","-0.02617","0.00035","0","0","13.56","Humid","26.25","0","44.00","378165.57","SABD0000000001","AAV1.0.0.11","4.0.0.2323","PSt7-10","170328-019","7/29/2022 11:23:46 AM","0000-00","0","no battery","V","","µV","","µV"
"08/09/2022","10:54:37","6","default","383292078","Oxt_06","52.579","min","103.766","%a.s.","Humid","19.964","deg","38846","µV","28.145","°C","1016.000","hPa","36.4","pmil","0","55.390","deg","20.000","°C","100.000","%a.s.","21.720","deg","20.000","°C","977.000","hPa","0.861","-0.02617","0.00035","0","0","13.56","Humid","26.25","0","44.00","378180.47","SABD0000000001","AAV1.0.0.11","4.0.0.2323","PSt7-10","170328-019","7/29/2022 11:23:46 AM","0000-00","0","no battery","V","","µV","","µV"
"08/09/2022","10:54:38","6","default","383292078","Oxt_06","52.596","min","103.727","%a.s.","Humid","19.969","deg","38845","µV","28.137","°C","1016.000","hPa","36.4","pmil","0","55.390","deg","20.000","°C","100.000","%a.s.","21.720","deg","20.000","°C","977.000","hPa","0.861","-0.02617","0.00035","0","0","13.56","Humid","26.25","0","44.00","378174.66","SABD0000000001","AAV1.0.0.11","4.0.0.2323","PSt7-10","170328-019","7/29/2022 11:23:46 AM","0000-00","0","no battery","V","","µV","","µV"
"08/09/2022","10:54:39","6","default","383292078","Oxt_06","52.612","min","103.648","%a.s.","Humid","19.977","deg","38840","µV","28.140","°C","1016.000","hPa","36.4","pmil","0","55.390","deg","20.000","°C","100.000","%a.s.","21.720","deg","20.000","°C","977.000","hPa","0.861","-0.02617","0.00035","0","0","13.56","Humid","26.25","0","44.00","378185.83","SABD0000000001","AAV1.0.0.11","4.0.0.2323","PSt7-10","170328-019","7/29/2022 11:23:46 AM","0000-00","0","no battery","V","","µV","","µV"
"08/09/2022","10:54:40","6","default","383292078","Oxt_06","52.629","min","103.747","%a.s.","Humid","19.968","deg","38848","µV","28.126","°C","1016.000","hPa","36.4","pmil","0","55.390","deg","20.000","°C","100.000","%a.s.","21.720","deg","20.000","°C","977.000","hPa","0.861","-0.02617","0.00035","0","0","13.56","Humid","26.25","0","44.00","378196.44","SABD0000000001","AAV1.0.0.11","4.0.0.2323","PSt7-10","170328-019","7/29/2022 11:23:46 AM","0000-00","0","no battery","V","","µV","","µV"
"08/09/2022","10:54:41","6","default","383292078","Oxt_06","52.646","min","103.724","%a.s.","Humid","19.972","deg","38847","µV","28.111","°C","1016.000","hPa","36.4","pmil","0","55.390","deg","20.000","°C","100.000","%a.s.","21.720","deg","20.000","°C","977.000","hPa","0.861","-0.02617","0.00035","0","0","13.56","Humid","26.25","0","44.00","378180.83","SABD0000000001","AAV1.0.0.11","4.0.0.2323","PSt7-10","170328-019","7/29/2022 11:23:46 AM","0000-00","0","no battery","V","","µV","","µV"
"08/09/2022","10:54:42","6","default","383292078","Oxt_06","52.662","min","103.763","%a.s.","Humid","19.967","deg","38840","µV","28.119","°C","1016.000","hPa","36.4","pmil","0","55.390","deg","20.000","°C","100.000","%a.s.","21.720","deg","20.000","°C","977.000","hPa","0.861","-0.02617","0.00035","0","0","13.56","Humid","26.25","0","44.00","378189.69","SABD0000000001","AAV1.0.0.11","4.0.0.2323","PSt7-10","170328-019","7/29/2022 11:23:46 AM","0000-00","0","no battery","V","","µV","","µV"
"08/09/2022","10:54:43","6","default","383292078","Oxt_06","52.679","min","103.699","%a.s.","Humid","19.970","deg","38839","µV","28.155","°C","1016.000","hPa","36.4","pmil","0","55.390","deg","20.000","°C","100.000","%a.s.","21.720","deg","20.000","°C","977.000","hPa","0.861","-0.02617","0.00035","0","0","13.56","Humid","26.25","0","44.00","378191.99","SABD0000000001","AAV1.0.0.11","4.0.0.2323","PSt7-10","170328-019","7/29/2022 11:23:46 AM","0000-00","0","no battery","V","","µV","","µV"
"08/09/2022","10:54:44","6","default","383292078","Oxt_06","52.696","min","103.784","%a.s.","Humid","19.962","deg","38842","µV","28.146","°C","1016.000","hPa","36.4","pmil","0","55.390","deg","20.000","°C","100.000","%a.s.","21.720","deg","20.000","°C","977.000","hPa","0.861","-0.02617","0.00035","0","0","13.56","Humid","26.25","0","44.00","378187.87","SABD0000000001","AAV1.0.0.11","4.0.0.2323","PSt7-10","170328-019","7/29/2022 11:23:46 AM","0000-00","0","no battery","V","","µV","","µV"
"08/09/2022","10:54:45","6","default","383292078","Oxt_06","52.713","min","103.671","%a.s.","Humid","19.974","deg","38839","µV","28.146","°C","1016.000","hPa","36.4","pmil","0","55.390","deg","20.000","°C","100.000","%a.s.","21.720","deg","20.000","°C","977.000","hPa","0.861","-0.02617","0.00035","0","0","13.56","Humid","26.25","0","44.00","378181.60","SABD0000000001","AAV1.0.0.11","4.0.0.2323","PSt7-10","170328-019","7/29/2022 11:23:46 AM","0000-00","0","no battery","V","","µV","","µV"
"08/09/2022","10:54:46","6","default","383292078","Oxt_06","52.729","min","103.738","%a.s.","Humid","19.968","deg","38839","µV","28.135","°C","1016.000","hPa","36.4","pmil","0","55.390","deg","20.000","°C","100.000","%a.s.","21.720","deg","20.000","°C","977.000","hPa","0.861","-0.02617","0.00035","0","0","13.56","Humid","26.25","0","44.00","378192.22","SABD0000000001","AAV1.0.0.11","4.0.0.2323","PSt7-10","170328-019","7/29/2022 11:23:46 AM","0000-00","0","no battery","V","","µV","","µV"
"08/09/2022","10:54:47","6","default","383292078","Oxt_06","52.746","min","103.793","%a.s.","Humid","19.962","deg","38838","µV","28.137","°C","1016.000","hPa","36.4","pmil","0","55.390","deg","20.000","°C","100.000","%a.s.","21.720","deg","20.000","°C","977.000","hPa","0.861","-0.02617","0.00035","0","0","13.56","Humid","26.25","0","44.00","378183.30","SABD0000000001","AAV1.0.0.11","4.0.0.2323","PSt7-10","170328-019","7/29/2022 11:23:46 AM","0000-00","0","no battery","V","","µV","","µV"
"08/09/2022","10:54:48","6","default","383292078","Oxt_06","52.763","min","103.697","%a.s.","Humid","19.972","deg","38845","µV","28.138","°C","1016.000","hPa","36.4","pmil","0","55.390","deg","20.000","°C","100.000","%a.s.","21.720","deg","20.000","°C","977.000","hPa","0.861","-0.02617","0.00035","0","0","13.56","Humid","26.25","0","44.00","378190.01","SABD0000000001","AAV1.0.0.11","4.0.0.2323","PSt7-10","170328-019","7/29/2022 11:23:46 AM","0000-00","0","no battery","V","","µV","","µV"
"08/09/2022","10:54:49","6","default","383292078","Oxt_06","52.779","min","103.709","%a.s.","Humid","19.971","deg","38838","µV","28.136","°C","1016.000","hPa","36.4","pmil","0","55.390","deg","20.000","°C","100.000","%a.s.","21.720","deg","20.000","°C","977.000","hPa","0.861","-0.02617","0.00035","0","0","13.56","Humid","26.25","0","44.00","378192.25","SABD0000000001","AAV1.0.0.11","4.0.0.2323","PSt7-10","170328-019","7/29/2022 11:23:46 AM","0000-00","0","no battery","V","","µV","","µV"
"08/09/2022","10:54:50","6","default","383292078","Oxt_06","52.796","min","103.731","%a.s.","Humid","19.969","deg","38838","µV","28.133","°C","1016.000","hPa","36.4","pmil","0","55.390","deg","20.000","°C","100.000","%a.s.","21.720","deg","20.000","°C","977.000","hPa","0.861","-0.02617","0.00035","0","0","13.56","Humid","26.25","0","44.00","378202.87","SABD0000000001","AAV1.0.0.11","4.0.0.2323","PSt7-10","170328-019","7/29/2022 11:23:46 AM","0000-00","0","no battery","V","","µV","","µV"
"08/09/2022","10:54:51","6","default","383292078","Oxt_06","52.813","min","103.743","%a.s.","Humid","19.968","deg","38838","µV","28.130","°C","1016.000","hPa","36.4","pmil","0","55.390","deg","20.000","°C","100.000","%a.s.","21.720","deg","20.000","°C","977.000","hPa","0.861","-0.02617","0.00035","0","0","13.56","Humid","26.25","0","44.00","378208.65","SABD0000000001","AAV1.0.0.11","4.0.0.2323","PSt7-10","170328-019","7/29/2022 11:23:46 AM","0000-00","0","no battery","V","","µV","","µV"
"08/09/2022","10:54:52","6","default","383292078","Oxt_06","52.829","min","103.765","%a.s.","Humid","19.966","deg","38836","µV","28.127","°C","1016.000","hPa","36.4","pmil","0","55.390","deg","20.000","°C","100.000","%a.s.","21.720","deg","20.000","°C","977.000","hPa","0.861","-0.02617","0.00035","0","0","13.56","Humid","26.25","0","44.00","378203.31","SABD0000000001","AAV1.0.0.11","4.0.0.2323","PSt7-10","170328-019","7/29/2022 11:23:46 AM","0000-00","0","no battery","V","","µV","","µV"
"08/09/2022","10:54:53","6","default","383292078","Oxt_06","52.845","min","103.730","%a.s.","Humid","19.969","deg","38837","µV","28.134","°C","1016.000","hPa","36.4","pmil","0","55.390","deg","20.000","°C","100.000","%a.s.","21.720","deg","20.000","°C","977.000","hPa","0.861","-0.02617","0.00035","0","0","13.56","Humid","26.25","0","44.00","378210.83","SABD0000000001","AAV1.0.0.11","4.0.0.2323","PSt7-10","170328-019","7/29/2022 11:23:46 AM","0000-00","0","no battery","V","","µV","","µV"
"08/09/2022","10:54:54","6","default","383292078","Oxt_06","52.862","min","103.831","%a.s.","Humid","19.958","deg","38841","µV","28.137","°C","1016.000","hPa","36.4","pmil","0","55.390","deg","20.000","°C","100.000","%a.s.","21.720","deg","20.000","°C","977.000","hPa","0.861","-0.02617","0.00035","0","0","13.56","Humid","26.25","0","44.00","378215.53","SABD0000000001","AAV1.0.0.11","4.0.0.2323","PSt7-10","170328-019","7/29/2022 11:23:46 AM","0000-00","0","no battery","V","","µV","","µV"
"08/09/2022","10:54:55","6","default","383292078","Oxt_06","52.879","min","103.790","%a.s.","Humid","19.963","deg","38833","µV","28.131","°C","1016.000","hPa","36.4","pmil","0","55.390","deg","20.000","°C","100.000","%a.s.","21.720","deg","20.000","°C","977.000","hPa","0.861","-0.02617","0.00035","0","0","13.56","Humid","26.25","0","44.00","378200.77","SABD0000000001","AAV1.0.0.11","4.0.0.2323","PSt7-10","170328-019","7/29/2022 11:23:46 AM","0000-00","0","no battery","V","","µV","","µV"
"08/09/2022","10:54:56","6","default","383292078","Oxt_06","52.895","min","103.693","%a.s.","Humid","19.973","deg","38835","µV","28.133","°C","1016.000","hPa","36.4","pmil","0","55.390","deg","20.000","°C","100.000","%a.s.","21.720","deg","20.000","°C","977.000","hPa","0.861","-0.02617","0.00035","0","0","13.56","Humid","26.25","0","44.00","378217.46","SABD0000000001","AAV1.0.0.11","4.0.0.2323","PSt7-10","170328-019","7/29/2022 11:23:46 AM","0000-00","0","no battery","V","","µV","","µV"
"08/09/2022","10:54:57","6","default","383292078","Oxt_06","52.912","min","103.776","%a.s.","Humid","19.964","deg","38836","µV","28.135","°C","1016.000","hPa","36.4","pmil","0","55.390","deg","20.000","°C","100.000","%a.s.","21.720","deg","20.000","°C","977.000","hPa","0.861","-0.02617","0.00035","0","0","13.56","Humid","26.25","0","44.00","378211.57","SABD0000000001","AAV1.0.0.11","4.0.0.2323","PSt7-10","170328-019","7/29/2022 11:23:46 AM","0000-00","0","no battery","V","","µV","","µV"
"08/09/2022","10:54:58","6","default","383292078","Oxt_06","52.929","min","103.703","%a.s.","Humid","19.971","deg","38834","µV","28.142","°C","1016.000","hPa","36.4","pmil","0","55.390","deg","20.000","°C","100.000","%a.s.","21.720","deg","20.000","°C","977.000","hPa","0.861","-0.02617","0.00035","0","0","13.56","Humid","26.25","0","44.00","378213.31","SABD0000000001","AAV1.0.0.11","4.0.0.2323","PSt7-10","170328-019","7/29/2022 11:23:46 AM","0000-00","0","no battery","V","","µV","","µV"
"08/09/2022","10:54:59","6","default","383292078","Oxt_06","52.945","min","103.813","%a.s.","Humid","19.961","deg","38835","µV","28.126","°C","1016.000","hPa","36.4","pmil","0","55.390","deg","20.000","°C","100.000","%a.s.","21.720","deg","20.000","°C","977.000","hPa","0.861","-0.02617","0.00035","0","0","13.56","Humid","26.25","0","44.00","378226.65","SABD0000000001","AAV1.0.0.11","4.0.0.2323","PSt7-10","170328-019","7/29/2022 11:23:46 AM","0000-00","0","no battery","V","","µV","","µV"
"08/09/2022","10:55:00","6","default","383292078","Oxt_06","52.962","min","103.784","%a.s.","Humid","19.964","deg","38834","µV","28.127","°C","1016.000","hPa","36.4","pmil","0","55.390","deg","20.000","°C","100.000","%a.s.","21.720","deg","20.000","°C","977.000","hPa","0.861","-0.02617","0.00035","0","0","13.56","Humid","26.25","0","44.00","378227.33","SABD0000000001","AAV1.0.0.11","4.0.0.2323","PSt7-10","170328-019","7/29/2022 11:23:46 AM","0000-00","0","no battery","V","","µV","","µV"
"08/09/2022","10:55:01","6","default","383292078","Oxt_06","52.979","min","103.811","%a.s.","Humid","19.961","deg","38830","µV","28.129","°C","1016.000","hPa","36.4","pmil","0","55.390","deg","20.000","°C","100.000","%a.s.","21.720","deg","20.000","°C","977.000","hPa","0.861","-0.02617","0.00035","0","0","13.56","Humid","26.25","0","44.00","378220.86","SABD0000000001","AAV1.0.0.11","4.0.0.2323","PSt7-10","170328-019","7/29/2022 11:23:46 AM","0000-00","0","no battery","V","","µV","","µV"
"08/09/2022","10:55:02","6","default","383292078","Oxt_06","52.995","min","103.842","%a.s.","Humid","19.958","deg","38832","µV","28.126","°C","1016.000","hPa","36.4","pmil","0","55.390","deg","20.000","°C","100.000","%a.s.","21.720","deg","20.000","°C","977.000","hPa","0.861","-0.02617","0.00035","0","0","13.56","Humid","26.25","0","44.00","378214.14","SABD0000000001","AAV1.0.0.11","4.0.0.2323","PSt7-10","170328-019","7/29/2022 11:23:46 AM","0000-00","0","no battery","V","","µV","","µV"
"08/09/2022","10:55:03","6","default","383292078","Oxt_06","53.012","min","103.775","%a.s.","Humid","19.963","deg","38830","µV","28.145","°C","1016.000","hPa","36.4","pmil","0","55.390","deg","20.000","°C","100.000","%a.s.","21.720","deg","20.000","°C","977.000","hPa","0.861","-0.02617","0.00035","0","0","13.56","Humid","26.25","0","44.00","378211.39","SABD0000000001","AAV1.0.0.11","4.0.0.2323","PSt7-10","170328-019","7/29/2022 11:23:46 AM","0000-00","0","no battery","V","","µV","","µV"
"08/09/2022","10:55:04","6","default","383292078","Oxt_06","53.029","min","103.833","%a.s.","Humid","19.957","deg","38833","µV","28.145","°C","1016.000","hPa","36.4","pmil","0","55.390","deg","20.000","°C","100.000","%a.s.","21.720","deg","20.000","°C","977.000","hPa","0.861","-0.02617","0.00035","0","0","13.56","Humid","26.25","0","44.00","378213.24","SABD0000000001","AAV1.0.0.11","4.0.0.2323","PSt7-10","170328-019","7/29/2022 11:23:46 AM","0000-00","0","no battery","V","","µV","","µV"
"08/09/2022","10:55:05","6","default","383292078","Oxt_06","53.046","min","103.888","%a.s.","Humid","19.952","deg","38833","µV","28.137","°C","1016.000","hPa","36.4","pmil","0","55.390","deg","20.000","°C","100.000","%a.s.","21.720","deg","20.000","°C","977.000","hPa","0.861","-0.02617","0.00035","0","0","13.56","Humid","26.25","0","44.00","378221.94","SABD0000000001","AAV1.0.0.11","4.0.0.2323","PSt7-10","170328-019","7/29/2022 11:23:46 AM","0000-00","0","no battery","V","","µV","","µV"
"08/09/2022","10:55:06","6","default","383292078","Oxt_06","53.062","min","103.740","%a.s.","Humid","19.967","deg","38825","µV","28.143","°C","1016.000","hPa","36.4","pmil","0","55.390","deg","20.000","°C","100.000","%a.s.","21.720","deg","20.000","°C","977.000","hPa","0.861","-0.02617","0.00035","0","0","13.56","Humid","26.25","0","44.00","378218.77","SABD0000000001","AAV1.0.0.11","4.0.0.2323","PSt7-10","170328-019","7/29/2022 11:23:46 AM","0000-00","0","no battery","V","","µV","","µV"
"08/09/2022","10:55:07","6","default","383292078","Oxt_06","53.079","min","103.788","%a.s.","Humid","19.962","deg","38827","µV","28.142","°C","1016.000","hPa","36.4","pmil","0","55.390","deg","20.000","°C","100.000","%a.s.","21.720","deg","20.000","°C","977.000","hPa","0.861","-0.02617","0.00035","0","0","13.56","Humid","26.25","0","44.00","378234.40","SABD0000000001","AAV1.0.0.11","4.0.0.2323","PSt7-10","170328-019","7/29/2022 11:23:46 AM","0000-00","0","no battery","V","","µV","","µV"
"08/09/2022","10:55:08","6","default","383292078","Oxt_06","53.096","min","103.870","%a.s.","Humid","19.954","deg","38824","µV","28.136","°C","1016.000","hPa","36.4","pmil","0","55.390","deg","20.000","°C","100.000","%a.s.","21.720","deg","20.000","°C","977.000","hPa","0.861","-0.02617","0.00035","0","0","13.56","Humid","26.25","0","44.00","378226.00","SABD0000000001","AAV1.0.0.11","4.0.0.2323","PSt7-10","170328-019","7/29/2022 11:23:46 AM","0000-00","0","no battery","V","","µV","","µV"
"08/09/2022","10:55:09","6","default","383292078","Oxt_06","53.112","min","103.881","%a.s.","Humid","19.952","deg","38824","µV","28.144","°C","1016.000","hPa","36.4","pmil","0","55.390","deg","20.000","°C","100.000","%a.s.","21.720","deg","20.000","°C","977.000","hPa","0.861","-0.02617","0.00035","0","0","13.56","Humid","26.25","0","44.00","378221.39","SABD0000000001","AAV1.0.0.11","4.0.0.2323","PSt7-10","170328-019","7/29/2022 11:23:46 AM","0000-00","0","no battery","V","","µV","","µV"
"08/09/2022","10:55:10","6","default","383292078","Oxt_06","53.129","min","103.766","%a.s.","Humid","19.964","deg","38824","µV","28.145","°C","1016.000","hPa","36.4","pmil","0","55.390","deg","20.000","°C","100.000","%a.s.","21.720","deg","20.000","°C","977.000","hPa","0.861","-0.02617","0.00035","0","0","13.56","Humid","26.25","0","44.00","378229.66","SABD0000000001","AAV1.0.0.11","4.0.0.2323","PSt7-10","170328-019","7/29/2022 11:23:46 AM","0000-00","0","no battery","V","","µV","","µV"
"08/09/2022","10:55:11","6","default","383292078","Oxt_06","53.146","min","103.899","%a.s.","Humid","19.950","deg","38804","µV","28.145","°C","1016.000","hPa","36.4","pmil","0","55.390","deg","20.000","°C","100.000","%a.s.","21.720","deg","20.000","°C","977.000","hPa","0.861","-0.02617","0.00035","0","0","13.56","Humid","26.25","0","44.00","378233.25","SABD0000000001","AAV1.0.0.11","4.0.0.2323","PSt7-10","170328-019","7/29/2022 11:23:46 AM","0000-00","0","no battery","V","","µV","","µV"
"08/09/2022","10:55:12","6","default","383292078","Oxt_06","53.162","min","103.899","%a.s.","Humid","19.951","deg","38781","µV","28.135","°C","1016.000","hPa","36.4","pmil","0","55.390","deg","20.000","°C","100.000","%a.s.","21.720","deg","20.000","°C","977.000","hPa","0.861","-0.02617","0.00035","0","0","13.56","Humid","26.25","0","44.00","378235.63","SABD0000000001","AAV1.0.0.11","4.0.0.2323","PSt7-10","170328-019","7/29/2022 11:23:46 AM","0000-00","0","no battery","V","","µV","","µV"
"08/09/2022","10:55:13","6","default","383292078","Oxt_06","53.179","min","103.901","%a.s.","Humid","19.950","deg","38791","µV","28.143","°C","1016.000","hPa","36.4","pmil","0","55.390","deg","20.000","°C","100.000","%a.s.","21.720","deg","20.000","°C","977.000","hPa","0.861","-0.02617","0.00035","0","0","13.56","Humid","26.25","0","44.00","378242.49","SABD0000000001","AAV1.0.0.11","4.0.0.2323","PSt7-10","170328-019","7/29/2022 11:23:46 AM","0000-00","0","no battery","V","","µV","","µV"
"08/09/2022","10:55:14","6","default","383292078","Oxt_06","53.196","min","103.856","%a.s.","Humid","19.956","deg","38788","µV","28.131","°C","1016.000","hPa","36.4","pmil","0","55.390","deg","20.000","°C","100.000","%a.s.","21.720","deg","20.000","°C","977.000","hPa","0.861","-0.02617","0.00035","0","0","13.56","Humid","26.25","0","44.00","378241.32","SABD0000000001","AAV1.0.0.11","4.0.0.2323","PSt7-10","170328-019","7/29/2022 11:23:46 AM","0000-00","0","no battery","V","","µV","","µV"
"08/09/2022","10:55:15","6","default","383292078","Oxt_06","53.212","min","103.928","%a.s.","Humid","19.947","deg","38785","µV","28.145","°C","1016.000","hPa","36.4","pmil","0","55.390","deg","20.000","°C","100.000","%a.s.","21.720","deg","20.000","°C","977.000","hPa","0.861","-0.02617","0.00035","0","0","13.56","Humid","26.25","0","44.00","378245.74","SABD0000000001","AAV1.0.0.11","4.0.0.2323","PSt7-10","170328-019","7/29/2022 11:23:46 AM","0000-00","0","no battery","V","","µV","","µV"
"08/09/2022","10:55:16","6","default","383292078","Oxt_06","53.229","min","103.912","%a.s.","Humid","19.950","deg","38788","µV","28.132","°C","1016.000","hPa","36.4","pmil","0","55.390","deg","20.000","°C","100.000","%a.s.","21.720","deg","20.000","°C","977.000","hPa","0.861","-0.02617","0.00035","0","0","13.56","Humid","26.25","0","44.00","378241.51","SABD0000000001","AAV1.0.0.11","4.0.0.2323","PSt7-10","170328-019","7/29/2022 11:23:46 AM","0000-00","0","no battery","V","","µV","","µV"
"08/09/2022","10:55:17","6","default","383292078","Oxt_06","53.246","min","103.900","%a.s.","Humid","19.951","deg","38789","µV","28.135","°C","1016.000","hPa","36.4","pmil","0","55.390","deg","20.000","°C","100.000","%a.s.","21.720","deg","20.000","°C","977.000","hPa","0.861","-0.02617","0.00035","0","0","13.56","Humid","26.25","0","44.00","378247.33","SABD0000000001","AAV1.0.0.11","4.0.0.2323","PSt7-10","170328-019","7/29/2022 11:23:46 AM","0000-00","0","no battery","V","","µV","","µV"
"08/09/2022","10:55:18","6","default","383292078","Oxt_06","53.262","min","103.888","%a.s.","Humid","19.952","deg","38784","µV","28.137","°C","1016.000","hPa","36.4","pmil","0","55.390","deg","20.000","°C","100.000","%a.s.","21.720","deg","20.000","°C","977.000","hPa","0.861","-0.02617","0.00035","0","0","13.56","Humid","26.25","0","44.00","378220.99","SABD0000000001","AAV1.0.0.11","4.0.0.2323","PSt7-10","170328-019","7/29/2022 11:23:46 AM","0000-00","0","no battery","V","","µV","","µV"
"08/09/2022","10:55:19","6","default","383292078","Oxt_06","53.279","min","103.838","%a.s.","Humid","19.958","deg","38796","µV","28.130","°C","1016.000","hPa","36.4","pmil","0","55.390","deg","20.000","°C","100.000","%a.s.","21.720","deg","20.000","°C","977.000","hPa","0.861","-0.02617","0.00035","0","0","13.56","Humid","26.25","0","44.00","378230.48","SABD0000000001","AAV1.0.0.11","4.0.0.2323","PSt7-10","170328-019","7/29/2022 11:23:46 AM","0000-00","0","no battery","V","","µV","","µV"
"08/09/2022","10:55:20","6","default","383292078","Oxt_06","53.296","min","103.891","%a.s.","Humid","19.952","deg","38789","µV","28.134","°C","1016.000","hPa","36.4","pmil","0","55.390","deg","20.000","°C","100.000","%a.s.","21.720","deg","20.000","°C","977.000","hPa","0.861","-0.02617","0.00035","0","0","13.56","Humid","26.25","0","44.00","378247.18","SABD0000000001","AAV1.0.0.11","4.0.0.2323","PSt7-10","170328-019","7/29/2022 11:23:46 AM","0000-00","0","no battery","V","","µV","","µV"
"08/09/2022","10:55:21","6","default","383292078","Oxt_06","53.312","min","103.973","%a.s.","Humid","19.945","deg","38785","µV","28.119","°C","1016.000","hPa","36.4","pmil","0","55.390","deg","20.000","°C","100.000","%a.s.","21.720","deg","20.000","°C","977.000","hPa","0.861","-0.02617","0.00035","0","0","13.56","Humid","26.25","0","44.00","378244.07","SABD0000000001","AAV1.0.0.11","4.0.0.2323","PSt7-10","170328-019","7/29/2022 11:23:46 AM","0000-00","0","no battery","V","","µV","","µV"
"08/09/2022","10:55:22","6","default","383292078","Oxt_06","53.329","min","103.791","%a.s.","Humid","19.960","deg","38787","µV","28.158","°C","1016.000","hPa","36.4","pmil","0","55.390","deg","20.000","°C","100.000","%a.s.","21.720","deg","20.000","°C","977.000","hPa","0.861","-0.02617","0.00035","0","0","13.56","Humid","26.25","0","44.00","378250.72","SABD0000000001","AAV1.0.0.11","4.0.0.2323","PSt7-10","170328-019","7/29/2022 11:23:46 AM","0000-00","0","no battery","V","","µV","","µV"
"08/09/2022","10:55:23","6","default","383292078","Oxt_06","53.346","min","103.981","%a.s.","Humid","19.941","deg","38793","µV","28.149","°C","1016.000","hPa","36.4","pmil","0","55.390","deg","20.000","°C","100.000","%a.s.","21.720","deg","20.000","°C","977.000","hPa","0.861","-0.02617","0.00035","0","0","13.56","Humid","26.25","0","44.00","378237.60","SABD0000000001","AAV1.0.0.11","4.0.0.2323","PSt7-10","170328-019","7/29/2022 11:23:46 AM","0000-00","0","no battery","V","","µV","","µV"
"08/09/2022","10:55:24","6","default","383292078","Oxt_06","53.363","min","103.955","%a.s.","Humid","19.944","deg","38788","µV","28.147","°C","1016.000","hPa","36.4","pmil","0","55.390","deg","20.000","°C","100.000","%a.s.","21.720","deg","20.000","°C","977.000","hPa","0.861","-0.02617","0.00035","0","0","13.56","Humid","26.25","0","44.00","378252.78","SABD0000000001","AAV1.0.0.11","4.0.0.2323","PSt7-10","170328-019","7/29/2022 11:23:46 AM","0000-00","0","no battery","V","","µV","","µV"
"08/09/2022","10:55:25","6","default","383292078","Oxt_06","53.379","min","103.924","%a.s.","Humid","19.948","deg","38786","µV","28.139","°C","1016.000","hPa","36.4","pmil","0","55.390","deg","20.000","°C","100.000","%a.s.","21.720","deg","20.000","°C","977.000","hPa","0.861","-0.02617","0.00035","0","0","13.56","Humid","26.25","0","44.00","378242.57","SABD0000000001","AAV1.0.0.11","4.0.0.2323","PSt7-10","170328-019","7/29/2022 11:23:46 AM","0000-00","0","no battery","V","","µV","","µV"
"08/09/2022","10:55:26","6","default","383292078","Oxt_06","53.396","min","103.899","%a.s.","Humid","19.951","deg","38790","µV","28.135","°C","1016.000","hPa","36.4","pmil","0","55.390","deg","20.000","°C","100.000","%a.s.","21.720","deg","20.000","°C","977.000","hPa","0.861","-0.02617","0.00035","0","0","13.56","Humid","26.25","0","44.00","378256.93","SABD0000000001","AAV1.0.0.11","4.0.0.2323","PSt7-10","170328-019","7/29/2022 11:23:46 AM","0000-00","0","no battery","V","","µV","","µV"
"08/09/2022","10:55:27","6","default","383292078","Oxt_06","53.412","min","103.916","%a.s.","Humid","19.949","deg","38792","µV","28.137","°C","1016.000","hPa","36.4","pmil","0","55.390","deg","20.000","°C","100.000","%a.s.","21.720","deg","20.000","°C","977.000","hPa","0.861","-0.02617","0.00035","0","0","13.56","Humid","26.25","0","44.00","378261.86","SABD0000000001","AAV1.0.0.11","4.0.0.2323","PSt7-10","170328-019","7/29/2022 11:23:46 AM","0000-00","0","no battery","V","","µV","","µV"
"08/09/2022","10:55:28","6","default","383292078","Oxt_06","53.429","min","103.894","%a.s.","Humid","19.950","deg","38789","µV","28.150","°C","1016.000","hPa","36.4","pmil","0","55.390","deg","20.000","°C","100.000","%a.s.","21.720","deg","20.000","°C","977.000","hPa","0.861","-0.02617","0.00035","0","0","13.56","Humid","26.25","0","44.00","378245.38","SABD0000000001","AAV1.0.0.11","4.0.0.2323","PSt7-10","170328-019","7/29/2022 11:23:46 AM","0000-00","0","no battery","V","","µV","","µV"
"08/09/2022","10:55:29","6","default","383292078","Oxt_06","53.445","min","103.897","%a.s.","Humid","19.950","deg","38787","µV","28.147","°C","1016.000","hPa","36.4","pmil","0","55.390","deg","20.000","°C","100.000","%a.s.","21.720","deg","20.000","°C","977.000","hPa","0.861","-0.02617","0.00035","0","0","13.56","Humid","26.25","0","44.00","378253.87","SABD0000000001","AAV1.0.0.11","4.0.0.2323","PSt7-10","170328-019","7/29/2022 11:23:46 AM","0000-00","0","no battery","V","","µV","","µV"
"08/09/2022","10:55:30","6","default","383292078","Oxt_06","53.462","min","103.975","%a.s.","Humid","19.943","deg","38786","µV","28.135","°C","1016.000","hPa","36.4","pmil","0","55.390","deg","20.000","°C","100.000","%a.s.","21.720","deg","20.000","°C","977.000","hPa","0.861","-0.02617","0.00035","0","0","13.56","Humid","26.25","0","44.00","378261.88","SABD0000000001","AAV1.0.0.11","4.0.0.2323","PSt7-10","170328-019","7/29/2022 11:23:46 AM","0000-00","0","no battery","V","","µV","","µV"
"08/09/2022","10:55:31","6","default","383292078","Oxt_06","53.479","min","103.937","%a.s.","Humid","19.947","deg","38786","µV","28.136","°C","1016.000","hPa","36.4","pmil","0","55.390","deg","20.000","°C","100.000","%a.s.","21.720","deg","20.000","°C","977.000","hPa","0.861","-0.02617","0.00035","0","0","13.56","Humid","26.25","0","44.00","378255.65","SABD0000000001","AAV1.0.0.11","4.0.0.2323","PSt7-10","170328-019","7/29/2022 11:23:46 AM","0000-00","0","no battery","V","","µV","","µV"
"08/09/2022","10:55:32","6","default","383292078","Oxt_06","53.495","min","103.999","%a.s.","Humid","19.938","deg","38782","µV","28.159","°C","1016.000","hPa","36.4","pmil","0","55.390","deg","20.000","°C","100.000","%a.s.","21.720","deg","20.000","°C","977.000","hPa","0.861","-0.02617","0.00035","0","0","13.56","Humid","26.25","0","44.00","378258.59","SABD0000000001","AAV1.0.0.11","4.0.0.2323","PSt7-10","170328-019","7/29/2022 11:23:46 AM","0000-00","0","no battery","V","","µV","","µV"
"08/09/2022","10:55:33","6","default","383292078","Oxt_06","53.512","min","104.025","%a.s.","Humid","19.937","deg","38781","µV","28.143","°C","1016.000","hPa","36.4","pmil","0","55.390","deg","20.000","°C","100.000","%a.s.","21.720","deg","20.000","°C","977.000","hPa","0.861","-0.02617","0.00035","0","0","13.56","Humid","26.25","0","44.00","378270.44","SABD0000000001","AAV1.0.0.11","4.0.0.2323","PSt7-10","170328-019","7/29/2022 11:23:46 AM","0000-00","0","no battery","V","","µV","","µV"
"08/09/2022","10:55:34","6","default","383292078","Oxt_06","53.529","min","103.997","%a.s.","Humid","19.940","deg","38778","µV","28.142","°C","1016.000","hPa","36.4","pmil","0","55.390","deg","20.000","°C","100.000","%a.s.","21.720","deg","20.000","°C","977.000","hPa","0.861","-0.02617","0.00035","0","0","13.56","Humid","26.25","0","44.00","378263.80","SABD0000000001","AAV1.0.0.11","4.0.0.2323","PSt7-10","170328-019","7/29/2022 11:23:46 AM","0000-00","0","no battery","V","","µV","","µV"
"08/09/2022","10:55:35","6","default","383292078","Oxt_06","53.545","min","104.048","%a.s.","Humid","19.935","deg","38783","µV","28.139","°C","1016.000","hPa","36.4","pmil","0","55.390","deg","20.000","°C","100.000","%a.s.","21.720","deg","20.000","°C","977.000","hPa","0.861","-0.02617","0.00035","0","0","13.56","Humid","26.25","0","44.00","378267.54","SABD0000000001","AAV1.0.0.11","4.0.0.2323","PSt7-10","170328-019","7/29/2022 11:23:46 AM","0000-00","0","no battery","V","","µV","","µV"
"08/09/2022","10:55:36","6","default","383292078","Oxt_06","53.562","min","104.105","%a.s.","Humid","19.929","deg","38776","µV","28.139","°C","1016.000","hPa","36.4","pmil","0","55.390","deg","20.000","°C","100.000","%a.s.","21.720","deg","20.000","°C","977.000","hPa","0.861","-0.02617","0.00035","0","0","13.56","Humid","26.25","0","44.00","378261.28","SABD0000000001","AAV1.0.0.11","4.0.0.2323","PSt7-10","170328-019","7/29/2022 11:23:46 AM","0000-00","0","no battery","V","","µV","","µV"
"08/09/2022","10:55:37","6","default","383292078","Oxt_06","53.579","min","103.932","%a.s.","Humid","19.946","deg","38780","µV","28.151","°C","1016.000","hPa","36.4","pmil","0","55.390","deg","20.000","°C","100.000","%a.s.","21.720","deg","20.000","°C","977.000","hPa","0.861","-0.02617","0.00035","0","0","13.56","Humid","26.25","0","44.00","378268.33","SABD0000000001","AAV1.0.0.11","4.0.0.2323","PSt7-10","170328-019","7/29/2022 11:23:46 AM","0000-00","0","no battery","V","","µV","","µV"
"08/09/2022","10:55:38","6","default","383292078","Oxt_06","53.596","min","103.976","%a.s.","Humid","19.943","deg","38780","µV","28.134","°C","1016.000","hPa","36.4","pmil","0","55.390","deg","20.000","°C","100.000","%a.s.","21.720","deg","20.000","°C","977.000","hPa","0.861","-0.02617","0.00035","0","0","13.56","Humid","26.25","0","44.00","378267.49","SABD0000000001","AAV1.0.0.11","4.0.0.2323","PSt7-10","170328-019","7/29/2022 11:23:46 AM","0000-00","0","no battery","V","","µV","","µV"
"08/09/2022","10:55:39","6","default","383292078","Oxt_06","53.612","min","103.992","%a.s.","Humid","19.940","deg","38776","µV","28.147","°C","1016.000","hPa","36.4","pmil","0","55.390","deg","20.000","°C","100.000","%a.s.","21.720","deg","20.000","°C","977.000","hPa","0.861","-0.02617","0.00035","0","0","13.56","Humid","26.25","0","44.00","378254.05","SABD0000000001","AAV1.0.0.11","4.0.0.2323","PSt7-10","170328-019","7/29/2022 11:23:46 AM","0000-00","0","no battery","V","","µV","","µV"
"08/09/2022","10:55:40","6","default","383292078","Oxt_06","53.629","min","103.926","%a.s.","Humid","19.947","deg","38784","µV","28.146","°C","1016.000","hPa","36.4","pmil","0","55.390","deg","20.000","°C","100.000","%a.s.","21.720","deg","20.000","°C","977.000","hPa","0.861","-0.02617","0.00035","0","0","13.56","Humid","26.25","0","44.00","378275.40","SABD0000000001","AAV1.0.0.11","4.0.0.2323","PSt7-10","170328-019","7/29/2022 11:23:46 AM","0000-00","0","no battery","V","","µV","","µV"
"08/09/2022","10:55:41","6","default","383292078","Oxt_06","53.646","min","104.025","%a.s.","Humid","19.935","deg","38785","µV","28.161","°C","1016.000","hPa","36.4","pmil","0","55.390","deg","20.000","°C","100.000","%a.s.","21.720","deg","20.000","°C","977.000","hPa","0.861","-0.02617","0.00035","0","0","13.56","Humid","26.25","0","44.00","378270.03","SABD0000000001","AAV1.0.0.11","4.0.0.2323","PSt7-10","170328-019","7/29/2022 11:23:46 AM","0000-00","0","no battery","V","","µV","","µV"
"08/09/2022","10:55:42","6","default","383292078","Oxt_06","53.662","min","104.011","%a.s.","Humid","19.936","deg","38787","µV","28.166","°C","1016.000","hPa","36.4","pmil","0","55.390","deg","20.000","°C","100.000","%a.s.","21.720","deg","20.000","°C","977.000","hPa","0.861","-0.02617","0.00035","0","0","13.56","Humid","26.25","0","44.00","378266.56","SABD0000000001","AAV1.0.0.11","4.0.0.2323","PSt7-10","170328-019","7/29/2022 11:23:46 AM","0000-00","0","no battery","V","","µV","","µV"
"08/09/2022","10:55:43","6","default","383292078","Oxt_06","53.679","min","103.927","%a.s.","Humid","19.946","deg","38782","µV","28.155","°C","1016.000","hPa","36.4","pmil","0","55.390","deg","20.000","°C","100.000","%a.s.","21.720","deg","20.000","°C","977.000","hPa","0.861","-0.02617","0.00035","0","0","13.56","Humid","26.25","0","44.00","378275.99","SABD0000000001","AAV1.0.0.11","4.0.0.2323","PSt7-10","170328-019","7/29/2022 11:23:46 AM","0000-00","0","no battery","V","","µV","","µV"
"08/09/2022","10:55:44","6","default","383292078","Oxt_06","53.696","min","104.062","%a.s.","Humid","19.932","deg","38779","µV","28.153","°C","1016.000","hPa","36.4","pmil","0","55.390","deg","20.000","°C","100.000","%a.s.","21.720","deg","20.000","°C","977.000","hPa","0.861","-0.02617","0.00035","0","0","13.56","Humid","26.25","0","44.00","378253.50","SABD0000000001","AAV1.0.0.11","4.0.0.2323","PSt7-10","170328-019","7/29/2022 11:23:46 AM","0000-00","0","no battery","V","","µV","","µV"
"08/09/2022","10:55:45","6","default","383292078","Oxt_06","53.712","min","103.995","%a.s.","Humid","19.940","deg","38780","µV","28.144","°C","1016.000","hPa","36.4","pmil","0","55.390","deg","20.000","°C","100.000","%a.s.","21.720","deg","20.000","°C","977.000","hPa","0.861","-0.02617","0.00035","0","0","13.56","Humid","26.25","0","44.00","378272.17","SABD0000000001","AAV1.0.0.11","4.0.0.2323","PSt7-10","170328-019","7/29/2022 11:23:46 AM","0000-00","0","no battery","V","","µV","","µV"
"08/09/2022","10:55:46","6","default","383292078","Oxt_06","53.729","min","103.951","%a.s.","Humid","19.944","deg","38780","µV","28.150","°C","1016.000","hPa","36.4","pmil","0","55.390","deg","20.000","°C","100.000","%a.s.","21.720","deg","20.000","°C","977.000","hPa","0.861","-0.02617","0.00035","0","0","13.56","Humid","26.25","0","44.00","378290.65","SABD0000000001","AAV1.0.0.11","4.0.0.2323","PSt7-10","170328-019","7/29/2022 11:23:46 AM","0000-00","0","no battery","V","","µV","","µV"
"08/09/2022","10:55:47","6","default","383292078","Oxt_06","53.746","min","104.047","%a.s.","Humid","19.935","deg","38777","µV","28.140","°C","1016.000","hPa","36.4","pmil","0","55.390","deg","20.000","°C","100.000","%a.s.","21.720","deg","20.000","°C","977.000","hPa","0.861","-0.02617","0.00035","0","0","13.56","Humid","26.25","0","44.00","378264.77","SABD0000000001","AAV1.0.0.11","4.0.0.2323","PSt7-10","170328-019","7/29/2022 11:23:46 AM","0000-00","0","no battery","V","","µV","","µV"
"08/09/2022","10:55:48","6","default","383292078","Oxt_06","53.763","min","104.011","%a.s.","Humid","19.939","deg","38782","µV","28.137","°C","1016.000","hPa","36.4","pmil","0","55.390","deg","20.000","°C","100.000","%a.s.","21.720","deg","20.000","°C","977.000","hPa","0.861","-0.02617","0.00035","0","0","13.56","Humid","26.25","0","44.00","378284.14","SABD0000000001","AAV1.0.0.11","4.0.0.2323","PSt7-10","170328-019","7/29/2022 11:23:46 AM","0000-00","0","no battery","V","","µV","","µV"
"08/09/2022","10:55:49","6","default","383292078","Oxt_06","53.779","min","104.057","%a.s.","Humid","19.933","deg","38780","µV","28.148","°C","1016.000","hPa","36.4","pmil","0","55.390","deg","20.000","°C","100.000","%a.s.","21.720","deg","20.000","°C","977.000","hPa","0.861","-0.02617","0.00035","0","0","13.56","Humid","26.25","0","44.00","378278.23","SABD0000000001","AAV1.0.0.11","4.0.0.2323","PSt7-10","170328-019","7/29/2022 11:23:46 AM","0000-00","0","no battery","V","","µV","","µV"
"08/09/2022","10:55:50","6","default","383292078","Oxt_06","53.796","min","104.002","%a.s.","Humid","19.939","deg","38779","µV","28.146","°C","1016.000","hPa","36.4","pmil","0","55.390","deg","20.000","°C","100.000","%a.s.","21.720","deg","20.000","°C","977.000","hPa","0.861","-0.02617","0.00035","0","0","13.56","Humid","26.25","0","44.00","378288.73","SABD0000000001","AAV1.0.0.11","4.0.0.2323","PSt7-10","170328-019","7/29/2022 11:23:46 AM","0000-00","0","no battery","V","","µV","","µV"
"08/09/2022","10:55:51","6","default","383292078","Oxt_06","53.813","min","104.064","%a.s.","Humid","19.933","deg","38771","µV","28.142","°C","1016.000","hPa","36.4","pmil","0","55.390","deg","20.000","°C","100.000","%a.s.","21.720","deg","20.000","°C","977.000","hPa","0.861","-0.02617","0.00035","0","0","13.56","Humid","26.25","0","44.00","378281.14","SABD0000000001","AAV1.0.0.11","4.0.0.2323","PSt7-10","170328-019","7/29/2022 11:23:46 AM","0000-00","0","no battery","V","","µV","","µV"
"08/09/2022","10:55:52","6","default","383292078","Oxt_06","53.829","min","104.100","%a.s.","Humid","19.929","deg","38778","µV","28.144","°C","1016.000","hPa","36.4","pmil","0","55.390","deg","20.000","°C","100.000","%a.s.","21.720","deg","20.000","°C","977.000","hPa","0.861","-0.02617","0.00035","0","0","13.56","Humid","26.25","0","44.00","378285.21","SABD0000000001","AAV1.0.0.11","4.0.0.2323","PSt7-10","170328-019","7/29/2022 11:23:46 AM","0000-00","0","no battery","V","","µV","","µV"
"08/09/2022","10:55:53","6","default","383292078","Oxt_06","53.846","min","104.084","%a.s.","Humid","19.932","deg","38776","µV","28.131","°C","1016.000","hPa","36.4","pmil","0","55.390","deg","20.000","°C","100.000","%a.s.","21.720","deg","20.000","°C","977.000","hPa","0.861","-0.02617","0.00035","0","0","13.56","Humid","26.25","0","44.00","378276.06","SABD0000000001","AAV1.0.0.11","4.0.0.2323","PSt7-10","170328-019","7/29/2022 11:23:46 AM","0000-00","0","no battery","V","","µV","","µV"
"08/09/2022","10:55:54","6","default","383292078","Oxt_06","53.863","min","104.031","%a.s.","Humid","19.936","deg","38773","µV","28.147","°C","1016.000","hPa","36.4","pmil","0","55.390","deg","20.000","°C","100.000","%a.s.","21.720","deg","20.000","°C","977.000","hPa","0.861","-0.02617","0.00035","0","0","13.56","Humid","26.25","0","44.00","378283.33","SABD0000000001","AAV1.0.0.11","4.0.0.2323","PSt7-10","170328-019","7/29/2022 11:23:46 AM","0000-00","0","no battery","V","","µV","","µV"
"08/09/2022","10:55:55","6","default","383292078","Oxt_06","53.879","min","104.073","%a.s.","Humid","19.931","deg","38775","µV","28.151","°C","1016.000","hPa","36.4","pmil","0","55.390","deg","20.000","°C","100.000","%a.s.","21.720","deg","20.000","°C","977.000","hPa","0.861","-0.02617","0.00035","0","0","13.56","Humid","26.25","0","44.00","378293.81","SABD0000000001","AAV1.0.0.11","4.0.0.2323","PSt7-10","170328-019","7/29/2022 11:23:46 AM","0000-00","0","no battery","V","","µV","","µV"
"08/09/2022","10:55:56","6","default","383292078","Oxt_06","53.896","min","104.159","%a.s.","Humid","19.922","deg","38773","µV","28.151","°C","1016.000","hPa","36.4","pmil","0","55.390","deg","20.000","°C","100.000","%a.s.","21.720","deg","20.000","°C","977.000","hPa","0.861","-0.02617","0.00035","0","0","13.56","Humid","26.25","0","44.00","378281.60","SABD0000000001","AAV1.0.0.11","4.0.0.2323","PSt7-10","170328-019","7/29/2022 11:23:46 AM","0000-00","0","no battery","V","","µV","","µV"
"08/09/2022","10:55:57","6","default","383292078","Oxt_06","53.912","min","104.150","%a.s.","Humid","19.923","deg","38781","µV","28.151","°C","1016.000","hPa","36.4","pmil","0","55.390","deg","20.000","°C","100.000","%a.s.","21.720","deg","20.000","°C","977.000","hPa","0.861","-0.02617","0.00035","0","0","13.56","Humid","26.25","0","44.00","378288.25","SABD0000000001","AAV1.0.0.11","4.0.0.2323","PSt7-10","170328-019","7/29/2022 11:23:46 AM","0000-00","0","no battery","V","","µV","","µV"
"08/09/2022","10:55:58","6","default","383292078","Oxt_06","53.929","min","104.126","%a.s.","Humid","19.928","deg","38773","µV","28.127","°C","1016.000","hPa","36.4","pmil","0","55.390","deg","20.000","°C","100.000","%a.s.","21.720","deg","20.000","°C","977.000","hPa","0.861","-0.02617","0.00035","0","0","13.56","Humid","26.25","0","44.00","378292.38","SABD0000000001","AAV1.0.0.11","4.0.0.2323","PSt7-10","170328-019","7/29/2022 11:23:46 AM","0000-00","0","no battery","V","","µV","","µV"
"08/09/2022","10:55:59","6","default","383292078","Oxt_06","53.945","min","104.130","%a.s.","Humid","19.926","deg","38774","µV","28.142","°C","1016.000","hPa","36.4","pmil","0","55.390","deg","20.000","°C","100.000","%a.s.","21.720","deg","20.000","°C","977.000","hPa","0.861","-0.02617","0.00035","0","0","13.56","Humid","26.25","0","44.00","378289.71","SABD0000000001","AAV1.0.0.11","4.0.0.2323","PSt7-10","170328-019","7/29/2022 11:23:46 AM","0000-00","0","no battery","V","","µV","","µV"
"08/09/2022","10:56:00","6","default","383292078","Oxt_06","53.962","min","104.040","%a.s.","Humid","19.933","deg","38769","µV","28.165","°C","1016.000","hPa","36.4","pmil","0","55.390","deg","20.000","°C","100.000","%a.s.","21.720","deg","20.000","°C","977.000","hPa","0.861","-0.02617","0.00035","0","0","13.56","Humid","26.25","0","44.00","378294.57","SABD0000000001","AAV1.0.0.11","4.0.0.2323","PSt7-10","170328-019","7/29/2022 11:23:46 AM","0000-00","0","no battery","V","","µV","","µV"
"08/09/2022","10:56:01","6","default","383292078","Oxt_06","53.979","min","104.093","%a.s.","Humid","19.927","deg","38772","µV","28.170","°C","1016.000","hPa","36.4","pmil","0","55.390","deg","20.000","°C","100.000","%a.s.","21.720","deg","20.000","°C","977.000","hPa","0.861","-0.02617","0.00035","0","0","13.56","Humid","26.25","0","44.00","378296.50","SABD0000000001","AAV1.0.0.11","4.0.0.2323","PSt7-10","170328-019","7/29/2022 11:23:46 AM","0000-00","0","no battery","V","","µV","","µV"
"08/09/2022","10:56:02","6","default","383292078","Oxt_06","53.995","min","104.123","%a.s.","Humid","19.927","deg","38767","µV","28.140","°C","1016.000","hPa","36.4","pmil","0","55.390","deg","20.000","°C","100.000","%a.s.","21.720","deg","20.000","°C","977.000","hPa","0.861","-0.02617","0.00035","0","0","13.56","Humid","26.25","0","44.00","378294.58","SABD0000000001","AAV1.0.0.11","4.0.0.2323","PSt7-10","170328-019","7/29/2022 11:23:46 AM","0000-00","0","no battery","V","","µV","","µV"
"08/09/2022","10:56:03","6","default","383292078","Oxt_06","54.012","min","104.087","%a.s.","Humid","19.931","deg","38769","µV","28.137","°C","1016.000","hPa","36.4","pmil","0","55.390","deg","20.000","°C","100.000","%a.s.","21.720","deg","20.000","°C","977.000","hPa","0.861","-0.02617","0.00035","0","0","13.56","Humid","26.25","0","44.00","378297.76","SABD0000000001","AAV1.0.0.11","4.0.0.2323","PSt7-10","170328-019","7/29/2022 11:23:46 AM","0000-00","0","no battery","V","","µV","","µV"
"08/09/2022","10:56:04","6","default","383292078","Oxt_06","54.029","min","104.155","%a.s.","Humid","19.922","deg","38772","µV","28.156","°C","1016.000","hPa","36.4","pmil","0","55.390","deg","20.000","°C","100.000","%a.s.","21.720","deg","20.000","°C","977.000","hPa","0.861","-0.02617","0.00035","0","0","13.56","Humid","26.25","0","44.00","378309.86","SABD0000000001","AAV1.0.0.11","4.0.0.2323","PSt7-10","170328-019","7/29/2022 11:23:46 AM","0000-00","0","no battery","V","","µV","","µV"
"08/09/2022","10:56:05","6","default","383292078","Oxt_06","54.045","min","104.056","%a.s.","Humid","19.933","deg","38768","µV","28.150","°C","1016.000","hPa","36.4","pmil","0","55.390","deg","20.000","°C","100.000","%a.s.","21.720","deg","20.000","°C","977.000","hPa","0.861","-0.02617","0.00035","0","0","13.56","Humid","26.25","0","44.00","378294.45","SABD0000000001","AAV1.0.0.11","4.0.0.2323","PSt7-10","170328-019","7/29/2022 11:23:46 AM","0000-00","0","no battery","V","","µV","","µV"
"08/09/2022","10:56:06","6","default","383292078","Oxt_06","54.062","min","104.108","%a.s.","Humid","19.926","deg","38767","µV","28.164","°C","1016.000","hPa","36.4","pmil","0","55.390","deg","20.000","°C","100.000","%a.s.","21.720","deg","20.000","°C","977.000","hPa","0.861","-0.02617","0.00035","0","0","13.56","Humid","26.25","0","44.00","378304.34","SABD0000000001","AAV1.0.0.11","4.0.0.2323","PSt7-10","170328-019","7/29/2022 11:23:46 AM","0000-00","0","no battery","V","","µV","","µV"
"08/09/2022","10:56:07","6","default","383292078","Oxt_06","54.079","min","104.172","%a.s.","Humid","19.921","deg","38769","µV","28.148","°C","1016.000","hPa","36.4","pmil","0","55.390","deg","20.000","°C","100.000","%a.s.","21.720","deg","20.000","°C","977.000","hPa","0.861","-0.02617","0.00035","0","0","13.56","Humid","26.25","0","44.00","378303.69","SABD0000000001","AAV1.0.0.11","4.0.0.2323","PSt7-10","170328-019","7/29/2022 11:23:46 AM","0000-00","0","no battery","V","","µV","","µV"
"08/09/2022","10:56:08","6","default","383292078","Oxt_06","54.095","min","104.145","%a.s.","Humid","19.924","deg","38766","µV","28.146","°C","1016.000","hPa","36.4","pmil","0","55.390","deg","20.000","°C","100.000","%a.s.","21.720","deg","20.000","°C","977.000","hPa","0.861","-0.02617","0.00035","0","0","13.56","Humid","26.25","0","44.00","378309.80","SABD0000000001","AAV1.0.0.11","4.0.0.2323","PSt7-10","170328-019","7/29/2022 11:23:46 AM","0000-00","0","no battery","V","","µV","","µV"
"08/09/2022","10:56:09","6","default","383292078","Oxt_06","54.112","min","104.180","%a.s.","Humid","19.920","deg","38768","µV","28.150","°C","1016.000","hPa","36.4","pmil","0","55.390","deg","20.000","°C","100.000","%a.s.","21.720","deg","20.000","°C","977.000","hPa","0.861","-0.02617","0.00035","0","0","13.56","Humid","26.25","0","44.00","378300.76","SABD0000000001","AAV1.0.0.11","4.0.0.2323","PSt7-10","170328-019","7/29/2022 11:23:46 AM","0000-00","0","no battery","V","","µV","","µV"
"08/09/2022","10:56:10","6","default","383292078","Oxt_06","54.129","min","104.149","%a.s.","Humid","19.922","deg","38768","µV","28.162","°C","1016.000","hPa","36.4","pmil","0","55.390","deg","20.000","°C","100.000","%a.s.","21.720","deg","20.000","°C","977.000","hPa","0.861","-0.02617","0.00035","0","0","13.56","Humid","26.25","0","44.00","378300.44","SABD0000000001","AAV1.0.0.11","4.0.0.2323","PSt7-10","170328-019","7/29/2022 11:23:46 AM","0000-00","0","no battery","V","","µV","","µV"
"08/09/2022","10:56:11","6","default","383292078","Oxt_06","54.146","min","104.129","%a.s.","Humid","19.925","deg","38767","µV","28.152","°C","1016.000","hPa","36.4","pmil","0","55.390","deg","20.000","°C","100.000","%a.s.","21.720","deg","20.000","°C","977.000","hPa","0.861","-0.02617","0.00035","0","0","13.56","Humid","26.25","0","44.00","378304.34","SABD0000000001","AAV1.0.0.11","4.0.0.2323","PSt7-10","170328-019","7/29/2022 11:23:46 AM","0000-00","0","no battery","V","","µV","","µV"
"08/09/2022","10:56:12","6","default","383292078","Oxt_06","54.162","min","104.176","%a.s.","Humid","19.922","deg","38761","µV","28.135","°C","1016.000","hPa","36.4","pmil","0","55.390","deg","20.000","°C","100.000","%a.s.","21.720","deg","20.000","°C","977.000","hPa","0.861","-0.02617","0.00035","0","0","13.56","Humid","26.25","0","44.00","378307.32","SABD0000000001","AAV1.0.0.11","4.0.0.2323","PSt7-10","170328-019","7/29/2022 11:23:46 AM","0000-00","0","no battery","V","","µV","","µV"
"08/09/2022","10:56:13","6","default","383292078","Oxt_06","54.179","min","104.166","%a.s.","Humid","19.922","deg","38764","µV","28.144","°C","1016.000","hPa","36.4","pmil","0","55.390","deg","20.000","°C","100.000","%a.s.","21.720","deg","20.000","°C","977.000","hPa","0.861","-0.02617","0.00035","0","0","13.56","Humid","26.25","0","44.00","378295.75","SABD0000000001","AAV1.0.0.11","4.0.0.2323","PSt7-10","170328-019","7/29/2022 11:23:46 AM","0000-00","0","no battery","V","","µV","","µV"
"08/09/2022","10:56:14","6","default","383292078","Oxt_06","54.196","min","104.123","%a.s.","Humid","19.927","deg","38764","µV","28.140","°C","1016.000","hPa","36.4","pmil","0","55.390","deg","20.000","°C","100.000","%a.s.","21.720","deg","20.000","°C","977.000","hPa","0.861","-0.02617","0.00035","0","0","13.56","Humid","26.25","0","44.00","378300.71","SABD0000000001","AAV1.0.0.11","4.0.0.2323","PSt7-10","170328-019","7/29/2022 11:23:46 AM","0000-00","0","no battery","V","","µV","","µV"
"08/09/2022","10:56:15","6","default","383292078","Oxt_06","54.212","min","104.182","%a.s.","Humid","19.921","deg","38765","µV","28.138","°C","1016.000","hPa","36.4","pmil","0","55.390","deg","20.000","°C","100.000","%a.s.","21.720","deg","20.000","°C","977.000","hPa","0.861","-0.02617","0.00035","0","0","13.56","Humid","26.25","0","44.00","378309.26","SABD0000000001","AAV1.0.0.11","4.0.0.2323","PSt7-10","170328-019","7/29/2022 11:23:46 AM","0000-00","0","no battery","V","","µV","","µV"
"08/09/2022","10:56:16","6","default","383292078","Oxt_06","54.229","min","104.120","%a.s.","Humid","19.926","deg","38759","µV","28.152","°C","1016.000","hPa","36.4","pmil","0","55.390","deg","20.000","°C","100.000","%a.s.","21.720","deg","20.000","°C","977.000","hPa","0.861","-0.02617","0.00035","0","0","13.56","Humid","26.25","0","44.00","378310.30","SABD0000000001","AAV1.0.0.11","4.0.0.2323","PSt7-10","170328-019","7/29/2022 11:23:46 AM","0000-00","0","no battery","V","","µV","","µV"
"08/09/2022","10:56:17","6","default","383292078","Oxt_06","54.246","min","104.143","%a.s.","Humid","19.924","deg","38757","µV","28.148","°C","1016.000","hPa","36.4","pmil","0","55.390","deg","20.000","°C","100.000","%a.s.","21.720","deg","20.000","°C","977.000","hPa","0.861","-0.02617","0.00035","0","0","13.56","Humid","26.25","0","44.00","378309.67","SABD0000000001","AAV1.0.0.11","4.0.0.2323","PSt7-10","170328-019","7/29/2022 11:23:46 AM","0000-00","0","no battery","V","","µV","","µV"
"08/09/2022","10:56:18","6","default","383292078","Oxt_06","54.262","min","104.244","%a.s.","Humid","19.915","deg","38764","µV","28.134","°C","1016.000","hPa","36.4","pmil","0","55.390","deg","20.000","°C","100.000","%a.s.","21.720","deg","20.000","°C","977.000","hPa","0.861","-0.02617","0.00035","0","0","13.56","Humid","26.25","0","44.00","378296.51","SABD0000000001","AAV1.0.0.11","4.0.0.2323","PSt7-10","170328-019","7/29/2022 11:23:46 AM","0000-00","0","no battery","V","","µV","","µV"
"08/09/2022","10:56:19","6","default","383292078","Oxt_06","54.279","min","104.228","%a.s.","Humid","19.916","deg","38760","µV","28.140","°C","1016.000","hPa","36.4","pmil","0","55.390","deg","20.000","°C","100.000","%a.s.","21.720","deg","20.000","°C","977.000","hPa","0.861","-0.02617","0.00035","0","0","13.56","Humid","26.25","0","44.00","378300.81","SABD0000000001","AAV1.0.0.11","4.0.0.2323","PSt7-10","170328-019","7/29/2022 11:23:46 AM","0000-00","0","no battery","V","","µV","","µV"
"08/09/2022","10:56:20","6","default","383292078","Oxt_06","54.296","min","104.221","%a.s.","Humid","19.915","deg","38761","µV","28.157","°C","1016.000","hPa","36.4","pmil","0","55.390","deg","20.000","°C","100.000","%a.s.","21.720","deg","20.000","°C","977.000","hPa","0.861","-0.02617","0.00035","0","0","13.56","Humid","26.25","0","44.00","378316.98","SABD0000000001","AAV1.0.0.11","4.0.0.2323","PSt7-10","170328-019","7/29/2022 11:23:46 AM","0000-00","0","no battery","V","","µV","","µV"
"08/09/2022","10:56:21","6","default","383292078","Oxt_06","54.312","min","104.230","%a.s.","Humid","19.915","deg","38753","µV","28.147","°C","1016.000","hPa","36.4","pmil","0","55.390","deg","20.000","°C","100.000","%a.s.","21.720","deg","20.000","°C","977.000","hPa","0.861","-0.02617","0.00035","0","0","13.56","Humid","26.25","0","44.00","378309.27","SABD0000000001","AAV1.0.0.11","4.0.0.2323","PSt7-10","170328-019","7/29/2022 11:23:46 AM","0000-00","0","no battery","V","","µV","","µV"
"08/09/2022","10:56:22","6","default","383292078","Oxt_06","54.329","min","104.199","%a.s.","Humid","19.918","deg","38757","µV","28.150","°C","1016.000","hPa","36.4","pmil","0","55.390","deg","20.000","°C","100.000","%a.s.","21.720","deg","20.000","°C","977.000","hPa","0.861","-0.02617","0.00035","0","0","13.56","Humid","26.25","0","44.00","378302.32","SABD0000000001","AAV1.0.0.11","4.0.0.2323","PSt7-10","170328-019","7/29/2022 11:23:46 AM","0000-00","0","no battery","V","","µV","","µV"
"08/09/2022","10:56:23","6","default","383292078","Oxt_06","54.346","min","104.231","%a.s.","Humid","19.915","deg","38757","µV","28.146","°C","1016.000","hPa","36.4","pmil","0","55.390","deg","20.000","°C","100.000","%a.s.","21.720","deg","20.000","°C","977.000","hPa","0.861","-0.02617","0.00035","0","0","13.56","Humid","26.25","0","44.00","378315.91","SABD0000000001","AAV1.0.0.11","4.0.0.2323","PSt7-10","170328-019","7/29/2022 11:23:46 AM","0000-00","0","no battery","V","","µV","","µV"
"08/09/2022","10:56:24","6","default","383292078","Oxt_06","54.362","min","104.161","%a.s.","Humid","19.922","deg","38754","µV","28.150","°C","1016.000","hPa","36.4","pmil","0","55.390","deg","20.000","°C","100.000","%a.s.","21.720","deg","20.000","°C","977.000","hPa","0.861","-0.02617","0.00035","0","0","13.56","Humid","26.25","0","44.00","378324.54","SABD0000000001","AAV1.0.0.11","4.0.0.2323","PSt7-10","170328-019","7/29/2022 11:23:46 AM","0000-00","0","no battery","V","","µV","","µV"
"08/09/2022","10:56:25","6","default","383292078","Oxt_06","54.379","min","104.168","%a.s.","Humid","19.922","deg","38747","µV","28.142","°C","1016.000","hPa","36.4","pmil","0","55.390","deg","20.000","°C","100.000","%a.s.","21.720","deg","20.000","°C","977.000","hPa","0.861","-0.02617","0.00035","0","0","13.56","Humid","26.25","0","44.00","378313.42","SABD0000000001","AAV1.0.0.11","4.0.0.2323","PSt7-10","170328-019","7/29/2022 11:23:46 AM","0000-00","0","no battery","V","","µV","","µV"
"08/09/2022","10:56:26","6","default","383292078","Oxt_06","54.396","min","104.137","%a.s.","Humid","19.924","deg","38752","µV","28.154","°C","1016.000","hPa","36.4","pmil","0","55.390","deg","20.000","°C","100.000","%a.s.","21.720","deg","20.000","°C","977.000","hPa","0.861","-0.02617","0.00035","0","0","13.56","Humid","26.25","0","44.00","378319.91","SABD0000000001","AAV1.0.0.11","4.0.0.2323","PSt7-10","170328-019","7/29/2022 11:23:46 AM","0000-00","0","no battery","V","","µV","","µV"
"08/09/2022","10:56:27","6","default","383292078","Oxt_06","54.412","min","104.203","%a.s.","Humid","19.918","deg","38755","µV","28.146","°C","1016.000","hPa","36.4","pmil","0","55.390","deg","20.000","°C","100.000","%a.s.","21.720","deg","20.000","°C","977.000","hPa","0.861","-0.02617","0.00035","0","0","13.56","Humid","26.25","0","44.00","378313.53","SABD0000000001","AAV1.0.0.11","4.0.0.2323","PSt7-10","170328-019","7/29/2022 11:23:46 AM","0000-00","0","no battery","V","","µV","","µV"
"08/09/2022","10:56:28","6","default","383292078","Oxt_06","54.429","min","104.275","%a.s.","Humid","19.910","deg","38756","µV","28.150","°C","1016.000","hPa","36.4","pmil","0","55.390","deg","20.000","°C","100.000","%a.s.","21.720","deg","20.000","°C","977.000","hPa","0.861","-0.02617","0.00035","0","0","13.56","Humid","26.25","0","44.00","378311.19","SABD0000000001","AAV1.0.0.11","4.0.0.2323","PSt7-10","170328-019","7/29/2022 11:23:46 AM","0000-00","0","no battery","V","","µV","","µV"
"08/09/2022","10:56:29","6","default","383292078","Oxt_06","54.446","min","104.183","%a.s.","Humid","19.920","deg","38752","µV","28.146","°C","1016.000","hPa","36.4","pmil","0","55.390","deg","20.000","°C","100.000","%a.s.","21.720","deg","20.000","°C","977.000","hPa","0.861","-0.02617","0.00035","0","0","13.56","Humid","26.25","0","44.00","378330.27","SABD0000000001","AAV1.0.0.11","4.0.0.2323","PSt7-10","170328-019","7/29/2022 11:23:46 AM","0000-00","0","no battery","V","","µV","","µV"
"08/09/2022","10:56:30","6","default","383292078","Oxt_06","54.463","min","104.263","%a.s.","Humid","19.912","deg","38755","µV","28.143","°C","1016.000","hPa","36.4","pmil","0","55.390","deg","20.000","°C","100.000","%a.s.","21.720","deg","20.000","°C","977.000","hPa","0.861","-0.02617","0.00035","0","0","13.56","Humid","26.25","0","44.00","378332.65","SABD0000000001","AAV1.0.0.11","4.0.0.2323","PSt7-10","170328-019","7/29/2022 11:23:46 AM","0000-00","0","no battery","V","","µV","","µV"
"08/09/2022","10:56:31","6","default","383292078","Oxt_06","54.479","min","104.283","%a.s.","Humid","19.909","deg","38750","µV","28.152","°C","1016.000","hPa","36.4","pmil","0","55.390","deg","20.000","°C","100.000","%a.s.","21.720","deg","20.000","°C","977.000","hPa","0.861","-0.02617","0.00035","0","0","13.56","Humid","26.25","0","44.00","378310.86","SABD0000000001","AAV1.0.0.11","4.0.0.2323","PSt7-10","170328-019","7/29/2022 11:23:46 AM","0000-00","0","no battery","V","","µV","","µV"
"08/09/2022","10:56:32","6","default","383292078","Oxt_06","54.496","min","104.319","%a.s.","Humid","19.905","deg","38753","µV","28.153","°C","1016.000","hPa","36.4","pmil","0","55.390","deg","20.000","°C","100.000","%a.s.","21.720","deg","20.000","°C","977.000","hPa","0.861","-0.02617","0.00035","0","0","13.56","Humid","26.25","0","44.00","378332.08","SABD0000000001","AAV1.0.0.11","4.0.0.2323","PSt7-10","170328-019","7/29/2022 11:23:46 AM","0000-00","0","no battery","V","","µV","","µV"
"08/09/2022","10:56:33","6","default","383292078","Oxt_06","54.513","min","104.320","%a.s.","Humid","19.905","deg","38750","µV","28.153","°C","1016.000","hPa","36.4","pmil","0","55.390","deg","20.000","°C","100.000","%a.s.","21.720","deg","20.000","°C","977.000","hPa","0.861","-0.02617","0.00035","0","0","13.56","Humid","26.25","0","44.00","378337.42","SABD0000000001","AAV1.0.0.11","4.0.0.2323","PSt7-10","170328-019","7/29/2022 11:23:46 AM","0000-00","0","no battery","V","","µV","","µV"
"08/09/2022","10:56:34","6","default","383292078","Oxt_06","54.529","min","104.364","%a.s.","Humid","19.902","deg","38758","µV","28.137","°C","1016.000","hPa","36.4","pmil","0","55.390","deg","20.000","°C","100.000","%a.s.","21.720","deg","20.000","°C","977.000","hPa","0.861","-0.02617","0.00035","0","0","13.56","Humid","26.25","0","44.00","378327.46","SABD0000000001","AAV1.0.0.11","4.0.0.2323","PSt7-10","170328-019","7/29/2022 11:23:46 AM","0000-00","0","no battery","V","","µV","","µV"
"08/09/2022","10:56:35","6","default","383292078","Oxt_06","54.546","min","104.263","%a.s.","Humid","19.911","deg","38749","µV","28.153","°C","1016.000","hPa","36.4","pmil","0","55.390","deg","20.000","°C","100.000","%a.s.","21.720","deg","20.000","°C","977.000","hPa","0.861","-0.02617","0.00035","0","0","13.56","Humid","26.25","0","44.00","378333.53","SABD0000000001","AAV1.0.0.11","4.0.0.2323","PSt7-10","170328-019","7/29/2022 11:23:46 AM","0000-00","0","no battery","V","","µV","","µV"
"08/09/2022","10:56:36","6","default","383292078","Oxt_06","54.563","min","104.372","%a.s.","Humid","19.900","deg","38742","µV","28.148","°C","1016.000","hPa","36.4","pmil","0","55.390","deg","20.000","°C","100.000","%a.s.","21.720","deg","20.000","°C","977.000","hPa","0.861","-0.02617","0.00035","0","0","13.56","Humid","26.25","0","44.00","378324.72","SABD0000000001","AAV1.0.0.11","4.0.0.2323","PSt7-10","170328-019","7/29/2022 11:23:46 AM","0000-00","0","no battery","V","","µV","","µV"
"08/09/2022","10:56:37","6","default","383292078","Oxt_06","54.579","min","104.252","%a.s.","Humid","19.913","deg","38746","µV","28.145","°C","1016.000","hPa","36.4","pmil","0","55.390","deg","20.000","°C","100.000","%a.s.","21.720","deg","20.000","°C","977.000","hPa","0.861","-0.02617","0.00035","0","0","13.56","Humid","26.25","0","44.00","378337.20","SABD0000000001","AAV1.0.0.11","4.0.0.2323","PSt7-10","170328-019","7/29/2022 11:23:46 AM","0000-00","0","no battery","V","","µV","","µV"
"08/09/2022","10:56:38","6","default","383292078","Oxt_06","54.596","min","104.307","%a.s.","Humid","19.906","deg","38748","µV","28.156","°C","1016.000","hPa","36.4","pmil","0","55.390","deg","20.000","°C","100.000","%a.s.","21.720","deg","20.000","°C","977.000","hPa","0.861","-0.02617","0.00035","0","0","13.56","Humid","26.25","0","44.00","378334.16","SABD0000000001","AAV1.0.0.11","4.0.0.2323","PSt7-10","170328-019","7/29/2022 11:23:46 AM","0000-00","0","no battery","V","","µV","","µV"
"08/09/2022","10:56:39","6","default","383292078","Oxt_06","54.613","min","104.288","%a.s.","Humid","19.907","deg","38750","µV","28.165","°C","1016.000","hPa","36.4","pmil","0","55.390","deg","20.000","°C","100.000","%a.s.","21.720","deg","20.000","°C","977.000","hPa","0.861","-0.02617","0.00035","0","0","13.56","Humid","26.25","0","44.00","378338.55","SABD0000000001","AAV1.0.0.11","4.0.0.2323","PSt7-10","170328-019","7/29/2022 11:23:46 AM","0000-00","0","no battery","V","","µV","","µV"
"08/09/2022","10:56:40","6","default","383292078","Oxt_06","54.629","min","104.272","%a.s.","Humid","19.910","deg","38747","µV","28.153","°C","1016.000","hPa","36.4","pmil","0","55.390","deg","20.000","°C","100.000","%a.s.","21.720","deg","20.000","°C","977.000","hPa","0.861","-0.02617","0.00035","0","0","13.56","Humid","26.25","0","44.00","378341.67","SABD0000000001","AAV1.0.0.11","4.0.0.2323","PSt7-10","170328-019","7/29/2022 11:23:46 AM","0000-00","0","no battery","V","","µV","","µV"
"08/09/2022","10:56:41","6","default","383292078","Oxt_06","54.646","min","104.259","%a.s.","Humid","19.910","deg","38750","µV","28.166","°C","1016.000","hPa","36.4","pmil","0","55.390","deg","20.000","°C","100.000","%a.s.","21.720","deg","20.000","°C","977.000","hPa","0.861","-0.02617","0.00035","0","0","13.56","Humid","26.25","0","44.00","378330.27","SABD0000000001","AAV1.0.0.11","4.0.0.2323","PSt7-10","170328-019","7/29/2022 11:23:46 AM","0000-00","0","no battery","V","","µV","","µV"
"08/09/2022","10:56:42","6","default","383292078","Oxt_06","54.663","min","104.264","%a.s.","Humid","19.909","deg","38745","µV","28.171","°C","1016.000","hPa","36.4","pmil","0","55.390","deg","20.000","°C","100.000","%a.s.","21.720","deg","20.000","°C","977.000","hPa","0.861","-0.02617","0.00035","0","0","13.56","Humid","26.25","0","44.00","378335.61","SABD0000000001","AAV1.0.0.11","4.0.0.2323","PSt7-10","170328-019","7/29/2022 11:23:46 AM","0000-00","0","no battery","V","","µV","","µV"
"08/09/2022","10:56:43","6","default","383292078","Oxt_06","54.679","min","104.319","%a.s.","Humid","19.904","deg","38747","µV","28.163","°C","1016.000","hPa","36.4","pmil","0","55.390","deg","20.000","°C","100.000","%a.s.","21.720","deg","20.000","°C","977.000","hPa","0.861","-0.02617","0.00035","0","0","13.56","Humid","26.25","0","44.00","378333.33","SABD0000000001","AAV1.0.0.11","4.0.0.2323","PSt7-10","170328-019","7/29/2022 11:23:46 AM","0000-00","0","no battery","V","","µV","","µV"
"08/09/2022","10:56:44","6","default","383292078","Oxt_06","54.696","min","104.235","%a.s.","Humid","19.914","deg","38744","µV","28.152","°C","1016.000","hPa","36.4","pmil","0","55.390","deg","20.000","°C","100.000","%a.s.","21.720","deg","20.000","°C","977.000","hPa","0.861","-0.02617","0.00035","0","0","13.56","Humid","26.25","0","44.00","378346.63","SABD0000000001","AAV1.0.0.11","4.0.0.2323","PSt7-10","170328-019","7/29/2022 11:23:46 AM","0000-00","0","no battery","V","","µV","","µV"
"08/09/2022","10:56:45","6","default","383292078","Oxt_06","54.712","min","104.340","%a.s.","Humid","19.904","deg","38740","µV","28.142","°C","1016.000","hPa","36.4","pmil","0","55.390","deg","20.000","°C","100.000","%a.s.","21.720","deg","20.000","°C","977.000","hPa","0.861","-0.02617","0.00035","0","0","13.56","Humid","26.25","0","44.00","378333.04","SABD0000000001","AAV1.0.0.11","4.0.0.2323","PSt7-10","170328-019","7/29/2022 11:23:46 AM","0000-00","0","no battery","V","","µV","","µV"
"08/09/2022","10:56:46","6","default","383292078","Oxt_06","54.729","min","104.285","%a.s.","Humid","19.909","deg","38737","µV","28.149","°C","1016.000","hPa","36.4","pmil","0","55.390","deg","20.000","°C","100.000","%a.s.","21.720","deg","20.000","°C","977.000","hPa","0.861","-0.02617","0.00035","0","0","13.56","Humid","26.25","0","44.00","378334.69","SABD0000000001","AAV1.0.0.11","4.0.0.2323","PSt7-10","170328-019","7/29/2022 11:23:46 AM","0000-00","0","no battery","V","","µV","","µV"
"08/09/2022","10:56:47","6","default","383292078","Oxt_06","54.745","min","104.339","%a.s.","Humid","19.903","deg","38738","µV","28.152","°C","1016.000","hPa","36.4","pmil","0","55.390","deg","20.000","°C","100.000","%a.s.","21.720","deg","20.000","°C","977.000","hPa","0.861","-0.02617","0.00035","0","0","13.56","Humid","26.25","0","44.00","378331.98","SABD0000000001","AAV1.0.0.11","4.0.0.2323","PSt7-10","170328-019","7/29/2022 11:23:46 AM","0000-00","0","no battery","V","","µV","","µV"
"08/09/2022","10:56:48","6","default","383292078","Oxt_06","54.762","min","104.333","%a.s.","Humid","19.903","deg","38740","µV","28.158","°C","1016.000","hPa","36.4","pmil","0","55.390","deg","20.000","°C","100.000","%a.s.","21.720","deg","20.000","°C","977.000","hPa","0.861","-0.02617","0.00035","0","0","13.56","Humid","26.25","0","44.00","378337.90","SABD0000000001","AAV1.0.0.11","4.0.0.2323","PSt7-10","170328-019","7/29/2022 11:23:46 AM","0000-00","0","no battery","V","","µV","","µV"
"08/09/2022","10:56:49","6","default","383292078","Oxt_06","54.779","min","104.363","%a.s.","Humid","19.900","deg","38740","µV","28.157","°C","1016.000","hPa","36.4","pmil","0","55.390","deg","20.000","°C","100.000","%a.s.","21.720","deg","20.000","°C","977.000","hPa","0.861","-0.02617","0.00035","0","0","13.56","Humid","26.25","0","44.00","378333.73","SABD0000000001","AAV1.0.0.11","4.0.0.2323","PSt7-10","170328-019","7/29/2022 11:23:46 AM","0000-00","0","no battery","V","","µV","","µV"
"08/09/2022","10:56:50","6","default","383292078","Oxt_06","54.795","min","104.329","%a.s.","Humid","19.905","deg","38746","µV","28.143","°C","1016.000","hPa","36.4","pmil","0","55.390","deg","20.000","°C","100.000","%a.s.","21.720","deg","20.000","°C","977.000","hPa","0.861","-0.02617","0.00035","0","0","13.56","Humid","26.25","0","44.00","378337.75","SABD0000000001","AAV1.0.0.11","4.0.0.2323","PSt7-10","170328-019","7/29/2022 11:23:46 AM","0000-00","0","no battery","V","","µV","","µV"
"08/09/2022","10:56:51","6","default","383292078","Oxt_06","54.812","min","104.318","%a.s.","Humid","19.905","deg","38737","µV","28.154","°C","1016.000","hPa","36.4","pmil","0","55.390","deg","20.000","°C","100.000","%a.s.","21.720","deg","20.000","°C","977.000","hPa","0.861","-0.02617","0.00035","0","0","13.56","Humid","26.25","0","44.00","378336.56","SABD0000000001","AAV1.0.0.11","4.0.0.2323","PSt7-10","170328-019","7/29/2022 11:23:46 AM","0000-00","0","no battery","V","","µV","","µV"
"08/09/2022","10:56:52","6","default","383292078","Oxt_06","54.829","min","104.323","%a.s.","Humid","19.904","deg","38737","µV","28.159","°C","1016.000","hPa","36.4","pmil","0","55.390","deg","20.000","°C","100.000","%a.s.","21.720","deg","20.000","°C","977.000","hPa","0.861","-0.02617","0.00035","0","0","13.56","Humid","26.25","0","44.00","378341.71","SABD0000000001","AAV1.0.0.11","4.0.0.2323","PSt7-10","170328-019","7/29/2022 11:23:46 AM","0000-00","0","no battery","V","","µV","","µV"
"08/09/2022","10:56:53","6","default","383292078","Oxt_06","54.845","min","104.273","%a.s.","Humid","19.910","deg","38741","µV","28.152","°C","1016.000","hPa","36.4","pmil","0","55.390","deg","20.000","°C","100.000","%a.s.","21.720","deg","20.000","°C","977.000","hPa","0.861","-0.02617","0.00035","0","0","13.56","Humid","26.25","0","44.00","378336.66","SABD0000000001","AAV1.0.0.11","4.0.0.2323","PSt7-10","170328-019","7/29/2022 11:23:46 AM","0000-00","0","no battery","V","","µV","","µV"
"08/09/2022","10:56:54","6","default","383292078","Oxt_06","54.862","min","104.301","%a.s.","Humid","19.907","deg","38737","µV","28.152","°C","1016.000","hPa","36.4","pmil","0","55.390","deg","20.000","°C","100.000","%a.s.","21.720","deg","20.000","°C","977.000","hPa","0.861","-0.02617","0.00035","0","0","13.56","Humid","26.25","0","44.00","378335.59","SABD0000000001","AAV1.0.0.11","4.0.0.2323","PSt7-10","170328-019","7/29/2022 11:23:46 AM","0000-00","0","no battery","V","","µV","","µV"
"08/09/2022","10:56:55","6","default","383292078","Oxt_06","54.879","min","104.376","%a.s.","Humid","19.901","deg","38735","µV","28.135","°C","1016.000","hPa","36.4","pmil","0","55.390","deg","20.000","°C","100.000","%a.s.","21.720","deg","20.000","°C","977.000","hPa","0.861","-0.02617","0.00035","0","0","13.56","Humid","26.25","0","44.00","378336.88","SABD0000000001","AAV1.0.0.11","4.0.0.2323","PSt7-10","170328-019","7/29/2022 11:23:46 AM","0000-00","0","no battery","V","","µV","","µV"
"08/09/2022","10:56:56","6","default","383292078","Oxt_06","54.896","min","104.408","%a.s.","Humid","19.897","deg","38736","µV","28.141","°C","1016.000","hPa","36.4","pmil","0","55.390","deg","20.000","°C","100.000","%a.s.","21.720","deg","20.000","°C","977.000","hPa","0.861","-0.02617","0.00035","0","0","13.56","Humid","26.25","0","44.00","378346.99","SABD0000000001","AAV1.0.0.11","4.0.0.2323","PSt7-10","170328-019","7/29/2022 11:23:46 AM","0000-00","0","no battery","V","","µV","","µV"
"08/09/2022","10:56:57","6","default","383292078","Oxt_06","54.912","min","104.331","%a.s.","Humid","19.901","deg","38736","µV","28.180","°C","1016.000","hPa","36.4","pmil","0","55.390","deg","20.000","°C","100.000","%a.s.","21.720","deg","20.000","°C","977.000","hPa","0.861","-0.02617","0.00035","0","0","13.56","Humid","26.25","0","44.00","378348.71","SABD0000000001","AAV1.0.0.11","4.0.0.2323","PSt7-10","170328-019","7/29/2022 11:23:46 AM","0000-00","0","no battery","V","","µV","","µV"
"08/09/2022","10:56:58","6","default","383292078","Oxt_06","54.929","min","104.353","%a.s.","Humid","19.899","deg","38733","µV","28.177","°C","1016.000","hPa","36.4","pmil","0","55.390","deg","20.000","°C","100.000","%a.s.","21.720","deg","20.000","°C","977.000","hPa","0.861","-0.02617","0.00035","0","0","13.56","Humid","26.25","0","44.00","378345.95","SABD0000000001","AAV1.0.0.11","4.0.0.2323","PSt7-10","170328-019","7/29/2022 11:23:46 AM","0000-00","0","no battery","V","","µV","","µV"
"08/09/2022","10:56:59","6","default","383292078","Oxt_06","54.946","min","104.381","%a.s.","Humid","19.898","deg","38730","µV","28.158","°C","1016.000","hPa","36.4","pmil","0","55.390","deg","20.000","°C","100.000","%a.s.","21.720","deg","20.000","°C","977.000","hPa","0.861","-0.02617","0.00035","0","0","13.56","Humid","26.25","0","44.00","378342.24","SABD0000000001","AAV1.0.0.11","4.0.0.2323","PSt7-10","170328-019","7/29/2022 11:23:46 AM","0000-00","0","no battery","V","","µV","","µV"
"08/09/2022","10:57:00","6","default","383292078","Oxt_06","54.962","min","104.383","%a.s.","Humid","19.899","deg","38731","µV","28.147","°C","1016.000","hPa","36.4","pmil","0","55.390","deg","20.000","°C","100.000","%a.s.","21.720","deg","20.000","°C","977.000","hPa","0.861","-0.02617","0.00035","0","0","13.56","Humid","26.25","0","44.00","378336.71","SABD0000000001","AAV1.0.0.11","4.0.0.2323","PSt7-10","170328-019","7/29/2022 11:23:46 AM","0000-00","0","no battery","V","","µV","","µV"
"08/09/2022","10:57:01","6","default","383292078","Oxt_06","54.979","min","104.368","%a.s.","Humid","19.900","deg","38731","µV","28.152","°C","1016.000","hPa","36.4","pmil","0","55.390","deg","20.000","°C","100.000","%a.s.","21.720","deg","20.000","°C","977.000","hPa","0.861","-0.02617","0.00035","0","0","13.56","Humid","26.25","0","44.00","378350.06","SABD0000000001","AAV1.0.0.11","4.0.0.2323","PSt7-10","170328-019","7/29/2022 11:23:46 AM","0000-00","0","no battery","V","","µV","","µV"
"08/09/2022","10:57:02","6","default","383292078","Oxt_06","54.996","min","104.334","%a.s.","Humid","19.904","deg","38728","µV","28.148","°C","1016.000","hPa","36.4","pmil","0","55.390","deg","20.000","°C","100.000","%a.s.","21.720","deg","20.000","°C","977.000","hPa","0.861","-0.02617","0.00035","0","0","13.56","Humid","26.25","0","44.00","378333.17","SABD0000000001","AAV1.0.0.11","4.0.0.2323","PSt7-10","170328-019","7/29/2022 11:23:46 AM","0000-00","0","no battery","V","","µV","","µV"
"08/09/2022","10:57:03","6","default","383292078","Oxt_06","55.013","min","104.389","%a.s.","Humid","19.897","deg","38731","µV","28.160","°C","1016.000","hPa","36.4","pmil","0","55.390","deg","20.000","°C","100.000","%a.s.","21.720","deg","20.000","°C","977.000","hPa","0.861","-0.02617","0.00035","0","0","13.56","Humid","26.25","0","44.00","378353.56","SABD0000000001","AAV1.0.0.11","4.0.0.2323","PSt7-10","170328-019","7/29/2022 11:23:46 AM","0000-00","0","no battery","V","","µV","","µV"
"08/09/2022","10:57:04","6","default","383292078","Oxt_06","55.029","min","104.338","%a.s.","Humid","19.902","deg","38726","µV","28.163","°C","1016.000","hPa","36.4","pmil","0","55.390","deg","20.000","°C","100.000","%a.s.","21.720","deg","20.000","°C","977.000","hPa","0.861","-0.02617","0.00035","0","0","13.56","Humid","26.25","0","44.00","378342.74","SABD0000000001","AAV1.0.0.11","4.0.0.2323","PSt7-10","170328-019","7/29/2022 11:23:46 AM","0000-00","0","no battery","V","","µV","","µV"
"08/09/2022","10:57:05","6","default","383292078","Oxt_06","55.046","min","104.406","%a.s.","Humid","19.896","deg","38734","µV","28.153","°C","1016.000","hPa","36.4","pmil","0","55.390","deg","20.000","°C","100.000","%a.s.","21.720","deg","20.000","°C","977.000","hPa","0.861","-0.02617","0.00035","0","0","13.56","Humid","26.25","0","44.00","378352.09","SABD0000000001","AAV1.0.0.11","4.0.0.2323","PSt7-10","170328-019","7/29/2022 11:23:46 AM","0000-00","0","no battery","V","","µV","","µV"
"08/09/2022","10:57:06","6","default","383292078","Oxt_06","55.063","min","104.390","%a.s.","Humid","19.899","deg","38734","µV","28.140","°C","1016.000","hPa","36.4","pmil","0","55.390","deg","20.000","°C","100.000","%a.s.","21.720","deg","20.000","°C","977.000","hPa","0.861","-0.02617","0.00035","0","0","13.56","Humid","26.25","0","44.00","378363.50","SABD0000000001","AAV1.0.0.11","4.0.0.2323","PSt7-10","170328-019","7/29/2022 11:23:46 AM","0000-00","0","no battery","V","","µV","","µV"
"08/09/2022","10:57:07","6","default","383292078","Oxt_06","55.079","min","104.426","%a.s.","Humid","19.894","deg","38730","µV","28.152","°C","1016.000","hPa","36.4","pmil","0","55.390","deg","20.000","°C","100.000","%a.s.","21.720","deg","20.000","°C","977.000","hPa","0.861","-0.02617","0.00035","0","0","13.56","Humid","26.25","0","44.00","378348.53","SABD0000000001","AAV1.0.0.11","4.0.0.2323","PSt7-10","170328-019","7/29/2022 11:23:46 AM","0000-00","0","no battery","V","","µV","","µV"
"08/09/2022","10:57:08","6","default","383292078","Oxt_06","55.096","min","104.359","%a.s.","Humid","19.901","deg","38730","µV","28.152","°C","1016.000","hPa","36.4","pmil","0","55.390","deg","20.000","°C","100.000","%a.s.","21.720","deg","20.000","°C","977.000","hPa","0.861","-0.02617","0.00035","0","0","13.56","Humid","26.25","0","44.00","378361.53","SABD0000000001","AAV1.0.0.11","4.0.0.2323","PSt7-10","170328-019","7/29/2022 11:23:46 AM","0000-00","0","no battery","V","","µV","","µV"
"08/09/2022","10:57:09","6","default","383292078","Oxt_06","55.112","min","104.505","%a.s.","Humid","19.885","deg","38723","µV","28.159","°C","1016.000","hPa","36.4","pmil","0","55.390","deg","20.000","°C","100.000","%a.s.","21.720","deg","20.000","°C","977.000","hPa","0.861","-0.02617","0.00035","0","0","13.56","Humid","26.25","0","44.00","378340.21","SABD0000000001","AAV1.0.0.11","4.0.0.2323","PSt7-10","170328-019","7/29/2022 11:23:46 AM","0000-00","0","no battery","V","","µV","","µV"
"08/09/2022","10:57:10","6","default","383292078","Oxt_06","55.129","min","104.418","%a.s.","Humid","19.895","deg","38722","µV","28.150","°C","1016.000","hPa","36.4","pmil","0","55.390","deg","20.000","°C","100.000","%a.s.","21.720","deg","20.000","°C","977.000","hPa","0.861","-0.02617","0.00035","0","0","13.56","Humid","26.25","0","44.00","378345.67","SABD0000000001","AAV1.0.0.11","4.0.0.2323","PSt7-10","170328-019","7/29/2022 11:23:46 AM","0000-00","0","no battery","V","","µV","","µV"
"08/09/2022","10:57:11","6","default","383292078","Oxt_06","55.146","min","104.407","%a.s.","Humid","19.894","deg","38724","µV","28.171","°C","1016.000","hPa","36.4","pmil","0","55.390","deg","20.000","°C","100.000","%a.s.","21.720","deg","20.000","°C","977.000","hPa","0.861","-0.02617","0.00035","0","0","13.56","Humid","26.25","0","44.00","378340.62","SABD0000000001","AAV1.0.0.11","4.0.0.2323","PSt7-10","170328-019","7/29/2022 11:23:46 AM","0000-00","0","no battery","V","","µV","","µV"
"08/09/2022","10:57:12","6","default","383292078","Oxt_06","55.163","min","104.479","%a.s.","Humid","19.888","deg","38725","µV","28.156","°C","1016.000","hPa","36.4","pmil","0","55.390","deg","20.000","°C","100.000","%a.s.","21.720","deg","20.000","°C","977.000","hPa","0.861","-0.02617","0.00035","0","0","13.56","Humid","26.25","0","44.00","378341.86","SABD0000000001","AAV1.0.0.11","4.0.0.2323","PSt7-10","170328-019","7/29/2022 11:23:46 AM","0000-00","0","no battery","V","","µV","","µV"
"08/09/2022","10:57:13","6","default","383292078","Oxt_06","55.179","min","104.407","%a.s.","Humid","19.895","deg","38720","µV","28.161","°C","1016.000","hPa","36.4","pmil","0","55.390","deg","20.000","°C","100.000","%a.s.","21.720","deg","20.000","°C","977.000","hPa","0.861","-0.02617","0.00035","0","0","13.56","Humid","26.25","0","44.00","378344.92","SABD0000000001","AAV1.0.0.11","4.0.0.2323","PSt7-10","170328-019","7/29/2022 11:23:46 AM","0000-00","0","no battery","V","","µV","","µV"
"08/09/2022","10:57:14","6","default","383292078","Oxt_06","55.196","min","104.449","%a.s.","Humid","19.892","deg","38724","µV","28.148","°C","1016.000","hPa","36.4","pmil","0","55.390","deg","20.000","°C","100.000","%a.s.","21.720","deg","20.000","°C","977.000","hPa","0.861","-0.02617","0.00035","0","0","13.56","Humid","26.25","0","44.00","378353.71","SABD0000000001","AAV1.0.0.11","4.0.0.2323","PSt7-10","170328-019","7/29/2022 11:23:46 AM","0000-00","0","no battery","V","","µV","","µV"
"08/09/2022","10:57:15","6","default","383292078","Oxt_06","55.213","min","104.453","%a.s.","Humid","19.892","deg","38717","µV","28.144","°C","1016.000","hPa","36.4","pmil","0","55.390","deg","20.000","°C","100.000","%a.s.","21.720","deg","20.000","°C","977.000","hPa","0.861","-0.02617","0.00035","0","0","13.56","Humid","26.25","0","44.00","378355.65","SABD0000000001","AAV1.0.0.11","4.0.0.2323","PSt7-10","170328-019","7/29/2022 11:23:46 AM","0000-00","0","no battery","V","","µV","","µV"
"08/09/2022","10:57:16","6","default","383292078","Oxt_06","55.229","min","104.365","%a.s.","Humid","19.899","deg","38729","µV","28.164","°C","1016.000","hPa","36.4","pmil","0","55.390","deg","20.000","°C","100.000","%a.s.","21.720","deg","20.000","°C","977.000","hPa","0.861","-0.02617","0.00035","0","0","13.56","Humid","26.25","0","44.00","378345.88","SABD0000000001","AAV1.0.0.11","4.0.0.2323","PSt7-10","170328-019","7/29/2022 11:23:46 AM","0000-00","0","no battery","V","","µV","","µV"
"08/09/2022","10:57:17","6","default","383292078","Oxt_06","55.246","min","104.405","%a.s.","Humid","19.894","deg","38721","µV","28.173","°C","1016.000","hPa","36.4","pmil","0","55.390","deg","20.000","°C","100.000","%a.s.","21.720","deg","20.000","°C","977.000","hPa","0.861","-0.02617","0.00035","0","0","13.56","Humid","26.25","0","44.00","378358.45","SABD0000000001","AAV1.0.0.11","4.0.0.2323","PSt7-10","170328-019","7/29/2022 11:23:46 AM","0000-00","0","no battery","V","","µV","","µV"
"08/09/2022","10:57:18","6","default","383292078","Oxt_06","55.263","min","104.444","%a.s.","Humid","19.891","deg","38724","µV","28.162","°C","1016.000","hPa","36.4","pmil","0","55.390","deg","20.000","°C","100.000","%a.s.","21.720","deg","20.000","°C","977.000","hPa","0.861","-0.02617","0.00035","0","0","13.56","Humid","26.25","0","44.00","378351.87","SABD0000000001","AAV1.0.0.11","4.0.0.2323","PSt7-10","170328-019","7/29/2022 11:23:46 AM","0000-00","0","no battery","V","","µV","","µV"
"08/09/2022","10:57:19","6","default","383292078","Oxt_06","55.279","min","104.425","%a.s.","Humid","19.894","deg","38722","µV","28.153","°C","1016.000","hPa","36.4","pmil","0","55.390","deg","20.000","°C","100.000","%a.s.","21.720","deg","20.000","°C","977.000","hPa","0.861","-0.02617","0.00035","0","0","13.56","Humid","26.25","0","44.00","378347.38","SABD0000000001","AAV1.0.0.11","4.0.0.2323","PSt7-10","170328-019","7/29/2022 11:23:46 AM","0000-00","0","no battery","V","","µV","","µV"
"08/09/2022","10:57:20","6","default","383292078","Oxt_06","55.296","min","104.517","%a.s.","Humid","19.884","deg","38721","µV","28.157","°C","1016.000","hPa","36.4","pmil","0","55.390","deg","20.000","°C","100.000","%a.s.","21.720","deg","20.000","°C","977.000","hPa","0.861","-0.02617","0.00035","0","0","13.56","Humid","26.25","0","44.00","378348.93","SABD0000000001","AAV1.0.0.11","4.0.0.2323","PSt7-10","170328-019","7/29/2022 11:23:46 AM","0000-00","0","no battery","V","","µV","","µV"
"08/09/2022","10:57:21","6","default","383292078","Oxt_06","55.313","min","104.436","%a.s.","Humid","19.892","deg","38718","µV","28.161","°C","1016.000","hPa","36.4","pmil","0","55.390","deg","20.000","°C","100.000","%a.s.","21.720","deg","20.000","°C","977.000","hPa","0.861","-0.02617","0.00035","0","0","13.56","Humid","26.25","0","44.00","378354.18","SABD0000000001","AAV1.0.0.11","4.0.0.2323","PSt7-10","170328-019","7/29/2022 11:23:46 AM","0000-00","0","no battery","V","","µV","","µV"
"08/09/2022","10:57:22","6","default","383292078","Oxt_06","55.329","min","104.435","%a.s.","Humid","19.892","deg","38716","µV","28.162","°C","1016.000","hPa","36.4","pmil","0","55.390","deg","20.000","°C","100.000","%a.s.","21.720","deg","20.000","°C","977.000","hPa","0.861","-0.02617","0.00035","0","0","13.56","Humid","26.25","0","44.00","378342.48","SABD0000000001","AAV1.0.0.11","4.0.0.2323","PSt7-10","170328-019","7/29/2022 11:23:46 AM","0000-00","0","no battery","V","","µV","","µV"
"08/09/2022","10:57:23","6","default","383292078","Oxt_06","55.346","min","104.480","%a.s.","Humid","19.888","deg","38710","µV","28.155","°C","1016.000","hPa","36.4","pmil","0","55.390","deg","20.000","°C","100.000","%a.s.","21.720","deg","20.000","°C","977.000","hPa","0.861","-0.02617","0.00035","0","0","13.56","Humid","26.25","0","44.00","378355.06","SABD0000000001","AAV1.0.0.11","4.0.0.2323","PSt7-10","170328-019","7/29/2022 11:23:46 AM","0000-00","0","no battery","V","","µV","","µV"
"08/09/2022","10:57:24","6","default","383292078","Oxt_06","55.362","min","104.434","%a.s.","Humid","19.892","deg","38718","µV","28.163","°C","1016.000","hPa","36.4","pmil","0","55.390","deg","20.000","°C","100.000","%a.s.","21.720","deg","20.000","°C","977.000","hPa","0.861","-0.02617","0.00035","0","0","13.56","Humid","26.25","0","44.00","378353.13","SABD0000000001","AAV1.0.0.11","4.0.0.2323","PSt7-10","170328-019","7/29/2022 11:23:46 AM","0000-00","0","no battery","V","","µV","","µV"
"08/09/2022","10:57:25","6","default","383292078","Oxt_06","55.379","min","104.468","%a.s.","Humid","19.890","deg","38715","µV","28.148","°C","1016.000","hPa","36.4","pmil","0","55.390","deg","20.000","°C","100.000","%a.s.","21.720","deg","20.000","°C","977.000","hPa","0.861","-0.02617","0.00035","0","0","13.56","Humid","26.25","0","44.00","378352.00","SABD0000000001","AAV1.0.0.11","4.0.0.2323","PSt7-10","170328-019","7/29/2022 11:23:46 AM","0000-00","0","no battery","V","","µV","","µV"
"08/09/2022","10:57:26","6","default","383292078","Oxt_06","55.395","min","104.450","%a.s.","Humid","19.892","deg","38722","µV","28.147","°C","1016.000","hPa","36.4","pmil","0","55.390","deg","20.000","°C","100.000","%a.s.","21.720","deg","20.000","°C","977.000","hPa","0.861","-0.02617","0.00035","0","0","13.56","Humid","26.25","0","44.00","378349.46","SABD0000000001","AAV1.0.0.11","4.0.0.2323","PSt7-10","170328-019","7/29/2022 11:23:46 AM","0000-00","0","no battery","V","","µV","","µV"
"08/09/2022","10:57:27","6","default","383292078","Oxt_06","55.412","min","104.530","%a.s.","Humid","19.882","deg","38712","µV","28.162","°C","1016.000","hPa","36.4","pmil","0","55.390","deg","20.000","°C","100.000","%a.s.","21.720","deg","20.000","°C","977.000","hPa","0.861","-0.02617","0.00035","0","0","13.56","Humid","26.25","0","44.00","378344.65","SABD0000000001","AAV1.0.0.11","4.0.0.2323","PSt7-10","170328-019","7/29/2022 11:23:46 AM","0000-00","0","no battery","V","","µV","","µV"
"08/09/2022","10:57:28","6","default","383292078","Oxt_06","55.429","min","104.503","%a.s.","Humid","19.886","deg","38709","µV","28.151","°C","1016.000","hPa","36.4","pmil","0","55.390","deg","20.000","°C","100.000","%a.s.","21.720","deg","20.000","°C","977.000","hPa","0.861","-0.02617","0.00035","0","0","13.56","Humid","26.25","0","44.00","378360.37","SABD0000000001","AAV1.0.0.11","4.0.0.2323","PSt7-10","170328-019","7/29/2022 11:23:46 AM","0000-00","0","no battery","V","","µV","","µV"
"08/09/2022","10:57:29","6","default","383292078","Oxt_06","55.445","min","104.477","%a.s.","Humid","19.888","deg","38710","µV","28.158","°C","1016.000","hPa","36.4","pmil","0","55.390","deg","20.000","°C","100.000","%a.s.","21.720","deg","20.000","°C","977.000","hPa","0.861","-0.02617","0.00035","0","0","13.56","Humid","26.25","0","44.00","378350.45","SABD0000000001","AAV1.0.0.11","4.0.0.2323","PSt7-10","170328-019","7/29/2022 11:23:46 AM","0000-00","0","no battery","V","","µV","","µV"
"08/09/2022","10:57:30","6","default","383292078","Oxt_06","55.462","min","104.550","%a.s.","Humid","19.881","deg","38713","µV","28.152","°C","1016.000","hPa","36.4","pmil","0","55.390","deg","20.000","°C","100.000","%a.s.","21.720","deg","20.000","°C","977.000","hPa","0.861","-0.02617","0.00035","0","0","13.56","Humid","26.25","0","44.00","378360.75","SABD0000000001","AAV1.0.0.11","4.0.0.2323","PSt7-10","170328-019","7/29/2022 11:23:46 AM","0000-00","0","no battery","V","","µV","","µV"
"08/09/2022","10:57:31","6","default","383292078","Oxt_06","55.479","min","104.562","%a.s.","Humid","19.879","deg","38712","µV","28.159","°C","1016.000","hPa","36.4","pmil","0","55.390","deg","20.000","°C","100.000","%a.s.","21.720","deg","20.000","°C","977.000","hPa","0.861","-0.02617","0.00035","0","0","13.56","Humid","26.25","0","44.00","378360.78","SABD0000000001","AAV1.0.0.11","4.0.0.2323","PSt7-10","170328-019","7/29/2022 11:23:46 AM","0000-00","0","no battery","V","","µV","","µV"
"08/09/2022","10:57:32","6","default","383292078","Oxt_06","55.495","min","104.532","%a.s.","Humid","19.883","deg","38707","µV","28.151","°C","1016.000","hPa","36.4","pmil","0","55.390","deg","20.000","°C","100.000","%a.s.","21.720","deg","20.000","°C","977.000","hPa","0.861","-0.02617","0.00035","0","0","13.56","Humid","26.25","0","44.00","378359.50","SABD0000000001","AAV1.0.0.11","4.0.0.2323","PSt7-10","170328-019","7/29/2022 11:23:46 AM","0000-00","0","no battery","V","","µV","","µV"
"08/09/2022","10:57:33","6","default","383292078","Oxt_06","55.512","min","104.550","%a.s.","Humid","19.880","deg","38712","µV","28.162","°C","1016.000","hPa","36.4","pmil","0","55.390","deg","20.000","°C","100.000","%a.s.","21.720","deg","20.000","°C","977.000","hPa","0.861","-0.02617","0.00035","0","0","13.56","Humid","26.25","0","44.00","378357.40","SABD0000000001","AAV1.0.0.11","4.0.0.2323","PSt7-10","170328-019","7/29/2022 11:23:46 AM","0000-00","0","no battery","V","","µV","","µV"
"08/09/2022","10:57:34","6","default","383292078","Oxt_06","55.529","min","104.525","%a.s.","Humid","19.884","deg","38706","µV","28.149","°C","1016.000","hPa","36.4","pmil","0","55.390","deg","20.000","°C","100.000","%a.s.","21.720","deg","20.000","°C","977.000","hPa","0.861","-0.02617","0.00035","0","0","13.56","Humid","26.25","0","44.00","378374.90","SABD0000000001","AAV1.0.0.11","4.0.0.2323","PSt7-10","170328-019","7/29/2022 11:23:46 AM","0000-00","0","no battery","V","","µV","","µV"
"08/09/2022","10:57:35","6","default","383292078","Oxt_06","55.546","min","104.551","%a.s.","Humid","19.879","deg","38710","µV","28.170","°C","1016.000","hPa","36.4","pmil","0","55.390","deg","20.000","°C","100.000","%a.s.","21.720","deg","20.000","°C","977.000","hPa","0.861","-0.02617","0.00035","0","0","13.56","Humid","26.25","0","44.00","378375.95","SABD0000000001","AAV1.0.0.11","4.0.0.2323","PSt7-10","170328-019","7/29/2022 11:23:46 AM","0000-00","0","no battery","V","","µV","","µV"
"08/09/2022","10:57:36","6","default","383292078","Oxt_06","55.562","min","104.476","%a.s.","Humid","19.886","deg","38708","µV","28.178","°C","1016.000","hPa","36.4","pmil","0","55.390","deg","20.000","°C","100.000","%a.s.","21.720","deg","20.000","°C","977.000","hPa","0.861","-0.02617","0.00035","0","0","13.56","Humid","26.25","0","44.00","378365.74","SABD0000000001","AAV1.0.0.11","4.0.0.2323","PSt7-10","170328-019","7/29/2022 11:23:46 AM","0000-00","0","no battery","V","","µV","","µV"
"08/09/2022","10:57:37","6","default","383292078","Oxt_06","55.579","min","104.496","%a.s.","Humid","19.885","deg","38707","µV","28.168","°C","1016.000","hPa","36.4","pmil","0","55.390","deg","20.000","°C","100.000","%a.s.","21.720","deg","20.000","°C","977.000","hPa","0.861","-0.02617","0.00035","0","0","13.56","Humid","26.25","0","44.00","378363.86","SABD0000000001","AAV1.0.0.11","4.0.0.2323","PSt7-10","170328-019","7/29/2022 11:23:46 AM","0000-00","0","no battery","V","","µV","","µV"
"08/09/2022","10:57:38","6","default","383292078","Oxt_06","55.596","min","104.465","%a.s.","Humid","19.889","deg","38714","µV","28.160","°C","1016.000","hPa","36.4","pmil","0","55.390","deg","20.000","°C","100.000","%a.s.","21.720","deg","20.000","°C","977.000","hPa","0.861","-0.02617","0.00035","0","0","13.56","Humid","26.25","0","44.00","378374.62","SABD0000000001","AAV1.0.0.11","4.0.0.2323","PSt7-10","170328-019","7/29/2022 11:23:46 AM","0000-00","0","no battery","V","","µV","","µV"
"08/09/2022","10:57:39","6","default","383292078","Oxt_06","55.612","min","104.510","%a.s.","Humid","19.884","deg","38703","µV","28.163","°C","1016.000","hPa","36.4","pmil","0","55.390","deg","20.000","°C","100.000","%a.s.","21.720","deg","20.000","°C","977.000","hPa","0.861","-0.02617","0.00035","0","0","13.56","Humid","26.25","0","44.00","378352.92","SABD0000000001","AAV1.0.0.11","4.0.0.2323","PSt7-10","170328-019","7/29/2022 11:23:46 AM","0000-00","0","no battery","V","","µV","","µV"
"08/09/2022","10:57:40","6","default","383292078","Oxt_06","55.629","min","104.547","%a.s.","Humid","19.881","deg","38702","µV","28.155","°C","1016.000","hPa","36.4","pmil","0","55.390","deg","20.000","°C","100.000","%a.s.","21.720","deg","20.000","°C","977.000","hPa","0.861","-0.02617","0.00035","0","0","13.56","Humid","26.25","0","44.00","378360.45","SABD0000000001","AAV1.0.0.11","4.0.0.2323","PSt7-10","170328-019","7/29/2022 11:23:46 AM","0000-00","0","no battery","V","","µV","","µV"
"08/09/2022","10:57:41","6","default","383292078","Oxt_06","55.646","min","104.563","%a.s.","Humid","19.879","deg","38701","µV","28.158","°C","1016.000","hPa","36.4","pmil","0","55.390","deg","20.000","°C","100.000","%a.s.","21.720","deg","20.000","°C","977.000","hPa","0.861","-0.02617","0.00035","0","0","13.56","Humid","26.25","0","44.00","378362.34","SABD0000000001","AAV1.0.0.11","4.0.0.2323","PSt7-10","170328-019","7/29/2022 11:23:46 AM","0000-00","0","no battery","V","","µV","","µV"
"08/09/2022","10:57:42","6","default","383292078","Oxt_06","55.662","min","104.568","%a.s.","Humid","19.879","deg","38704","µV","28.153","°C","1016.000","hPa","36.4","pmil","0","55.390","deg","20.000","°C","100.000","%a.s.","21.720","deg","20.000","°C","977.000","hPa","0.861","-0.02617","0.00035","0","0","13.56","Humid","26.25","0","44.00","378360.82","SABD0000000001","AAV1.0.0.11","4.0.0.2323","PSt7-10","170328-019","7/29/2022 11:23:46 AM","0000-00","0","no battery","V","","µV","","µV"
"08/09/2022","10:57:43","6","default","383292078","Oxt_06","55.679","min","104.542","%a.s.","Humid","19.882","deg","38698","µV","28.151","°C","1016.000","hPa","36.4","pmil","0","55.390","deg","20.000","°C","100.000","%a.s.","21.720","deg","20.000","°C","977.000","hPa","0.861","-0.02617","0.00035","0","0","13.56","Humid","26.25","0","44.00","378364.27","SABD0000000001","AAV1.0.0.11","4.0.0.2323","PSt7-10","170328-019","7/29/2022 11:23:46 AM","0000-00","0","no battery","V","","µV","","µV"
"08/09/2022","10:57:44","6","default","383292078","Oxt_06","55.696","min","104.611","%a.s.","Humid","19.872","deg","38704","µV","28.177","°C","1016.000","hPa","36.4","pmil","0","55.390","deg","20.000","°C","100.000","%a.s.","21.720","deg","20.000","°C","977.000","hPa","0.861","-0.02617","0.00035","0","0","13.56","Humid","26.25","0","44.00","378361.61","SABD0000000001","AAV1.0.0.11","4.0.0.2323","PSt7-10","170328-019","7/29/2022 11:23:46 AM","0000-00","0","no battery","V","","µV","","µV"
"08/09/2022","10:57:45","6","default","383292078","Oxt_06","55.712","min","104.521","%a.s.","Humid","19.883","deg","38701","µV","28.162","°C","1016.000","hPa","36.4","pmil","0","55.390","deg","20.000","°C","100.000","%a.s.","21.720","deg","20.000","°C","977.000","hPa","0.861","-0.02617","0.00035","0","0","13.56","Humid","26.25","0","44.00","378363.94","SABD0000000001","AAV1.0.0.11","4.0.0.2323","PSt7-10","170328-019","7/29/2022 11:23:46 AM","0000-00","0","no battery","V","","µV","","µV"
"08/09/2022","10:57:46","6","default","383292078","Oxt_06","55.729","min","104.630","%a.s.","Humid","19.872","deg","38698","µV","28.158","°C","1016.000","hPa","36.4","pmil","0","55.390","deg","20.000","°C","100.000","%a.s.","21.720","deg","20.000","°C","977.000","hPa","0.861","-0.02617","0.00035","0","0","13.56","Humid","26.25","0","44.00","378354.89","SABD0000000001","AAV1.0.0.11","4.0.0.2323","PSt7-10","170328-019","7/29/2022 11:23:46 AM","0000-00","0","no battery","V","","µV","","µV"
"08/09/2022","10:57:47","6","default","383292078","Oxt_06","55.746","min","104.614","%a.s.","Humid","19.874","deg","38703","µV","28.155","°C","1016.000","hPa","36.4","pmil","0","55.390","deg","20.000","°C","100.000","%a.s.","21.720","deg","20.000","°C","977.000","hPa","0.861","-0.02617","0.00035","0","0","13.56","Humid","26.25","0","44.00","378379.77","SABD0000000001","AAV1.0.0.11","4.0.0.2323","PSt7-10","170328-019","7/29/2022 11:23:46 AM","0000-00","0","no battery","V","","µV","","µV"
"08/09/2022","10:57:48","6","default","383292078","Oxt_06","55.763","min","104.599","%a.s.","Humid","19.876","deg","38695","µV","28.151","°C","1016.000","hPa","36.4","pmil","0","55.390","deg","20.000","°C","100.000","%a.s.","21.720","deg","20.000","°C","977.000","hPa","0.861","-0.02617","0.00035","0","0","13.56","Humid","26.25","0","44.00","378365.86","SABD0000000001","AAV1.0.0.11","4.0.0.2323","PSt7-10","170328-019","7/29/2022 11:23:46 AM","0000-00","0","no battery","V","","µV","","µV"
"08/09/2022","10:57:49","6","default","383292078","Oxt_06","55.779","min","104.521","%a.s.","Humid","19.883","deg","38696","µV","28.162","°C","1016.000","hPa","36.4","pmil","0","55.390","deg","20.000","°C","100.000","%a.s.","21.720","deg","20.000","°C","977.000","hPa","0.861","-0.02617","0.00035","0","0","13.56","Humid","26.25","0","44.00","378376.26","SABD0000000001","AAV1.0.0.11","4.0.0.2323","PSt7-10","170328-019","7/29/2022 11:23:46 AM","0000-00","0","no battery","V","","µV","","µV"
"08/09/2022","10:57:50","6","default","383292078","Oxt_06","55.796","min","104.550","%a.s.","Humid","19.879","deg","38696","µV","28.171","°C","1016.000","hPa","36.4","pmil","0","55.390","deg","20.000","°C","100.000","%a.s.","21.720","deg","20.000","°C","977.000","hPa","0.861","-0.02617","0.00035","0","0","13.56","Humid","26.25","0","44.00","378364.37","SABD0000000001","AAV1.0.0.11","4.0.0.2323","PSt7-10","170328-019","7/29/2022 11:23:46 AM","0000-00","0","no battery","V","","µV","","µV"
"08/09/2022","10:57:51","6","default","383292078","Oxt_06","55.813","min","104.588","%a.s.","Humid","19.876","deg","38693","µV","28.162","°C","1016.000","hPa","36.4","pmil","0","55.390","deg","20.000","°C","100.000","%a.s.","21.720","deg","20.000","°C","977.000","hPa","0.861","-0.02617","0.00035","0","0","13.56","Humid","26.25","0","44.00","378384.91","SABD0000000001","AAV1.0.0.11","4.0.0.2323","PSt7-10","170328-019","7/29/2022 11:23:46 AM","0000-00","0","no battery","V","","µV","","µV"
"08/09/2022","10:57:52","6","default","383292078","Oxt_06","55.829","min","104.542","%a.s.","Humid","19.882","deg","38696","µV","28.150","°C","1016.000","hPa","36.4","pmil","0","55.390","deg","20.000","°C","100.000","%a.s.","21.720","deg","20.000","°C","977.000","hPa","0.861","-0.02617","0.00035","0","0","13.56","Humid","26.25","0","44.00","378376.92","SABD0000000001","AAV1.0.0.11","4.0.0.2323","PSt7-10","170328-019","7/29/2022 11:23:46 AM","0000-00","0","no battery","V","","µV","","µV"
"08/09/2022","10:57:53","6","default","383292078","Oxt_06","55.845","min","104.647","%a.s.","Humid","19.871","deg","38691","µV","28.151","°C","1016.000","hPa","36.4","pmil","0","55.390","deg","20.000","°C","100.000","%a.s.","21.720","deg","20.000","°C","977.000","hPa","0.861","-0.02617","0.00035","0","0","13.56","Humid","26.25","0","44.00","378380.60","SABD0000000001","AAV1.0.0.11","4.0.0.2323","PSt7-10","170328-019","7/29/2022 11:23:46 AM","0000-00","0","no battery","V","","µV","","µV"
"08/09/2022","10:57:54","6","default","383292078","Oxt_06","55.862","min","104.673","%a.s.","Humid","19.869","deg","38689","µV","28.144","°C","1016.000","hPa","36.4","pmil","0","55.390","deg","20.000","°C","100.000","%a.s.","21.720","deg","20.000","°C","977.000","hPa","0.861","-0.02617","0.00035","0","0","13.56","Humid","26.25","0","44.00","378374.35","SABD0000000001","AAV1.0.0.11","4.0.0.2323","PSt7-10","170328-019","7/29/2022 11:23:46 AM","0000-00","0","no battery","V","","µV","","µV"
"08/09/2022","10:57:55","6","default","383292078","Oxt_06","55.878","min","104.619","%a.s.","Humid","19.871","deg","38686","µV","28.179","°C","1016.000","hPa","36.4","pmil","0","55.390","deg","20.000","°C","100.000","%a.s.","21.720","deg","20.000","°C","977.000","hPa","0.861","-0.02617","0.00035","0","0","13.56","Humid","26.25","0","44.00","378379.89","SABD0000000001","AAV1.0.0.11","4.0.0.2323","PSt7-10","170328-019","7/29/2022 11:23:46 AM","0000-00","0","no battery","V","","µV","","µV"
"08/09/2022","10:57:56","6","default","383292078","Oxt_06","55.895","min","104.717","%a.s.","Humid","19.862","deg","38688","µV","28.167","°C","1016.000","hPa","36.4","pmil","0","55.390","deg","20.000","°C","100.000","%a.s.","21.720","deg","20.000","°C","977.000","hPa","0.861","-0.02617","0.00035","0","0","13.56","Humid","26.25","0","44.00","378375.49","SABD0000000001","AAV1.0.0.11","4.0.0.2323","PSt7-10","170328-019","7/29/2022 11:23:46 AM","0000-00","0","no battery","V","","µV","","µV"
"08/09/2022","10:57:57","6","default","383292078","Oxt_06","55.912","min","104.610","%a.s.","Humid","19.872","deg","38691","µV","28.178","°C","1016.000","hPa","36.4","pmil","0","55.390","deg","20.000","°C","100.000","%a.s.","21.720","deg","20.000","°C","977.000","hPa","0.861","-0.02617","0.00035","0","0","13.56","Humid","26.25","0","44.00","378371.20","SABD0000000001","AAV1.0.0.11","4.0.0.2323","PSt7-10","170328-019","7/29/2022 11:23:46 AM","0000-00","0","no battery","V","","µV","","µV"
"08/09/2022","10:57:58","6","default","383292078","Oxt_06","55.929","min","104.652","%a.s.","Humid","19.869","deg","38690","µV","28.165","°C","1016.000","hPa","36.4","pmil","0","55.390","deg","20.000","°C","100.000","%a.s.","21.720","deg","20.000","°C","977.000","hPa","0.861","-0.02617","0.00035","0","0","13.56","Humid","26.25","0","44.00","378369.13","SABD0000000001","AAV1.0.0.11","4.0.0.2323","PSt7-10","170328-019","7/29/2022 11:23:46 AM","0000-00","0","no battery","V","","µV","","µV"
"08/09/2022","10:57:59","6","default","383292078","Oxt_06","55.945","min","104.599","%a.s.","Humid","19.875","deg","38687","µV","28.161","°C","1016.000","hPa","36.4","pmil","0","55.390","deg","20.000","°C","100.000","%a.s.","21.720","deg","20.000","°C","977.000","hPa","0.861","-0.02617","0.00035","0","0","13.56","Humid","26.25","0","44.00","378376.66","SABD0000000001","AAV1.0.0.11","4.0.0.2323","PSt7-10","170328-019","7/29/2022 11:23:46 AM","0000-00","0","no battery","V","","µV","","µV"
"08/09/2022","10:58:00","6","default","383292078","Oxt_06","55.962","min","104.649","%a.s.","Humid","19.869","deg","38679","µV","28.168","°C","1016.000","hPa","36.4","pmil","0","55.390","deg","20.000","°C","100.000","%a.s.","21.720","deg","20.000","°C","977.000","hPa","0.861","-0.02617","0.00035","0","0","13.56","Humid","26.25","0","44.00","378376.99","SABD0000000001","AAV1.0.0.11","4.0.0.2323","PSt7-10","170328-019","7/29/2022 11:23:46 AM","0000-00","0","no battery","V","","µV","","µV"
"08/09/2022","10:58:01","6","default","383292078","Oxt_06","55.979","min","104.641","%a.s.","Humid","19.868","deg","38682","µV","28.186","°C","1016.000","hPa","36.4","pmil","0","55.390","deg","20.000","°C","100.000","%a.s.","21.720","deg","20.000","°C","977.000","hPa","0.861","-0.02617","0.00035","0","0","13.56","Humid","26.25","0","44.00","378368.11","SABD0000000001","AAV1.0.0.11","4.0.0.2323","PSt7-10","170328-019","7/29/2022 11:23:46 AM","0000-00","0","no battery","V","","µV","","µV"
"08/09/2022","10:58:02","6","default","383292078","Oxt_06","55.995","min","104.644","%a.s.","Humid","19.870","deg","38681","µV","28.163","°C","1016.000","hPa","36.4","pmil","0","55.390","deg","20.000","°C","100.000","%a.s.","21.720","deg","20.000","°C","977.000","hPa","0.861","-0.02617","0.00035","0","0","13.56","Humid","26.25","0","44.00","378357.03","SABD0000000001","AAV1.0.0.11","4.0.0.2323","PSt7-10","170328-019","7/29/2022 11:23:46 AM","0000-00","0","no battery","V","","µV","","µV"
"08/09/2022","10:58:03","6","default","383292078","Oxt_06","56.012","min","104.661","%a.s.","Humid","19.867","deg","38676","µV","28.175","°C","1016.000","hPa","36.4","pmil","0","55.390","deg","20.000","°C","100.000","%a.s.","21.720","deg","20.000","°C","977.000","hPa","0.861","-0.02617","0.00035","0","0","13.56","Humid","26.25","0","44.00","378360.97","SABD0000000001","AAV1.0.0.11","4.0.0.2323","PSt7-10","170328-019","7/29/2022 11:23:46 AM","0000-00","0","no battery","V","","µV","","µV"
"08/09/2022","10:58:04","6","default","383292078","Oxt_06","56.029","min","104.658","%a.s.","Humid","19.868","deg","38673","µV","28.168","°C","1016.000","hPa","36.4","pmil","0","55.390","deg","20.000","°C","100.000","%a.s.","21.720","deg","20.000","°C","977.000","hPa","0.861","-0.02617","0.00035","0","0","13.56","Humid","26.25","0","44.00","378361.20","SABD0000000001","AAV1.0.0.11","4.0.0.2323","PSt7-10","170328-019","7/29/2022 11:23:46 AM","0000-00","0","no battery","V","","µV","","µV"
"08/09/2022","10:58:05","6","default","383292078","Oxt_06","56.045","min","104.645","%a.s.","Humid","19.869","deg","38677","µV","28.172","°C","1016.000","hPa","36.4","pmil","0","55.390","deg","20.000","°C","100.000","%a.s.","21.720","deg","20.000","°C","977.000","hPa","0.861","-0.02617","0.00035","0","0","13.56","Humid","26.25","0","44.00","378365.21","SABD0000000001","AAV1.0.0.11","4.0.0.2323","PSt7-10","170328-019","7/29/2022 11:23:46 AM","0000-00","0","no battery","V","","µV","","µV"
"08/09/2022","10:58:06","6","default","383292078","Oxt_06","56.062","min","104.732","%a.s.","Humid","19.860","deg","38670","µV","28.171","°C","1016.000","hPa","36.4","pmil","0","55.390","deg","20.000","°C","100.000","%a.s.","21.720","deg","20.000","°C","977.000","hPa","0.861","-0.02617","0.00035","0","0","13.56","Humid","26.25","0","44.00","378375.52","SABD0000000001","AAV1.0.0.11","4.0.0.2323","PSt7-10","170328-019","7/29/2022 11:23:46 AM","0000-00","0","no battery","V","","µV","","µV"
"08/09/2022","10:58:07","6","default","383292078","Oxt_06","56.079","min","104.747","%a.s.","Humid","19.860","deg","38672","µV","28.156","°C","1016.000","hPa","36.4","pmil","0","55.390","deg","20.000","°C","100.000","%a.s.","21.720","deg","20.000","°C","977.000","hPa","0.861","-0.02617","0.00035","0","0","13.56","Humid","26.25","0","44.00","378367.12","SABD0000000001","AAV1.0.0.11","4.0.0.2323","PSt7-10","170328-019","7/29/2022 11:23:46 AM","0000-00","0","no battery","V","","µV","","µV"
"08/09/2022","10:58:08","6","default","383292078","Oxt_06","56.096","min","104.668","%a.s.","Humid","19.867","deg","38670","µV","28.169","°C","1016.000","hPa","36.4","pmil","0","55.390","deg","20.000","°C","100.000","%a.s.","21.720","deg","20.000","°C","977.000","hPa","0.861","-0.02617","0.00035","0","0","13.56","Humid","26.25","0","44.00","378374.33","SABD0000000001","AAV1.0.0.11","4.0.0.2323","PSt7-10","170328-019","7/29/2022 11:23:46 AM","0000-00","0","no battery","V","","µV","","µV"
"08/09/2022","10:58:09","6","default","383292078","Oxt_06","56.112","min","104.640","%a.s.","Humid","19.871","deg","38671","µV","28.158","°C","1016.000","hPa","36.4","pmil","0","55.390","deg","20.000","°C","100.000","%a.s.","21.720","deg","20.000","°C","977.000","hPa","0.861","-0.02617","0.00035","0","0","13.56","Humid","26.25","0","44.00","378380.02","SABD0000000001","AAV1.0.0.11","4.0.0.2323","PSt7-10","170328-019","7/29/2022 11:23:46 AM","0000-00","0","no battery","V","","µV","","µV"
"08/09/2022","10:58:10","6","default","383292078","Oxt_06","56.129","min","104.777","%a.s.","Humid","19.857","deg","38667","µV","28.155","°C","1016.000","hPa","36.4","pmil","0","55.390","deg","20.000","°C","100.000","%a.s.","21.720","deg","20.000","°C","977.000","hPa","0.861","-0.02617","0.00035","0","0","13.56","Humid","26.25","0","44.00","378384.93","SABD0000000001","AAV1.0.0.11","4.0.0.2323","PSt7-10","170328-019","7/29/2022 11:23:46 AM","0000-00","0","no battery","V","","µV","","µV"
"08/09/2022","10:58:11","6","default","383292078","Oxt_06","56.146","min","104.787","%a.s.","Humid","19.857","deg","38669","µV","28.145","°C","1016.000","hPa","36.4","pmil","0","55.390","deg","20.000","°C","100.000","%a.s.","21.720","deg","20.000","°C","977.000","hPa","0.861","-0.02617","0.00035","0","0","13.56","Humid","26.25","0","44.00","378379.11","SABD0000000001","AAV1.0.0.11","4.0.0.2323","PSt7-10","170328-019","7/29/2022 11:23:46 AM","0000-00","0","no battery","V","","µV","","µV"
"08/09/2022","10:58:12","6","default","383292078","Oxt_06","56.162","min","104.793","%a.s.","Humid","19.854","deg","38668","µV","28.168","°C","1016.000","hPa","36.4","pmil","0","55.390","deg","20.000","°C","100.000","%a.s.","21.720","deg","20.000","°C","977.000","hPa","0.861","-0.02617","0.00035","0","0","13.56","Humid","26.25","0","44.00","378379.77","SABD0000000001","AAV1.0.0.11","4.0.0.2323","PSt7-10","170328-019","7/29/2022 11:23:46 AM","0000-00","0","no battery","V","","µV","","µV"
"08/09/2022","10:58:13","6","default","383292078","Oxt_06","56.179","min","104.722","%a.s.","Humid","19.861","deg","38673","µV","28.171","°C","1016.000","hPa","36.4","pmil","0","55.390","deg","20.000","°C","100.000","%a.s.","21.720","deg","20.000","°C","977.000","hPa","0.861","-0.02617","0.00035","0","0","13.56","Humid","26.25","0","44.00","378373.04","SABD0000000001","AAV1.0.0.11","4.0.0.2323","PSt7-10","170328-019","7/29/2022 11:23:46 AM","0000-00","0","no battery","V","","µV","","µV"
"08/09/2022","10:58:14","6","default","383292078","Oxt_06","56.196","min","104.645","%a.s.","Humid","19.868","deg","38669","µV","28.182","°C","1016.000","hPa","36.4","pmil","0","55.390","deg","20.000","°C","100.000","%a.s.","21.720","deg","20.000","°C","977.000","hPa","0.861","-0.02617","0.00035","0","0","13.56","Humid","26.25","0","44.00","378375.89","SABD0000000001","AAV1.0.0.11","4.0.0.2323","PSt7-10","170328-019","7/29/2022 11:23:46 AM","0000-00","0","no battery","V","","µV","","µV"
"08/09/2022","10:58:15","6","default","383292078","Oxt_06","56.212","min","104.707","%a.s.","Humid","19.863","deg","38668","µV","28.167","°C","1016.000","hPa","36.4","pmil","0","55.390","deg","20.000","°C","100.000","%a.s.","21.720","deg","20.000","°C","977.000","hPa","0.861","-0.02617","0.00035","0","0","13.56","Humid","26.25","0","44.00","378384.02","SABD0000000001","AAV1.0.0.11","4.0.0.2323","PSt7-10","170328-019","7/29/2022 11:23:46 AM","0000-00","0","no battery","V","","µV","","µV"
"08/09/2022","10:58:16","6","default","383292078","Oxt_06","56.229","min","104.730","%a.s.","Humid","19.861","deg","38669","µV","28.164","°C","1016.000","hPa","36.4","pmil","0","55.390","deg","20.000","°C","100.000","%a.s.","21.720","deg","20.000","°C","977.000","hPa","0.861","-0.02617","0.00035","0","0","13.56","Humid","26.25","0","44.00","378385.19","SABD0000000001","AAV1.0.0.11","4.0.0.2323","PSt7-10","170328-019","7/29/2022 11:23:46 AM","0000-00","0","no battery","V","","µV","","µV"
"08/09/2022","10:58:17","6","default","383292078","Oxt_06","56.246","min","104.719","%a.s.","Humid","19.862","deg","38665","µV","28.165","°C","1016.000","hPa","36.4","pmil","0","55.390","deg","20.000","°C","100.000","%a.s.","21.720","deg","20.000","°C","977.000","hPa","0.861","-0.02617","0.00035","0","0","13.56","Humid","26.25","0","44.00","378375.87","SABD0000000001","AAV1.0.0.11","4.0.0.2323","PSt7-10","170328-019","7/29/2022 11:23:46 AM","0000-00","0","no battery","V","","µV","","µV"
"08/09/2022","10:58:18","6","default","383292078","Oxt_06","56.262","min","104.751","%a.s.","Humid","19.858","deg","38662","µV","28.171","°C","1016.000","hPa","36.4","pmil","0","55.390","deg","20.000","°C","100.000","%a.s.","21.720","deg","20.000","°C","977.000","hPa","0.861","-0.02617","0.00035","0","0","13.56","Humid","26.25","0","44.00","378360.44","SABD0000000001","AAV1.0.0.11","4.0.0.2323","PSt7-10","170328-019","7/29/2022 11:23:46 AM","0000-00","0","no battery","V","","µV","","µV"
"08/09/2022","10:58:19","6","default","383292078","Oxt_06","56.279","min","104.667","%a.s.","Humid","19.867","deg","38664","µV","28.169","°C","1016.000","hPa","36.4","pmil","0","55.390","deg","20.000","°C","100.000","%a.s.","21.720","deg","20.000","°C","977.000","hPa","0.861","-0.02617","0.00035","0","0","13.56","Humid","26.25","0","44.00","378379.83","SABD0000000001","AAV1.0.0.11","4.0.0.2323","PSt7-10","170328-019","7/29/2022 11:23:46 AM","0000-00","0","no battery","V","","µV","","µV"
"08/09/2022","10:58:20","6","default","383292078","Oxt_06","56.296","min","104.708","%a.s.","Humid","19.862","deg","38659","µV","28.176","°C","1016.000","hPa","36.4","pmil","0","55.390","deg","20.000","°C","100.000","%a.s.","21.720","deg","20.000","°C","977.000","hPa","0.861","-0.02617","0.00035","0","0","13.56","Humid","26.25","0","44.00","378378.37","SABD0000000001","AAV1.0.0.11","4.0.0.2323","PSt7-10","170328-019","7/29/2022 11:23:46 AM","0000-00","0","no battery","V","","µV","","µV"
"08/09/2022","10:58:21","6","default","383292078","Oxt_06","56.312","min","104.770","%a.s.","Humid","19.857","deg","38659","µV","28.162","°C","1016.000","hPa","36.4","pmil","0","55.390","deg","20.000","°C","100.000","%a.s.","21.720","deg","20.000","°C","977.000","hPa","0.861","-0.02617","0.00035","0","0","13.56","Humid","26.25","0","44.00","378355.03","SABD0000000001","AAV1.0.0.11","4.0.0.2323","PSt7-10","170328-019","7/29/2022 11:23:46 AM","0000-00","0","no battery","V","","µV","","µV"
"08/09/2022","10:58:22","6","default","383292078","Oxt_06","56.329","min","104.678","%a.s.","Humid","19.867","deg","38661","µV","28.158","°C","1016.000","hPa","36.4","pmil","0","55.390","deg","20.000","°C","100.000","%a.s.","21.720","deg","20.000","°C","977.000","hPa","0.861","-0.02617","0.00035","0","0","13.56","Humid","26.25","0","44.00","378376.59","SABD0000000001","AAV1.0.0.11","4.0.0.2323","PSt7-10","170328-019","7/29/2022 11:23:46 AM","0000-00","0","no battery","V","","µV","","µV"
"08/09/2022","10:58:23","6","default","383292078","Oxt_06","56.346","min","104.695","%a.s.","Humid","19.865","deg","38660","µV","28.161","°C","1016.000","hPa","36.4","pmil","0","55.390","deg","20.000","°C","100.000","%a.s.","21.720","deg","20.000","°C","977.000","hPa","0.861","-0.02617","0.00035","0","0","13.56","Humid","26.25","0","44.00","378357.79","SABD0000000001","AAV1.0.0.11","4.0.0.2323","PSt7-10","170328-019","7/29/2022 11:23:46 AM","0000-00","0","no battery","V","","µV","","µV"
"08/09/2022","10:58:24","6","default","383292078","Oxt_06","56.363","min","104.756","%a.s.","Humid","19.857","deg","38656","µV","28.176","°C","1016.000","hPa","36.4","pmil","0","55.390","deg","20.000","°C","100.000","%a.s.","21.720","deg","20.000","°C","977.000","hPa","0.861","-0.02617","0.00035","0","0","13.56","Humid","26.25","0","44.00","378365.72","SABD0000000001","AAV1.0.0.11","4.0.0.2323","PSt7-10","170328-019","7/29/2022 11:23:46 AM","0000-00","0","no battery","V","","µV","","µV"
"08/09/2022","10:58:25","6","default","383292078","Oxt_06","56.379","min","104.670","%a.s.","Humid","19.866","deg","38658","µV","28.176","°C","1016.000","hPa","36.4","pmil","0","55.390","deg","20.000","°C","100.000","%a.s.","21.720","deg","20.000","°C","977.000","hPa","0.861","-0.02617","0.00035","0","0","13.56","Humid","26.25","0","44.00","378385.08","SABD0000000001","AAV1.0.0.11","4.0.0.2323","PSt7-10","170328-019","7/29/2022 11:23:46 AM","0000-00","0","no battery","V","","µV","","µV"
"08/09/2022","10:58:26","6","default","383292078","Oxt_06","56.396","min","104.799","%a.s.","Humid","19.853","deg","38656","µV","28.172","°C","1016.000","hPa","36.4","pmil","0","55.390","deg","20.000","°C","100.000","%a.s.","21.720","deg","20.000","°C","977.000","hPa","0.861","-0.02617","0.00035","0","0","13.56","Humid","26.25","0","44.00","378375.52","SABD0000000001","AAV1.0.0.11","4.0.0.2323","PSt7-10","170328-019","7/29/2022 11:23:46 AM","0000-00","0","no battery","V","","µV","","µV"
"08/09/2022","10:58:27","6","default","383292078","Oxt_06","56.412","min","104.785","%a.s.","Humid","19.854","deg","38656","µV","28.176","°C","1016.000","hPa","36.4","pmil","0","55.390","deg","20.000","°C","100.000","%a.s.","21.720","deg","20.000","°C","977.000","hPa","0.861","-0.02617","0.00035","0","0","13.56","Humid","26.25","0","44.00","378382.85","SABD0000000001","AAV1.0.0.11","4.0.0.2323","PSt7-10","170328-019","7/29/2022 11:23:46 AM","0000-00","0","no battery","V","","µV","","µV"
"08/09/2022","10:58:28","6","default","383292078","Oxt_06","56.429","min","104.779","%a.s.","Humid","19.855","deg","38649","µV","28.172","°C","1016.000","hPa","36.4","pmil","0","55.390","deg","20.000","°C","100.000","%a.s.","21.720","deg","20.000","°C","977.000","hPa","0.861","-0.02617","0.00035","0","0","13.56","Humid","26.25","0","44.00","378367.86","SABD0000000001","AAV1.0.0.11","4.0.0.2323","PSt7-10","170328-019","7/29/2022 11:23:46 AM","0000-00","0","no battery","V","","µV","","µV"
"08/09/2022","10:58:29","6","default","383292078","Oxt_06","56.445","min","104.693","%a.s.","Humid","19.865","deg","38652","µV","28.162","°C","1016.000","hPa","36.4","pmil","0","55.390","deg","20.000","°C","100.000","%a.s.","21.720","deg","20.000","°C","977.000","hPa","0.861","-0.02617","0.00035","0","0","13.56","Humid","26.25","0","44.00","378364.48","SABD0000000001","AAV1.0.0.11","4.0.0.2323","PSt7-10","170328-019","7/29/2022 11:23:46 AM","0000-00","0","no battery","V","","µV","","µV"
"08/09/2022","10:58:30","6","default","383292078","Oxt_06","56.462","min","104.845","%a.s.","Humid","19.850","deg","38648","µV","28.154","°C","1016.000","hPa","36.4","pmil","0","55.390","deg","20.000","°C","100.000","%a.s.","21.720","deg","20.000","°C","977.000","hPa","0.861","-0.02617","0.00035","0","0","13.56","Humid","26.25","0","44.00","378358.52","SABD0000000001","AAV1.0.0.11","4.0.0.2323","PSt7-10","170328-019","7/29/2022 11:23:46 AM","0000-00","0","no battery","V","","µV","","µV"
"08/09/2022","10:58:31","6","default","383292078","Oxt_06","56.479","min","104.831","%a.s.","Humid","19.851","deg","38644","µV","28.159","°C","1016.000","hPa","36.4","pmil","0","55.390","deg","20.000","°C","100.000","%a.s.","21.720","deg","20.000","°C","977.000","hPa","0.861","-0.02617","0.00035","0","0","13.56","Humid","26.25","0","44.00","378361.08","SABD0000000001","AAV1.0.0.11","4.0.0.2323","PSt7-10","170328-019","7/29/2022 11:23:46 AM","0000-00","0","no battery","V","","µV","","µV"
"08/09/2022","10:58:32","6","default","383292078","Oxt_06","56.495","min","104.832","%a.s.","Humid","19.848","deg","38643","µV","28.186","°C","1016.000","hPa","36.4","pmil","0","55.390","deg","20.000","°C","100.000","%a.s.","21.720","deg","20.000","°C","977.000","hPa","0.861","-0.02617","0.00035","0","0","13.56","Humid","26.25","0","44.00","378372.66","SABD0000000001","AAV1.0.0.11","4.0.0.2323","PSt7-10","170328-019","7/29/2022 11:23:46 AM","0000-00","0","no battery","V","","µV","","µV"
"08/09/2022","10:58:33","6","default","383292078","Oxt_06","56.512","min","104.787","%a.s.","Humid","19.853","deg","38654","µV","28.184","°C","1016.000","hPa","36.4","pmil","0","55.390","deg","20.000","°C","100.000","%a.s.","21.720","deg","20.000","°C","977.000","hPa","0.861","-0.02617","0.00035","0","0","13.56","Humid","26.25","0","44.00","378356.34","SABD0000000001","AAV1.0.0.11","4.0.0.2323","PSt7-10","170328-019","7/29/2022 11:23:46 AM","0000-00","0","no battery","V","","µV","","µV"
"08/09/2022","10:58:34","6","default","383292078","Oxt_06","56.529","min","104.855","%a.s.","Humid","19.847","deg","38645","µV","28.174","°C","1016.000","hPa","36.4","pmil","0","55.390","deg","20.000","°C","100.000","%a.s.","21.720","deg","20.000","°C","977.000","hPa","0.861","-0.02617","0.00035","0","0","13.56","Humid","26.25","0","44.00","378361.79","SABD0000000001","AAV1.0.0.11","4.0.0.2323","PSt7-10","170328-019","7/29/2022 11:23:46 AM","0000-00","0","no battery","V","","µV","","µV"
"08/09/2022","10:58:35","6","default","383292078","Oxt_06","56.545","min","104.762","%a.s.","Humid","19.857","deg","38644","µV","28.170","°C","1016.000","hPa","36.4","pmil","0","55.390","deg","20.000","°C","100.000","%a.s.","21.720","deg","20.000","°C","977.000","hPa","0.861","-0.02617","0.00035","0","0","13.56","Humid","26.25","0","44.00","378356.47","SABD0000000001","AAV1.0.0.11","4.0.0.2323","PSt7-10","170328-019","7/29/2022 11:23:46 AM","0000-00","0","no battery","V","","µV","","µV"
"08/09/2022","10:58:36","6","default","383292078","Oxt_06","56.562","min","104.812","%a.s.","Humid","19.851","deg","38635","µV","28.177","°C","1016.000","hPa","36.4","pmil","0","55.390","deg","20.000","°C","100.000","%a.s.","21.720","deg","20.000","°C","977.000","hPa","0.861","-0.02617","0.00035","0","0","13.56","Humid","26.25","0","44.00","378359.16","SABD0000000001","AAV1.0.0.11","4.0.0.2323","PSt7-10","170328-019","7/29/2022 11:23:46 AM","0000-00","0","no battery","V","","µV","","µV"
"08/09/2022","10:58:37","6","default","383292078","Oxt_06","56.579","min","104.814","%a.s.","Humid","19.851","deg","38643","µV","28.176","°C","1016.000","hPa","36.4","pmil","0","55.390","deg","20.000","°C","100.000","%a.s.","21.720","deg","20.000","°C","977.000","hPa","0.861","-0.02617","0.00035","0","0","13.56","Humid","26.25","0","44.00","378354.56","SABD0000000001","AAV1.0.0.11","4.0.0.2323","PSt7-10","170328-019","7/29/2022 11:23:46 AM","0000-00","0","no battery","V","","µV","","µV"
"08/09/2022","10:58:38","6","default","383292078","Oxt_06","56.596","min","104.836","%a.s.","Humid","19.849","deg","38640","µV","28.173","°C","1016.000","hPa","36.4","pmil","0","55.390","deg","20.000","°C","100.000","%a.s.","21.720","deg","20.000","°C","977.000","hPa","0.861","-0.02617","0.00035","0","0","13.56","Humid","26.25","0","44.00","378363.72","SABD0000000001","AAV1.0.0.11","4.0.0.2323","PSt7-10","170328-019","7/29/2022 11:23:46 AM","0000-00","0","no battery","V","","µV","","µV"
"08/09/2022","10:58:39","6","default","383292078","Oxt_06","56.612","min","104.703","%a.s.","Humid","19.862","deg","38635","µV","28.181","°C","1016.000","hPa","36.4","pmil","0","55.390","deg","20.000","°C","100.000","%a.s.","21.720","deg","20.000","°C","977.000","hPa","0.861","-0.02617","0.00035","0","0","13.56","Humid","26.25","0","44.00","378362.71","SABD0000000001","AAV1.0.0.11","4.0.0.2323","PSt7-10","170328-019","7/29/2022 11:23:46 AM","0000-00","0","no battery","V","","µV","","µV"
"08/09/2022","10:58:40","6","default","383292078","Oxt_06","56.629","min","104.873","%a.s.","Humid","19.844","deg","38638","µV","28.184","°C","1016.000","hPa","36.4","pmil","0","55.390","deg","20.000","°C","100.000","%a.s.","21.720","deg","20.000","°C","977.000","hPa","0.861","-0.02617","0.00035","0","0","13.56","Humid","26.25","0","44.00","378365.02","SABD0000000001","AAV1.0.0.11","4.0.0.2323","PSt7-10","170328-019","7/29/2022 11:23:46 AM","0000-00","0","no battery","V","","µV","","µV"
"08/09/2022","10:58:41","6","default","383292078","Oxt_06","56.645","min","104.863","%a.s.","Humid","19.846","deg","38639","µV","28.174","°C","1016.000","hPa","36.4","pmil","0","55.390","deg","20.000","°C","100.000","%a.s.","21.720","deg","20.000","°C","977.000","hPa","0.861","-0.02617","0.00035","0","0","13.56","Humid","26.25","0","44.00","378350.48","SABD0000000001","AAV1.0.0.11","4.0.0.2323","PSt7-10","170328-019","7/29/2022 11:23:46 AM","0000-00","0","no battery","V","","µV","","µV"
"08/09/2022","10:58:42","6","default","383292078","Oxt_06","56.663","min","104.837","%a.s.","Humid","19.849","deg","38638","µV","28.172","°C","1016.000","hPa","36.4","pmil","0","55.390","deg","20.000","°C","100.000","%a.s.","21.720","deg","20.000","°C","977.000","hPa","0.861","-0.02617","0.00035","0","0","13.56","Humid","26.25","0","44.00","378361.67","SABD0000000001","AAV1.0.0.11","4.0.0.2323","PSt7-10","170328-019","7/29/2022 11:23:46 AM","0000-00","0","no battery","V","","µV","","µV"
"08/09/2022","10:58:43","6","default","383292078","Oxt_06","56.679","min","104.798","%a.s.","Humid","19.853","deg","38641","µV","28.173","°C","1016.000","hPa","36.4","pmil","0","55.390","deg","20.000","°C","100.000","%a.s.","21.720","deg","20.000","°C","977.000","hPa","0.861","-0.02617","0.00035","0","0","13.56","Humid","26.25","0","44.00","378359.08","SABD0000000001","AAV1.0.0.11","4.0.0.2323","PSt7-10","170328-019","7/29/2022 11:23:46 AM","0000-00","0","no battery","V","","µV","","µV"
"08/09/2022","10:58:44","6","default","383292078","Oxt_06","56.696","min","104.942","%a.s.","Humid","19.839","deg","38639","µV","28.163","°C","1016.000","hPa","36.4","pmil","0","55.390","deg","20.000","°C","100.000","%a.s.","21.720","deg","20.000","°C","977.000","hPa","0.861","-0.02617","0.00035","0","0","13.56","Humid","26.25","0","44.00","378361.28","SABD0000000001","AAV1.0.0.11","4.0.0.2323","PSt7-10","170328-019","7/29/2022 11:23:46 AM","0000-00","0","no battery","V","","µV","","µV"
"08/09/2022","10:58:45","6","default","383292078","Oxt_06","56.712","min","104.895","%a.s.","Humid","19.844","deg","38638","µV","28.162","°C","1016.000","hPa","36.4","pmil","0","55.390","deg","20.000","°C","100.000","%a.s.","21.720","deg","20.000","°C","977.000","hPa","0.861","-0.02617","0.00035","0","0","13.56","Humid","26.25","0","44.00","378360.75","SABD0000000001","AAV1.0.0.11","4.0.0.2323","PSt7-10","170328-019","7/29/2022 11:23:46 AM","0000-00","0","no battery","V","","µV","","µV"
"08/09/2022","10:58:46","6","default","383292078","Oxt_06","56.729","min","104.768","%a.s.","Humid","19.856","deg","38630","µV","28.173","°C","1016.000","hPa","36.4","pmil","0","55.390","deg","20.000","°C","100.000","%a.s.","21.720","deg","20.000","°C","977.000","hPa","0.861","-0.02617","0.00035","0","0","13.56","Humid","26.25","0","44.00","378362.05","SABD0000000001","AAV1.0.0.11","4.0.0.2323","PSt7-10","170328-019","7/29/2022 11:23:46 AM","0000-00","0","no battery","V","","µV","","µV"
"08/09/2022","10:58:47","6","default","383292078","Oxt_06","56.746","min","104.882","%a.s.","Humid","19.845","deg","38626","µV","28.165","°C","1016.000","hPa","36.4","pmil","0","55.390","deg","20.000","°C","100.000","%a.s.","21.720","deg","20.000","°C","977.000","hPa","0.861","-0.02617","0.00035","0","0","13.56","Humid","26.25","0","44.00","378355.48","SABD0000000001","AAV1.0.0.11","4.0.0.2323","PSt7-10","170328-019","7/29/2022 11:23:46 AM","0000-00","0","no battery","V","","µV","","µV"
"08/09/2022","10:58:48","6","default","383292078","Oxt_06","56.762","min","104.851","%a.s.","Humid","19.848","deg","38626","µV","28.168","°C","1016.000","hPa","36.4","pmil","0","55.390","deg","20.000","°C","100.000","%a.s.","21.720","deg","20.000","°C","977.000","hPa","0.861","-0.02617","0.00035","0","0","13.56","Humid","26.25","0","44.00","378373.65","SABD0000000001","AAV1.0.0.11","4.0.0.2323","PSt7-10","170328-019","7/29/2022 11:23:46 AM","0000-00","0","no battery","V","","µV","","µV"
"08/09/2022","10:58:49","6","default","383292078","Oxt_06","56.779","min","104.865","%a.s.","Humid","19.847","deg","38631","µV","28.163","°C","1016.000","hPa","36.4","pmil","0","55.390","deg","20.000","°C","100.000","%a.s.","21.720","deg","20.000","°C","977.000","hPa","0.861","-0.02617","0.00035","0","0","13.56","Humid","26.25","0","44.00","378364.13","SABD0000000001","AAV1.0.0.11","4.0.0.2323","PSt7-10","170328-019","7/29/2022 11:23:46 AM","0000-00","0","no battery","V","","µV","","µV"
"08/09/2022","10:58:50","6","default","383292078","Oxt_06","56.796","min","105.025","%a.s.","Humid","19.830","deg","38627","µV","28.167","°C","1016.000","hPa","36.4","pmil","0","55.390","deg","20.000","°C","100.000","%a.s.","21.720","deg","20.000","°C","977.000","hPa","0.861","-0.02617","0.00035","0","0","13.56","Humid","26.25","0","44.00","378356.26","SABD0000000001","AAV1.0.0.11","4.0.0.2323","PSt7-10","170328-019","7/29/2022 11:23:46 AM","0000-00","0","no battery","V","","µV","","µV"
"08/09/2022","10:58:51","6","default","383292078","Oxt_06","56.812","min","104.953","%a.s.","Humid","19.837","deg","38627","µV","28.171","°C","1016.000","hPa","36.4","pmil","0","55.390","deg","20.000","°C","100.000","%a.s.","21.720","deg","20.000","°C","977.000","hPa","0.861","-0.02617","0.00035","0","0","13.56","Humid","26.25","0","44.00","378348.56","SABD0000000001","AAV1.0.0.11","4.0.0.2323","PSt7-10","170328-019","7/29/2022 11:23:46 AM","0000-00","0","no battery","V","","µV","","µV"
"08/09/2022","10:58:52","6","default","383292078","Oxt_06","56.829","min","104.871","%a.s.","Humid","19.844","deg","38627","µV","28.186","°C","1016.000","hPa","36.4","pmil","0","55.390","deg","20.000","°C","100.000","%a.s.","21.720","deg","20.000","°C","977.000","hPa","0.861","-0.02617","0.00035","0","0","13.56","Humid","26.25","0","44.00","378355.02","SABD0000000001","AAV1.0.0.11","4.0.0.2323","PSt7-10","170328-019","7/29/2022 11:23:46 AM","0000-00","0","no battery","V","","µV","","µV"
"08/09/2022","10:58:53","6","default","383292078","Oxt_06","56.845","min","104.829","%a.s.","Humid","19.849","deg","38619","µV","28.180","°C","1016.000","hPa","36.4","pmil","0","55.390","deg","20.000","°C","100.000","%a.s.","21.720","deg","20.000","°C","977.000","hPa","0.861","-0.02617","0.00035","0","0","13.56","Humid","26.25","0","44.00","378349.82","SABD0000000001","AAV1.0.0.11","4.0.0.2323","PSt7-10","170328-019","7/29/2022 11:23:46 AM","0000-00","0","no battery","V","","µV","","µV"
"08/09/2022","10:58:54","6","default","383292078","Oxt_06","56.863","min","104.847","%a.s.","Humid","19.848","deg","38623","µV","28.172","°C","1016.000","hPa","36.4","pmil","0","55.390","deg","20.000","°C","100.000","%a.s.","21.720","deg","20.000","°C","977.000","hPa","0.861","-0.02617","0.00035","0","0","13.56","Humid","26.25","0","44.00","378353.60","SABD0000000001","AAV1.0.0.11","4.0.0.2323","PSt7-10","170328-019","7/29/2022 11:23:46 AM","0000-00","0","no battery","V","","µV","","µV"
"08/09/2022","10:58:55","6","default","383292078","Oxt_06","56.879","min","104.980","%a.s.","Humid","19.835","deg","38621","µV","28.163","°C","1016.000","hPa","36.4","pmil","0","55.390","deg","20.000","°C","100.000","%a.s.","21.720","deg","20.000","°C","977.000","hPa","0.861","-0.02617","0.00035","0","0","13.56","Humid","26.25","0","44.00","378364.70","SABD0000000001","AAV1.0.0.11","4.0.0.2323","PSt7-10","170328-019","7/29/2022 11:23:46 AM","0000-00","0","no battery","V","","µV","","µV"
"08/09/2022","10:58:56","6","default","383292078","Oxt_06","56.896","min","104.893","%a.s.","Humid","19.842","deg","38616","µV","28.183","°C","1016.000","hPa","36.4","pmil","0","55.390","deg","20.000","°C","100.000","%a.s.","21.720","deg","20.000","°C","977.000","hPa","0.861","-0.02617","0.00035","0","0","13.56","Humid","26.25","0","44.00","378344.15","SABD0000000001","AAV1.0.0.11","4.0.0.2323","PSt7-10","170328-019","7/29/2022 11:23:46 AM","0000-00","0","no battery","V","","µV","","µV"
"08/09/2022","10:58:57","6","default","383292078","Oxt_06","56.912","min","104.974","%a.s.","Humid","19.835","deg","38612","µV","28.169","°C","1016.000","hPa","36.4","pmil","0","55.390","deg","20.000","°C","100.000","%a.s.","21.720","deg","20.000","°C","977.000","hPa","0.861","-0.02617","0.00035","0","0","13.56","Humid","26.25","0","44.00","378348.63","SABD0000000001","AAV1.0.0.11","4.0.0.2323","PSt7-10","170328-019","7/29/2022 11:23:46 AM","0000-00","0","no battery","V","","µV","","µV"
"08/09/2022","10:58:58","6","default","383292078","Oxt_06","56.929","min","104.919","%a.s.","Humid","19.840","deg","38617","µV","28.176","°C","1016.000","hPa","36.4","pmil","0","55.390","deg","20.000","°C","100.000","%a.s.","21.720","deg","20.000","°C","977.000","hPa","0.861","-0.02617","0.00035","0","0","13.56","Humid","26.25","0","44.00","378346.02","SABD0000000001","AAV1.0.0.11","4.0.0.2323","PSt7-10","170328-019","7/29/2022 11:23:46 AM","0000-00","0","no battery","V","","µV","","µV"
"08/09/2022","10:58:59","6","default","383292078","Oxt_06","56.945","min","104.977","%a.s.","Humid","19.835","deg","38615","µV","28.167","°C","1016.000","hPa","36.4","pmil","0","55.390","deg","20.000","°C","100.000","%a.s.","21.720","deg","20.000","°C","977.000","hPa","0.861","-0.02617","0.00035","0","0","13.56","Humid","26.25","0","44.00","378369.91","SABD0000000001","AAV1.0.0.11","4.0.0.2323","PSt7-10","170328-019","7/29/2022 11:23:46 AM","0000-00","0","no battery","V","","µV","","µV"
"08/09/2022","10:59:00","6","default","383292078","Oxt_06","56.962","min","104.998","%a.s.","Humid","19.833","deg","38606","µV","28.165","°C","1016.000","hPa","36.4","pmil","0","55.390","deg","20.000","°C","100.000","%a.s.","21.720","deg","20.000","°C","977.000","hPa","0.861","-0.02617","0.00035","0","0","13.56","Humid","26.25","0","44.00","378351.00","SABD0000000001","AAV1.0.0.11","4.0.0.2323","PSt7-10","170328-019","7/29/2022 11:23:46 AM","0000-00","0","no battery","V","","µV","","µV"
"08/09/2022","10:59:01","6","default","383292078","Oxt_06","56.979","min","104.948","%a.s.","Humid","19.839","deg","38612","µV","28.157","°C","1016.000","hPa","36.4","pmil","0","55.390","deg","20.000","°C","100.000","%a.s.","21.720","deg","20.000","°C","977.000","hPa","0.861","-0.02617","0.00035","0","0","13.56","Humid","26.25","0","44.00","378345.22","SABD0000000001","AAV1.0.0.11","4.0.0.2323","PSt7-10","170328-019","7/29/2022 11:23:46 AM","0000-00","0","no battery","V","","µV","","µV"
"08/09/2022","10:59:02","6","default","383292078","Oxt_06","56.996","min","104.938","%a.s.","Humid","19.837","deg","38611","µV","28.186","°C","1016.000","hPa","36.4","pmil","0","55.390","deg","20.000","°C","100.000","%a.s.","21.720","deg","20.000","°C","977.000","hPa","0.861","-0.02617","0.00035","0","0","13.56","Humid","26.25","0","44.00","378343.62","SABD0000000001","AAV1.0.0.11","4.0.0.2323","PSt7-10","170328-019","7/29/2022 11:23:46 AM","0000-00","0","no battery","V","","µV","","µV"
"08/09/2022","10:59:03","6","default","383292078","Oxt_06","57.012","min","104.919","%a.s.","Humid","19.840","deg","38611","µV","28.177","°C","1016.000","hPa","36.4","pmil","0","55.390","deg","20.000","°C","100.000","%a.s.","21.720","deg","20.000","°C","977.000","hPa","0.861","-0.02617","0.00035","0","0","13.56","Humid","26.25","0","44.00","378353.90","SABD0000000001","AAV1.0.0.11","4.0.0.2323","PSt7-10","170328-019","7/29/2022 11:23:46 AM","0000-00","0","no battery","V","","µV","","µV"
"08/09/2022","10:59:04","6","default","383292078","Oxt_06","57.029","min","104.968","%a.s.","Humid","19.836","deg","38612","µV","28.166","°C","1016.000","hPa","36.4","pmil","0","55.390","deg","20.000","°C","100.000","%a.s.","21.720","deg","20.000","°C","977.000","hPa","0.861","-0.02617","0.00035","0","0","13.56","Humid","26.25","0","44.00","378346.74","SABD0000000001","AAV1.0.0.11","4.0.0.2323","PSt7-10","170328-019","7/29/2022 11:23:46 AM","0000-00","0","no battery","V","","µV","","µV"
"08/09/2022","10:59:05","6","default","383292078","Oxt_06","57.046","min","104.952","%a.s.","Humid","19.837","deg","38609","µV","28.172","°C","1016.000","hPa","36.4","pmil","0","55.390","deg","20.000","°C","100.000","%a.s.","21.720","deg","20.000","°C","977.000","hPa","0.861","-0.02617","0.00035","0","0","13.56","Humid","26.25","0","44.00","378339.10","SABD0000000001","AAV1.0.0.11","4.0.0.2323","PSt7-10","170328-019","7/29/2022 11:23:46 AM","0000-00","0","no battery","V","","µV","","µV"
"08/09/2022","10:59:06","6","default","383292078","Oxt_06","57.062","min","104.960","%a.s.","Humid","19.836","deg","38610","µV","28.174","°C","1016.000","hPa","36.4","pmil","0","55.390","deg","20.000","°C","100.000","%a.s.","21.720","deg","20.000","°C","977.000","hPa","0.861","-0.02617","0.00035","0","0","13.56","Humid","26.25","0","44.00","378335.33","SABD0000000001","AAV1.0.0.11","4.0.0.2323","PSt7-10","170328-019","7/29/2022 11:23:46 AM","0000-00","0","no battery","V","","µV","","µV"
"08/09/2022","10:59:07","6","default","383292078","Oxt_06","57.079","min","105.017","%a.s.","Humid","19.832","deg","38610","µV","28.156","°C","1016.000","hPa","36.4","pmil","0","55.390","deg","20.000","°C","100.000","%a.s.","21.720","deg","20.000","°C","977.000","hPa","0.861","-0.02617","0.00035","0","0","13.56","Humid","26.25","0","44.00","378354.97","SABD0000000001","AAV1.0.0.11","4.0.0.2323","PSt7-10","170328-019","7/29/2022 11:23:46 AM","0000-00","0","no battery","V","","µV","","µV"
"08/09/2022","10:59:08","6","default","383292078","Oxt_06","57.096","min","104.998","%a.s.","Humid","19.834","deg","38608","µV","28.155","°C","1016.000","hPa","36.4","pmil","0","55.390","deg","20.000","°C","100.000","%a.s.","21.720","deg","20.000","°C","977.000","hPa","0.861","-0.02617","0.00035","0","0","13.56","Humid","26.25","0","44.00","378335.60","SABD0000000001","AAV1.0.0.11","4.0.0.2323","PSt7-10","170328-019","7/29/2022 11:23:46 AM","0000-00","0","no battery","V","","µV","","µV"
"08/09/2022","10:59:09","6","default","383292078","Oxt_06","57.113","min","104.986","%a.s.","Humid","19.833","deg","38609","µV","28.176","°C","1016.000","hPa","36.4","pmil","0","55.390","deg","20.000","°C","100.000","%a.s.","21.720","deg","20.000","°C","977.000","hPa","0.861","-0.02617","0.00035","0","0","13.56","Humid","26.25","0","44.00","378343.67","SABD0000000001","AAV1.0.0.11","4.0.0.2323","PSt7-10","170328-019","7/29/2022 11:23:46 AM","0000-00","0","no battery","V","","µV","","µV"
"08/09/2022","10:59:10","6","default","383292078","Oxt_06","57.129","min","104.970","%a.s.","Humid","19.834","deg","38607","µV","28.183","°C","1016.000","hPa","36.4","pmil","0","55.390","deg","20.000","°C","100.000","%a.s.","21.720","deg","20.000","°C","977.000","hPa","0.861","-0.02617","0.00035","0","0","13.56","Humid","26.25","0","44.00","378335.31","SABD0000000001","AAV1.0.0.11","4.0.0.2323","PSt7-10","170328-019","7/29/2022 11:23:46 AM","0000-00","0","no battery","V","","µV","","µV"
"08/09/2022","10:59:11","6","default","383292078","Oxt_06","57.146","min","104.949","%a.s.","Humid","19.836","deg","38604","µV","28.185","°C","1016.000","hPa","36.4","pmil","0","55.390","deg","20.000","°C","100.000","%a.s.","21.720","deg","20.000","°C","977.000","hPa","0.861","-0.02617","0.00035","0","0","13.56","Humid","26.25","0","44.00","378339.22","SABD0000000001","AAV1.0.0.11","4.0.0.2323","PSt7-10","170328-019","7/29/2022 11:23:46 AM","0000-00","0","no battery","V","","µV","","µV"
"08/09/2022","10:59:12","6","default","383292078","Oxt_06","57.162","min","105.027","%a.s.","Humid","19.828","deg","38603","µV","28.184","°C","1016.000","hPa","36.4","pmil","0","55.390","deg","20.000","°C","100.000","%a.s.","21.720","deg","20.000","°C","977.000","hPa","0.861","-0.02617","0.00035","0","0","13.56","Humid","26.25","0","44.00","378348.45","SABD0000000001","AAV1.0.0.11","4.0.0.2323","PSt7-10","170328-019","7/29/2022 11:23:46 AM","0000-00","0","no battery","V","","µV","","µV"
"08/09/2022","10:59:13","6","default","383292078","Oxt_06","57.179","min","104.961","%a.s.","Humid","19.836","deg","38605","µV","28.173","°C","1016.000","hPa","36.4","pmil","0","55.390","deg","20.000","°C","100.000","%a.s.","21.720","deg","20.000","°C","977.000","hPa","0.861","-0.02617","0.00035","0","0","13.56","Humid","26.25","0","44.00","378343.97","SABD0000000001","AAV1.0.0.11","4.0.0.2323","PSt7-10","170328-019","7/29/2022 11:23:46 AM","0000-00","0","no battery","V","","µV","","µV"
"08/09/2022","10:59:14","6","default","383292078","Oxt_06","57.195","min","105.005","%a.s.","Humid","19.831","deg","38599","µV","28.177","°C","1016.000","hPa","36.4","pmil","0","55.390","deg","20.000","°C","100.000","%a.s.","21.720","deg","20.000","°C","977.000","hPa","0.861","-0.02617","0.00035","0","0","13.56","Humid","26.25","0","44.00","378341.05","SABD0000000001","AAV1.0.0.11","4.0.0.2323","PSt7-10","170328-019","7/29/2022 11:23:46 AM","0000-00","0","no battery","V","","µV","","µV"
"08/09/2022","10:59:15","6","default","383292078","Oxt_06","57.212","min","105.077","%a.s.","Humid","19.823","deg","38605","µV","28.182","°C","1016.000","hPa","36.4","pmil","0","55.390","deg","20.000","°C","100.000","%a.s.","21.720","deg","20.000","°C","977.000","hPa","0.861","-0.02617","0.00035","0","0","13.56","Humid","26.25","0","44.00","378337.48","SABD0000000001","AAV1.0.0.11","4.0.0.2323","PSt7-10","170328-019","7/29/2022 11:23:46 AM","0000-00","0","no battery","V","","µV","","µV"
"08/09/2022","10:59:16","6","default","383292078","Oxt_06","57.229","min","105.029","%a.s.","Humid","19.828","deg","38603","µV","28.182","°C","1016.000","hPa","36.4","pmil","0","55.390","deg","20.000","°C","100.000","%a.s.","21.720","deg","20.000","°C","977.000","hPa","0.861","-0.02617","0.00035","0","0","13.56","Humid","26.25","0","44.00","378340.12","SABD0000000001","AAV1.0.0.11","4.0.0.2323","PSt7-10","170328-019","7/29/2022 11:23:46 AM","0000-00","0","no battery","V","","µV","","µV"
"08/09/2022","10:59:17","6","default","383292078","Oxt_06","57.245","min","105.012","%a.s.","Humid","19.830","deg","38604","µV","28.179","°C","1016.000","hPa","36.4","pmil","0","55.390","deg","20.000","°C","100.000","%a.s.","21.720","deg","20.000","°C","977.000","hPa","0.861","-0.02617","0.00035","0","0","13.56","Humid","26.25","0","44.00","378339.70","SABD0000000001","AAV1.0.0.11","4.0.0.2323","PSt7-10","170328-019","7/29/2022 11:23:46 AM","0000-00","0","no battery","V","","µV","","µV"
"08/09/2022","10:59:18","6","default","383292078","Oxt_06","57.262","min","104.990","%a.s.","Humid","19.832","deg","38597","µV","28.183","°C","1016.000","hPa","36.4","pmil","0","55.390","deg","20.000","°C","100.000","%a.s.","21.720","deg","20.000","°C","977.000","hPa","0.861","-0.02617","0.00035","0","0","13.56","Humid","26.25","0","44.00","378341.85","SABD0000000001","AAV1.0.0.11","4.0.0.2323","PSt7-10","170328-019","7/29/2022 11:23:46 AM","0000-00","0","no battery","V","","µV","","µV"
"08/09/2022","10:59:19","6","default","383292078","Oxt_06","57.279","min","105.016","%a.s.","Humid","19.831","deg","38595","µV","28.166","°C","1016.000","hPa","36.4","pmil","0","55.390","deg","20.000","°C","100.000","%a.s.","21.720","deg","20.000","°C","977.000","hPa","0.861","-0.02617","0.00035","0","0","13.56","Humid","26.25","0","44.00","378331.47","SABD0000000001","AAV1.0.0.11","4.0.0.2323","PSt7-10","170328-019","7/29/2022 11:23:46 AM","0000-00","0","no battery","V","","µV","","µV"
"08/09/2022","10:59:20","6","default","383292078","Oxt_06","57.295","min","105.104","%a.s.","Humid","19.822","deg","38595","µV","28.165","°C","1016.000","hPa","36.4","pmil","0","55.390","deg","20.000","°C","100.000","%a.s.","21.720","deg","20.000","°C","977.000","hPa","0.861","-0.02617","0.00035","0","0","13.56","Humid","26.25","0","44.00","378334.25","SABD0000000001","AAV1.0.0.11","4.0.0.2323","PSt7-10","170328-019","7/29/2022 11:23:46 AM","0000-00","0","no battery","V","","µV","","µV"
"08/09/2022","10:59:21","6","default","383292078","Oxt_06","57.312","min","105.004","%a.s.","Humid","19.831","deg","38601","µV","28.179","°C","1016.000","hPa","36.4","pmil","0","55.390","deg","20.000","°C","100.000","%a.s.","21.720","deg","20.000","°C","977.000","hPa","0.861","-0.02617","0.00035","0","0","13.56","Humid","26.25","0","44.00","378335.87","SABD0000000001","AAV1.0.0.11","4.0.0.2323","PSt7-10","170328-019","7/29/2022 11:23:46 AM","0000-00","0","no battery","V","","µV","","µV"
"08/09/2022","10:59:22","6","default","383292078","Oxt_06","57.329","min","105.024","%a.s.","Humid","19.829","deg","38590","µV","28.177","°C","1016.000","hPa","36.4","pmil","0","55.390","deg","20.000","°C","100.000","%a.s.","21.720","deg","20.000","°C","977.000","hPa","0.861","-0.02617","0.00035","0","0","13.56","Humid","26.25","0","44.00","378342.93","SABD0000000001","AAV1.0.0.11","4.0.0.2323","PSt7-10","170328-019","7/29/2022 11:23:46 AM","0000-00","0","no battery","V","","µV","","µV"
"08/09/2022","10:59:23","6","default","383292078","Oxt_06","57.345","min","104.932","%a.s.","Humid","19.838","deg","38588","µV","28.183","°C","1016.000","hPa","36.4","pmil","0","55.390","deg","20.000","°C","100.000","%a.s.","21.720","deg","20.000","°C","977.000","hPa","0.861","-0.02617","0.00035","0","0","13.56","Humid","26.25","0","44.00","378344.11","SABD0000000001","AAV1.0.0.11","4.0.0.2323","PSt7-10","170328-019","7/29/2022 11:23:46 AM","0000-00","0","no battery","V","","µV","","µV"
"08/09/2022","10:59:24","6","default","383292078","Oxt_06","57.362","min","105.081","%a.s.","Humid","19.824","deg","38584","µV","28.169","°C","1016.000","hPa","36.4","pmil","0","55.390","deg","20.000","°C","100.000","%a.s.","21.720","deg","20.000","°C","977.000","hPa","0.861","-0.02617","0.00035","0","0","13.56","Humid","26.25","0","44.00","378335.77","SABD0000000001","AAV1.0.0.11","4.0.0.2323","PSt7-10","170328-019","7/29/2022 11:23:46 AM","0000-00","0","no battery","V","","µV","","µV"
"08/09/2022","10:59:25","6","default","383292078","Oxt_06","57.379","min","104.973","%a.s.","Humid","19.835","deg","38581","µV","28.171","°C","1016.000","hPa","36.4","pmil","0","55.390","deg","20.000","°C","100.000","%a.s.","21.720","deg","20.000","°C","977.000","hPa","0.861","-0.02617","0.00035","0","0","13.56","Humid","26.25","0","44.00","378339.52","SABD0000000001","AAV1.0.0.11","4.0.0.2323","PSt7-10","170328-019","7/29/2022 11:23:46 AM","0000-00","0","no battery","V","","µV","","µV"
"08/09/2022","10:59:26","6","default","383292078","Oxt_06","57.395","min","105.085","%a.s.","Humid","19.823","deg","38583","µV","28.174","°C","1016.000","hPa","36.4","pmil","0","55.390","deg","20.000","°C","100.000","%a.s.","21.720","deg","20.000","°C","977.000","hPa","0.861","-0.02617","0.00035","0","0","13.56","Humid","26.25","0","44.00","378340.96","SABD0000000001","AAV1.0.0.11","4.0.0.2323","PSt7-10","170328-019","7/29/2022 11:23:46 AM","0000-00","0","no battery","V","","µV","","µV"
"08/09/2022","10:59:27","6","default","383292078","Oxt_06","57.412","min","105.158","%a.s.","Humid","19.816","deg","38578","µV","28.169","°C","1016.000","hPa","36.4","pmil","0","55.390","deg","20.000","°C","100.000","%a.s.","21.720","deg","20.000","°C","977.000","hPa","0.861","-0.02617","0.00035","0","0","13.56","Humid","26.25","0","44.00","378342.83","SABD0000000001","AAV1.0.0.11","4.0.0.2323","PSt7-10","170328-019","7/29/2022 11:23:46 AM","0000-00","0","no battery","V","","µV","","µV"
"08/09/2022","10:59:28","6","default","383292078","Oxt_06","57.429","min","105.088","%a.s.","Humid","19.823","deg","38579","µV","28.172","°C","1016.000","hPa","36.4","pmil","0","55.390","deg","20.000","°C","100.000","%a.s.","21.720","deg","20.000","°C","977.000","hPa","0.861","-0.02617","0.00035","0","0","13.56","Humid","26.25","0","44.00","378333.70","SABD0000000001","AAV1.0.0.11","4.0.0.2323","PSt7-10","170328-019","7/29/2022 11:23:46 AM","0000-00","0","no battery","V","","µV","","µV"
"08/09/2022","10:59:29","6","default","383292078","Oxt_06","57.445","min","105.094","%a.s.","Humid","19.822","deg","38573","µV","28.175","°C","1016.000","hPa","36.4","pmil","0","55.390","deg","20.000","°C","100.000","%a.s.","21.720","deg","20.000","°C","977.000","hPa","0.861","-0.02617","0.00035","0","0","13.56","Humid","26.25","0","44.00","378332.66","SABD0000000001","AAV1.0.0.11","4.0.0.2323","PSt7-10","170328-019","7/29/2022 11:23:46 AM","0000-00","0","no battery","V","","µV","","µV"
"08/09/2022","10:59:30","6","default","383292078","Oxt_06","57.462","min","105.055","%a.s.","Humid","19.825","deg","38580","µV","28.185","°C","1016.000","hPa","36.4","pmil","0","55.390","deg","20.000","°C","100.000","%a.s.","21.720","deg","20.000","°C","977.000","hPa","0.861","-0.02617","0.00035","0","0","13.56","Humid","26.25","0","44.00","378334.11","SABD0000000001","AAV1.0.0.11","4.0.0.2323","PSt7-10","170328-019","7/29/2022 11:23:46 AM","0000-00","0","no battery","V","","µV","","µV"
"08/09/2022","10:59:31","6","default","383292078","Oxt_06","57.479","min","105.051","%a.s.","Humid","19.823","deg","38572","µV","28.208","°C","1016.000","hPa","36.4","pmil","0","55.390","deg","20.000","°C","100.000","%a.s.","21.720","deg","20.000","°C","977.000","hPa","0.861","-0.02617","0.00035","0","0","13.56","Humid","26.25","0","44.00","378327.56","SABD0000000001","AAV1.0.0.11","4.0.0.2323","PSt7-10","170328-019","7/29/2022 11:23:46 AM","0000-00","0","no battery","V","","µV","","µV"
"08/09/2022","10:59:32","6","default","383292078","Oxt_06","57.495","min","105.049","%a.s.","Humid","19.826","deg","38570","µV","28.182","°C","1016.000","hPa","36.4","pmil","0","55.390","deg","20.000","°C","100.000","%a.s.","21.720","deg","20.000","°C","977.000","hPa","0.861","-0.02617","0.00035","0","0","13.56","Humid","26.25","0","44.00","378328.48","SABD0000000001","AAV1.0.0.11","4.0.0.2323","PSt7-10","170328-019","7/29/2022 11:23:46 AM","0000-00","0","no battery","V","","µV","","µV"
"08/09/2022","10:59:33","6","default","383292078","Oxt_06","57.512","min","105.043","%a.s.","Humid","19.827","deg","38573","µV","28.177","°C","1016.000","hPa","36.4","pmil","0","55.390","deg","20.000","°C","100.000","%a.s.","21.720","deg","20.000","°C","977.000","hPa","0.861","-0.02617","0.00035","0","0","13.56","Humid","26.25","0","44.00","378316.50","SABD0000000001","AAV1.0.0.11","4.0.0.2323","PSt7-10","170328-019","7/29/2022 11:23:46 AM","0000-00","0","no battery","V","","µV","","µV"
"08/09/2022","10:59:34","6","default","383292078","Oxt_06","57.529","min","105.129","%a.s.","Humid","19.818","deg","38573","µV","28.179","°C","1016.000","hPa","36.4","pmil","0","55.390","deg","20.000","°C","100.000","%a.s.","21.720","deg","20.000","°C","977.000","hPa","0.861","-0.02617","0.00035","0","0","13.56","Humid","26.25","0","44.00","378330.67","SABD0000000001","AAV1.0.0.11","4.0.0.2323","PSt7-10","170328-019","7/29/2022 11:23:46 AM","0000-00","0","no battery","V","","µV","","µV"
"08/09/2022","10:59:35","6","default","383292078","Oxt_06","57.545","min","105.125","%a.s.","Humid","19.819","deg","38571","µV","28.173","°C","1016.000","hPa","36.4","pmil","0","55.390","deg","20.000","°C","100.000","%a.s.","21.720","deg","20.000","°C","977.000","hPa","0.861","-0.02617","0.00035","0","0","13.56","Humid","26.25","0","44.00","378336.03","SABD0000000001","AAV1.0.0.11","4.0.0.2323","PSt7-10","170328-019","7/29/2022 11:23:46 AM","0000-00","0","no battery","V","","µV","","µV"
"08/09/2022","10:59:36","6","default","383292078","Oxt_06","57.562","min","105.034","%a.s.","Humid","19.828","deg","38576","µV","28.177","°C","1016.000","hPa","36.4","pmil","0","55.390","deg","20.000","°C","100.000","%a.s.","21.720","deg","20.000","°C","977.000","hPa","0.861","-0.02617","0.00035","0","0","13.56","Humid","26.25","0","44.00","378323.73","SABD0000000001","AAV1.0.0.11","4.0.0.2323","PSt7-10","170328-019","7/29/2022 11:23:46 AM","0000-00","0","no battery","V","","µV","","µV"
"08/09/2022","10:59:37","6","default","383292078","Oxt_06","57.579","min","105.151","%a.s.","Humid","19.816","deg","38575","µV","28.175","°C","1016.000","hPa","36.4","pmil","0","55.390","deg","20.000","°C","100.000","%a.s.","21.720","deg","20.000","°C","977.000","hPa","0.861","-0.02617","0.00035","0","0","13.56","Humid","26.25","0","44.00","378319.81","SABD0000000001","AAV1.0.0.11","4.0.0.2323","PSt7-10","170328-019","7/29/2022 11:23:46 AM","0000-00","0","no battery","V","","µV","","µV"
"08/09/2022","10:59:38","6","default","383292078","Oxt_06","57.595","min","105.106","%a.s.","Humid","19.820","deg","38578","µV","28.182","°C","1016.000","hPa","36.4","pmil","0","55.390","deg","20.000","°C","100.000","%a.s.","21.720","deg","20.000","°C","977.000","hPa","0.861","-0.02617","0.00035","0","0","13.56","Humid","26.25","0","44.00","378322.97","SABD0000000001","AAV1.0.0.11","4.0.0.2323","PSt7-10","170328-019","7/29/2022 11:23:46 AM","0000-00","0","no battery","V","","µV","","µV"
"08/09/2022","10:59:39","6","default","383292078","Oxt_06","57.612","min","105.122","%a.s.","Humid","19.819","deg","38565","µV","28.176","°C","1016.000","hPa","36.4","pmil","0","55.390","deg","20.000","°C","100.000","%a.s.","21.720","deg","20.000","°C","977.000","hPa","0.861","-0.02617","0.00035","0","0","13.56","Humid","26.25","0","44.00","378326.25","SABD0000000001","AAV1.0.0.11","4.0.0.2323","PSt7-10","170328-019","7/29/2022 11:23:46 AM","0000-00","0","no battery","V","","µV","","µV"
"08/09/2022","10:59:40","6","default","383292078","Oxt_06","57.629","min","105.170","%a.s.","Humid","19.813","deg","38565","µV","28.186","°C","1016.000","hPa","36.4","pmil","0","55.390","deg","20.000","°C","100.000","%a.s.","21.720","deg","20.000","°C","977.000","hPa","0.861","-0.02617","0.00035","0","0","13.56","Humid","26.25","0","44.00","378325.30","SABD0000000001","AAV1.0.0.11","4.0.0.2323","PSt7-10","170328-019","7/29/2022 11:23:46 AM","0000-00","0","no battery","V","","µV","","µV"
"08/09/2022","10:59:41","6","default","383292078","Oxt_06","57.645","min","105.013","%a.s.","Humid","19.830","deg","38554","µV","28.179","°C","1016.000","hPa","36.4","pmil","0","55.390","deg","20.000","°C","100.000","%a.s.","21.720","deg","20.000","°C","977.000","hPa","0.861","-0.02617","0.00035","0","0","13.56","Humid","26.25","0","44.00","378334.83","SABD0000000001","AAV1.0.0.11","4.0.0.2323","PSt7-10","170328-019","7/29/2022 11:23:46 AM","0000-00","0","no battery","V","","µV","","µV"
"08/09/2022","10:59:42","6","default","383292078","Oxt_06","57.662","min","105.166","%a.s.","Humid","19.813","deg","38564","µV","28.190","°C","1016.000","hPa","36.4","pmil","0","55.390","deg","20.000","°C","100.000","%a.s.","21.720","deg","20.000","°C","977.000","hPa","0.861","-0.02617","0.00035","0","0","13.56","Humid","26.25","0","44.00","378322.71","SABD0000000001","AAV1.0.0.11","4.0.0.2323","PSt7-10","170328-019","7/29/2022 11:23:46 AM","0000-00","0","no battery","V","","µV","","µV"
"08/09/2022","10:59:43","6","default","383292078","Oxt_06","57.679","min","105.164","%a.s.","Humid","19.815","deg","38568","µV","28.173","°C","1016.000","hPa","36.4","pmil","0","55.390","deg","20.000","°C","100.000","%a.s.","21.720","deg","20.000","°C","977.000","hPa","0.861","-0.02617","0.00035","0","0","13.56","Humid","26.25","0","44.00","378327.07","SABD0000000001","AAV1.0.0.11","4.0.0.2323","PSt7-10","170328-019","7/29/2022 11:23:46 AM","0000-00","0","no battery","V","","µV","","µV"
"08/09/2022","10:59:44","6","default","383292078","Oxt_06","57.696","min","105.152","%a.s.","Humid","19.817","deg","38564","µV","28.165","°C","1016.000","hPa","36.4","pmil","0","55.390","deg","20.000","°C","100.000","%a.s.","21.720","deg","20.000","°C","977.000","hPa","0.861","-0.02617","0.00035","0","0","13.56","Humid","26.25","0","44.00","378323.05","SABD0000000001","AAV1.0.0.11","4.0.0.2323","PSt7-10","170328-019","7/29/2022 11:23:46 AM","0000-00","0","no battery","V","","µV","","µV"
"08/09/2022","10:59:45","6","default","383292078","Oxt_06","57.713","min","105.124","%a.s.","Humid","19.819","deg","38560","µV","28.174","°C","1016.000","hPa","36.4","pmil","0","55.390","deg","20.000","°C","100.000","%a.s.","21.720","deg","20.000","°C","977.000","hPa","0.861","-0.02617","0.00035","0","0","13.56","Humid","26.25","0","44.00","378314.74","SABD0000000001","AAV1.0.0.11","4.0.0.2323","PSt7-10","170328-019","7/29/2022 11:23:46 AM","0000-00","0","no battery","V","","µV","","µV"
"08/09/2022","10:59:46","6","default","383292078","Oxt_06","57.729","min","105.113","%a.s.","Humid","19.819","deg","38565","µV","28.184","°C","1016.000","hPa","36.4","pmil","0","55.390","deg","20.000","°C","100.000","%a.s.","21.720","deg","20.000","°C","977.000","hPa","0.861","-0.02617","0.00035","0","0","13.56","Humid","26.25","0","44.00","378307.46","SABD0000000001","AAV1.0.0.11","4.0.0.2323","PSt7-10","170328-019","7/29/2022 11:23:46 AM","0000-00","0","no battery","V","","µV","","µV"
"08/09/2022","10:59:47","6","default","383292078","Oxt_06","57.746","min","105.071","%a.s.","Humid","19.825","deg","38562","µV","28.169","°C","1016.000","hPa","36.4","pmil","0","55.390","deg","20.000","°C","100.000","%a.s.","21.720","deg","20.000","°C","977.000","hPa","0.861","-0.02617","0.00035","0","0","13.56","Humid","26.25","0","44.00","378327.57","SABD0000000001","AAV1.0.0.11","4.0.0.2323","PSt7-10","170328-019","7/29/2022 11:23:46 AM","0000-00","0","no battery","V","","µV","","µV"
"08/09/2022","10:59:48","6","default","383292078","Oxt_06","57.763","min","105.223","%a.s.","Humid","19.810","deg","38562","µV","28.161","°C","1016.000","hPa","36.4","pmil","0","55.390","deg","20.000","°C","100.000","%a.s.","21.720","deg","20.000","°C","977.000","hPa","0.861","-0.02617","0.00035","0","0","13.56","Humid","26.25","0","44.00","378330.49","SABD0000000001","AAV1.0.0.11","4.0.0.2323","PSt7-10","170328-019","7/29/2022 11:23:46 AM","0000-00","0","no battery","V","","µV","","µV"
"08/09/2022","10:59:49","6","default","383292078","Oxt_06","57.779","min","105.194","%a.s.","Humid","19.810","deg","38561","µV","28.191","°C","1016.000","hPa","36.4","pmil","0","55.390","deg","20.000","°C","100.000","%a.s.","21.720","deg","20.000","°C","977.000","hPa","0.861","-0.02617","0.00035","0","0","13.56","Humid","26.25","0","44.00","378309.20","SABD0000000001","AAV1.0.0.11","4.0.0.2323","PSt7-10","170328-019","7/29/2022 11:23:46 AM","0000-00","0","no battery","V","","µV","","µV"
"08/09/2022","10:59:50","6","default","383292078","Oxt_06","57.796","min","105.119","%a.s.","Humid","19.818","deg","38556","µV","28.188","°C","1016.000","hPa","36.4","pmil","0","55.390","deg","20.000","°C","100.000","%a.s.","21.720","deg","20.000","°C","977.000","hPa","0.861","-0.02617","0.00035","0","0","13.56","Humid","26.25","0","44.00","378316.39","SABD0000000001","AAV1.0.0.11","4.0.0.2323","PSt7-10","170328-019","7/29/2022 11:23:46 AM","0000-00","0","no battery","V","","µV","","µV"
"08/09/2022","10:59:51","6","default","383292078","Oxt_06","57.812","min","105.125","%a.s.","Humid","19.817","deg","38561","µV","28.192","°C","1016.000","hPa","36.4","pmil","0","55.390","deg","20.000","°C","100.000","%a.s.","21.720","deg","20.000","°C","977.000","hPa","0.861","-0.02617","0.00035","0","0","13.56","Humid","26.25","0","44.00","378327.64","SABD0000000001","AAV1.0.0.11","4.0.0.2323","PSt7-10","170328-019","7/29/2022 11:23:46 AM","0000-00","0","no battery","V","","µV","","µV"
"08/09/2022","10:59:52","6","default","383292078","Oxt_06","57.829","min","105.059","%a.s.","Humid","19.825","deg","38556","µV","28.180","°C","1016.000","hPa","36.4","pmil","0","55.390","deg","20.000","°C","100.000","%a.s.","21.720","deg","20.000","°C","977.000","hPa","0.861","-0.02617","0.00035","0","0","13.56","Humid","26.25","0","44.00","378314.26","SABD0000000001","AAV1.0.0.11","4.0.0.2323","PSt7-10","170328-019","7/29/2022 11:23:46 AM","0000-00","0","no battery","V","","µV","","µV"
"08/09/2022","10:59:53","6","default","383292078","Oxt_06","57.846","min","105.208","%a.s.","Humid","19.809","deg","38554","µV","28.186","°C","1016.000","hPa","36.4","pmil","0","55.390","deg","20.000","°C","100.000","%a.s.","21.720","deg","20.000","°C","977.000","hPa","0.861","-0.02617","0.00035","0","0","13.56","Humid","26.25","0","44.00","378319.43","SABD0000000001","AAV1.0.0.11","4.0.0.2323","PSt7-10","170328-019","7/29/2022 11:23:46 AM","0000-00","0","no battery","V","","µV","","µV"
"08/09/2022","10:59:54","6","default","383292078","Oxt_06","57.862","min","105.211","%a.s.","Humid","19.810","deg","38552","µV","28.174","°C","1016.000","hPa","36.4","pmil","0","55.390","deg","20.000","°C","100.000","%a.s.","21.720","deg","20.000","°C","977.000","hPa","0.861","-0.02617","0.00035","0","0","13.56","Humid","26.25","0","44.00","378306.07","SABD0000000001","AAV1.0.0.11","4.0.0.2323","PSt7-10","170328-019","7/29/2022 11:23:46 AM","0000-00","0","no battery","V","","µV","","µV"
"08/09/2022","10:59:55","6","default","383292078","Oxt_06","57.879","min","105.161","%a.s.","Humid","19.814","deg","38554","µV","28.185","°C","1016.000","hPa","36.4","pmil","0","55.390","deg","20.000","°C","100.000","%a.s.","21.720","deg","20.000","°C","977.000","hPa","0.861","-0.02617","0.00035","0","0","13.56","Humid","26.25","0","44.00","378319.21","SABD0000000001","AAV1.0.0.11","4.0.0.2323","PSt7-10","170328-019","7/29/2022 11:23:46 AM","0000-00","0","no battery","V","","µV","","µV"
"08/09/2022","10:59:56","6","default","383292078","Oxt_06","57.896","min","105.177","%a.s.","Humid","19.813","deg","38551","µV","28.179","°C","1016.000","hPa","36.4","pmil","0","55.390","deg","20.000","°C","100.000","%a.s.","21.720","deg","20.000","°C","977.000","hPa","0.861","-0.02617","0.00035","0","0","13.56","Humid","26.25","0","44.00","378320.14","SABD0000000001","AAV1.0.0.11","4.0.0.2323","PSt7-10","170328-019","7/29/2022 11:23:46 AM","0000-00","0","no battery","V","","µV","","µV"
"08/09/2022","10:59:57","6","default","383292078","Oxt_06","57.913","min","105.155","%a.s.","Humid","19.815","deg","38550","µV","28.181","°C","1016.000","hPa","36.4","pmil","0","55.390","deg","20.000","°C","100.000","%a.s.","21.720","deg","20.000","°C","977.000","hPa","0.861","-0.02617","0.00035","0","0","13.56","Humid","26.25","0","44.00","378313.91","SABD0000000001","AAV1.0.0.11","4.0.0.2323","PSt7-10","170328-019","7/29/2022 11:23:46 AM","0000-00","0","no battery","V","","µV","","µV"
"08/09/2022","10:59:58","6","default","383292078","Oxt_06","57.929","min","105.211","%a.s.","Humid","19.808","deg","38546","µV","28.193","°C","1016.000","hPa","36.4","pmil","0","55.390","deg","20.000","°C","100.000","%a.s.","21.720","deg","20.000","°C","977.000","hPa","0.861","-0.02617","0.00035","0","0","13.56","Humid","26.25","0","44.00","378320.15","SABD0000000001","AAV1.0.0.11","4.0.0.2323","PSt7-10","170328-019","7/29/2022 11:23:46 AM","0000-00","0","no battery","V","","µV","","µV"
"08/09/2022","10:59:59","6","default","383292078","Oxt_06","57.946","min","105.212","%a.s.","Humid","19.809","deg","38549","µV","28.182","°C","1016.000","hPa","36.4","pmil","0","55.390","deg","20.000","°C","100.000","%a.s.","21.720","deg","20.000","°C","977.000","hPa","0.861","-0.02617","0.00035","0","0","13.56","Humid","26.25","0","44.00","378315.64","SABD0000000001","AAV1.0.0.11","4.0.0.2323","PSt7-10","170328-019","7/29/2022 11:23:46 AM","0000-00","0","no battery","V","","µV","","µV"
"08/09/2022","11:00:00","6","default","383292078","Oxt_06","57.963","min","105.200","%a.s.","Humid","19.810","deg","38547","µV","28.185","°C","1016.000","hPa","36.4","pmil","0","55.390","deg","20.000","°C","100.000","%a.s.","21.720","deg","20.000","°C","977.000","hPa","0.861","-0.02617","0.00035","0","0","13.56","Humid","26.25","0","44.00","378302.95","SABD0000000001","AAV1.0.0.11","4.0.0.2323","PSt7-10","170328-019","7/29/2022 11:23:46 AM","0000-00","0","no battery","V","","µV","","µV"
"08/09/2022","11:00:01","6","default","383292078","Oxt_06","57.979","min","105.197","%a.s.","Humid","19.811","deg","38547","µV","28.178","°C","1016.000","hPa","36.4","pmil","0","55.390","deg","20.000","°C","100.000","%a.s.","21.720","deg","20.000","°C","977.000","hPa","0.861","-0.02617","0.00035","0","0","13.56","Humid","26.25","0","44.00","378311.47","SABD0000000001","AAV1.0.0.11","4.0.0.2323","PSt7-10","170328-019","7/29/2022 11:23:46 AM","0000-00","0","no battery","V","","µV","","µV"
"08/09/2022","11:00:02","6","default","383292078","Oxt_06","57.995","min","105.124","%a.s.","Humid","19.818","deg","38542","µV","28.183","°C","1016.000","hPa","36.4","pmil","0","55.390","deg","20.000","°C","100.000","%a.s.","21.720","deg","20.000","°C","977.000","hPa","0.861","-0.02617","0.00035","0","0","13.56","Humid","26.25","0","44.00","378301.54","SABD0000000001","AAV1.0.0.11","4.0.0.2323","PSt7-10","170328-019","7/29/2022 11:23:46 AM","0000-00","0","no battery","V","","µV","","µV"
"08/09/2022","11:00:03","6","default","383292078","Oxt_06","58.012","min","105.180","%a.s.","Humid","19.814","deg","38542","µV","28.166","°C","1016.000","hPa","36.4","pmil","0","55.390","deg","20.000","°C","100.000","%a.s.","21.720","deg","20.000","°C","977.000","hPa","0.861","-0.02617","0.00035","0","0","13.56","Humid","26.25","0","44.00","378287.98","SABD0000000001","AAV1.0.0.11","4.0.0.2323","PSt7-10","170328-019","7/29/2022 11:23:46 AM","0000-00","0","no battery","V","","µV","","µV"
"08/09/2022","11:00:04","6","default","383292078","Oxt_06","58.029","min","105.218","%a.s.","Humid","19.808","deg","38544","µV","28.186","°C","1016.000","hPa","36.4","pmil","0","55.390","deg","20.000","°C","100.000","%a.s.","21.720","deg","20.000","°C","977.000","hPa","0.861","-0.02617","0.00035","0","0","13.56","Humid","26.25","0","44.00","378305.42","SABD0000000001","AAV1.0.0.11","4.0.0.2323","PSt7-10","170328-019","7/29/2022 11:23:46 AM","0000-00","0","no battery","V","","µV","","µV"
"08/09/2022","11:00:05","6","default","383292078","Oxt_06","58.046","min","105.232","%a.s.","Humid","19.807","deg","38544","µV","28.182","°C","1016.000","hPa","36.4","pmil","0","55.390","deg","20.000","°C","100.000","%a.s.","21.720","deg","20.000","°C","977.000","hPa","0.861","-0.02617","0.00035","0","0","13.56","Humid","26.25","0","44.00","378300.21","SABD0000000001","AAV1.0.0.11","4.0.0.2323","PSt7-10","170328-019","7/29/2022 11:23:46 AM","0000-00","0","no battery","V","","µV","","µV"
"08/09/2022","11:00:06","6","default","383292078","Oxt_06","58.062","min","105.205","%a.s.","Humid","19.810","deg","38539","µV","28.180","°C","1016.000","hPa","36.4","pmil","0","55.390","deg","20.000","°C","100.000","%a.s.","21.720","deg","20.000","°C","977.000","hPa","0.861","-0.02617","0.00035","0","0","13.56","Humid","26.25","0","44.00","378298.73","SABD0000000001","AAV1.0.0.11","4.0.0.2323","PSt7-10","170328-019","7/29/2022 11:23:46 AM","0000-00","0","no battery","V","","µV","","µV"
"08/09/2022","11:00:07","6","default","383292078","Oxt_06","58.079","min","105.143","%a.s.","Humid","19.816","deg","38540","µV","28.184","°C","1016.000","hPa","36.4","pmil","0","55.390","deg","20.000","°C","100.000","%a.s.","21.720","deg","20.000","°C","977.000","hPa","0.861","-0.02617","0.00035","0","0","13.56","Humid","26.25","0","44.00","378303.11","SABD0000000001","AAV1.0.0.11","4.0.0.2323","PSt7-10","170328-019","7/29/2022 11:23:46 AM","0000-00","0","no battery","V","","µV","","µV"
"08/09/2022","11:00:08","6","default","383292078","Oxt_06","58.096","min","105.286","%a.s.","Humid","19.801","deg","38543","µV","28.186","°C","1016.000","hPa","36.4","pmil","0","55.390","deg","20.000","°C","100.000","%a.s.","21.720","deg","20.000","°C","977.000","hPa","0.861","-0.02617","0.00035","0","0","13.56","Humid","26.25","0","44.00","378297.71","SABD0000000001","AAV1.0.0.11","4.0.0.2323","PSt7-10","170328-019","7/29/2022 11:23:46 AM","0000-00","0","no battery","V","","µV","","µV"
"08/09/2022","11:00:09","6","default","383292078","Oxt_06","58.112","min","105.237","%a.s.","Humid","19.805","deg","38537","µV","28.196","°C","1016.000","hPa","36.4","pmil","0","55.390","deg","20.000","°C","100.000","%a.s.","21.720","deg","20.000","°C","977.000","hPa","0.861","-0.02617","0.00035","0","0","13.56","Humid","26.25","0","44.00","378301.86","SABD0000000001","AAV1.0.0.11","4.0.0.2323","PSt7-10","170328-019","7/29/2022 11:23:46 AM","0000-00","0","no battery","V","","µV","","µV"
"08/09/2022","11:00:10","6","default","383292078","Oxt_06","58.129","min","105.203","%a.s.","Humid","19.811","deg","38541","µV","28.172","°C","1016.000","hPa","36.4","pmil","0","55.390","deg","20.000","°C","100.000","%a.s.","21.720","deg","20.000","°C","977.000","hPa","0.861","-0.02617","0.00035","0","0","13.56","Humid","26.25","0","44.00","378302.31","SABD0000000001","AAV1.0.0.11","4.0.0.2323","PSt7-10","170328-019","7/29/2022 11:23:46 AM","0000-00","0","no battery","V","","µV","","µV"
"08/09/2022","11:00:11","6","default","383292078","Oxt_06","58.146","min","105.231","%a.s.","Humid","19.807","deg","38537","µV","28.182","°C","1016.000","hPa","36.4","pmil","0","55.390","deg","20.000","°C","100.000","%a.s.","21.720","deg","20.000","°C","977.000","hPa","0.861","-0.02617","0.00035","0","0","13.56","Humid","26.25","0","44.00","378304.88","SABD0000000001","AAV1.0.0.11","4.0.0.2323","PSt7-10","170328-019","7/29/2022 11:23:46 AM","0000-00","0","no battery","V","","µV","","µV"
"08/09/2022","11:00:12","6","default","383292078","Oxt_06","58.162","min","105.138","%a.s.","Humid","19.816","deg","38540","µV","28.189","°C","1016.000","hPa","36.4","pmil","0","55.390","deg","20.000","°C","100.000","%a.s.","21.720","deg","20.000","°C","977.000","hPa","0.861","-0.02617","0.00035","0","0","13.56","Humid","26.25","0","44.00","378299.36","SABD0000000001","AAV1.0.0.11","4.0.0.2323","PSt7-10","170328-019","7/29/2022 11:23:46 AM","0000-00","0","no battery","V","","µV","","µV"
"08/09/2022","11:00:13","6","default","383292078","Oxt_06","58.179","min","105.194","%a.s.","Humid","19.810","deg","38537","µV","28.191","°C","1016.000","hPa","36.4","pmil","0","55.390","deg","20.000","°C","100.000","%a.s.","21.720","deg","20.000","°C","977.000","hPa","0.861","-0.02617","0.00035","0","0","13.56","Humid","26.25","0","44.00","378304.38","SABD0000000001","AAV1.0.0.11","4.0.0.2323","PSt7-10","170328-019","7/29/2022 11:23:46 AM","0000-00","0","no battery","V","","µV","","µV"
"08/09/2022","11:00:14","6","default","383292078","Oxt_06","58.196","min","105.254","%a.s.","Humid","19.806","deg","38527","µV","28.169","°C","1016.000","hPa","36.4","pmil","0","55.390","deg","20.000","°C","100.000","%a.s.","21.720","deg","20.000","°C","977.000","hPa","0.861","-0.02617","0.00035","0","0","13.56","Humid","26.25","0","44.00","378304.49","SABD0000000001","AAV1.0.0.11","4.0.0.2323","PSt7-10","170328-019","7/29/2022 11:23:46 AM","0000-00","0","no battery","V","","µV","","µV"
"08/09/2022","11:00:15","6","default","383292078","Oxt_06","58.212","min","105.325","%a.s.","Humid","19.798","deg","38533","µV","28.176","°C","1016.000","hPa","36.4","pmil","0","55.390","deg","20.000","°C","100.000","%a.s.","21.720","deg","20.000","°C","977.000","hPa","0.861","-0.02617","0.00035","0","0","13.56","Humid","26.25","0","44.00","378289.96","SABD0000000001","AAV1.0.0.11","4.0.0.2323","PSt7-10","170328-019","7/29/2022 11:23:46 AM","0000-00","0","no battery","V","","µV","","µV"
"08/09/2022","11:00:16","6","default","383292078","Oxt_06","58.229","min","105.288","%a.s.","Humid","19.802","deg","38528","µV","28.174","°C","1016.000","hPa","36.4","pmil","0","55.390","deg","20.000","°C","100.000","%a.s.","21.720","deg","20.000","°C","977.000","hPa","0.861","-0.02617","0.00035","0","0","13.56","Humid","26.25","0","44.00","378310.81","SABD0000000001","AAV1.0.0.11","4.0.0.2323","PSt7-10","170328-019","7/29/2022 11:23:46 AM","0000-00","0","no battery","V","","µV","","µV"
"08/09/2022","11:00:17","6","default","383292078","Oxt_06","58.246","min","105.204","%a.s.","Humid","19.809","deg","38529","µV","28.190","°C","1016.000","hPa","36.4","pmil","0","55.390","deg","20.000","°C","100.000","%a.s.","21.720","deg","20.000","°C","977.000","hPa","0.861","-0.02617","0.00035","0","0","13.56","Humid","26.25","0","44.00","378300.35","SABD0000000001","AAV1.0.0.11","4.0.0.2323","PSt7-10","170328-019","7/29/2022 11:23:46 AM","0000-00","0","no battery","V","","µV","","µV"
"08/09/2022","11:00:18","6","default","383292078","Oxt_06","58.262","min","105.260","%a.s.","Humid","19.804","deg","38527","µV","28.182","°C","1016.000","hPa","36.4","pmil","0","55.390","deg","20.000","°C","100.000","%a.s.","21.720","deg","20.000","°C","977.000","hPa","0.861","-0.02617","0.00035","0","0","13.56","Humid","26.25","0","44.00","378307.16","SABD0000000001","AAV1.0.0.11","4.0.0.2323","PSt7-10","170328-019","7/29/2022 11:23:46 AM","0000-00","0","no battery","V","","µV","","µV"
"08/09/2022","11:00:19","6","default","383292078","Oxt_06","58.279","min","105.236","%a.s.","Humid","19.806","deg","38528","µV","28.187","°C","1016.000","hPa","36.4","pmil","0","55.390","deg","20.000","°C","100.000","%a.s.","21.720","deg","20.000","°C","977.000","hPa","0.861","-0.02617","0.00035","0","0","13.56","Humid","26.25","0","44.00","378307.05","SABD0000000001","AAV1.0.0.11","4.0.0.2323","PSt7-10","170328-019","7/29/2022 11:23:46 AM","0000-00","0","no battery","V","","µV","","µV"
"08/09/2022","11:00:20","6","default","383292078","Oxt_06","58.296","min","105.292","%a.s.","Humid","19.801","deg","38526","µV","28.180","°C","1016.000","hPa","36.4","pmil","0","55.390","deg","20.000","°C","100.000","%a.s.","21.720","deg","20.000","°C","977.000","hPa","0.861","-0.02617","0.00035","0","0","13.56","Humid","26.25","0","44.00","378290.54","SABD0000000001","AAV1.0.0.11","4.0.0.2323","PSt7-10","170328-019","7/29/2022 11:23:46 AM","0000-00","0","no battery","V","","µV","","µV"
"08/09/2022","11:00:21","6","default","383292078","Oxt_06","58.313","min","105.313","%a.s.","Humid","19.799","deg","38526","µV","28.178","°C","1016.000","hPa","36.4","pmil","0","55.390","deg","20.000","°C","100.000","%a.s.","21.720","deg","20.000","°C","977.000","hPa","0.861","-0.02617","0.00035","0","0","13.56","Humid","26.25","0","44.00","378287.49","SABD0000000001","AAV1.0.0.11","4.0.0.2323","PSt7-10","170328-019","7/29/2022 11:23:46 AM","0000-00","0","no battery","V","","µV","","µV"
"08/09/2022","11:00:22","6","default","383292078","Oxt_06","58.329","min","105.204","%a.s.","Humid","19.811","deg","38527","µV","28.171","°C","1016.000","hPa","36.4","pmil","0","55.390","deg","20.000","°C","100.000","%a.s.","21.720","deg","20.000","°C","977.000","hPa","0.861","-0.02617","0.00035","0","0","13.56","Humid","26.25","0","44.00","378284.74","SABD0000000001","AAV1.0.0.11","4.0.0.2323","PSt7-10","170328-019","7/29/2022 11:23:46 AM","0000-00","0","no battery","V","","µV","","µV"
"08/09/2022","11:00:23","6","default","383292078","Oxt_06","58.345","min","105.339","%a.s.","Humid","19.795","deg","38521","µV","28.191","°C","1016.000","hPa","36.4","pmil","0","55.390","deg","20.000","°C","100.000","%a.s.","21.720","deg","20.000","°C","977.000","hPa","0.861","-0.02617","0.00035","0","0","13.56","Humid","26.25","0","44.00","378301.71","SABD0000000001","AAV1.0.0.11","4.0.0.2323","PSt7-10","170328-019","7/29/2022 11:23:46 AM","0000-00","0","no battery","V","","µV","","µV"
"08/09/2022","11:00:24","6","default","383292078","Oxt_06","58.362","min","105.342","%a.s.","Humid","19.795","deg","38523","µV","28.187","°C","1016.000","hPa","36.4","pmil","0","55.390","deg","20.000","°C","100.000","%a.s.","21.720","deg","20.000","°C","977.000","hPa","0.861","-0.02617","0.00035","0","0","13.56","Humid","26.25","0","44.00","378297.44","SABD0000000001","AAV1.0.0.11","4.0.0.2323","PSt7-10","170328-019","7/29/2022 11:23:46 AM","0000-00","0","no battery","V","","µV","","µV"
"08/09/2022","11:00:25","6","default","383292078","Oxt_06","58.378","min","105.333","%a.s.","Humid","19.798","deg","38518","µV","28.167","°C","1016.000","hPa","36.4","pmil","0","55.390","deg","20.000","°C","100.000","%a.s.","21.720","deg","20.000","°C","977.000","hPa","0.861","-0.02617","0.00035","0","0","13.56","Humid","26.25","0","44.00","378286.15","SABD0000000001","AAV1.0.0.11","4.0.0.2323","PSt7-10","170328-019","7/29/2022 11:23:46 AM","0000-00","0","no battery","V","","µV","","µV"
"08/09/2022","11:00:26","6","default","383292078","Oxt_06","58.395","min","105.340","%a.s.","Humid","19.795","deg","38516","µV","28.190","°C","1016.000","hPa","36.4","pmil","0","55.390","deg","20.000","°C","100.000","%a.s.","21.720","deg","20.000","°C","977.000","hPa","0.861","-0.02617","0.00035","0","0","13.56","Humid","26.25","0","44.00","378281.82","SABD0000000001","AAV1.0.0.11","4.0.0.2323","PSt7-10","170328-019","7/29/2022 11:23:46 AM","0000-00","0","no battery","V","","µV","","µV"
"08/09/2022","11:00:27","6","default","383292078","Oxt_06","58.412","min","105.257","%a.s.","Humid","19.803","deg","38512","µV","28.195","°C","1016.000","hPa","36.4","pmil","0","55.390","deg","20.000","°C","100.000","%a.s.","21.720","deg","20.000","°C","977.000","hPa","0.861","-0.02617","0.00035","0","0","13.56","Humid","26.25","0","44.00","378293.23","SABD0000000001","AAV1.0.0.11","4.0.0.2323","PSt7-10","170328-019","7/29/2022 11:23:46 AM","0000-00","0","no battery","V","","µV","","µV"
"08/09/2022","11:00:28","6","default","383292078","Oxt_06","58.429","min","105.329","%a.s.","Humid","19.796","deg","38512","µV","28.191","°C","1016.000","hPa","36.4","pmil","0","55.390","deg","20.000","°C","100.000","%a.s.","21.720","deg","20.000","°C","977.000","hPa","0.861","-0.02617","0.00035","0","0","13.56","Humid","26.25","0","44.00","378291.74","SABD0000000001","AAV1.0.0.11","4.0.0.2323","PSt7-10","170328-019","7/29/2022 11:23:46 AM","0000-00","0","no battery","V","","µV","","µV"
"08/09/2022","11:00:29","6","default","383292078","Oxt_06","58.445","min","105.336","%a.s.","Humid","19.795","deg","38512","µV","28.193","°C","1016.000","hPa","36.4","pmil","0","55.390","deg","20.000","°C","100.000","%a.s.","21.720","deg","20.000","°C","977.000","hPa","0.861","-0.02617","0.00035","0","0","13.56","Humid","26.25","0","44.00","378296.95","SABD0000000001","AAV1.0.0.11","4.0.0.2323","PSt7-10","170328-019","7/29/2022 11:23:46 AM","0000-00","0","no battery","V","","µV","","µV"
"08/09/2022","11:00:30","6","default","383292078","Oxt_06","58.462","min","105.279","%a.s.","Humid","19.802","deg","38511","µV","28.183","°C","1016.000","hPa","36.4","pmil","0","55.390","deg","20.000","°C","100.000","%a.s.","21.720","deg","20.000","°C","977.000","hPa","0.861","-0.02617","0.00035","0","0","13.56","Humid","26.25","0","44.00","378290.08","SABD0000000001","AAV1.0.0.11","4.0.0.2323","PSt7-10","170328-019","7/29/2022 11:23:46 AM","0000-00","0","no battery","V","","µV","","µV"
"08/09/2022","11:00:31","6","default","383292078","Oxt_06","58.479","min","105.390","%a.s.","Humid","19.790","deg","38510","µV","28.188","°C","1016.000","hPa","36.4","pmil","0","55.390","deg","20.000","°C","100.000","%a.s.","21.720","deg","20.000","°C","977.000","hPa","0.861","-0.02617","0.00035","0","0","13.56","Humid","26.25","0","44.00","378286.34","SABD0000000001","AAV1.0.0.11","4.0.0.2323","PSt7-10","170328-019","7/29/2022 11:23:46 AM","0000-00","0","no battery","V","","µV","","µV"
"08/09/2022","11:00:32","6","default","383292078","Oxt_06","58.495","min","105.305","%a.s.","Humid","19.799","deg","38512","µV","28.186","°C","1016.000","hPa","36.4","pmil","0","55.390","deg","20.000","°C","100.000","%a.s.","21.720","deg","20.000","°C","977.000","hPa","0.861","-0.02617","0.00035","0","0","13.56","Humid","26.25","0","44.00","378282.01","SABD0000000001","AAV1.0.0.11","4.0.0.2323","PSt7-10","170328-019","7/29/2022 11:23:46 AM","0000-00","0","no battery","V","","µV","","µV"
"08/09/2022","11:00:33","6","default","383292078","Oxt_06","58.512","min","105.385","%a.s.","Humid","19.791","deg","38507","µV","28.184","°C","1016.000","hPa","36.4","pmil","0","55.390","deg","20.000","°C","100.000","%a.s.","21.720","deg","20.000","°C","977.000","hPa","0.861","-0.02617","0.00035","0","0","13.56","Humid","26.25","0","44.00","378269.16","SABD0000000001","AAV1.0.0.11","4.0.0.2323","PSt7-10","170328-019","7/29/2022 11:23:46 AM","0000-00","0","no battery","V","","µV","","µV"
"08/09/2022","11:00:34","6","default","383292078","Oxt_06","58.529","min","105.366","%a.s.","Humid","19.794","deg","38503","µV","28.174","°C","1016.000","hPa","36.4","pmil","0","55.390","deg","20.000","°C","100.000","%a.s.","21.720","deg","20.000","°C","977.000","hPa","0.861","-0.02617","0.00035","0","0","13.56","Humid","26.25","0","44.00","378274.06","SABD0000000001","AAV1.0.0.11","4.0.0.2323","PSt7-10","170328-019","7/29/2022 11:23:46 AM","0000-00","0","no battery","V","","µV","","µV"
"08/09/2022","11:00:35","6","default","383292078","Oxt_06","58.545","min","105.370","%a.s.","Humid","19.794","deg","38508","µV","28.169","°C","1016.000","hPa","36.4","pmil","0","55.390","deg","20.000","°C","100.000","%a.s.","21.720","deg","20.000","°C","977.000","hPa","0.861","-0.02617","0.00035","0","0","13.56","Humid","26.25","0","44.00","378269.64","SABD0000000001","AAV1.0.0.11","4.0.0.2323","PSt7-10","170328-019","7/29/2022 11:23:46 AM","0000-00","0","no battery","V","","µV","","µV"
"08/09/2022","11:00:36","6","default","383292078","Oxt_06","58.562","min","105.427","%a.s.","Humid","19.787","deg","38502","µV","28.180","°C","1016.000","hPa","36.4","pmil","0","55.390","deg","20.000","°C","100.000","%a.s.","21.720","deg","20.000","°C","977.000","hPa","0.861","-0.02617","0.00035","0","0","13.56","Humid","26.25","0","44.00","378286.54","SABD0000000001","AAV1.0.0.11","4.0.0.2323","PSt7-10","170328-019","7/29/2022 11:23:46 AM","0000-00","0","no battery","V","","µV","","µV"
"08/09/2022","11:00:37","6","default","383292078","Oxt_06","58.579","min","105.369","%a.s.","Humid","19.792","deg","38501","µV","28.190","°C","1016.000","hPa","36.4","pmil","0","55.390","deg","20.000","°C","100.000","%a.s.","21.720","deg","20.000","°C","977.000","hPa","0.861","-0.02617","0.00035","0","0","13.56","Humid","26.25","0","44.00","378275.82","SABD0000000001","AAV1.0.0.11","4.0.0.2323","PSt7-10","170328-019","7/29/2022 11:23:46 AM","0000-00","0","no battery","V","","µV","","µV"
"08/09/2022","11:00:38","6","default","383292078","Oxt_06","58.595","min","105.405","%a.s.","Humid","19.788","deg","38501","µV","28.192","°C","1016.000","hPa","36.4","pmil","0","55.390","deg","20.000","°C","100.000","%a.s.","21.720","deg","20.000","°C","977.000","hPa","0.861","-0.02617","0.00035","0","0","13.56","Humid","26.25","0","44.00","378270.81","SABD0000000001","AAV1.0.0.11","4.0.0.2323","PSt7-10","170328-019","7/29/2022 11:23:46 AM","0000-00","0","no battery","V","","µV","","µV"
"08/09/2022","11:00:39","6","default","383292078","Oxt_06","58.612","min","105.401","%a.s.","Humid","19.790","deg","38499","µV","28.177","°C","1016.000","hPa","36.4","pmil","0","55.390","deg","20.000","°C","100.000","%a.s.","21.720","deg","20.000","°C","977.000","hPa","0.861","-0.02617","0.00035","0","0","13.56","Humid","26.25","0","44.00","378281.78","SABD0000000001","AAV1.0.0.11","4.0.0.2323","PSt7-10","170328-019","7/29/2022 11:23:46 AM","0000-00","0","no battery","V","","µV","","µV"
"08/09/2022","11:00:40","6","default","383292078","Oxt_06","58.629","min","105.391","%a.s.","Humid","19.791","deg","38498","µV","28.177","°C","1016.000","hPa","36.4","pmil","0","55.390","deg","20.000","°C","100.000","%a.s.","21.720","deg","20.000","°C","977.000","hPa","0.861","-0.02617","0.00035","0","0","13.56","Humid","26.25","0","44.00","378277.15","SABD0000000001","AAV1.0.0.11","4.0.0.2323","PSt7-10","170328-019","7/29/2022 11:23:46 AM","0000-00","0","no battery","V","","µV","","µV"
"08/09/2022","11:00:41","6","default","383292078","Oxt_06","58.646","min","105.386","%a.s.","Humid","19.791","deg","38499","µV","28.182","°C","1016.000","hPa","36.4","pmil","0","55.390","deg","20.000","°C","100.000","%a.s.","21.720","deg","20.000","°C","977.000","hPa","0.861","-0.02617","0.00035","0","0","13.56","Humid","26.25","0","44.00","378273.88","SABD0000000001","AAV1.0.0.11","4.0.0.2323","PSt7-10","170328-019","7/29/2022 11:23:46 AM","0000-00","0","no battery","V","","µV","","µV"
"08/09/2022","11:00:42","6","default","383292078","Oxt_06","58.662","min","105.448","%a.s.","Humid","19.786","deg","38502","µV","28.169","°C","1016.000","hPa","36.4","pmil","0","55.390","deg","20.000","°C","100.000","%a.s.","21.720","deg","20.000","°C","977.000","hPa","0.861","-0.02617","0.00035","0","0","13.56","Humid","26.25","0","44.00","378273.16","SABD0000000001","AAV1.0.0.11","4.0.0.2323","PSt7-10","170328-019","7/29/2022 11:23:46 AM","0000-00","0","no battery","V","","µV","","µV"
"08/09/2022","11:00:43","6","default","383292078","Oxt_06","58.679","min","105.479","%a.s.","Humid","19.781","deg","38501","µV","28.186","°C","1016.000","hPa","36.4","pmil","0","55.390","deg","20.000","°C","100.000","%a.s.","21.720","deg","20.000","°C","977.000","hPa","0.861","-0.02617","0.00035","0","0","13.56","Humid","26.25","0","44.00","378266.92","SABD0000000001","AAV1.0.0.11","4.0.0.2323","PSt7-10","170328-019","7/29/2022 11:23:46 AM","0000-00","0","no battery","V","","µV","","µV"
"08/09/2022","11:00:44","6","default","383292078","Oxt_06","58.696","min","105.368","%a.s.","Humid","19.793","deg","38500","µV","28.181","°C","1016.000","hPa","36.4","pmil","0","55.390","deg","20.000","°C","100.000","%a.s.","21.720","deg","20.000","°C","977.000","hPa","0.861","-0.02617","0.00035","0","0","13.56","Humid","26.25","0","44.00","378269.55","SABD0000000001","AAV1.0.0.11","4.0.0.2323","PSt7-10","170328-019","7/29/2022 11:23:46 AM","0000-00","0","no battery","V","","µV","","µV"
"08/09/2022","11:00:45","6","default","383292078","Oxt_06","58.712","min","105.397","%a.s.","Humid","19.791","deg","38500","µV","28.171","°C","1016.000","hPa","36.4","pmil","0","55.390","deg","20.000","°C","100.000","%a.s.","21.720","deg","20.000","°C","977.000","hPa","0.861","-0.02617","0.00035","0","0","13.56","Humid","26.25","0","44.00","378274.41","SABD0000000001","AAV1.0.0.11","4.0.0.2323","PSt7-10","170328-019","7/29/2022 11:23:46 AM","0000-00","0","no battery","V","","µV","","µV"
"08/09/2022","11:00:46","6","default","383292078","Oxt_06","58.729","min","105.373","%a.s.","Humid","19.793","deg","38495","µV","28.176","°C","1016.000","hPa","36.4","pmil","0","55.390","deg","20.000","°C","100.000","%a.s.","21.720","deg","20.000","°C","977.000","hPa","0.861","-0.02617","0.00035","0","0","13.56","Humid","26.25","0","44.00","378269.48","SABD0000000001","AAV1.0.0.11","4.0.0.2323","PSt7-10","170328-019","7/29/2022 11:23:46 AM","0000-00","0","no battery","V","","µV","","µV"
"08/09/2022","11:00:47","6","default","383292078","Oxt_06","58.746","min","105.463","%a.s.","Humid","19.782","deg","38496","µV","28.192","°C","1016.000","hPa","36.4","pmil","0","55.390","deg","20.000","°C","100.000","%a.s.","21.720","deg","20.000","°C","977.000","hPa","0.861","-0.02617","0.00035","0","0","13.56","Humid","26.25","0","44.00","378268.83","SABD0000000001","AAV1.0.0.11","4.0.0.2323","PSt7-10","170328-019","7/29/2022 11:23:46 AM","0000-00","0","no battery","V","","µV","","µV"
"08/09/2022","11:00:48","6","default","383292078","Oxt_06","58.762","min","105.356","%a.s.","Humid","19.794","deg","38491","µV","28.183","°C","1016.000","hPa","36.4","pmil","0","55.390","deg","20.000","°C","100.000","%a.s.","21.720","deg","20.000","°C","977.000","hPa","0.861","-0.02617","0.00035","0","0","13.56","Humid","26.25","0","44.00","378258.28","SABD0000000001","AAV1.0.0.11","4.0.0.2323","PSt7-10","170328-019","7/29/2022 11:23:46 AM","0000-00","0","no battery","V","","µV","","µV"
"08/09/2022","11:00:49","6","default","383292078","Oxt_06","58.779","min","105.432","%a.s.","Humid","19.786","deg","38493","µV","28.185","°C","1016.000","hPa","36.4","pmil","0","55.390","deg","20.000","°C","100.000","%a.s.","21.720","deg","20.000","°C","977.000","hPa","0.861","-0.02617","0.00035","0","0","13.56","Humid","26.25","0","44.00","378268.83","SABD0000000001","AAV1.0.0.11","4.0.0.2323","PSt7-10","170328-019","7/29/2022 11:23:46 AM","0000-00","0","no battery","V","","µV","","µV"
"08/09/2022","11:00:50","6","default","383292078","Oxt_06","58.796","min","105.458","%a.s.","Humid","19.782","deg","38489","µV","28.197","°C","1016.000","hPa","36.4","pmil","0","55.390","deg","20.000","°C","100.000","%a.s.","21.720","deg","20.000","°C","977.000","hPa","0.861","-0.02617","0.00035","0","0","13.56","Humid","26.25","0","44.00","378262.57","SABD0000000001","AAV1.0.0.11","4.0.0.2323","PSt7-10","170328-019","7/29/2022 11:23:46 AM","0000-00","0","no battery","V","","µV","","µV"
"08/09/2022","11:00:51","6","default","383292078","Oxt_06","58.812","min","105.423","%a.s.","Humid","19.786","deg","38490","µV","28.193","°C","1016.000","hPa","36.4","pmil","0","55.390","deg","20.000","°C","100.000","%a.s.","21.720","deg","20.000","°C","977.000","hPa","0.861","-0.02617","0.00035","0","0","13.56","Humid","26.25","0","44.00","378258.21","SABD0000000001","AAV1.0.0.11","4.0.0.2323","PSt7-10","170328-019","7/29/2022 11:23:46 AM","0000-00","0","no battery","V","","µV","","µV"
"08/09/2022","11:00:52","6","default","383292078","Oxt_06","58.829","min","105.400","%a.s.","Humid","19.788","deg","38492","µV","28.197","°C","1016.000","hPa","36.4","pmil","0","55.390","deg","20.000","°C","100.000","%a.s.","21.720","deg","20.000","°C","977.000","hPa","0.861","-0.02617","0.00035","0","0","13.56","Humid","26.25","0","44.00","378272.18","SABD0000000001","AAV1.0.0.11","4.0.0.2323","PSt7-10","170328-019","7/29/2022 11:23:46 AM","0000-00","0","no battery","V","","µV","","µV"
"08/09/2022","11:00:53","6","default","383292078","Oxt_06","58.846","min","105.489","%a.s.","Humid","19.782","deg","38489","µV","28.166","°C","1016.000","hPa","36.4","pmil","0","55.390","deg","20.000","°C","100.000","%a.s.","21.720","deg","20.000","°C","977.000","hPa","0.861","-0.02617","0.00035","0","0","13.56","Humid","26.25","0","44.00","378264.42","SABD0000000001","AAV1.0.0.11","4.0.0.2323","PSt7-10","170328-019","7/29/2022 11:23:46 AM","0000-00","0","no battery","V","","µV","","µV"
"08/09/2022","11:00:54","6","default","383292078","Oxt_06","58.863","min","105.409","%a.s.","Humid","19.789","deg","38489","µV","28.179","°C","1016.000","hPa","36.4","pmil","0","55.390","deg","20.000","°C","100.000","%a.s.","21.720","deg","20.000","°C","977.000","hPa","0.861","-0.02617","0.00035","0","0","13.56","Humid","26.25","0","44.00","378274.83","SABD0000000001","AAV1.0.0.11","4.0.0.2323","PSt7-10","170328-019","7/29/2022 11:23:46 AM","0000-00","0","no battery","V","","µV","","µV"
"08/09/2022","11:00:55","6","default","383292078","Oxt_06","58.879","min","105.440","%a.s.","Humid","19.785","deg","38483","µV","28.186","°C","1016.000","hPa","36.4","pmil","0","55.390","deg","20.000","°C","100.000","%a.s.","21.720","deg","20.000","°C","977.000","hPa","0.861","-0.02617","0.00035","0","0","13.56","Humid","26.25","0","44.00","378254.76","SABD0000000001","AAV1.0.0.11","4.0.0.2323","PSt7-10","170328-019","7/29/2022 11:23:46 AM","0000-00","0","no battery","V","","µV","","µV"
"08/09/2022","11:00:56","6","default","383292078","Oxt_06","58.896","min","105.507","%a.s.","Humid","19.778","deg","38487","µV","28.187","°C","1016.000","hPa","36.4","pmil","0","55.390","deg","20.000","°C","100.000","%a.s.","21.720","deg","20.000","°C","977.000","hPa","0.861","-0.02617","0.00035","0","0","13.56","Humid","26.25","0","44.00","378258.50","SABD0000000001","AAV1.0.0.11","4.0.0.2323","PSt7-10","170328-019","7/29/2022 11:23:46 AM","0000-00","0","no battery","V","","µV","","µV"
"08/09/2022","11:00:57","6","default","383292078","Oxt_06","58.913","min","105.421","%a.s.","Humid","19.787","deg","38483","µV","28.186","°C","1016.000","hPa","36.4","pmil","0","55.390","deg","20.000","°C","100.000","%a.s.","21.720","deg","20.000","°C","977.000","hPa","0.861","-0.02617","0.00035","0","0","13.56","Humid","26.25","0","44.00","378266.23","SABD0000000001","AAV1.0.0.11","4.0.0.2323","PSt7-10","170328-019","7/29/2022 11:23:46 AM","0000-00","0","no battery","V","","µV","","µV"
"08/09/2022","11:00:58","6","default","383292078","Oxt_06","58.929","min","105.380","%a.s.","Humid","19.791","deg","38484","µV","28.188","°C","1016.000","hPa","36.4","pmil","0","55.390","deg","20.000","°C","100.000","%a.s.","21.720","deg","20.000","°C","977.000","hPa","0.861","-0.02617","0.00035","0","0","13.56","Humid","26.25","0","44.00","378256.44","SABD0000000001","AAV1.0.0.11","4.0.0.2323","PSt7-10","170328-019","7/29/2022 11:23:46 AM","0000-00","0","no battery","V","","µV","","µV"
"08/09/2022","11:00:59","6","default","383292078","Oxt_06","58.946","min","105.500","%a.s.","Humid","19.780","deg","38478","µV","28.175","°C","1016.000","hPa","36.4","pmil","0","55.390","deg","20.000","°C","100.000","%a.s.","21.720","deg","20.000","°C","977.000","hPa","0.861","-0.02617","0.00035","0","0","13.56","Humid","26.25","0","44.00","378249.84","SABD0000000001","AAV1.0.0.11","4.0.0.2323","PSt7-10","170328-019","7/29/2022 11:23:46 AM","0000-00","0","no battery","V","","µV","","µV"
"08/09/2022","11:01:00","6","default","383292078","Oxt_06","58.962","min","105.529","%a.s.","Humid","19.776","deg","38478","µV","28.184","°C","1016.000","hPa","36.4","pmil","0","55.390","deg","20.000","°C","100.000","%a.s.","21.720","deg","20.000","°C","977.000","hPa","0.861","-0.02617","0.00035","0","0","13.56","Humid","26.25","0","44.00","378258.76","SABD0000000001","AAV1.0.0.11","4.0.0.2323","PSt7-10","170328-019","7/29/2022 11:23:46 AM","0000-00","0","no battery","V","","µV","","µV"
"08/09/2022","11:01:01","6","default","383292078","Oxt_06","58.979","min","105.462","%a.s.","Humid","19.781","deg","38480","µV","28.203","°C","1016.000","hPa","36.4","pmil","0","55.390","deg","20.000","°C","100.000","%a.s.","21.720","deg","20.000","°C","977.000","hPa","0.861","-0.02617","0.00035","0","0","13.56","Humid","26.25","0","44.00","378256.84","SABD0000000001","AAV1.0.0.11","4.0.0.2323","PSt7-10","170328-019","7/29/2022 11:23:46 AM","0000-00","0","no battery","V","","µV","","µV"
"08/09/2022","11:01:02","6","default","383292078","Oxt_06","58.995","min","105.420","%a.s.","Humid","19.789","deg","38472","µV","28.168","°C","1016.000","hPa","36.4","pmil","0","55.390","deg","20.000","°C","100.000","%a.s.","21.720","deg","20.000","°C","977.000","hPa","0.861","-0.02617","0.00035","0","0","13.56","Humid","26.25","0","44.00","378249.21","SABD0000000001","AAV1.0.0.11","4.0.0.2323","PSt7-10","170328-019","7/29/2022 11:23:46 AM","0000-00","0","no battery","V","","µV","","µV"
"08/09/2022","11:01:03","6","default","383292078","Oxt_06","59.012","min","105.485","%a.s.","Humid","19.782","deg","38474","µV","28.171","°C","1016.000","hPa","36.4","pmil","0","55.390","deg","20.000","°C","100.000","%a.s.","21.720","deg","20.000","°C","977.000","hPa","0.861","-0.02617","0.00035","0","0","13.56","Humid","26.25","0","44.00","378262.68","SABD0000000001","AAV1.0.0.11","4.0.0.2323","PSt7-10","170328-019","7/29/2022 11:23:46 AM","0000-00","0","no battery","V","","µV","","µV"
"08/09/2022","11:01:04","6","default","383292078","Oxt_06","59.028","min","105.536","%a.s.","Humid","19.776","deg","38472","µV","28.177","°C","1016.000","hPa","36.4","pmil","0","55.390","deg","20.000","°C","100.000","%a.s.","21.720","deg","20.000","°C","977.000","hPa","0.861","-0.02617","0.00035","0","0","13.56","Humid","26.25","0","44.00","378254.81","SABD0000000001","AAV1.0.0.11","4.0.0.2323","PSt7-10","170328-019","7/29/2022 11:23:46 AM","0000-00","0","no battery","V","","µV","","µV"
"08/09/2022","11:01:05","6","default","383292078","Oxt_06","59.045","min","105.533","%a.s.","Humid","19.775","deg","38469","µV","28.190","°C","1016.000","hPa","36.4","pmil","0","55.390","deg","20.000","°C","100.000","%a.s.","21.720","deg","20.000","°C","977.000","hPa","0.861","-0.02617","0.00035","0","0","13.56","Humid","26.25","0","44.00","378256.96","SABD0000000001","AAV1.0.0.11","4.0.0.2323","PSt7-10","170328-019","7/29/2022 11:23:46 AM","0000-00","0","no battery","V","","µV","","µV"
"08/09/2022","11:01:06","6","default","383292078","Oxt_06","59.062","min","105.530","%a.s.","Humid","19.775","deg","38468","µV","28.193","°C","1016.000","hPa","36.4","pmil","0","55.390","deg","20.000","°C","100.000","%a.s.","21.720","deg","20.000","°C","977.000","hPa","0.861","-0.02617","0.00035","0","0","13.56","Humid","26.25","0","44.00","378238.97","SABD0000000001","AAV1.0.0.11","4.0.0.2323","PSt7-10","170328-019","7/29/2022 11:23:46 AM","0000-00","0","no battery","V","","µV","","µV"
"08/09/2022","11:01:07","6","default","383292078","Oxt_06","59.079","min","105.467","%a.s.","Humid","19.782","deg","38470","µV","28.188","°C","1016.000","hPa","36.4","pmil","0","55.390","deg","20.000","°C","100.000","%a.s.","21.720","deg","20.000","°C","977.000","hPa","0.861","-0.02617","0.00035","0","0","13.56","Humid","26.25","0","44.00","378246.48","SABD0000000001","AAV1.0.0.11","4.0.0.2323","PSt7-10","170328-019","7/29/2022 11:23:46 AM","0000-00","0","no battery","V","","µV","","µV"
"08/09/2022","11:01:08","6","default","383292078","Oxt_06","59.095","min","105.542","%a.s.","Humid","19.774","deg","38469","µV","28.191","°C","1016.000","hPa","36.4","pmil","0","55.390","deg","20.000","°C","100.000","%a.s.","21.720","deg","20.000","°C","977.000","hPa","0.861","-0.02617","0.00035","0","0","13.56","Humid","26.25","0","44.00","378252.87","SABD0000000001","AAV1.0.0.11","4.0.0.2323","PSt7-10","170328-019","7/29/2022 11:23:46 AM","0000-00","0","no battery","V","","µV","","µV"
"08/09/2022","11:01:09","6","default","383292078","Oxt_06","59.112","min","105.559","%a.s.","Humid","19.771","deg","38465","µV","28.202","°C","1016.000","hPa","36.4","pmil","0","55.390","deg","20.000","°C","100.000","%a.s.","21.720","deg","20.000","°C","977.000","hPa","0.861","-0.02617","0.00035","0","0","13.56","Humid","26.25","0","44.00","378247.66","SABD0000000001","AAV1.0.0.11","4.0.0.2323","PSt7-10","170328-019","7/29/2022 11:23:46 AM","0000-00","0","no battery","V","","µV","","µV"
"08/09/2022","11:01:10","6","default","383292078","Oxt_06","59.129","min","105.466","%a.s.","Humid","19.783","deg","38461","µV","28.179","°C","1016.000","hPa","36.4","pmil","0","55.390","deg","20.000","°C","100.000","%a.s.","21.720","deg","20.000","°C","977.000","hPa","0.861","-0.02617","0.00035","0","0","13.56","Humid","26.25","0","44.00","378247.91","SABD0000000001","AAV1.0.0.11","4.0.0.2323","PSt7-10","170328-019","7/29/2022 11:23:46 AM","0000-00","0","no battery","V","","µV","","µV"
"08/09/2022","11:01:11","6","default","383292078","Oxt_06","59.145","min","105.569","%a.s.","Humid","19.771","deg","38460","µV","28.193","°C","1016.000","hPa","36.4","pmil","0","55.390","deg","20.000","°C","100.000","%a.s.","21.720","deg","20.000","°C","977.000","hPa","0.861","-0.02617","0.00035","0","0","13.56","Humid","26.25","0","44.00","378236.21","SABD0000000001","AAV1.0.0.11","4.0.0.2323","PSt7-10","170328-019","7/29/2022 11:23:46 AM","0000-00","0","no battery","V","","µV","","µV"
"08/09/2022","11:01:12","6","default","383292078","Oxt_06","59.162","min","105.586","%a.s.","Humid","19.771","deg","38464","µV","28.177","°C","1016.000","hPa","36.4","pmil","0","55.390","deg","20.000","°C","100.000","%a.s.","21.720","deg","20.000","°C","977.000","hPa","0.861","-0.02617","0.00035","0","0","13.56","Humid","26.25","0","44.00","378244.99","SABD0000000001","AAV1.0.0.11","4.0.0.2323","PSt7-10","170328-019","7/29/2022 11:23:46 AM","0000-00","0","no battery","V","","µV","","µV"
"08/09/2022","11:01:13","6","default","383292078","Oxt_06","59.179","min","105.596","%a.s.","Humid","19.769","deg","38460","µV","28.185","°C","1016.000","hPa","36.4","pmil","0","55.390","deg","20.000","°C","100.000","%a.s.","21.720","deg","20.000","°C","977.000","hPa","0.861","-0.02617","0.00035","0","0","13.56","Humid","26.25","0","44.00","378246.63","SABD0000000001","AAV1.0.0.11","4.0.0.2323","PSt7-10","170328-019","7/29/2022 11:23:46 AM","0000-00","0","no battery","V","","µV","","µV"
"08/09/2022","11:01:14","6","default","383292078","Oxt_06","59.195","min","105.519","%a.s.","Humid","19.777","deg","38457","µV","28.185","°C","1016.000","hPa","36.4","pmil","0","55.390","deg","20.000","°C","100.000","%a.s.","21.720","deg","20.000","°C","977.000","hPa","0.861","-0.02617","0.00035","0","0","13.56","Humid","26.25","0","44.00","378231.88","SABD0000000001","AAV1.0.0.11","4.0.0.2323","PSt7-10","170328-019","7/29/2022 11:23:46 AM","0000-00","0","no battery","V","","µV","","µV"
"08/09/2022","11:01:15","6","default","383292078","Oxt_06","59.212","min","105.534","%a.s.","Humid","19.774","deg","38456","µV","28.198","°C","1016.000","hPa","36.4","pmil","0","55.390","deg","20.000","°C","100.000","%a.s.","21.720","deg","20.000","°C","977.000","hPa","0.861","-0.02617","0.00035","0","0","13.56","Humid","26.25","0","44.00","378242.10","SABD0000000001","AAV1.0.0.11","4.0.0.2323","PSt7-10","170328-019","7/29/2022 11:23:46 AM","0000-00","0","no battery","V","","µV","","µV"
"08/09/2022","11:01:16","6","default","383292078","Oxt_06","59.229","min","105.572","%a.s.","Humid","19.769","deg","38455","µV","28.210","°C","1016.000","hPa","36.4","pmil","0","55.390","deg","20.000","°C","100.000","%a.s.","21.720","deg","20.000","°C","977.000","hPa","0.861","-0.02617","0.00035","0","0","13.56","Humid","26.25","0","44.00","378238.99","SABD0000000001","AAV1.0.0.11","4.0.0.2323","PSt7-10","170328-019","7/29/2022 11:23:46 AM","0000-00","0","no battery","V","","µV","","µV"
"08/09/2022","11:01:17","6","default","383292078","Oxt_06","59.246","min","105.551","%a.s.","Humid","19.774","deg","38459","µV","28.182","°C","1016.000","hPa","36.4","pmil","0","55.390","deg","20.000","°C","100.000","%a.s.","21.720","deg","20.000","°C","977.000","hPa","0.861","-0.02617","0.00035","0","0","13.56","Humid","26.25","0","44.00","378222.82","SABD0000000001","AAV1.0.0.11","4.0.0.2323","PSt7-10","170328-019","7/29/2022 11:23:46 AM","0000-00","0","no battery","V","","µV","","µV"
"08/09/2022","11:01:18","6","default","383292078","Oxt_06","59.262","min","105.561","%a.s.","Humid","19.773","deg","38450","µV","28.182","°C","1016.000","hPa","36.4","pmil","0","55.390","deg","20.000","°C","100.000","%a.s.","21.720","deg","20.000","°C","977.000","hPa","0.861","-0.02617","0.00035","0","0","13.56","Humid","26.25","0","44.00","378235.78","SABD0000000001","AAV1.0.0.11","4.0.0.2323","PSt7-10","170328-019","7/29/2022 11:23:46 AM","0000-00","0","no battery","V","","µV","","µV"
"08/09/2022","11:01:19","6","default","383292078","Oxt_06","59.279","min","105.587","%a.s.","Humid","19.770","deg","38450","µV","28.185","°C","1016.000","hPa","36.4","pmil","0","55.390","deg","20.000","°C","100.000","%a.s.","21.720","deg","20.000","°C","977.000","hPa","0.861","-0.02617","0.00035","0","0","13.56","Humid","26.25","0","44.00","378244.88","SABD0000000001","AAV1.0.0.11","4.0.0.2323","PSt7-10","170328-019","7/29/2022 11:23:46 AM","0000-00","0","no battery","V","","µV","","µV"
"08/09/2022","11:01:20","6","default","383292078","Oxt_06","59.296","min","105.673","%a.s.","Humid","19.761","deg","38444","µV","28.186","°C","1016.000","hPa","36.4","pmil","0","55.390","deg","20.000","°C","100.000","%a.s.","21.720","deg","20.000","°C","977.000","hPa","0.861","-0.02617","0.00035","0","0","13.56","Humid","26.25","0","44.00","378218.31","SABD0000000001","AAV1.0.0.11","4.0.0.2323","PSt7-10","170328-019","7/29/2022 11:23:46 AM","0000-00","0","no battery","V","","µV","","µV"
"08/09/2022","11:01:21","6","default","383292078","Oxt_06","59.312","min","105.571","%a.s.","Humid","19.771","deg","38445","µV","28.191","°C","1016.000","hPa","36.4","pmil","0","55.390","deg","20.000","°C","100.000","%a.s.","21.720","deg","20.000","°C","977.000","hPa","0.861","-0.02617","0.00035","0","0","13.56","Humid","26.25","0","44.00","378227.58","SABD0000000001","AAV1.0.0.11","4.0.0.2323","PSt7-10","170328-019","7/29/2022 11:23:46 AM","0000-00","0","no battery","V","","µV","","µV"
"08/09/2022","11:01:22","6","default","383292078","Oxt_06","59.329","min","105.626","%a.s.","Humid","19.766","deg","38447","µV","28.185","°C","1016.000","hPa","36.4","pmil","0","55.390","deg","20.000","°C","100.000","%a.s.","21.720","deg","20.000","°C","977.000","hPa","0.861","-0.02617","0.00035","0","0","13.56","Humid","26.25","0","44.00","378235.11","SABD0000000001","AAV1.0.0.11","4.0.0.2323","PSt7-10","170328-019","7/29/2022 11:23:46 AM","0000-00","0","no battery","V","","µV","","µV"
"08/09/2022","11:01:23","6","default","383292078","Oxt_06","59.346","min","105.531","%a.s.","Humid","19.775","deg","38439","µV","28.193","°C","1016.000","hPa","36.4","pmil","0","55.390","deg","20.000","°C","100.000","%a.s.","21.720","deg","20.000","°C","977.000","hPa","0.861","-0.02617","0.00035","0","0","13.56","Humid","26.25","0","44.00","378239.38","SABD0000000001","AAV1.0.0.11","4.0.0.2323","PSt7-10","170328-019","7/29/2022 11:23:46 AM","0000-00","0","no battery","V","","µV","","µV"
"08/09/2022","11:01:24","6","default","383292078","Oxt_06","59.362","min","105.611","%a.s.","Humid","19.765","deg","38439","µV","28.209","°C","1016.000","hPa","36.4","pmil","0","55.390","deg","20.000","°C","100.000","%a.s.","21.720","deg","20.000","°C","977.000","hPa","0.861","-0.02617","0.00035","0","0","13.56","Humid","26.25","0","44.00","378234.76","SABD0000000001","AAV1.0.0.11","4.0.0.2323","PSt7-10","170328-019","7/29/2022 11:23:46 AM","0000-00","0","no battery","V","","µV","","µV"
"08/09/2022","11:01:25","6","default","383292078","Oxt_06","59.379","min","105.656","%a.s.","Humid","19.761","deg","38443","µV","28.203","°C","1016.000","hPa","36.4","pmil","0","55.390","deg","20.000","°C","100.000","%a.s.","21.720","deg","20.000","°C","977.000","hPa","0.861","-0.02617","0.00035","0","0","13.56","Humid","26.25","0","44.00","378224.89","SABD0000000001","AAV1.0.0.11","4.0.0.2323","PSt7-10","170328-019","7/29/2022 11:23:46 AM","0000-00","0","no battery","V","","µV","","µV"
"08/09/2022","11:01:26","6","default","383292078","Oxt_06","59.396","min","105.645","%a.s.","Humid","19.762","deg","38439","µV","28.204","°C","1016.000","hPa","36.4","pmil","0","55.390","deg","20.000","°C","100.000","%a.s.","21.720","deg","20.000","°C","977.000","hPa","0.861","-0.02617","0.00035","0","0","13.56","Humid","26.25","0","44.00","378226.90","SABD0000000001","AAV1.0.0.11","4.0.0.2323","PSt7-10","170328-019","7/29/2022 11:23:46 AM","0000-00","0","no battery","V","","µV","","µV"
"08/09/2022","11:01:27","6","default","383292078","Oxt_06","59.413","min","105.582","%a.s.","Humid","19.771","deg","38441","µV","28.180","°C","1016.000","hPa","36.4","pmil","0","55.390","deg","20.000","°C","100.000","%a.s.","21.720","deg","20.000","°C","977.000","hPa","0.861","-0.02617","0.00035","0","0","13.56","Humid","26.25","0","44.00","378230.93","SABD0000000001","AAV1.0.0.11","4.0.0.2323","PSt7-10","170328-019","7/29/2022 11:23:46 AM","0000-00","0","no battery","V","","µV","","µV"
"08/09/2022","11:01:28","6","default","383292078","Oxt_06","59.429","min","105.595","%a.s.","Humid","19.768","deg","38441","µV","28.196","°C","1016.000","hPa","36.4","pmil","0","55.390","deg","20.000","°C","100.000","%a.s.","21.720","deg","20.000","°C","977.000","hPa","0.861","-0.02617","0.00035","0","0","13.56","Humid","26.25","0","44.00","378230.41","SABD0000000001","AAV1.0.0.11","4.0.0.2323","PSt7-10","170328-019","7/29/2022 11:23:46 AM","0000-00","0","no battery","V","","µV","","µV"
"08/09/2022","11:01:29","6","default","383292078","Oxt_06","59.446","min","105.684","%a.s.","Humid","19.759","deg","38442","µV","28.195","°C","1016.000","hPa","36.4","pmil","0","55.390","deg","20.000","°C","100.000","%a.s.","21.720","deg","20.000","°C","977.000","hPa","0.861","-0.02617","0.00035","0","0","13.56","Humid","26.25","0","44.00","378215.94","SABD0000000001","AAV1.0.0.11","4.0.0.2323","PSt7-10","170328-019","7/29/2022 11:23:46 AM","0000-00","0","no battery","V","","µV","","µV"
"08/09/2022","11:01:30","6","default","383292078","Oxt_06","59.462","min","105.562","%a.s.","Humid","19.772","deg","38432","µV","28.190","°C","1016.000","hPa","36.4","pmil","0","55.390","deg","20.000","°C","100.000","%a.s.","21.720","deg","20.000","°C","977.000","hPa","0.861","-0.02617","0.00035","0","0","13.56","Humid","26.25","0","44.00","378223.31","SABD0000000001","AAV1.0.0.11","4.0.0.2323","PSt7-10","170328-019","7/29/2022 11:23:46 AM","0000-00","0","no battery","V","","µV","","µV"
"08/09/2022","11:01:31","6","default","383292078","Oxt_06","59.479","min","105.598","%a.s.","Humid","19.768","deg","38440","µV","28.193","°C","1016.000","hPa","36.4","pmil","0","55.390","deg","20.000","°C","100.000","%a.s.","21.720","deg","20.000","°C","977.000","hPa","0.861","-0.02617","0.00035","0","0","13.56","Humid","26.25","0","44.00","378217.97","SABD0000000001","AAV1.0.0.11","4.0.0.2323","PSt7-10","170328-019","7/29/2022 11:23:46 AM","0000-00","0","no battery","V","","µV","","µV"
"08/09/2022","11:01:32","6","default","383292078","Oxt_06","59.495","min","105.628","%a.s.","Humid","19.766","deg","38438","µV","28.183","°C","1016.000","hPa","36.4","pmil","0","55.390","deg","20.000","°C","100.000","%a.s.","21.720","deg","20.000","°C","977.000","hPa","0.861","-0.02617","0.00035","0","0","13.56","Humid","26.25","0","44.00","378220.85","SABD0000000001","AAV1.0.0.11","4.0.0.2323","PSt7-10","170328-019","7/29/2022 11:23:46 AM","0000-00","0","no battery","V","","µV","","µV"
"08/09/2022","11:01:33","6","default","383292078","Oxt_06","59.512","min","105.587","%a.s.","Humid","19.769","deg","38435","µV","28.195","°C","1016.000","hPa","36.4","pmil","0","55.390","deg","20.000","°C","100.000","%a.s.","21.720","deg","20.000","°C","977.000","hPa","0.861","-0.02617","0.00035","0","0","13.56","Humid","26.25","0","44.00","378217.25","SABD0000000001","AAV1.0.0.11","4.0.0.2323","PSt7-10","170328-019","7/29/2022 11:23:46 AM","0000-00","0","no battery","V","","µV","","µV"
"08/09/2022","11:01:34","6","default","383292078","Oxt_06","59.528","min","105.665","%a.s.","Humid","19.761","deg","38432","µV","28.194","°C","1016.000","hPa","36.4","pmil","0","55.390","deg","20.000","°C","100.000","%a.s.","21.720","deg","20.000","°C","977.000","hPa","0.861","-0.02617","0.00035","0","0","13.56","Humid","26.25","0","44.00","378213.34","SABD0000000001","AAV1.0.0.11","4.0.0.2323","PSt7-10","170328-019","7/29/2022 11:23:46 AM","0000-00","0","no battery","V","","µV","","µV"
"08/09/2022","11:01:35","6","default","383292078","Oxt_06","59.545","min","105.589","%a.s.","Humid","19.769","deg","38435","µV","28.193","°C","1016.000","hPa","36.4","pmil","0","55.390","deg","20.000","°C","100.000","%a.s.","21.720","deg","20.000","°C","977.000","hPa","0.861","-0.02617","0.00035","0","0","13.56","Humid","26.25","0","44.00","378214.79","SABD0000000001","AAV1.0.0.11","4.0.0.2323","PSt7-10","170328-019","7/29/2022 11:23:46 AM","0000-00","0","no battery","V","","µV","","µV"
"08/09/2022","11:01:36","6","default","383292078","Oxt_06","59.562","min","105.676","%a.s.","Humid","19.761","deg","38433","µV","28.183","°C","1016.000","hPa","36.4","pmil","0","55.390","deg","20.000","°C","100.000","%a.s.","21.720","deg","20.000","°C","977.000","hPa","0.861","-0.02617","0.00035","0","0","13.56","Humid","26.25","0","44.00","378211.86","SABD0000000001","AAV1.0.0.11","4.0.0.2323","PSt7-10","170328-019","7/29/2022 11:23:46 AM","0000-00","0","no battery","V","","µV","","µV"
"08/09/2022","11:01:37","6","default","383292078","Oxt_06","59.579","min","105.616","%a.s.","Humid","19.766","deg","38431","µV","28.194","°C","1016.000","hPa","36.4","pmil","0","55.390","deg","20.000","°C","100.000","%a.s.","21.720","deg","20.000","°C","977.000","hPa","0.861","-0.02617","0.00035","0","0","13.56","Humid","26.25","0","44.00","378218.75","SABD0000000001","AAV1.0.0.11","4.0.0.2323","PSt7-10","170328-019","7/29/2022 11:23:46 AM","0000-00","0","no battery","V","","µV","","µV"
"08/09/2022","11:01:38","6","default","383292078","Oxt_06","59.595","min","105.647","%a.s.","Humid","19.764","deg","38428","µV","28.183","°C","1016.000","hPa","36.4","pmil","0","55.390","deg","20.000","°C","100.000","%a.s.","21.720","deg","20.000","°C","977.000","hPa","0.861","-0.02617","0.00035","0","0","13.56","Humid","26.25","0","44.00","378204.95","SABD0000000001","AAV1.0.0.11","4.0.0.2323","PSt7-10","170328-019","7/29/2022 11:23:46 AM","0000-00","0","no battery","V","","µV","","µV"
"08/09/2022","11:01:39","6","default","383292078","Oxt_06","59.612","min","105.730","%a.s.","Humid","19.754","deg","38428","µV","28.197","°C","1016.000","hPa","36.4","pmil","0","55.390","deg","20.000","°C","100.000","%a.s.","21.720","deg","20.000","°C","977.000","hPa","0.861","-0.02617","0.00035","0","0","13.56","Humid","26.25","0","44.00","378228.21","SABD0000000001","AAV1.0.0.11","4.0.0.2323","PSt7-10","170328-019","7/29/2022 11:23:46 AM","0000-00","0","no battery","V","","µV","","µV"
"08/09/2022","11:01:40","6","default","383292078","Oxt_06","59.629","min","105.645","%a.s.","Humid","19.764","deg","38431","µV","28.184","°C","1016.000","hPa","36.4","pmil","0","55.390","deg","20.000","°C","100.000","%a.s.","21.720","deg","20.000","°C","977.000","hPa","0.861","-0.02617","0.00035","0","0","13.56","Humid","26.25","0","44.00","378216.03","SABD0000000001","AAV1.0.0.11","4.0.0.2323","PSt7-10","170328-019","7/29/2022 11:23:46 AM","0000-00","0","no battery","V","","µV","","µV"
"08/09/2022","11:01:41","6","default","383292078","Oxt_06","59.645","min","105.662","%a.s.","Humid","19.762","deg","38426","µV","28.188","°C","1016.000","hPa","36.4","pmil","0","55.390","deg","20.000","°C","100.000","%a.s.","21.720","deg","20.000","°C","977.000","hPa","0.861","-0.02617","0.00035","0","0","13.56","Humid","26.25","0","44.00","378212.29","SABD0000000001","AAV1.0.0.11","4.0.0.2323","PSt7-10","170328-019","7/29/2022 11:23:46 AM","0000-00","0","no battery","V","","µV","","µV"
"08/09/2022","11:01:42","6","default","383292078","Oxt_06","59.662","min","105.626","%a.s.","Humid","19.765","deg","38423","µV","28.194","°C","1016.000","hPa","36.4","pmil","0","55.390","deg","20.000","°C","100.000","%a.s.","21.720","deg","20.000","°C","977.000","hPa","0.861","-0.02617","0.00035","0","0","13.56","Humid","26.25","0","44.00","378223.92","SABD0000000001","AAV1.0.0.11","4.0.0.2323","PSt7-10","170328-019","7/29/2022 11:23:46 AM","0000-00","0","no battery","V","","µV","","µV"
"08/09/2022","11:01:43","6","default","383292078","Oxt_06","59.679","min","105.612","%a.s.","Humid","19.767","deg","38429","µV","28.189","°C","1016.000","hPa","36.4","pmil","0","55.390","deg","20.000","°C","100.000","%a.s.","21.720","deg","20.000","°C","977.000","hPa","0.861","-0.02617","0.00035","0","0","13.56","Humid","26.25","0","44.00","378204.09","SABD0000000001","AAV1.0.0.11","4.0.0.2323","PSt7-10","170328-019","7/29/2022 11:23:46 AM","0000-00","0","no battery","V","","µV","","µV"
"08/09/2022","11:01:44","6","default","383292078","Oxt_06","59.695","min","105.637","%a.s.","Humid","19.763","deg","38417","µV","28.202","°C","1016.000","hPa","36.4","pmil","0","55.390","deg","20.000","°C","100.000","%a.s.","21.720","deg","20.000","°C","977.000","hPa","0.861","-0.02617","0.00035","0","0","13.56","Humid","26.25","0","44.00","378212.69","SABD0000000001","AAV1.0.0.11","4.0.0.2323","PSt7-10","170328-019","7/29/2022 11:23:46 AM","0000-00","0","no battery","V","","µV","","µV"
"08/09/2022","11:01:45","6","default","383292078","Oxt_06","59.712","min","105.769","%a.s.","Humid","19.750","deg","38419","µV","28.197","°C","1016.000","hPa","36.4","pmil","0","55.390","deg","20.000","°C","100.000","%a.s.","21.720","deg","20.000","°C","977.000","hPa","0.861","-0.02617","0.00035","0","0","13.56","Humid","26.25","0","44.00","378204.56","SABD0000000001","AAV1.0.0.11","4.0.0.2323","PSt7-10","170328-019","7/29/2022 11:23:46 AM","0000-00","0","no battery","V","","µV","","µV"
"08/09/2022","11:01:46","6","default","383292078","Oxt_06","59.729","min","105.711","%a.s.","Humid","19.756","deg","38413","µV","28.197","°C","1016.000","hPa","36.4","pmil","0","55.390","deg","20.000","°C","100.000","%a.s.","21.720","deg","20.000","°C","977.000","hPa","0.861","-0.02617","0.00035","0","0","13.56","Humid","26.25","0","44.00","378198.14","SABD0000000001","AAV1.0.0.11","4.0.0.2323","PSt7-10","170328-019","7/29/2022 11:23:46 AM","0000-00","0","no battery","V","","µV","","µV"
"08/09/2022","11:01:47","6","default","383292078","Oxt_06","59.746","min","105.667","%a.s.","Humid","19.760","deg","38417","µV","28.201","°C","1016.000","hPa","36.4","pmil","0","55.390","deg","20.000","°C","100.000","%a.s.","21.720","deg","20.000","°C","977.000","hPa","0.861","-0.02617","0.00035","0","0","13.56","Humid","26.25","0","44.00","378196.64","SABD0000000001","AAV1.0.0.11","4.0.0.2323","PSt7-10","170328-019","7/29/2022 11:23:46 AM","0000-00","0","no battery","V","","µV","","µV"
"08/09/2022","11:01:48","6","default","383292078","Oxt_06","59.762","min","105.720","%a.s.","Humid","19.754","deg","38410","µV","28.206","°C","1016.000","hPa","36.4","pmil","0","55.390","deg","20.000","°C","100.000","%a.s.","21.720","deg","20.000","°C","977.000","hPa","0.861","-0.02617","0.00035","0","0","13.56","Humid","26.25","0","44.00","378192.73","SABD0000000001","AAV1.0.0.11","4.0.0.2323","PSt7-10","170328-019","7/29/2022 11:23:46 AM","0000-00","0","no battery","V","","µV","","µV"
"08/09/2022","11:01:49","6","default","383292078","Oxt_06","59.779","min","105.674","%a.s.","Humid","19.760","deg","38415","µV","28.195","°C","1016.000","hPa","36.4","pmil","0","55.390","deg","20.000","°C","100.000","%a.s.","21.720","deg","20.000","°C","977.000","hPa","0.861","-0.02617","0.00035","0","0","13.56","Humid","26.25","0","44.00","378199.09","SABD0000000001","AAV1.0.0.11","4.0.0.2323","PSt7-10","170328-019","7/29/2022 11:23:46 AM","0000-00","0","no battery","V","","µV","","µV"
"08/09/2022","11:01:50","6","default","383292078","Oxt_06","59.796","min","105.696","%a.s.","Humid","19.758","deg","38411","µV","28.192","°C","1016.000","hPa","36.4","pmil","0","55.390","deg","20.000","°C","100.000","%a.s.","21.720","deg","20.000","°C","977.000","hPa","0.861","-0.02617","0.00035","0","0","13.56","Humid","26.25","0","44.00","378205.62","SABD0000000001","AAV1.0.0.11","4.0.0.2323","PSt7-10","170328-019","7/29/2022 11:23:46 AM","0000-00","0","no battery","V","","µV","","µV"
"08/09/2022","11:01:51","6","default","383292078","Oxt_06","59.812","min","105.714","%a.s.","Humid","19.756","deg","38408","µV","28.193","°C","1016.000","hPa","36.4","pmil","0","55.390","deg","20.000","°C","100.000","%a.s.","21.720","deg","20.000","°C","977.000","hPa","0.861","-0.02617","0.00035","0","0","13.56","Humid","26.25","0","44.00","378194.94","SABD0000000001","AAV1.0.0.11","4.0.0.2323","PSt7-10","170328-019","7/29/2022 11:23:46 AM","0000-00","0","no battery","V","","µV","","µV"
"08/09/2022","11:01:52","6","default","383292078","Oxt_06","59.829","min","105.715","%a.s.","Humid","19.756","deg","38405","µV","28.192","°C","1016.000","hPa","36.4","pmil","0","55.390","deg","20.000","°C","100.000","%a.s.","21.720","deg","20.000","°C","977.000","hPa","0.861","-0.02617","0.00035","0","0","13.56","Humid","26.25","0","44.00","378189.67","SABD0000000001","AAV1.0.0.11","4.0.0.2323","PSt7-10","170328-019","7/29/2022 11:23:46 AM","0000-00","0","no battery","V","","µV","","µV"
"08/09/2022","11:01:53","6","default","383292078","Oxt_06","59.846","min","105.649","%a.s.","Humid","19.763","deg","38411","µV","28.191","°C","1016.000","hPa","36.4","pmil","0","55.390","deg","20.000","°C","100.000","%a.s.","21.720","deg","20.000","°C","977.000","hPa","0.861","-0.02617","0.00035","0","0","13.56","Humid","26.25","0","44.00","378188.66","SABD0000000001","AAV1.0.0.11","4.0.0.2323","PSt7-10","170328-019","7/29/2022 11:23:46 AM","0000-00","0","no battery","V","","µV","","µV"
"08/09/2022","11:01:54","6","default","383292078","Oxt_06","59.862","min","105.691","%a.s.","Humid","19.758","deg","38404","µV","28.197","°C","1016.000","hPa","36.4","pmil","0","55.390","deg","20.000","°C","100.000","%a.s.","21.720","deg","20.000","°C","977.000","hPa","0.861","-0.02617","0.00035","0","0","13.56","Humid","26.25","0","44.00","378203.32","SABD0000000001","AAV1.0.0.11","4.0.0.2323","PSt7-10","170328-019","7/29/2022 11:23:46 AM","0000-00","0","no battery","V","","µV","","µV"
"08/09/2022","11:01:55","6","default","383292078","Oxt_06","59.879","min","105.727","%a.s.","Humid","19.755","deg","38412","µV","28.191","°C","1016.000","hPa","36.4","pmil","0","55.390","deg","20.000","°C","100.000","%a.s.","21.720","deg","20.000","°C","977.000","hPa","0.861","-0.02617","0.00035","0","0","13.56","Humid","26.25","0","44.00","378203.22","SABD0000000001","AAV1.0.0.11","4.0.0.2323","PSt7-10","170328-019","7/29/2022 11:23:46 AM","0000-00","0","no battery","V","","µV","","µV"
"08/09/2022","11:01:56","6","default","383292078","Oxt_06","59.896","min","105.722","%a.s.","Humid","19.755","deg","38406","µV","28.195","°C","1016.000","hPa","36.4","pmil","0","55.390","deg","20.000","°C","100.000","%a.s.","21.720","deg","20.000","°C","977.000","hPa","0.861","-0.02617","0.00035","0","0","13.56","Humid","26.25","0","44.00","378206.99","SABD0000000001","AAV1.0.0.11","4.0.0.2323","PSt7-10","170328-019","7/29/2022 11:23:46 AM","0000-00","0","no battery","V","","µV","","µV"
"08/09/2022","11:01:57","6","default","383292078","Oxt_06","59.913","min","105.741","%a.s.","Humid","19.753","deg","38405","µV","28.196","°C","1016.000","hPa","36.4","pmil","0","55.390","deg","20.000","°C","100.000","%a.s.","21.720","deg","20.000","°C","977.000","hPa","0.861","-0.02617","0.00035","0","0","13.56","Humid","26.25","0","44.00","378201.20","SABD0000000001","AAV1.0.0.11","4.0.0.2323","PSt7-10","170328-019","7/29/2022 11:23:46 AM","0000-00","0","no battery","V","","µV","","µV"
"08/09/2022","11:01:58","6","default","383292078","Oxt_06","59.929","min","105.703","%a.s.","Humid","19.757","deg","38399","µV","28.195","°C","1016.000","hPa","36.4","pmil","0","55.390","deg","20.000","°C","100.000","%a.s.","21.720","deg","20.000","°C","977.000","hPa","0.861","-0.02617","0.00035","0","0","13.56","Humid","26.25","0","44.00","378190.66","SABD0000000001","AAV1.0.0.11","4.0.0.2323","PSt7-10","170328-019","7/29/2022 11:23:46 AM","0000-00","0","no battery","V","","µV","","µV"
"08/09/2022","11:01:59","6","default","383292078","Oxt_06","59.946","min","105.778","%a.s.","Humid","19.750","deg","38406","µV","28.188","°C","1016.000","hPa","36.4","pmil","0","55.390","deg","20.000","°C","100.000","%a.s.","21.720","deg","20.000","°C","977.000","hPa","0.861","-0.02617","0.00035","0","0","13.56","Humid","26.25","0","44.00","378203.33","SABD0000000001","AAV1.0.0.11","4.0.0.2323","PSt7-10","170328-019","7/29/2022 11:23:46 AM","0000-00","0","no battery","V","","µV","","µV"
"08/09/2022","11:02:00","6","default","383292078","Oxt_06","59.963","min","105.739","%a.s.","Humid","19.755","deg","38403","µV","28.178","°C","1016.000","hPa","36.4","pmil","0","55.390","deg","20.000","°C","100.000","%a.s.","21.720","deg","20.000","°C","977.000","hPa","0.861","-0.02617","0.00035","0","0","13.56","Humid","26.25","0","44.00","378204.92","SABD0000000001","AAV1.0.0.11","4.0.0.2323","PSt7-10","170328-019","7/29/2022 11:23:46 AM","0000-00","0","no battery","V","","µV","","µV"
"08/09/2022","11:02:01","6","default","383292078","Oxt_06","59.979","min","105.702","%a.s.","Humid","19.758","deg","38400","µV","28.186","°C","1016.000","hPa","36.4","pmil","0","55.390","deg","20.000","°C","100.000","%a.s.","21.720","deg","20.000","°C","977.000","hPa","0.861","-0.02617","0.00035","0","0","13.56","Humid","26.25","0","44.00","378199.44","SABD0000000001","AAV1.0.0.11","4.0.0.2323","PSt7-10","170328-019","7/29/2022 11:23:46 AM","0000-00","0","no battery","V","","µV","","µV"
"08/09/2022","11:02:02","6","default","383292078","Oxt_06","59.996","min","105.816","%a.s.","Humid","19.745","deg","38392","µV","28.198","°C","1016.000","hPa","36.4","pmil","0","55.390","deg","20.000","°C","100.000","%a.s.","21.720","deg","20.000","°C","977.000","hPa","0.861","-0.02617","0.00035","0","0","13.56","Humid","26.25","0","44.00","378206.81","SABD0000000001","AAV1.0.0.11","4.0.0.2323","PSt7-10","170328-019","7/29/2022 11:23:46 AM","0000-00","0","no battery","V","","µV","","µV"
"08/09/2022","11:02:03","6","default","383292078","Oxt_06","60.012","min","105.791","%a.s.","Humid","19.748","deg","38391","µV","28.195","°C","1016.000","hPa","36.4","pmil","0","55.390","deg","20.000","°C","100.000","%a.s.","21.720","deg","20.000","°C","977.000","hPa","0.861","-0.02617","0.00035","0","0","13.56","Humid","26.25","0","44.00","378195.50","SABD0000000001","AAV1.0.0.11","4.0.0.2323","PSt7-10","170328-019","7/29/2022 11:23:46 AM","0000-00","0","no battery","V","","µV","","µV"
"08/09/2022","11:02:04","6","default","383292078","Oxt_06","60.029","min","105.682","%a.s.","Humid","19.759","deg","38394","µV","28.196","°C","1016.000","hPa","36.4","pmil","0","55.390","deg","20.000","°C","100.000","%a.s.","21.720","deg","20.000","°C","977.000","hPa","0.861","-0.02617","0.00035","0","0","13.56","Humid","26.25","0","44.00","378181.99","SABD0000000001","AAV1.0.0.11","4.0.0.2323","PSt7-10","170328-019","7/29/2022 11:23:46 AM","0000-00","0","no battery","V","","µV","","µV"
"08/09/2022","11:02:05","6","default","383292078","Oxt_06","60.045","min","105.757","%a.s.","Humid","19.751","deg","38394","µV","28.199","°C","1016.000","hPa","36.4","pmil","0","55.390","deg","20.000","°C","100.000","%a.s.","21.720","deg","20.000","°C","977.000","hPa","0.861","-0.02617","0.00035","0","0","13.56","Humid","26.25","0","44.00","378178.62","SABD0000000001","AAV1.0.0.11","4.0.0.2323","PSt7-10","170328-019","7/29/2022 11:23:46 AM","0000-00","0","no battery","V","","µV","","µV"
"08/09/2022","11:02:06","6","default","383292078","Oxt_06","60.062","min","105.806","%a.s.","Humid","19.747","deg","38392","µV","28.189","°C","1016.000","hPa","36.4","pmil","0","55.390","deg","20.000","°C","100.000","%a.s.","21.720","deg","20.000","°C","977.000","hPa","0.861","-0.02617","0.00035","0","0","13.56","Humid","26.25","0","44.00","378190.14","SABD0000000001","AAV1.0.0.11","4.0.0.2323","PSt7-10","170328-019","7/29/2022 11:23:46 AM","0000-00","0","no battery","V","","µV","","µV"
"08/09/2022","11:02:07","6","default","383292078","Oxt_06","60.079","min","105.840","%a.s.","Humid","19.743","deg","38391","µV","28.194","°C","1016.000","hPa","36.4","pmil","0","55.390","deg","20.000","°C","100.000","%a.s.","21.720","deg","20.000","°C","977.000","hPa","0.861","-0.02617","0.00035","0","0","13.56","Humid","26.25","0","44.00","378190.02","SABD0000000001","AAV1.0.0.11","4.0.0.2323","PSt7-10","170328-019","7/29/2022 11:23:46 AM","0000-00","0","no battery","V","","µV","","µV"
"08/09/2022","11:02:08","6","default","383292078","Oxt_06","60.095","min","105.827","%a.s.","Humid","19.744","deg","38385","µV","28.197","°C","1016.000","hPa","36.4","pmil","0","55.390","deg","20.000","°C","100.000","%a.s.","21.720","deg","20.000","°C","977.000","hPa","0.861","-0.02617","0.00035","0","0","13.56","Humid","26.25","0","44.00","378195.57","SABD0000000001","AAV1.0.0.11","4.0.0.2323","PSt7-10","170328-019","7/29/2022 11:23:46 AM","0000-00","0","no battery","V","","µV","","µV"
"08/09/2022","11:02:09","6","default","383292078","Oxt_06","60.112","min","105.874","%a.s.","Humid","19.740","deg","38391","µV","28.189","°C","1016.000","hPa","36.4","pmil","0","55.390","deg","20.000","°C","100.000","%a.s.","21.720","deg","20.000","°C","977.000","hPa","0.861","-0.02617","0.00035","0","0","13.56","Humid","26.25","0","44.00","378181.81","SABD0000000001","AAV1.0.0.11","4.0.0.2323","PSt7-10","170328-019","7/29/2022 11:23:46 AM","0000-00","0","no battery","V","","µV","","µV"
"08/09/2022","11:02:10","6","default","383292078","Oxt_06","60.129","min","105.782","%a.s.","Humid","19.750","deg","38392","µV","28.184","°C","1016.000","hPa","36.4","pmil","0","55.390","deg","20.000","°C","100.000","%a.s.","21.720","deg","20.000","°C","977.000","hPa","0.861","-0.02617","0.00035","0","0","13.56","Humid","26.25","0","44.00","378175.60","SABD0000000001","AAV1.0.0.11","4.0.0.2323","PSt7-10","170328-019","7/29/2022 11:23:46 AM","0000-00","0","no battery","V","","µV","","µV"
"08/09/2022","11:02:11","6","default","383292078","Oxt_06","60.145","min","105.816","%a.s.","Humid","19.745","deg","38387","µV","28.198","°C","1016.000","hPa","36.4","pmil","0","55.390","deg","20.000","°C","100.000","%a.s.","21.720","deg","20.000","°C","977.000","hPa","0.861","-0.02617","0.00035","0","0","13.56","Humid","26.25","0","44.00","378175.73","SABD0000000001","AAV1.0.0.11","4.0.0.2323","PSt7-10","170328-019","7/29/2022 11:23:46 AM","0000-00","0","no battery","V","","µV","","µV"
"08/09/2022","11:02:12","6","default","383292078","Oxt_06","60.162","min","105.814","%a.s.","Humid","19.745","deg","38376","µV","28.201","°C","1016.000","hPa","36.4","pmil","0","55.390","deg","20.000","°C","100.000","%a.s.","21.720","deg","20.000","°C","977.000","hPa","0.861","-0.02617","0.00035","0","0","13.56","Humid","26.25","0","44.00","378178.94","SABD0000000001","AAV1.0.0.11","4.0.0.2323","PSt7-10","170328-019","7/29/2022 11:23:46 AM","0000-00","0","no battery","V","","µV","","µV"
"08/09/2022","11:02:13","6","default","383292078","Oxt_06","60.179","min","105.792","%a.s.","Humid","19.748","deg","38380","µV","28.194","°C","1016.000","hPa","36.4","pmil","0","55.390","deg","20.000","°C","100.000","%a.s.","21.720","deg","20.000","°C","977.000","hPa","0.861","-0.02617","0.00035","0","0","13.56","Humid","26.25","0","44.00","378174.80","SABD0000000001","AAV1.0.0.11","4.0.0.2323","PSt7-10","170328-019","7/29/2022 11:23:46 AM","0000-00","0","no battery","V","","µV","","µV"
"08/09/2022","11:02:14","6","default","383292078","Oxt_06","60.195","min","105.794","%a.s.","Humid","19.748","deg","38379","µV","28.191","°C","1016.000","hPa","36.4","pmil","0","55.390","deg","20.000","°C","100.000","%a.s.","21.720","deg","20.000","°C","977.000","hPa","0.861","-0.02617","0.00035","0","0","13.56","Humid","26.25","0","44.00","378180.71","SABD0000000001","AAV1.0.0.11","4.0.0.2323","PSt7-10","170328-019","7/29/2022 11:23:46 AM","0000-00","0","no battery","V","","µV","","µV"
"08/09/2022","11:02:15","6","default","383292078","Oxt_06","60.212","min","105.841","%a.s.","Humid","19.743","deg","38379","µV","28.193","°C","1016.000","hPa","36.4","pmil","0","55.390","deg","20.000","°C","100.000","%a.s.","21.720","deg","20.000","°C","977.000","hPa","0.861","-0.02617","0.00035","0","0","13.56","Humid","26.25","0","44.00","378176.76","SABD0000000001","AAV1.0.0.11","4.0.0.2323","PSt7-10","170328-019","7/29/2022 11:23:46 AM","0000-00","0","no battery","V","","µV","","µV"
"08/09/2022","11:02:16","6","default","383292078","Oxt_06","60.229","min","105.836","%a.s.","Humid","19.744","deg","38378","µV","28.188","°C","1016.000","hPa","36.4","pmil","0","55.390","deg","20.000","°C","100.000","%a.s.","21.720","deg","20.000","°C","977.000","hPa","0.861","-0.02617","0.00035","0","0","13.56","Humid","26.25","0","44.00","378171.42","SABD0000000001","AAV1.0.0.11","4.0.0.2323","PSt7-10","170328-019","7/29/2022 11:23:46 AM","0000-00","0","no battery","V","","µV","","µV"
"08/09/2022","11:02:17","6","default","383292078","Oxt_06","60.245","min","105.846","%a.s.","Humid","19.742","deg","38381","µV","28.197","°C","1016.000","hPa","36.4","pmil","0","55.390","deg","20.000","°C","100.000","%a.s.","21.720","deg","20.000","°C","977.000","hPa","0.861","-0.02617","0.00035","0","0","13.56","Humid","26.25","0","44.00","378166.33","SABD0000000001","AAV1.0.0.11","4.0.0.2323","PSt7-10","170328-019","7/29/2022 11:23:46 AM","0000-00","0","no battery","V","","µV","","µV"

"Date","Time","delta_t","Device_Serial","Channel","User","Annotation"
