"Plot Title: CT_515_Varari"
"#","Date Time, GMT-10:00","High Range, μS/cm (LGR S/N: 21113515, SEN S/N: 21113515)","Temp, °C (LGR S/N: 21113515, SEN S/N: 21113515)","Specific Conductance, μS/cm (LGR S/N: 21113515)","Salinity, ppt (LGR S/N: 21113515)"
1,06/07/21 01:20:00 PM,0.0,24.01,,
2,06/07/21 01:40:00 PM,0.0,24.28,,
3,06/07/21 02:00:00 PM,0.0,24.08,,
4,06/07/21 02:20:00 PM,0.0,23.97,,
5,06/07/21 02:40:00 PM,0.0,24.15,,
6,06/07/21 03:00:00 PM,0.0,25.22,,
7,06/07/21 03:20:00 PM,50168.5,28.68,53785.7,35.5357
8,06/07/21 03:40:00 PM,53045.0,28.76,56790.0,37.7821
9,06/07/21 04:00:00 PM,52660.2,28.74,56398.5,37.4880
10,06/07/21 04:20:00 PM,52356.5,28.69,56125.1,37.2829
11,06/07/21 04:40:00 PM,52054.8,28.68,55811.6,37.0480
12,06/07/21 05:00:00 PM,51763.4,28.60,55581.9,36.8760
13,06/07/21 05:20:00 PM,51618.4,28.55,55478.0,36.7982
14,06/07/21 05:40:00 PM,51502.0,28.50,55404.7,36.7434
15,06/07/21 06:00:00 PM,51498.0,28.46,55442.0,36.7713
16,06/07/21 06:20:00 PM,51490.0,28.40,55496.0,36.8117
17,06/07/21 06:40:00 PM,51482.0,28.35,55539.6,36.8443
18,06/07/21 07:00:00 PM,51614.4,28.29,55745.6,36.9985
19,06/07/21 07:20:00 PM,51739.2,28.23,55943.8,37.1470
20,06/07/21 07:40:00 PM,51892.7,28.19,56152.4,37.3034
21,06/07/21 08:00:00 PM,51836.1,28.15,56133.4,37.2891
22,06/07/21 08:20:00 PM,51771.5,28.10,56116.3,37.2763
23,06/07/21 08:40:00 PM,51727.1,28.04,56131.6,37.2878
24,06/07/21 09:00:00 PM,51694.9,27.96,56181.6,37.3253
25,06/07/21 09:20:00 PM,51630.5,27.91,56164.6,37.3125
26,06/07/21 09:40:00 PM,51618.4,27.83,56236.6,37.3665
27,06/07/21 10:00:00 PM,51526.1,27.78,56189.1,37.3309
28,06/07/21 10:20:00 PM,51538.1,27.71,56276.9,37.3968
29,06/07/21 10:40:00 PM,51466.0,27.68,56230.1,37.3617
30,06/07/21 11:00:00 PM,51490.0,27.65,56288.5,37.4054
31,06/07/21 11:20:00 PM,51437.9,27.64,56242.1,37.3707
32,06/07/21 11:40:00 PM,51441.9,27.64,56246.5,37.3739
33,06/08/21 12:00:00 AM,51458.0,27.61,56296.2,37.4112
34,06/08/21 12:20:00 AM,51462.0,27.62,56289.9,37.4065
35,06/08/21 12:40:00 AM,51462.0,27.62,56289.9,37.4065
36,06/08/21 01:00:00 AM,51478.0,27.66,56264.6,37.3876
37,06/08/21 01:20:00 AM,51506.0,27.68,56273.9,37.3945
38,06/08/21 01:40:00 AM,51445.9,27.70,56186.8,37.3292
39,06/08/21 02:00:00 AM,51502.0,27.70,56248.1,37.3752
40,06/08/21 02:20:00 AM,51530.1,27.70,56278.9,37.3982
41,06/08/21 02:40:00 AM,51514.1,27.71,56250.7,37.3771
42,06/08/21 03:00:00 AM,51542.1,27.70,56292.0,37.4081
43,06/08/21 03:20:00 AM,51526.1,27.70,56274.5,37.3950
44,06/08/21 03:40:00 AM,51522.1,27.71,56259.4,37.3837
45,06/08/21 04:00:00 AM,51590.3,27.74,56301.9,37.4156
46,06/08/21 04:20:00 AM,51574.3,27.70,56327.2,37.4345
47,06/08/21 04:40:00 AM,51594.3,27.68,56370.5,37.4670
48,06/08/21 05:00:00 AM,51610.4,27.71,56356.0,37.4561
49,06/08/21 05:20:00 AM,51618.4,27.69,56386.1,37.4787
50,06/08/21 05:40:00 AM,51614.4,27.70,56371.1,37.4674
51,06/08/21 06:00:00 AM,51598.4,27.69,56364.3,37.4623
52,06/08/21 06:20:00 AM,51658.7,27.66,56462.4,37.5360
53,06/08/21 06:40:00 AM,51582.3,27.62,56421.6,37.5054
54,06/08/21 07:00:00 AM,51678.8,27.68,56462.9,37.5364
55,06/08/21 07:20:00 AM,51654.6,27.65,56468.6,37.5406
56,06/08/21 07:40:00 AM,51755.4,27.66,56568.2,37.6154
57,06/08/21 08:00:00 AM,51751.3,27.69,56531.5,37.5879
58,06/08/21 08:20:00 AM,51703.0,27.71,56457.2,37.5321
59,06/08/21 08:40:00 AM,51707.0,27.71,56461.6,37.5354
60,06/08/21 09:00:00 AM,51658.7,27.75,56366.0,37.4636
61,06/08/21 09:20:00 AM,51578.3,27.78,56246.1,37.3737
62,06/08/21 09:40:00 AM,51482.0,27.82,56098.4,37.2629
63,06/08/21 10:00:00 AM,51365.9,27.87,55918.7,37.1282
64,06/08/21 10:20:00 AM,51134.8,27.93,55603.6,36.8922
65,06/08/21 10:40:00 AM,50936.6,28.02,55293.5,36.6602
66,06/08/21 11:00:00 AM,50590.0,28.11,54823.4,36.3090
67,06/08/21 11:20:00 AM,50324.1,28.20,54442.2,36.0246
68,06/08/21 11:40:00 AM,50013.5,28.31,53993.6,35.6903
69,06/08/21 12:00:00 PM,49647.8,28.38,53527.5,35.3437
70,06/08/21 12:20:00 PM,49399.4,28.33,53309.5,35.1817
71,06/08/21 12:40:00 PM,49152.6,28.33,53042.7,34.9836
72,06/08/21 01:00:00 PM,48929.8,28.40,52732.3,34.7534
73,06/08/21 01:20:00 PM,48715.8,28.51,52392.7,34.5019
74,06/08/21 01:40:00 PM,48476.9,28.55,52096.2,34.2824
75,06/08/21 02:00:00 PM,48154.5,28.59,51710.3,33.9971
76,06/08/21 02:20:00 PM,47853.0,28.64,51337.7,33.7221
77,06/08/21 02:40:00 PM,47499.4,28.63,50967.3,33.4490
78,06/08/21 03:00:00 PM,47354.5,28.58,50859.3,33.3695
79,06/08/21 03:20:00 PM,47113.1,28.62,50561.6,33.1503
80,06/08/21 03:40:00 PM,46912.5,28.63,50336.5,32.9848
81,06/08/21 04:00:00 PM,46769.9,28.58,50230.5,32.9068
82,06/08/21 04:20:00 PM,46656.1,28.51,50174.1,32.8654
83,06/08/21 04:40:00 PM,46535.7,28.49,50063.3,32.7840
84,06/08/21 05:00:00 PM,46429.7,28.44,49996.1,32.7347
85,06/08/21 05:20:00 PM,46302.9,28.38,49915.8,32.6757
86,06/08/21 05:40:00 PM,46292.4,28.36,49923.3,32.6812
87,06/08/21 06:00:00 PM,46236.2,28.29,49928.5,32.6850
88,06/08/21 06:20:00 PM,46180.1,28.24,49915.0,32.6751
89,06/08/21 06:40:00 PM,46113.6,28.19,49890.1,32.6568
90,06/08/21 07:00:00 PM,46103.1,28.19,49878.8,32.6485
91,06/08/21 07:20:00 PM,46029.8,28.14,49846.5,32.6248
92,06/08/21 07:40:00 PM,45925.3,28.07,49799.1,32.5900
93,06/08/21 08:00:00 PM,45956.6,28.01,49889.8,32.6566
94,06/08/21 08:20:00 PM,45862.7,27.98,49816.0,32.6025
95,06/08/21 08:40:00 PM,45967.0,27.97,49939.0,32.6927
96,06/08/21 09:00:00 PM,45932.2,27.95,49920.0,32.6788
97,06/08/21 09:20:00 PM,45921.8,27.89,49965.6,32.7122
98,06/08/21 09:40:00 PM,45869.6,27.87,49927.7,32.6844
99,06/08/21 10:00:00 PM,45887.0,27.84,49975.1,32.7192
100,06/08/21 10:20:00 PM,45869.6,27.79,50003.7,32.7402
101,06/08/21 10:40:00 PM,45817.6,27.77,49965.9,32.7125
102,06/08/21 11:00:00 PM,45800.2,27.71,50004.0,32.7404
103,06/08/21 11:20:00 PM,45800.2,27.66,50051.6,32.7754
104,06/08/21 11:40:00 PM,45737.9,27.61,50031.1,32.7603
105,06/09/21 12:00:00 AM,45699.8,27.55,50046.6,32.7717
106,06/09/21 12:20:00 AM,45720.6,27.50,50117.2,32.8236
107,06/09/21 12:40:00 AM,45648.0,27.46,50075.8,32.7931
108,06/09/21 01:00:00 AM,45613.5,27.41,50085.7,32.8004
109,06/09/21 01:20:00 AM,45575.5,27.38,50072.6,32.7909
110,06/09/21 01:40:00 AM,45558.3,27.32,50111.2,32.8192
111,06/09/21 02:00:00 AM,45541.1,27.30,50111.4,32.8194
112,06/09/21 02:20:00 AM,45517.0,27.28,50104.1,32.8140
113,06/09/21 02:40:00 AM,45489.5,27.26,50093.0,32.8058
114,06/09/21 03:00:00 AM,45465.4,27.24,50085.6,32.8004
115,06/09/21 03:20:00 AM,45420.8,27.21,50065.2,32.7854
116,06/09/21 03:40:00 AM,45331.7,27.17,50005.2,32.7413
117,06/09/21 04:00:00 AM,45277.0,27.13,49983.1,32.7251
118,06/09/21 04:20:00 AM,45321.4,27.13,50032.2,32.7612
119,06/09/21 04:40:00 AM,45161.0,27.10,49883.7,32.6521
120,06/09/21 05:00:00 AM,45263.3,27.12,49977.6,32.7211
121,06/09/21 05:20:00 AM,45120.1,27.10,49838.5,32.6189
122,06/09/21 05:40:00 AM,45164.4,27.10,49887.4,32.6549
123,06/09/21 06:00:00 AM,45123.5,27.07,49870.9,32.6428
124,06/09/21 06:20:00 AM,45096.3,27.06,49850.4,32.6277
125,06/09/21 06:40:00 AM,45035.1,27.03,49811.4,32.5991
126,06/09/21 07:00:00 AM,45092.9,27.06,49846.7,32.6249
127,06/09/21 07:20:00 AM,45062.3,27.03,49841.5,32.6212
128,06/09/21 07:40:00 AM,44950.4,27.04,49708.1,32.5233
129,06/09/21 08:00:00 AM,44953.7,27.12,49635.4,32.4700
130,06/09/21 08:20:00 AM,44882.7,27.24,49443.0,32.3289
131,06/09/21 08:40:00 AM,44825.3,27.38,49247.5,32.1857
132,06/09/21 09:00:00 AM,44794.9,27.55,49054.5,32.0443
133,06/09/21 09:20:00 AM,44717.4,27.62,48904.2,31.9343
134,06/09/21 09:40:00 AM,44673.7,27.75,48735.4,31.8109
135,06/09/21 10:00:00 AM,44559.6,27.77,48592.3,31.7063
136,06/09/21 10:20:00 AM,44375.9,27.82,48345.7,31.5262
137,06/09/21 10:40:00 AM,44375.9,27.92,48253.9,31.4591
138,06/09/21 11:00:00 AM,44289.3,27.93,48150.5,31.3837
139,06/09/21 11:20:00 AM,44232.9,27.98,48043.4,31.3056
140,06/09/21 11:40:00 AM,44252.8,27.98,48065.1,31.3214
141,06/09/21 12:00:00 PM,44209.7,28.05,47954.5,31.2407
142,06/09/21 12:20:00 PM,44126.8,28.05,47864.4,31.1751
143,06/09/21 12:40:00 PM,44123.5,28.10,47815.5,31.1394
144,06/09/21 01:00:00 PM,44090.5,28.10,47779.7,31.1133
145,06/09/21 01:20:00 PM,44047.5,28.13,47705.9,31.0595
146,06/09/21 01:40:00 PM,44021.1,28.18,47632.1,31.0058
147,06/09/21 02:00:00 PM,43998.0,28.22,47571.1,30.9613
148,06/09/21 02:20:00 PM,44021.1,28.26,47560.1,30.9533
149,06/09/21 02:40:00 PM,43978.3,28.32,47459.9,30.8804
150,06/09/21 03:00:00 PM,43958.5,28.35,47411.6,30.8453
151,06/09/21 03:20:00 PM,43928.9,28.36,47370.7,30.8155
152,06/09/21 03:40:00 PM,43909.1,28.38,47331.4,30.7869
153,06/09/21 04:00:00 PM,43843.4,28.38,47260.5,30.7353
154,06/09/21 04:20:00 PM,43810.6,28.40,47207.3,30.6966
155,06/09/21 04:40:00 PM,43820.5,28.42,47200.1,30.6914
156,06/09/21 05:00:00 PM,43833.6,28.38,47249.9,30.7276
157,06/09/21 05:20:00 PM,43751.7,28.33,47206.1,30.6957
158,06/09/21 05:40:00 PM,43568.8,28.28,47052.9,30.5844
159,06/09/21 06:00:00 PM,43559.1,28.23,47086.9,30.6091
160,06/09/21 06:20:00 PM,43578.6,28.22,47117.0,30.6309
161,06/09/21 06:40:00 PM,43575.4,28.19,47140.3,30.6479
162,06/09/21 07:00:00 PM,43565.6,28.16,47156.4,30.6596
163,06/09/21 07:20:00 PM,43585.1,28.14,47195.4,30.6880
164,06/09/21 07:40:00 PM,43575.4,28.13,47193.9,30.6869
165,06/09/21 08:00:00 PM,43585.1,28.11,47222.3,30.7075
166,06/09/21 08:20:00 PM,43555.8,28.09,47208.4,30.6974
167,06/09/21 08:40:00 PM,43598.2,28.09,47254.4,30.7309
168,06/09/21 09:00:00 PM,43559.1,28.06,47238.8,30.7196
169,06/09/21 09:20:00 PM,43581.9,28.05,47272.6,30.7441
170,06/09/21 09:40:00 PM,43627.5,28.05,47322.1,30.7801
171,06/09/21 10:00:00 PM,43647.1,28.05,47343.4,30.7956
172,06/09/21 10:20:00 PM,43604.7,28.01,47333.2,30.7882
173,06/09/21 10:40:00 PM,43624.2,28.02,47345.5,30.7971
174,06/09/21 11:00:00 PM,43604.7,28.01,47333.2,30.7882
175,06/09/21 11:20:00 PM,43598.2,27.98,47353.1,30.8027
176,06/09/21 11:40:00 PM,43575.4,27.97,47337.3,30.7912
177,06/10/21 12:00:00 AM,43565.6,27.95,47344.7,30.7965
178,06/10/21 12:20:00 AM,43578.6,27.93,47376.8,30.8199
179,06/10/21 12:40:00 AM,43575.4,27.95,47355.3,30.8043
180,06/10/21 01:00:00 AM,43591.6,27.92,47400.0,30.8368
181,06/10/21 01:20:00 AM,43520.0,27.89,47349.0,30.7997
182,06/10/21 01:40:00 AM,43526.5,27.87,47374.1,30.8180
183,06/10/21 02:00:00 AM,43549.3,27.82,47444.0,30.8689
184,06/10/21 02:20:00 AM,43497.3,27.79,47414.4,30.8473
185,06/10/21 02:40:00 AM,43494.0,27.75,47446.9,30.8710
186,06/10/21 03:00:00 AM,43481.0,27.73,47450.8,30.8738
187,06/10/21 03:20:00 AM,43468.0,27.70,47463.7,30.8832
188,06/10/21 03:40:00 AM,43438.8,27.66,47468.0,30.8863
189,06/10/21 04:00:00 AM,43432.4,27.65,47470.0,30.8878
190,06/10/21 04:20:00 AM,43403.2,27.64,47447.1,30.8711
191,06/10/21 04:40:00 AM,43390.2,27.60,47469.1,30.8871
192,06/10/21 05:00:00 AM,43299.6,27.55,47415.1,30.8478
193,06/10/21 05:20:00 AM,43228.6,27.52,47364.5,30.8109
194,06/10/21 05:40:00 AM,43225.4,27.50,47379.0,30.8216
195,06/10/21 06:00:00 AM,43212.5,27.48,47383.0,30.8244
196,06/10/21 06:20:00 AM,43090.3,27.46,47266.9,30.7400
197,06/10/21 06:40:00 AM,43151.4,27.44,47352.1,30.8020
198,06/10/21 07:00:00 AM,43157.8,27.44,47359.2,30.8071
199,06/10/21 07:20:00 AM,43080.7,27.43,47283.5,30.7521
200,06/10/21 07:40:00 AM,43135.3,27.44,47334.5,30.7891
201,06/10/21 08:00:00 AM,43128.8,27.46,47309.2,30.7708
202,06/10/21 08:20:00 AM,43099.9,27.52,47223.3,30.7083
203,06/10/21 08:40:00 AM,43128.8,27.57,47209.9,30.6985
204,06/10/21 09:00:00 AM,43167.4,27.64,47189.1,30.6834
205,06/10/21 09:20:00 AM,43161.0,27.61,47209.1,30.6979
206,06/10/21 09:40:00 AM,43077.4,27.65,47081.6,30.6052
207,06/10/21 10:00:00 AM,43119.2,27.84,46957.0,30.5147
208,06/10/21 10:20:00 AM,43138.5,28.02,46817.6,30.4134
209,06/10/21 10:40:00 AM,43128.8,28.16,46683.0,30.3157
210,06/10/21 11:00:00 AM,43125.6,28.32,46538.4,30.2107
211,06/10/21 11:20:00 AM,43122.4,28.41,46455.8,30.1509
212,06/10/21 11:40:00 AM,43087.1,28.50,46339.0,30.0661
213,06/10/21 12:00:00 PM,43093.5,28.59,46267.3,30.0142
214,06/10/21 12:20:00 PM,43128.8,28.68,46226.9,29.9848
215,06/10/21 12:40:00 PM,43096.7,28.74,46140.3,29.9221
216,06/10/21 01:00:00 PM,43090.3,28.82,46064.1,29.8669
217,06/10/21 01:20:00 PM,43125.6,28.90,46032.7,29.8442
218,06/10/21 01:40:00 PM,43074.2,29.04,45857.3,29.7172
219,06/10/21 02:00:00 PM,43064.6,29.08,45812.7,29.6849
220,06/10/21 02:20:00 PM,43048.6,29.12,45761.4,29.6478
221,06/10/21 02:40:00 PM,42984.5,29.16,45659.0,29.5737
222,06/10/21 03:00:00 PM,42974.9,29.16,45648.8,29.5663
223,06/10/21 03:20:00 PM,42994.1,29.31,45541.4,29.4887
224,06/10/21 03:40:00 PM,42917.3,29.27,45493.9,29.4543
225,06/10/21 04:00:00 PM,42962.1,29.21,45592.5,29.5256
226,06/10/21 04:20:00 PM,42879.0,29.26,45461.7,29.4311
227,06/10/21 04:40:00 PM,42888.6,29.21,45514.4,29.4692
228,06/10/21 05:00:00 PM,42856.7,29.16,45523.0,29.4754
229,06/10/21 05:20:00 PM,42789.8,29.10,45502.8,29.4608
230,06/10/21 05:40:00 PM,42754.8,29.07,45491.1,29.4523
231,06/10/21 06:00:00 PM,42707.2,29.00,45500.0,29.4588
232,06/10/21 06:20:00 PM,42710.3,28.98,45520.4,29.4735
233,06/10/21 06:40:00 PM,42742.1,28.94,45588.5,29.5227
234,06/10/21 07:00:00 PM,42650.1,28.90,45524.3,29.4764
235,06/10/21 07:20:00 PM,42688.1,28.87,45590.6,29.5243
236,06/10/21 07:40:00 PM,42650.1,28.85,45567.1,29.5073
237,06/10/21 08:00:00 PM,42659.6,28.82,45602.9,29.5332
238,06/10/21 08:20:00 PM,42688.1,28.80,45650.6,29.5677
239,06/10/21 08:40:00 PM,42643.7,28.77,45628.8,29.5519
240,06/10/21 09:00:00 PM,42602.6,28.72,45627.6,29.5510
241,06/10/21 09:20:00 PM,42643.7,28.72,45671.7,29.5829
242,06/10/21 09:40:00 PM,42618.4,28.69,45670.3,29.5819
243,06/10/21 10:00:00 PM,42510.9,28.64,45597.8,29.5295
244,06/10/21 10:20:00 PM,42602.6,28.64,45696.4,29.6008
245,06/10/21 10:40:00 PM,42627.9,28.59,45766.6,29.6516
246,06/10/21 11:00:00 PM,42631.0,28.59,45770.0,29.6540
247,06/10/21 11:20:00 PM,42643.7,28.55,45818.1,29.6889
248,06/10/21 11:40:00 PM,42634.2,28.53,45825.2,29.6940
249,06/11/21 12:00:00 AM,42640.6,28.49,45866.7,29.7240
250,06/11/21 12:20:00 AM,42602.6,28.44,45869.0,29.7257
251,06/11/21 12:40:00 AM,42605.7,28.40,45907.0,29.7532
252,06/11/21 01:00:00 AM,42567.8,28.36,45900.8,29.7487
253,06/11/21 01:20:00 AM,42567.8,28.31,45944.2,29.7801
254,06/11/21 01:40:00 AM,42561.4,28.31,45937.3,29.7751
255,06/11/21 02:00:00 AM,42514.1,28.27,45920.9,29.7633
256,06/11/21 02:20:00 AM,42533.0,28.22,45984.9,29.8096
257,06/11/21 02:40:00 AM,42514.1,28.18,45999.3,29.8200
258,06/11/21 03:00:00 AM,42533.0,28.13,46063.4,29.8664
259,06/11/21 03:20:00 AM,42457.3,28.07,46033.6,29.8449
260,06/11/21 03:40:00 AM,42394.3,28.02,46008.9,29.8270
261,06/11/21 04:00:00 AM,42394.3,28.00,46026.4,29.8396
262,06/11/21 04:20:00 AM,42344.0,27.96,46006.7,29.8253
263,06/11/21 04:40:00 AM,42347.2,27.93,46036.4,29.8469
264,06/11/21 05:00:00 AM,42331.5,27.92,46028.0,29.8408
265,06/11/21 05:20:00 AM,42297.0,27.89,46016.7,29.8326
266,06/11/21 05:40:00 AM,42290.7,27.88,46018.6,29.8340
267,06/11/21 06:00:00 AM,42297.0,27.86,46043.0,29.8517
268,06/11/21 06:20:00 AM,42275.0,27.84,46036.6,29.8470
269,06/11/21 06:40:00 AM,42243.7,27.80,46037.5,29.8477
270,06/11/21 07:00:00 AM,42253.1,27.79,46056.5,29.8614
271,06/11/21 07:20:00 AM,42287.6,27.77,46111.7,29.9014
272,06/11/21 07:40:00 AM,42265.6,27.77,46087.7,29.8840
273,06/11/21 08:00:00 AM,42281.3,27.75,46122.4,29.9092
274,06/11/21 08:20:00 AM,42212.4,27.74,46056.0,29.8610
275,06/11/21 08:40:00 AM,42237.4,27.70,46118.4,29.9063
276,06/11/21 09:00:00 AM,42212.4,27.68,46108.7,29.8992
277,06/11/21 09:20:00 AM,42187.4,27.65,46107.7,29.8985
278,06/11/21 09:40:00 AM,42212.4,27.62,46161.5,29.9375
279,06/11/21 10:00:00 AM,42162.4,27.59,46133.2,29.9170
280,06/11/21 10:20:00 AM,42131.2,27.56,46125.5,29.9114
281,06/11/21 10:40:00 AM,42168.6,27.55,46175.3,29.9475
282,06/11/21 11:00:00 AM,42159.3,27.57,46147.4,29.9273
283,06/11/21 11:20:00 AM,42206.1,27.61,46163.4,29.9389
284,06/11/21 11:40:00 AM,42240.6,27.60,46210.0,29.9727
285,06/11/21 12:00:00 PM,42206.1,27.61,46163.4,29.9389
286,06/11/21 12:20:00 PM,42231.2,27.64,46164.5,29.9396
287,06/11/21 12:40:00 PM,42196.8,27.68,46091.6,29.8869
288,06/11/21 01:00:00 PM,42212.4,27.71,46082.3,29.8801
289,06/11/21 01:20:00 PM,42156.1,27.74,45994.5,29.8165
290,06/11/21 01:40:00 PM,42190.5,27.74,46032.0,29.8437
291,06/11/21 02:00:00 PM,42184.2,27.78,45990.1,29.8133
292,06/11/21 02:20:00 PM,42162.4,27.79,45957.5,29.7898
293,06/11/21 02:40:00 PM,42174.9,27.89,45883.7,29.7363
294,06/11/21 03:00:00 PM,42140.5,27.93,45811.4,29.6840
295,06/11/21 03:20:00 PM,42174.9,27.96,45822.7,29.6922
296,06/11/21 03:40:00 PM,42168.6,27.98,45798.4,29.6746
297,06/11/21 04:00:00 PM,42115.6,27.98,45740.8,29.6329
298,06/11/21 04:20:00 PM,42165.5,27.97,45803.8,29.6785
299,06/11/21 04:40:00 PM,42143.6,27.96,45788.6,29.6675
300,06/11/21 05:00:00 PM,42121.8,27.95,45773.6,29.6566
301,06/11/21 05:20:00 PM,42159.3,27.92,45840.6,29.7051
302,06/11/21 05:40:00 PM,42134.3,27.91,45822.1,29.6917
303,06/11/21 06:00:00 PM,42106.2,27.88,45817.6,29.6885
304,06/11/21 06:20:00 PM,42022.1,27.84,45760.8,29.6474
305,06/11/21 06:40:00 PM,42078.2,27.80,45856.9,29.7169
306,06/11/21 07:00:00 PM,42078.2,27.78,45874.4,29.7296
307,06/11/21 07:20:00 PM,41950.7,27.74,45770.1,29.6541
308,06/11/21 07:40:00 PM,42006.6,27.71,45857.4,29.7173
309,06/11/21 08:00:00 PM,42025.2,27.68,45904.0,29.7510
310,06/11/21 08:20:00 PM,42025.2,27.68,45904.0,29.7510
311,06/11/21 08:40:00 PM,42071.9,27.65,45981.4,29.8070
312,06/11/21 09:00:00 PM,42037.7,27.65,45943.9,29.7799
313,06/11/21 09:20:00 PM,42031.5,27.64,45945.9,29.7814
314,06/11/21 09:40:00 PM,41969.3,27.60,45912.9,29.7575
315,06/11/21 10:00:00 PM,42050.1,27.57,46027.8,29.8406
316,06/11/21 10:20:00 PM,41994.1,27.55,45984.0,29.8089
317,06/11/21 10:40:00 PM,41947.6,27.52,45959.4,29.7911
318,06/11/21 11:00:00 PM,41947.6,27.50,45976.9,29.8038
319,06/11/21 11:20:00 PM,41960.0,27.44,46043.4,29.8519
320,06/11/21 11:40:00 PM,41997.2,27.44,46084.2,29.8815
321,06/12/21 12:00:00 AM,42031.5,27.44,46121.9,29.9088
322,06/12/21 12:20:00 AM,42065.7,27.48,46124.2,29.9104
323,06/12/21 12:40:00 AM,42050.1,27.50,46089.4,29.8853
324,06/12/21 01:00:00 AM,42075.0,27.51,46107.9,29.8987
325,06/12/21 01:20:00 AM,42068.8,27.51,46101.1,29.8937
326,06/12/21 01:40:00 AM,42037.7,27.51,46067.0,29.8690
327,06/12/21 02:00:00 AM,41994.1,27.50,46028.0,29.8408
328,06/12/21 02:20:00 AM,41997.2,27.51,46022.6,29.8368
329,06/12/21 02:40:00 AM,42031.5,27.51,46060.2,29.8641
330,06/12/21 03:00:00 AM,42006.6,27.51,46032.9,29.8443
331,06/12/21 03:20:00 AM,41984.8,27.46,46053.0,29.8589
332,06/12/21 03:40:00 AM,41932.0,27.42,46030.2,29.8424
333,06/12/21 04:00:00 AM,41932.0,27.37,46074.3,29.8744
334,06/12/21 04:20:00 AM,41891.7,27.34,46056.5,29.8614
335,06/12/21 04:40:00 AM,41851.5,27.33,46021.1,29.8358
336,06/12/21 05:00:00 AM,41839.1,27.30,46033.9,29.8451
337,06/12/21 05:20:00 AM,41792.8,27.26,46018.2,29.8337
338,06/12/21 05:40:00 AM,41771.1,27.25,46003.1,29.8228
339,06/12/21 06:00:00 AM,41777.3,27.24,46018.8,29.8341
340,06/12/21 06:20:00 AM,41731.0,27.22,45985.4,29.8099
341,06/12/21 06:40:00 AM,41724.9,27.19,46005.2,29.8242
342,06/12/21 07:00:00 AM,41740.3,27.17,46039.8,29.8494
343,06/12/21 07:20:00 AM,41724.9,27.16,46031.7,29.8435
344,06/12/21 07:40:00 AM,41731.0,27.16,46038.4,29.8483
345,06/12/21 08:00:00 AM,41737.2,27.12,46080.7,29.8789
346,06/12/21 08:20:00 AM,41755.7,27.16,46065.7,29.8681
347,06/12/21 08:40:00 AM,41765.0,27.19,46049.4,29.8563
348,06/12/21 09:00:00 AM,41814.4,27.32,45989.1,29.8126
349,06/12/21 09:20:00 AM,41774.2,27.51,45777.9,29.6598
350,06/12/21 09:40:00 AM,41820.6,27.48,45855.1,29.7156
351,06/12/21 10:00:00 AM,41860.8,27.51,45872.9,29.7285
352,06/12/21 10:20:00 AM,41854.6,27.78,45630.3,29.5530
353,06/12/21 10:40:00 AM,41925.8,27.83,45664.5,29.5777
354,06/12/21 11:00:00 AM,41916.5,27.91,45584.9,29.5201
355,06/12/21 11:20:00 AM,41972.4,27.95,45611.1,29.5391
356,06/12/21 11:40:00 AM,41941.4,27.93,45594.7,29.5272
357,06/12/21 12:00:00 PM,42019.0,28.01,45609.7,29.5381
358,06/12/21 12:20:00 PM,42009.7,28.18,45452.8,29.4246
359,06/12/21 12:40:00 PM,42025.2,28.15,45495.4,29.4555
360,06/12/21 01:00:00 PM,42012.8,28.24,45404.5,29.3897
361,06/12/21 01:20:00 PM,42059.5,28.41,45309.1,29.3208
362,06/12/21 01:40:00 PM,42078.2,28.41,45329.3,29.3354
363,06/12/21 02:00:00 PM,42040.8,28.36,45331.7,29.3372
364,06/12/21 02:20:00 PM,42025.2,28.49,45203.7,29.2447
365,06/12/21 02:40:00 PM,42053.2,28.41,45302.3,29.3159
366,06/12/21 03:00:00 PM,42037.7,28.47,45234.3,29.2668
367,06/12/21 03:20:00 PM,42015.9,28.49,45193.7,29.2375
368,06/12/21 03:40:00 PM,41984.8,28.40,45237.0,29.2688
369,06/12/21 04:00:00 PM,41994.1,28.44,45212.9,29.2513
370,06/12/21 04:20:00 PM,41963.1,28.40,45213.6,29.2519
371,06/12/21 04:40:00 PM,41987.9,28.37,45266.1,29.2897
372,06/12/21 05:00:00 PM,41950.7,28.33,45260.1,29.2854
373,06/12/21 05:20:00 PM,41867.0,28.29,45203.9,29.2448
374,06/12/21 05:40:00 PM,41888.7,28.26,45253.0,29.2803
375,06/12/21 06:00:00 PM,41845.3,28.20,45257.5,29.2835
376,06/12/21 06:20:00 PM,41808.2,28.14,45268.8,29.2917
377,06/12/21 06:40:00 PM,41755.7,28.07,45271.9,29.2940
378,06/12/21 07:00:00 PM,41789.7,28.05,45326.1,29.3331
379,06/12/21 07:20:00 PM,41746.5,28.00,45322.2,29.3303
380,06/12/21 07:40:00 PM,41743.4,27.98,45336.0,29.3403
381,06/12/21 08:00:00 PM,41743.4,27.96,45353.3,29.3527
382,06/12/21 08:20:00 PM,41709.5,27.91,45359.5,29.3572
383,06/12/21 08:40:00 PM,41783.5,27.92,45431.4,29.4092
384,06/12/21 09:00:00 PM,41737.2,27.89,45406.9,29.3915
385,06/12/21 09:20:00 PM,41737.2,27.86,45432.9,29.4102
386,06/12/21 09:40:00 PM,41697.2,27.83,45415.2,29.3975
387,06/12/21 10:00:00 PM,41749.5,27.84,45463.6,29.4324
388,06/12/21 10:20:00 PM,41706.4,27.80,45451.2,29.4235
389,06/12/21 10:40:00 PM,41706.4,27.80,45451.2,29.4235
390,06/12/21 11:00:00 PM,41743.4,27.79,45500.3,29.4589
391,06/12/21 11:20:00 PM,41718.7,27.79,45473.3,29.4395
392,06/12/21 11:40:00 PM,41718.7,27.78,45482.0,29.4457
393,06/13/21 12:00:00 AM,41783.5,27.80,45535.3,29.4843
394,06/13/21 12:20:00 AM,41795.9,27.79,45557.6,29.5004
395,06/13/21 12:40:00 AM,41768.1,27.77,45544.6,29.4910
396,06/13/21 01:00:00 AM,41771.1,27.74,45573.9,29.5122
397,06/13/21 01:20:00 AM,41761.9,27.70,45598.6,29.5301
398,06/13/21 01:40:00 AM,41743.4,27.66,45613.2,29.5406
399,06/13/21 02:00:00 AM,41734.1,27.64,45620.4,29.5458
400,06/13/21 02:20:00 AM,41684.8,27.60,45601.3,29.5320
401,06/13/21 02:40:00 AM,41694.1,27.56,45646.4,29.5646
402,06/13/21 03:00:00 AM,41694.1,27.52,45681.3,29.5899
403,06/13/21 03:20:00 AM,41718.7,27.50,45725.8,29.6220
404,06/13/21 03:40:00 AM,41697.2,27.46,45737.2,29.6303
405,06/13/21 04:00:00 AM,41709.5,27.43,45777.0,29.6591
406,06/13/21 04:20:00 AM,41635.6,27.39,45730.8,29.6257
407,06/13/21 04:40:00 AM,41635.6,27.35,45765.9,29.6510
408,06/13/21 05:00:00 AM,41657.1,27.33,45807.1,29.6809
409,06/13/21 05:20:00 AM,41601.8,27.30,45772.5,29.6559
410,06/13/21 05:40:00 AM,41500.6,27.25,45704.9,29.6069
411,06/13/21 06:00:00 AM,41476.2,27.22,45704.3,29.6065
412,06/13/21 06:20:00 AM,41402.8,27.19,45649.7,29.5670
413,06/13/21 06:40:00 AM,41430.3,27.17,45697.6,29.6016
414,06/13/21 07:00:00 AM,41372.3,27.17,45633.6,29.5553
415,06/13/21 07:20:00 AM,41424.2,27.16,45699.6,29.6031
416,06/13/21 07:40:00 AM,41467.0,27.19,45720.5,29.6182
417,06/13/21 08:00:00 AM,41421.2,27.21,45652.4,29.5690
418,06/13/21 08:20:00 AM,41460.9,27.35,45573.6,29.5120
419,06/13/21 08:40:00 AM,41467.0,27.35,45580.4,29.5169
420,06/13/21 09:00:00 AM,41568.1,27.59,45482.2,29.4459
421,06/13/21 09:20:00 AM,41601.8,27.57,45536.5,29.4852
422,06/13/21 09:40:00 AM,41654.1,27.78,45411.5,29.3948
423,06/13/21 10:00:00 AM,41697.2,27.80,45441.2,29.4162
424,06/13/21 10:20:00 AM,41746.5,27.96,45356.6,29.3552
425,06/13/21 10:40:00 AM,41724.9,28.20,45127.1,29.1894
426,06/13/21 11:00:00 AM,41740.3,28.14,45195.2,29.2385
427,06/13/21 11:20:00 AM,41749.5,28.14,45205.1,29.2457
428,06/13/21 11:40:00 AM,41765.0,28.10,45256.3,29.2827
429,06/13/21 12:00:00 PM,41758.8,28.09,45258.1,29.2840
430,06/13/21 12:20:00 PM,41700.2,28.09,45194.5,29.2381
431,06/13/21 12:40:00 PM,41694.1,28.09,45187.9,29.2333
432,06/13/21 01:00:00 PM,41684.8,28.10,45169.2,29.2198
433,06/13/21 01:20:00 PM,41681.8,28.13,45140.3,29.1989
434,06/13/21 01:40:00 PM,41687.9,28.16,45121.2,29.1851
435,06/13/21 02:00:00 PM,41687.9,28.22,45069.9,29.1481
436,06/13/21 02:20:00 PM,41684.8,28.20,45083.7,29.1580
437,06/13/21 02:40:00 PM,41681.8,28.23,45054.8,29.1372
438,06/13/21 03:00:00 PM,41697.2,28.28,45028.8,29.1184
439,06/13/21 03:20:00 PM,41718.7,28.36,44983.9,29.0861
440,06/13/21 03:40:00 PM,41697.2,28.44,44892.8,29.0203
441,06/13/21 04:00:00 PM,41724.9,28.41,44948.1,29.0602
442,06/13/21 04:20:00 PM,41694.1,28.38,44940.4,29.0546
443,06/13/21 04:40:00 PM,41678.7,28.37,44932.2,29.0488
444,06/13/21 05:00:00 PM,41684.8,28.35,44955.8,29.0658
445,06/13/21 05:20:00 PM,41669.4,28.32,44964.7,29.0722
446,06/13/21 05:40:00 PM,41632.5,28.28,44958.8,29.0680
447,06/13/21 06:00:00 PM,41608.0,28.26,44949.4,29.0611
448,06/13/21 06:20:00 PM,41641.8,28.20,45037.1,29.1244
449,06/13/21 06:40:00 PM,41509.8,28.14,44945.2,29.0581
450,06/13/21 07:00:00 PM,41549.7,28.14,44988.5,29.0894
451,06/13/21 07:20:00 PM,41503.7,28.10,44972.7,29.0780
452,06/13/21 07:40:00 PM,41470.0,28.06,44970.3,29.0762
453,06/13/21 08:00:00 PM,41485.3,28.02,45021.1,29.1129
454,06/13/21 08:20:00 PM,41424.2,27.98,44988.9,29.0897
455,06/13/21 08:40:00 PM,41445.6,27.96,45029.3,29.1188
456,06/13/21 09:00:00 PM,41405.9,27.91,45028.9,29.1185
457,06/13/21 09:20:00 PM,41421.2,27.88,45071.3,29.1491
458,06/13/21 09:40:00 PM,41448.6,27.86,45118.3,29.1831
459,06/13/21 10:00:00 PM,41460.9,27.84,45148.9,29.2051
460,06/13/21 10:20:00 PM,41470.0,27.80,45193.3,29.2372
461,06/13/21 10:40:00 PM,41488.4,27.79,45222.0,29.2579
462,06/13/21 11:00:00 PM,41488.4,27.75,45256.5,29.2828
463,06/13/21 11:20:00 PM,41457.8,27.73,45240.3,29.2711
464,06/13/21 11:40:00 PM,41451.7,27.70,45259.5,29.2850
465,06/14/21 12:00:00 AM,41436.4,27.66,45277.4,29.2979
466,06/14/21 12:20:00 AM,41418.1,27.61,45300.6,29.3147
467,06/14/21 12:40:00 AM,41427.3,27.59,45328.0,29.3344
468,06/14/21 01:00:00 AM,41451.7,27.56,45380.7,29.3726
469,06/14/21 01:20:00 AM,41448.6,27.56,45377.3,29.3701
470,06/14/21 01:40:00 AM,41396.7,27.52,45355.1,29.3541
471,06/14/21 02:00:00 AM,41421.2,27.53,45373.3,29.3672
472,06/14/21 02:20:00 AM,41408.9,27.53,45359.8,29.3575
473,06/14/21 02:40:00 AM,41427.3,27.60,45319.3,29.3282
474,06/14/21 03:00:00 AM,41399.8,27.56,45323.8,29.3315
475,06/14/21 03:20:00 AM,41433.4,27.60,45326.0,29.3330
476,06/14/21 03:40:00 AM,41460.9,27.62,45338.8,29.3423
477,06/14/21 04:00:00 AM,41439.5,27.59,45341.3,29.3441
478,06/14/21 04:20:00 AM,41433.4,27.59,45334.7,29.3393
479,06/14/21 04:40:00 AM,41445.6,27.56,45374.0,29.3677
480,06/14/21 05:00:00 AM,41463.9,27.61,45350.7,29.3509
481,06/14/21 05:20:00 AM,41405.9,27.61,45287.2,29.3050
482,06/14/21 05:40:00 AM,41418.1,27.60,45309.2,29.3209
483,06/14/21 06:00:00 AM,41405.9,27.61,45287.2,29.3050
484,06/14/21 06:20:00 AM,41421.2,27.60,45312.6,29.3234
485,06/14/21 06:40:00 AM,41384.5,27.60,45272.4,29.2943
486,06/14/21 07:00:00 AM,41372.3,27.60,45259.1,29.2847
487,06/14/21 07:20:00 AM,41372.3,27.60,45259.1,29.2847
488,06/14/21 07:40:00 AM,41393.7,27.60,45282.5,29.3016
489,06/14/21 08:00:00 AM,41473.1,27.71,45274.3,29.2957
490,06/14/21 08:20:00 AM,41457.8,27.73,45240.3,29.2711
491,06/14/21 08:40:00 AM,41463.9,27.86,45135.0,29.1951
492,06/14/21 09:00:00 AM,41509.8,27.95,45107.7,29.1754
493,06/14/21 09:20:00 AM,41503.7,28.04,45024.0,29.1150
494,06/14/21 09:40:00 AM,41537.4,28.14,44975.2,29.0797
495,06/14/21 10:00:00 AM,41488.4,28.09,44964.7,29.0722
496,06/14/21 10:20:00 AM,41525.1,28.15,44953.3,29.0640
497,06/14/21 10:40:00 AM,41509.8,28.29,44817.7,28.9661
498,06/14/21 11:00:00 AM,41522.1,28.49,44661.8,28.8538
499,06/14/21 11:20:00 AM,41534.3,28.54,44632.8,28.8329
500,06/14/21 11:40:00 AM,41540.5,28.55,44631.0,28.8316
501,06/14/21 12:00:00 PM,41497.6,28.62,44526.1,28.7560
502,06/14/21 12:20:00 PM,41546.6,28.71,44503.2,28.7395
503,06/14/21 12:40:00 PM,41503.7,28.80,44382.0,28.6522
504,06/14/21 01:00:00 PM,41543.5,28.77,44449.7,28.7010
505,06/14/21 01:20:00 PM,41537.4,28.71,44493.4,28.7324
506,06/14/21 01:40:00 PM,41519.0,28.65,44523.9,28.7544
507,06/14/21 02:00:00 PM,41522.1,28.64,44535.6,28.7628
508,06/14/21 02:20:00 PM,41467.0,28.72,44409.5,28.6720
509,06/14/21 02:40:00 PM,41485.3,28.78,44379.0,28.6500
510,06/14/21 03:00:00 PM,41485.3,28.74,44412.4,28.6741
511,06/14/21 03:20:00 PM,41485.3,28.67,44470.9,28.7163
512,06/14/21 03:40:00 PM,41436.4,28.63,44451.9,28.7026
513,06/14/21 04:00:00 PM,41470.0,28.62,44496.4,28.7346
514,06/14/21 04:20:00 PM,41470.0,28.59,44521.6,28.7527
515,06/14/21 04:40:00 PM,41491.5,28.53,44595.1,28.8057
516,06/14/21 05:00:00 PM,41442.5,28.49,44576.0,28.7920
517,06/14/21 05:20:00 PM,41384.5,28.45,44547.2,28.7712
518,06/14/21 05:40:00 PM,41412.0,28.40,44619.0,28.8229
519,06/14/21 06:00:00 PM,41347.9,28.32,44617.3,28.8217
520,06/14/21 06:20:00 PM,41393.7,28.29,44692.1,28.8756
521,06/14/21 06:40:00 PM,41378.4,28.24,44717.9,28.8942
522,06/14/21 07:00:00 PM,41338.8,28.19,44717.4,28.8939
523,06/14/21 07:20:00 PM,41311.4,28.15,44721.6,28.8969
524,06/14/21 07:40:00 PM,41308.4,28.10,44760.8,28.9252
525,06/14/21 08:00:00 PM,41284.0,28.06,44768.4,28.9306
526,06/14/21 08:20:00 PM,41281.0,28.02,44799.1,28.9528
527,06/14/21 08:40:00 PM,41241.5,28.00,44773.2,28.9341
528,06/14/21 09:00:00 PM,41241.5,27.96,44807.3,28.9586
529,06/14/21 09:20:00 PM,41259.7,27.95,44835.6,28.9791
530,06/14/21 09:40:00 PM,41241.5,27.93,44832.9,28.9771
531,06/14/21 10:00:00 PM,41244.5,27.92,44844.6,28.9856
532,06/14/21 10:20:00 PM,41229.3,27.89,44853.7,28.9921
533,06/14/21 10:40:00 PM,41202.0,27.88,44832.5,28.9768
534,06/14/21 11:00:00 PM,41223.3,27.84,44889.9,29.0182
535,06/14/21 11:20:00 PM,41229.3,27.82,44913.5,29.0353
536,06/14/21 11:40:00 PM,41205.1,27.79,44912.8,29.0347
537,06/15/21 12:00:00 AM,41217.2,27.78,44934.6,29.0505
538,06/15/21 12:20:00 AM,41192.9,27.78,44908.1,29.0313
539,06/15/21 12:40:00 AM,41177.8,27.78,44891.6,29.0194
540,06/15/21 01:00:00 AM,41180.8,27.77,44903.4,29.0280
541,06/15/21 01:20:00 AM,41183.8,27.78,44898.1,29.0242
542,06/15/21 01:40:00 AM,41202.0,27.78,44918.0,29.0385
543,06/15/21 02:00:00 AM,41153.5,27.78,44865.0,29.0003
544,06/15/21 02:20:00 AM,41135.4,27.79,44836.7,28.9799
545,06/15/21 02:40:00 AM,41165.6,27.79,44869.7,29.0037
546,06/15/21 03:00:00 AM,41168.7,27.80,44864.5,28.9999
547,06/15/21 03:20:00 AM,41153.5,27.79,44856.5,28.9941
548,06/15/21 03:40:00 AM,41150.5,27.82,44827.6,28.9733
549,06/15/21 04:00:00 AM,41144.4,27.80,44838.0,28.9808
550,06/15/21 04:20:00 AM,41123.3,27.79,44823.5,28.9704
551,06/15/21 04:40:00 AM,41126.3,27.80,44818.3,28.9666
552,06/15/21 05:00:00 AM,41123.3,27.80,44815.0,28.9642
553,06/15/21 05:20:00 AM,41123.3,27.79,44823.5,28.9704
554,06/15/21 05:40:00 AM,41138.4,27.78,44848.6,28.9884
555,06/15/21 06:00:00 AM,41117.2,27.75,44851.1,28.9902
556,06/15/21 06:20:00 AM,41096.0,27.74,44836.5,28.9797
557,06/15/21 06:40:00 AM,41117.2,27.75,44851.1,28.9902
558,06/15/21 07:00:00 AM,41126.3,27.75,44861.0,28.9974
559,06/15/21 07:20:00 AM,41059.8,27.77,44771.3,28.9327
560,06/15/21 07:40:00 AM,41126.3,27.77,44843.9,28.9851
561,06/15/21 08:00:00 AM,41102.1,27.79,44800.4,28.9537
562,06/15/21 08:20:00 AM,41135.4,27.83,44802.6,28.9553
563,06/15/21 08:40:00 AM,41138.4,27.87,44771.7,28.9330
564,06/15/21 09:00:00 AM,41168.7,27.92,44762.1,28.9261
565,06/15/21 09:20:00 AM,41192.9,27.98,44737.4,28.9083
566,06/15/21 09:40:00 AM,41159.6,28.05,44641.8,28.8393
567,06/15/21 10:00:00 AM,41192.9,28.07,44661.0,28.8532
568,06/15/21 10:20:00 AM,41208.1,28.11,44643.5,28.8406
569,06/15/21 10:40:00 AM,41192.9,28.14,44601.7,28.8104
570,06/15/21 11:00:00 AM,41180.8,28.16,44571.6,28.7888
571,06/15/21 11:20:00 AM,41159.6,28.22,44498.0,28.7358
572,06/15/21 11:40:00 AM,41192.9,28.27,44491.9,28.7313
573,06/15/21 12:00:00 PM,41189.9,28.28,44480.2,28.7229
574,06/15/21 12:20:00 PM,41189.9,28.28,44480.2,28.7229
575,06/15/21 12:40:00 PM,41162.6,28.29,44442.3,28.6956
576,06/15/21 01:00:00 PM,41162.6,28.35,44391.8,28.6593
577,06/15/21 01:20:00 PM,41211.1,28.37,44427.4,28.6849
578,06/15/21 01:40:00 PM,41150.5,28.35,44378.8,28.6499
579,06/15/21 02:00:00 PM,41189.9,28.36,44412.9,28.6745
580,06/15/21 02:20:00 PM,41244.5,28.51,44346.0,28.6263
581,06/15/21 02:40:00 PM,41241.5,28.47,44376.3,28.6481
582,06/15/21 03:00:00 PM,41226.3,28.44,44385.0,28.6544
583,06/15/21 03:20:00 PM,41229.3,28.41,44413.5,28.6749
584,06/15/21 03:40:00 PM,41214.2,28.41,44397.2,28.6631
585,06/15/21 04:00:00 PM,41235.4,28.38,44445.2,28.6978
586,06/15/21 04:20:00 PM,41208.1,28.33,44457.8,28.7068
587,06/15/21 04:40:00 PM,41265.8,28.28,44562.3,28.7821
588,06/15/21 05:00:00 PM,41244.5,28.26,44556.1,28.7776
589,06/15/21 05:20:00 PM,41265.8,28.19,44638.3,28.8369
590,06/15/21 05:40:00 PM,41226.3,28.13,44646.3,28.8426
591,06/15/21 06:00:00 PM,41186.9,28.07,44654.4,28.8485
592,06/15/21 06:20:00 PM,41199.0,28.05,44684.5,28.8702
593,06/15/21 06:40:00 PM,41189.9,28.00,44717.1,28.8936
594,06/15/21 07:00:00 PM,41174.7,27.96,44734.6,28.9062
595,06/15/21 07:20:00 PM,41174.7,27.91,44777.2,28.9369
596,06/15/21 07:40:00 PM,41126.3,27.87,44758.5,28.9235
597,06/15/21 08:00:00 PM,41126.3,27.84,44784.1,28.9419
598,06/15/21 08:20:00 PM,41108.1,27.80,44798.4,28.9522
599,06/15/21 08:40:00 PM,41087.0,27.77,44801.0,28.9541
600,06/15/21 09:00:00 PM,41059.8,27.75,44788.4,28.9450
601,06/15/21 09:20:00 PM,41093.0,27.74,44833.2,28.9773
602,06/15/21 09:40:00 PM,41120.2,27.73,44871.5,29.0049
603,06/15/21 10:00:00 PM,41108.1,27.70,44883.9,29.0139
604,06/15/21 10:20:00 PM,41068.8,27.68,44858.1,28.9953
605,06/15/21 10:40:00 PM,41020.5,27.65,44831.0,28.9757
606,06/15/21 11:00:00 PM,41026.6,27.60,44880.5,29.0114
607,06/15/21 11:20:00 PM,41017.5,27.61,44861.9,28.9981
608,06/15/21 11:40:00 PM,41041.7,27.62,44879.9,29.0110
609,06/16/21 12:00:00 AM,41053.7,27.64,44875.8,29.0081
610,06/16/21 12:20:00 AM,40987.4,27.62,44820.4,28.9681
611,06/16/21 12:40:00 AM,41008.5,27.61,44852.1,28.9909
612,06/16/21 01:00:00 AM,40978.3,27.64,44793.3,28.9486
613,06/16/21 01:20:00 AM,40975.3,27.65,44781.5,28.9401
614,06/16/21 01:40:00 AM,40993.4,27.68,44775.6,28.9358
615,06/16/21 02:00:00 AM,40993.4,27.66,44792.7,28.9482
616,06/16/21 02:20:00 AM,41005.5,27.66,44806.0,28.9577
617,06/16/21 02:40:00 AM,40987.4,27.65,44794.7,28.9496
618,06/16/21 03:00:00 AM,41029.6,27.64,44849.5,28.9891
619,06/16/21 03:20:00 AM,40999.4,27.60,44850.7,28.9899
620,06/16/21 03:40:00 AM,40945.2,27.60,44791.3,28.9471
621,06/16/21 04:00:00 AM,40966.3,27.60,44814.4,28.9638
622,06/16/21 04:20:00 AM,40969.3,27.60,44817.7,28.9662
623,06/16/21 04:40:00 AM,40915.1,27.60,44758.4,28.9234
624,06/16/21 05:00:00 AM,40951.2,27.61,44789.3,28.9457
625,06/16/21 05:20:00 AM,40948.2,27.60,44794.6,28.9495
626,06/16/21 05:40:00 AM,40936.2,27.61,44772.9,28.9339
627,06/16/21 06:00:00 AM,40906.1,27.61,44740.0,28.9101
628,06/16/21 06:20:00 AM,40948.2,27.61,44786.1,28.9433
629,06/16/21 06:40:00 AM,40933.2,27.62,44761.1,28.9253
630,06/16/21 07:00:00 AM,40924.2,27.61,44759.8,28.9244
631,06/16/21 07:20:00 AM,40897.1,27.61,44730.1,28.9030
632,06/16/21 07:40:00 AM,40912.1,27.59,44763.6,28.9272
633,06/16/21 08:00:00 AM,40882.1,27.61,44713.7,28.8912
634,06/16/21 08:20:00 AM,40894.1,27.66,44684.1,28.8699
635,06/16/21 08:40:00 AM,40915.1,27.66,44707.1,28.8864
636,06/16/21 09:00:00 AM,40921.2,27.69,44688.2,28.8728
637,06/16/21 09:20:00 AM,40909.1,27.70,44666.4,28.8571
638,06/16/21 09:40:00 AM,40909.1,27.75,44623.8,28.8264
639,06/16/21 10:00:00 AM,40897.1,27.78,44585.2,28.7986
640,06/16/21 10:20:00 AM,40918.2,27.82,44574.2,28.7907
641,06/16/21 10:40:00 AM,40891.1,27.88,44493.8,28.7327
642,06/16/21 11:00:00 AM,40891.1,27.96,44426.1,28.6840
643,06/16/21 11:20:00 AM,40849.1,27.98,44363.5,28.6389
644,06/16/21 11:40:00 AM,40870.1,28.04,44335.8,28.6189
645,06/16/21 12:00:00 PM,40894.1,28.09,44319.7,28.6074
646,06/16/21 12:20:00 PM,40849.1,28.11,44254.1,28.5602
647,06/16/21 12:40:00 PM,40840.1,28.13,44227.5,28.5410
648,06/16/21 01:00:00 PM,40717.3,28.07,44144.6,28.4814
649,06/16/21 01:20:00 PM,40669.6,28.04,44118.0,28.4622
650,06/16/21 01:40:00 PM,40693.5,28.04,44144.0,28.4809
651,06/16/21 02:00:00 PM,40753.2,28.06,44192.0,28.5155
652,06/16/21 02:20:00 PM,40771.2,28.07,44203.2,28.5235
653,06/16/21 02:40:00 PM,40813.1,28.04,44273.9,28.5744
654,06/16/21 03:00:00 PM,40816.1,28.04,44277.1,28.5767
655,06/16/21 03:20:00 PM,40807.1,28.01,44292.6,28.5879
656,06/16/21 03:40:00 PM,40798.1,28.00,44291.2,28.5869
657,06/16/21 04:00:00 PM,40792.1,27.98,44301.6,28.5943
658,06/16/21 04:20:00 PM,40810.1,27.97,44329.6,28.6145
659,06/16/21 04:40:00 PM,40705.4,27.93,44249.3,28.5567
660,06/16/21 05:00:00 PM,40690.5,27.91,44250.0,28.5572
661,06/16/21 05:20:00 PM,40741.3,27.88,44330.6,28.6152
662,06/16/21 05:40:00 PM,40717.3,27.86,44321.3,28.6085
663,06/16/21 06:00:00 PM,40726.3,27.84,44348.0,28.6278
664,06/16/21 06:20:00 PM,40657.6,27.83,44281.6,28.5799
665,06/16/21 06:40:00 PM,40684.5,27.82,44319.3,28.6071
666,06/16/21 07:00:00 PM,40684.5,27.82,44319.3,28.6071
667,06/16/21 07:20:00 PM,40678.5,27.80,44329.7,28.6146
668,06/16/21 07:40:00 PM,40678.5,27.78,44346.6,28.6267
669,06/16/21 08:00:00 PM,40675.5,27.78,44343.3,28.6244
670,06/16/21 08:20:00 PM,40651.7,27.78,44317.3,28.6057
671,06/16/21 08:40:00 PM,40639.8,27.74,44338.2,28.6207
672,06/16/21 09:00:00 PM,40654.7,27.70,44388.3,28.6568
673,06/16/21 09:20:00 PM,40624.9,27.68,44372.7,28.6455
674,06/16/21 09:40:00 PM,40660.6,27.64,44445.7,28.6981
675,06/16/21 10:00:00 PM,40651.7,27.61,44461.4,28.7094
676,06/16/21 10:20:00 PM,40690.5,27.60,44512.4,28.7461
677,06/16/21 10:40:00 PM,40612.9,27.56,44461.4,28.7094
678,06/16/21 11:00:00 PM,40612.9,27.51,44504.0,28.7400
679,06/16/21 11:20:00 PM,40630.8,27.48,44549.2,28.7726
680,06/16/21 11:40:00 PM,40586.2,27.47,44508.7,28.7435
681,06/17/21 12:00:00 AM,40553.4,27.44,44498.3,28.7360
682,06/17/21 12:20:00 AM,40517.8,27.41,44484.7,28.7262
683,06/17/21 12:40:00 AM,40511.9,27.39,44495.3,28.7338
684,06/17/21 01:00:00 AM,40526.7,27.38,44520.1,28.7517
685,06/17/21 01:20:00 AM,40491.1,27.37,44489.5,28.7296
686,06/17/21 01:40:00 AM,40517.8,27.37,44518.9,28.7508
687,06/17/21 02:00:00 AM,40482.2,27.32,44522.4,28.7533
688,06/17/21 02:20:00 AM,40449.6,27.32,44486.5,28.7275
689,06/17/21 02:40:00 AM,40422.9,27.29,44482.7,28.7247
690,06/17/21 03:00:00 AM,40434.8,27.28,44504.4,28.7403
691,06/17/21 03:20:00 AM,40446.6,27.29,44508.8,28.7436
692,06/17/21 03:40:00 AM,40411.1,27.26,44495.3,28.7338
693,06/17/21 04:00:00 AM,40420.0,27.32,44453.9,28.7040
694,06/17/21 04:20:00 AM,40393.3,27.32,44424.5,28.6828
695,06/17/21 04:40:00 AM,40369.7,27.32,44398.5,28.6641
696,06/17/21 05:00:00 AM,40381.5,27.30,44428.6,28.6858
697,06/17/21 05:20:00 AM,40181.1,27.29,44216.4,28.5330
698,06/17/21 05:40:00 AM,40119.5,27.32,44123.1,28.4659
699,06/17/21 06:00:00 AM,40134.1,27.28,44173.1,28.5019
700,06/17/21 06:20:00 AM,40169.4,27.29,44203.5,28.5237
701,06/17/21 06:40:00 AM,40219.3,27.28,44267.0,28.5694
702,06/17/21 07:00:00 AM,40272.3,27.29,44316.8,28.6053
703,06/17/21 07:20:00 AM,40290.0,27.33,44302.3,28.5948
704,06/17/21 07:40:00 AM,40301.8,27.34,44306.8,28.5981
705,06/17/21 08:00:00 AM,40322.4,27.38,44295.5,28.5899
706,06/17/21 08:20:00 AM,40343.1,27.43,44275.8,28.5758
707,06/17/21 08:40:00 AM,40340.1,27.42,44281.0,28.5795
708,06/17/21 09:00:00 AM,40352.0,27.53,44200.8,28.5218
709,06/17/21 09:20:00 AM,40352.0,27.53,44200.8,28.5218
710,06/17/21 09:40:00 AM,40349.0,27.59,44146.8,28.4830
711,06/17/21 10:00:00 AM,40446.6,27.73,44135.6,28.4749
712,06/17/21 10:20:00 AM,40473.3,27.77,44131.0,28.4716
713,06/17/21 10:40:00 AM,40402.2,27.79,44036.6,28.4037
714,06/17/21 11:00:00 AM,40494.0,27.86,44078.0,28.4334
715,06/17/21 11:20:00 AM,40485.2,27.93,44009.7,28.3843
716,06/17/21 11:40:00 AM,40508.9,28.01,43968.5,28.3547
717,06/17/21 12:00:00 PM,40505.9,28.07,43915.1,28.3164
718,06/17/21 12:20:00 PM,40511.9,28.11,43888.3,28.2971
719,06/17/21 12:40:00 PM,40494.0,28.18,43810.7,28.2413
720,06/17/21 01:00:00 PM,40505.9,28.27,43748.8,28.1969
721,06/17/21 01:20:00 PM,40544.5,28.32,43749.1,28.1971
722,06/17/21 01:40:00 PM,40544.5,28.44,43649.9,28.1259
723,06/17/21 02:00:00 PM,40592.1,28.45,43693.0,28.1568
724,06/17/21 02:20:00 PM,40532.6,28.40,43670.1,28.1403
725,06/17/21 02:40:00 PM,40532.6,28.46,43620.6,28.1048
726,06/17/21 03:00:00 PM,40583.2,28.53,43617.5,28.1025
727,06/17/21 03:20:00 PM,40601.0,28.63,43554.4,28.0572
728,06/17/21 03:40:00 PM,40559.4,28.51,43608.3,28.0960
729,06/17/21 04:00:00 PM,40511.9,28.45,43606.6,28.0947
730,06/17/21 04:20:00 PM,40491.1,28.40,43625.4,28.1082
731,06/17/21 04:40:00 PM,40473.3,28.31,43680.5,28.1478
732,06/17/21 05:00:00 PM,40420.0,28.28,43647.7,28.1242
733,06/17/21 05:20:00 PM,40408.1,28.23,43676.2,28.1447
734,06/17/21 05:40:00 PM,40411.1,28.16,43737.4,28.1887
735,06/17/21 06:00:00 PM,40366.7,28.15,43697.6,28.1601
736,06/17/21 06:20:00 PM,40328.3,28.10,43697.4,28.1600
737,06/17/21 06:40:00 PM,40363.8,28.06,43769.2,28.2115
738,06/17/21 07:00:00 PM,40328.3,27.98,43797.2,28.2316
739,06/17/21 07:20:00 PM,40260.5,27.93,43765.1,28.2086
740,06/17/21 07:40:00 PM,40272.3,27.88,43819.6,28.2477
741,06/17/21 08:00:00 PM,40234.0,27.83,43819.6,28.2477
742,06/17/21 08:20:00 PM,40195.8,27.78,43819.7,28.2478
743,06/17/21 08:40:00 PM,40160.6,27.73,43823.1,28.2502
744,06/17/21 09:00:00 PM,40137.1,27.70,43822.5,28.2498
745,06/17/21 09:20:00 PM,40113.6,27.66,43830.3,28.2554
746,06/17/21 09:40:00 PM,40140.0,27.64,43876.0,28.2882
747,06/17/21 10:00:00 PM,40151.8,27.61,43914.0,28.3156
748,06/17/21 10:20:00 PM,40110.7,27.59,43885.8,28.2953
749,06/17/21 10:40:00 PM,40099.0,27.56,43898.2,28.3042
750,06/17/21 11:00:00 PM,40101.9,27.55,43909.8,28.3125
751,06/17/21 11:20:00 PM,40052.1,27.53,43872.0,28.2853
752,06/17/21 11:40:00 PM,39941.2,27.52,43758.7,28.2040
753,06/18/21 12:00:00 AM,39914.9,27.52,43729.9,28.1833
754,06/18/21 12:20:00 AM,40005.4,27.52,43829.2,28.2546
755,06/18/21 12:40:00 AM,39982.0,27.51,43811.9,28.2422
756,06/18/21 01:00:00 AM,40028.7,27.50,43871.5,28.2850
757,06/18/21 01:20:00 AM,40037.5,27.50,43881.2,28.2919
758,06/18/21 01:40:00 AM,40081.4,27.48,43946.1,28.3387
759,06/18/21 02:00:00 AM,40060.9,27.47,43932.1,28.3285
760,06/18/21 02:20:00 AM,40058.0,27.46,43937.3,28.3323
761,06/18/21 02:40:00 AM,40058.0,27.46,43937.3,28.3323
762,06/18/21 03:00:00 AM,39999.5,27.44,43889.9,28.2982
763,06/18/21 03:20:00 AM,40040.4,27.43,43943.2,28.3366
764,06/18/21 03:40:00 AM,40043.4,27.42,43954.9,28.3450
765,06/18/21 04:00:00 AM,40043.4,27.42,43954.9,28.3450
766,06/18/21 04:20:00 AM,39990.8,27.37,43939.2,28.3337
767,06/18/21 04:40:00 AM,39987.8,27.32,43978.1,28.3616
768,06/18/21 05:00:00 AM,39938.2,27.28,43957.3,28.3467
769,06/18/21 05:20:00 AM,39897.5,27.26,43929.3,28.3265
770,06/18/21 05:40:00 AM,39912.0,27.24,43962.2,28.3502
771,06/18/21 06:00:00 AM,39947.0,27.32,43933.2,28.3294
772,06/18/21 06:20:00 AM,39917.8,27.26,43951.7,28.3426
773,06/18/21 06:40:00 AM,39897.5,27.28,43912.4,28.3144
774,06/18/21 07:00:00 AM,39949.9,27.30,43953.3,28.3438
775,06/18/21 07:20:00 AM,39897.5,27.28,43912.4,28.3144
776,06/18/21 07:40:00 AM,39949.9,27.30,43953.3,28.3438
777,06/18/21 08:00:00 AM,39914.9,27.30,43914.7,28.3161
778,06/18/21 08:20:00 AM,39810.2,27.25,43841.5,28.2635
779,06/18/21 08:40:00 AM,39865.4,27.32,43843.4,28.2648
780,06/18/21 09:00:00 AM,39868.4,27.42,43762.6,28.2068
781,06/18/21 09:20:00 AM,39836.4,27.39,43752.6,28.1996
782,06/18/21 09:40:00 AM,39700.1,27.37,43619.5,28.1040
783,06/18/21 10:00:00 AM,39760.9,27.52,43561.0,28.0620
784,06/18/21 10:20:00 AM,39897.5,27.47,43752.7,28.1996
785,06/18/21 10:40:00 AM,39882.9,27.51,43703.2,28.1641
786,06/18/21 11:00:00 AM,39909.1,27.64,43623.3,28.1067
787,06/18/21 11:20:00 AM,39923.7,27.64,43639.3,28.1182
788,06/18/21 11:40:00 AM,39970.3,27.74,43606.9,28.0949
789,06/18/21 12:00:00 PM,39952.8,27.80,43537.9,28.0454
790,06/18/21 12:20:00 PM,39996.6,27.86,43535.9,28.0440
791,06/18/21 12:40:00 PM,40052.1,27.92,43546.6,28.0516
792,06/18/21 01:00:00 PM,40055.1,27.95,43525.0,28.0361
793,06/18/21 01:20:00 PM,40028.7,28.02,43438.4,27.9740
794,06/18/21 01:40:00 PM,39993.7,28.01,43408.6,27.9526
795,06/18/21 02:00:00 PM,40034.6,27.98,43477.9,28.0023
796,06/18/21 02:20:00 PM,39993.7,28.11,43326.2,27.8935
797,06/18/21 02:40:00 PM,39982.0,28.04,43371.1,27.9257
798,06/18/21 03:00:00 PM,39967.4,27.98,43404.8,27.9499
799,06/18/21 03:20:00 PM,39964.5,28.04,43352.1,27.9121
800,06/18/21 03:40:00 PM,40075.5,28.02,43489.2,28.0105
801,06/18/21 04:00:00 PM,40093.1,28.10,43442.3,27.9768
802,06/18/21 04:20:00 PM,40011.2,28.01,43427.6,27.9663
803,06/18/21 04:40:00 PM,39976.2,27.93,43455.7,27.9864
804,06/18/21 05:00:00 PM,39909.1,27.88,43424.0,27.9637
805,06/18/21 05:20:00 PM,39929.5,27.84,43479.3,28.0034
806,06/18/21 05:40:00 PM,39941.2,27.80,43525.3,28.0363
807,06/18/21 06:00:00 PM,39912.0,27.75,43534.9,28.0433
808,06/18/21 06:20:00 PM,39903.3,27.73,43542.0,28.0484
809,06/18/21 06:40:00 PM,39894.5,27.69,43565.7,28.0653
810,06/18/21 07:00:00 PM,39906.2,27.66,43603.4,28.0925
811,06/18/21 07:20:00 PM,39900.4,27.62,43630.4,28.1119
812,06/18/21 07:40:00 PM,39882.9,27.59,43636.3,28.1161
813,06/18/21 08:00:00 PM,39842.2,27.53,43641.8,28.1200
814,06/18/21 08:20:00 PM,39795.7,27.47,43640.9,28.1194
815,06/18/21 08:40:00 PM,39856.7,27.46,43716.3,28.1735
816,06/18/21 09:00:00 PM,39833.5,27.41,43732.7,28.1853
817,06/18/21 09:20:00 PM,39862.5,27.38,43789.7,28.2263
818,06/18/21 09:40:00 PM,39827.7,27.35,43776.7,28.2169
819,06/18/21 10:00:00 PM,39813.1,27.33,43777.4,28.2174
820,06/18/21 10:20:00 PM,39842.2,27.32,43817.8,28.2464
821,06/18/21 10:40:00 PM,39830.6,27.30,43821.9,28.2494
822,06/18/21 11:00:00 PM,39795.7,27.30,43783.4,28.2217
823,06/18/21 11:20:00 PM,39810.2,27.32,43782.6,28.2211
824,06/18/21 11:40:00 PM,39830.6,27.29,43830.3,28.2554
825,06/19/21 12:00:00 AM,39827.7,27.25,43860.8,28.2773
826,06/19/21 12:20:00 AM,39839.3,27.24,43882.0,28.2926
827,06/19/21 12:40:00 AM,39816.1,27.20,43890.2,28.2984
828,06/19/21 01:00:00 AM,39839.3,27.19,43924.2,28.3229
829,06/19/21 01:20:00 AM,39781.2,27.16,43885.4,28.2950
830,06/19/21 01:40:00 AM,39804.4,27.15,43919.5,28.3195
831,06/19/21 02:00:00 AM,39792.8,27.15,43906.7,28.3103
832,06/19/21 02:20:00 AM,39789.9,27.12,43928.8,28.3262
833,06/19/21 02:40:00 AM,39830.6,27.12,43973.8,28.3585
834,06/19/21 03:00:00 AM,39775.4,27.10,43929.7,28.3268
835,06/19/21 03:20:00 AM,39775.4,27.10,43929.7,28.3268
836,06/19/21 03:40:00 AM,39726.2,27.07,43900.7,28.3060
837,06/19/21 04:00:00 AM,39755.1,27.04,43958.0,28.3472
838,06/19/21 04:20:00 AM,39755.1,27.03,43966.5,28.3533
839,06/19/21 04:40:00 AM,39697.2,27.01,43919.3,28.3194
840,06/19/21 05:00:00 AM,39656.8,26.98,43900.0,28.3055
841,06/19/21 05:20:00 AM,39639.4,26.95,43906.1,28.3099
842,06/19/21 05:40:00 AM,39619.2,26.93,43900.7,28.3060
843,06/19/21 06:00:00 AM,39630.8,26.89,43947.4,28.3396
844,06/19/21 06:20:00 AM,39581.8,26.85,43927.0,28.3249
845,06/19/21 06:40:00 AM,39558.7,26.83,43918.3,28.3186
846,06/19/21 07:00:00 AM,39081.5,26.81,43404.9,27.9499
847,06/19/21 07:20:00 AM,39492.5,26.81,43861.7,28.2780
848,06/19/21 07:40:00 AM,39639.4,26.79,44042.0,28.4076
849,06/19/21 08:00:00 AM,39246.4,26.81,43588.2,28.0815
850,06/19/21 08:20:00 AM,39645.2,26.84,44005.9,28.3816
851,06/19/21 08:40:00 AM,39639.4,26.89,43957.0,28.3465
852,06/19/21 09:00:00 AM,39700.1,26.98,43948.0,28.3400
853,06/19/21 09:20:00 AM,39700.1,27.04,43897.2,28.3034
854,06/19/21 09:40:00 AM,39740.6,27.20,43806.9,28.2386
855,06/19/21 10:00:00 AM,39616.3,27.19,43678.1,28.1461
856,06/19/21 10:20:00 AM,39458.1,27.29,43420.0,27.9608
857,06/19/21 10:40:00 AM,39440.9,27.35,43351.1,27.9114
858,06/19/21 11:00:00 AM,39541.4,27.35,43461.7,27.9907
859,06/19/21 11:20:00 AM,39760.9,27.33,43719.9,28.1761
860,06/19/21 11:40:00 AM,39463.8,27.43,43309.8,27.8817
861,06/19/21 12:00:00 PM,39656.8,27.50,43463.5,27.9920
862,06/19/21 12:20:00 PM,39483.9,27.52,43257.2,27.8440
863,06/19/21 12:40:00 PM,39865.4,27.55,43650.5,28.1263
864,06/19/21 01:00:00 PM,39694.3,27.55,43463.0,27.9916
865,06/19/21 01:20:00 PM,39935.3,27.61,43677.0,28.1453
866,06/19/21 01:40:00 PM,39952.8,27.78,43554.5,28.0573
867,06/19/21 02:00:00 PM,39819.0,27.78,43408.5,27.9525
868,06/19/21 02:20:00 PM,39882.9,27.75,43503.1,28.0205
869,06/19/21 02:40:00 PM,39976.2,28.02,43381.3,27.9331
870,06/19/21 03:00:00 PM,39821.9,28.16,43098.9,27.7305
871,06/19/21 03:20:00 PM,39976.2,28.14,43282.5,27.8622
872,06/19/21 03:40:00 PM,40078.5,28.04,43476.0,28.0010
873,06/19/21 04:00:00 PM,40104.8,27.95,43579.1,28.0750
874,06/19/21 04:20:00 PM,39891.6,27.93,43363.6,27.9203
875,06/19/21 04:40:00 PM,39932.4,27.91,43424.5,27.9641
876,06/19/21 05:00:00 PM,40216.4,27.89,43750.4,28.1980
877,06/19/21 05:20:00 PM,39787.0,27.83,43332.2,27.8978
878,06/19/21 05:40:00 PM,40145.9,27.77,43773.6,28.2147
879,06/19/21 06:00:00 PM,40157.6,27.71,43836.6,28.2599
880,06/19/21 06:20:00 PM,40251.7,27.70,43947.8,28.3399
881,06/19/21 06:40:00 PM,40204.6,27.73,43871.2,28.2848
882,06/19/21 07:00:00 PM,40181.1,27.68,43887.4,28.2964
883,06/19/21 07:20:00 PM,40228.2,27.66,43955.7,28.3455
884,06/19/21 07:40:00 PM,40248.8,27.68,43961.4,28.3496
885,06/19/21 08:00:00 PM,40204.6,27.64,43946.7,28.3390
886,06/19/21 08:20:00 PM,40160.6,27.55,43974.1,28.3588
887,06/19/21 08:40:00 PM,40298.8,27.53,44142.5,28.4799
888,06/19/21 09:00:00 PM,40084.3,27.53,43907.3,28.3107
889,06/19/21 09:20:00 PM,40357.9,27.55,44190.4,28.5143
890,06/19/21 09:40:00 PM,40322.4,27.52,44176.8,28.5046
891,06/19/21 10:00:00 PM,40340.1,27.51,44204.7,28.5246
892,06/19/21 10:20:00 PM,40325.4,27.48,44214.0,28.5313
893,06/19/21 10:40:00 PM,40340.1,27.46,44247.0,28.5551
894,06/19/21 11:00:00 PM,40322.4,27.42,44261.5,28.5655
895,06/19/21 11:20:00 PM,40328.3,27.37,44310.4,28.6007
896,06/19/21 11:40:00 PM,40307.7,27.33,44321.8,28.6089
897,06/20/21 12:00:00 AM,40287.0,27.29,44333.0,28.6170
898,06/20/21 12:20:00 AM,40175.2,27.25,44243.8,28.5528
899,06/20/21 12:40:00 AM,40172.3,27.22,44266.2,28.5688
900,06/20/21 01:00:00 AM,40169.4,27.20,44280.0,28.5788
901,06/20/21 01:20:00 AM,40143.0,27.16,44284.9,28.5823
902,06/20/21 01:40:00 AM,40163.5,27.12,44341.6,28.6232
903,06/20/21 02:00:00 AM,40128.3,27.08,44336.9,28.6197
904,06/20/21 02:20:00 AM,40099.0,27.03,44347.2,28.6271
905,06/20/21 02:40:00 AM,40078.5,27.01,44341.6,28.6231
906,06/20/21 03:00:00 AM,40072.6,26.95,44386.3,28.6553
907,06/20/21 03:20:00 AM,40052.1,26.93,44380.7,28.6513
908,06/20/21 03:40:00 AM,39947.0,26.88,44306.9,28.5982
909,06/20/21 04:00:00 AM,40011.2,26.86,44395.3,28.6618
910,06/20/21 04:20:00 AM,40078.5,26.86,44470.1,28.7156
911,06/20/21 04:40:00 AM,39961.6,26.89,44314.6,28.6037
912,06/20/21 05:00:00 AM,39976.2,26.86,44356.5,28.6338
913,06/20/21 05:20:00 AM,40034.6,26.84,44438.5,28.6929
914,06/20/21 05:40:00 AM,40093.1,26.90,44451.9,28.7026
915,06/20/21 06:00:00 AM,40049.2,26.89,44411.8,28.6737
916,06/20/21 06:20:00 AM,39961.6,26.86,44340.2,28.6222
917,06/20/21 06:40:00 AM,40078.5,26.80,44521.6,28.7528
918,06/20/21 07:00:00 AM,40145.9,26.86,44544.9,28.7695
919,06/20/21 07:20:00 AM,40145.9,26.81,44588.0,28.8006
920,06/20/21 07:40:00 AM,40157.6,26.86,44557.9,28.7789
921,06/20/21 08:00:00 AM,40219.3,26.89,44600.6,28.8096
922,06/20/21 08:20:00 AM,40222.3,26.93,44569.5,28.7873
923,06/20/21 08:40:00 AM,40216.4,26.90,44588.7,28.8011
924,06/20/21 09:00:00 AM,40242.9,26.95,44575.1,28.7913
925,06/20/21 09:20:00 AM,40201.7,26.94,44538.0,28.7646
926,06/20/21 09:40:00 AM,40140.0,26.93,44478.2,28.7215
927,06/20/21 10:00:00 AM,40060.9,26.95,44373.4,28.6460
928,06/20/21 10:20:00 AM,40169.4,27.02,44433.6,28.6894
929,06/20/21 10:40:00 AM,40154.7,27.02,44417.4,28.6777
930,06/20/21 11:00:00 AM,40031.7,27.13,44187.5,28.5122
931,06/20/21 11:20:00 AM,39999.5,27.17,44118.0,28.4622
932,06/20/21 11:40:00 AM,39810.2,27.22,43866.8,28.2816
933,06/20/21 12:00:00 PM,40110.7,27.34,44096.5,28.4468
934,06/20/21 12:20:00 PM,39506.9,27.52,43282.4,27.8621
935,06/20/21 12:40:00 PM,39734.9,27.69,43391.2,27.9401
936,06/20/21 01:00:00 PM,40225.2,27.79,43843.5,28.2649
937,06/20/21 01:20:00 PM,40022.9,27.91,43523.1,28.0348
938,06/20/21 01:40:00 PM,39804.4,28.05,43170.0,27.7815
939,06/20/21 02:00:00 PM,39642.3,28.20,42871.7,27.5678
940,06/20/21 02:20:00 PM,39561.6,28.16,42816.8,27.5285
941,06/20/21 02:40:00 PM,40143.0,28.23,43389.2,27.9387
942,06/20/21 03:00:00 PM,40008.3,28.27,43210.7,27.8107
943,06/20/21 03:20:00 PM,39535.7,28.32,42659.1,27.4156
944,06/20/21 03:40:00 PM,39380.7,28.37,42451.4,27.2671
945,06/20/21 04:00:00 PM,39711.7,28.33,42841.2,27.5459
946,06/20/21 04:20:00 PM,39067.4,28.31,42161.1,27.0596
947,06/20/21 04:40:00 PM,38723.6,28.31,41789.6,26.7945
948,06/20/21 05:00:00 PM,39269.2,28.23,42443.5,27.2614
949,06/20/21 05:20:00 PM,39257.8,28.16,42487.6,27.2929
950,06/20/21 05:40:00 PM,39243.6,28.11,42512.5,27.3108
951,06/20/21 06:00:00 PM,40101.9,28.07,43476.6,28.0014
952,06/20/21 06:20:00 PM,40055.1,28.02,43467.1,27.9946
953,06/20/21 06:40:00 PM,39941.2,27.98,43376.3,27.9294
954,06/20/21 07:00:00 PM,40011.2,27.96,43468.9,27.9959
955,06/20/21 07:20:00 PM,40031.7,27.93,43516.1,28.0298
956,06/20/21 07:40:00 PM,40002.4,27.95,43467.6,27.9950
957,06/20/21 08:00:00 PM,40052.1,27.92,43546.6,28.0516
958,06/20/21 08:20:00 PM,40022.9,27.92,43514.8,28.0288
959,06/20/21 08:40:00 PM,40075.5,27.92,43572.0,28.0699
960,06/20/21 09:00:00 PM,40081.4,27.89,43603.4,28.0924
961,06/20/21 09:20:00 PM,40087.3,27.87,43626.4,28.1090
962,06/20/21 09:40:00 PM,39515.5,27.84,43028.0,27.6797
963,06/20/21 10:00:00 PM,39848.0,27.82,43407.0,27.9515
964,06/20/21 10:20:00 PM,40148.8,27.78,43768.5,28.2110
965,06/20/21 10:40:00 PM,40116.6,27.74,43766.7,28.2097
966,06/20/21 11:00:00 PM,40104.8,27.70,43787.2,28.2245
967,06/20/21 11:20:00 PM,40096.0,27.65,43819.4,28.2476
968,06/20/21 11:40:00 PM,40031.7,27.60,43790.9,28.2271
969,06/21/21 12:00:00 AM,40011.2,27.55,43810.4,28.2411
970,06/21/21 12:20:00 AM,40025.8,27.50,43868.3,28.2827
971,06/21/21 12:40:00 AM,40025.8,27.47,43893.5,28.3008
972,06/21/21 01:00:00 AM,39949.9,27.46,43818.6,28.2470
973,06/21/21 01:20:00 AM,39976.2,27.44,43864.3,28.2798
974,06/21/21 01:40:00 AM,39935.3,27.43,43827.8,28.2536
975,06/21/21 02:00:00 AM,39970.3,27.41,43883.0,28.2933
976,06/21/21 02:20:00 AM,39900.4,27.41,43806.2,28.2381
977,06/21/21 02:40:00 AM,39982.0,27.39,43912.7,28.3146
978,06/21/21 03:00:00 AM,39987.8,27.41,43902.3,28.3071
979,06/21/21 03:20:00 AM,39976.2,27.42,43881.1,28.2919
980,06/21/21 03:40:00 AM,39967.4,27.41,43879.8,28.2910
981,06/21/21 04:00:00 AM,40022.9,27.39,43957.7,28.3470
982,06/21/21 04:20:00 AM,39979.1,27.39,43909.5,28.3123
983,06/21/21 04:40:00 AM,39810.2,27.38,43732.2,28.1849
984,06/21/21 05:00:00 AM,39740.6,27.38,43655.7,28.1300
985,06/21/21 05:20:00 AM,39734.9,27.37,43657.8,28.1315
986,06/21/21 05:40:00 AM,39952.8,27.35,43914.3,28.3158
987,06/21/21 06:00:00 AM,39923.7,27.35,43882.3,28.2928
988,06/21/21 06:20:00 AM,39923.7,27.33,43899.1,28.3049
989,06/21/21 06:40:00 AM,39926.6,27.32,43910.7,28.3132
990,06/21/21 07:00:00 AM,39917.8,27.32,43901.1,28.3063
991,06/21/21 07:20:00 AM,39932.4,27.35,43891.9,28.2996
992,06/21/21 07:40:00 AM,39909.1,27.35,43866.2,28.2812
993,06/21/21 08:00:00 AM,39932.4,27.43,43824.6,28.2513
994,06/21/21 08:20:00 AM,39982.0,27.51,43811.9,28.2422
995,06/21/21 08:40:00 AM,40008.3,27.56,43798.8,28.2328
996,06/21/21 09:00:00 AM,40005.4,27.77,43620.3,28.1045
997,06/21/21 09:20:00 AM,40031.7,27.83,43599.1,28.0893
998,06/21/21 09:40:00 AM,40066.8,27.97,43521.1,28.0334
999,06/21/21 10:00:00 AM,40078.5,28.02,43492.5,28.0128
1000,06/21/21 10:20:00 AM,40040.4,27.91,43542.1,28.0484
1001,06/21/21 10:40:00 AM,40008.3,27.91,43507.2,28.0234
1002,06/21/21 11:00:00 AM,40043.4,27.92,43537.1,28.0448
1003,06/21/21 11:20:00 AM,39877.1,27.96,43323.1,27.8913
1004,06/21/21 11:40:00 AM,39836.4,27.96,43278.8,27.8595
1005,06/21/21 12:00:00 PM,39848.0,27.97,43283.2,27.8627
1006,06/21/21 12:20:00 PM,39833.5,28.00,43242.7,27.8337
1007,06/21/21 12:40:00 PM,39778.3,28.02,43166.3,27.7789
1008,06/21/21 01:00:00 PM,39807.3,28.04,43181.4,27.7897
1009,06/21/21 01:20:00 PM,39819.0,28.07,43169.5,27.7811
1010,06/21/21 01:40:00 PM,39816.1,28.11,43133.5,27.7554
1011,06/21/21 02:00:00 PM,39816.1,28.20,43059.9,27.7026
1012,06/21/21 02:20:00 PM,39760.9,28.22,42983.8,27.6481
1013,06/21/21 02:40:00 PM,39984.9,28.29,43169.0,27.7808
1014,06/21/21 03:00:00 PM,39900.4,28.31,43061.3,27.7036
1015,06/21/21 03:20:00 PM,39935.3,28.28,43123.6,27.7482
1016,06/21/21 03:40:00 PM,39792.8,28.28,42969.5,27.6378
1017,06/21/21 04:00:00 PM,39787.0,28.31,42938.8,27.6158
1018,06/21/21 04:20:00 PM,39772.5,28.31,42923.1,27.6046
1019,06/21/21 04:40:00 PM,39749.3,28.28,42922.4,27.6041
1020,06/21/21 05:00:00 PM,39906.2,28.22,43141.1,27.7608
1021,06/21/21 05:20:00 PM,40008.3,28.14,43317.3,27.8872
1022,06/21/21 05:40:00 PM,39979.1,28.09,43326.8,27.8939
1023,06/21/21 06:00:00 PM,39824.8,28.06,43184.0,27.7915
1024,06/21/21 06:20:00 PM,39920.8,28.02,43321.1,27.8899
1025,06/21/21 06:40:00 PM,39827.7,27.98,43252.9,27.8409
1026,06/21/21 07:00:00 PM,39952.8,27.95,43413.7,27.9563
1027,06/21/21 07:20:00 PM,39830.6,27.91,43313.7,27.8845
1028,06/21/21 07:40:00 PM,39952.8,27.89,43463.3,27.9919
1029,06/21/21 08:00:00 PM,39755.1,27.87,43264.5,27.8492
1030,06/21/21 08:20:00 PM,39697.2,27.84,43226.1,27.8217
1031,06/21/21 08:40:00 PM,39976.2,27.79,43571.8,28.0697
1032,06/21/21 09:00:00 PM,39949.9,27.77,43559.7,28.0610
1033,06/21/21 09:20:00 PM,39920.8,27.73,43561.1,28.0621
1034,06/21/21 09:40:00 PM,39909.1,27.69,43581.6,28.0768
1035,06/21/21 10:00:00 PM,39865.4,27.65,43567.1,28.0664
1036,06/21/21 10:20:00 PM,39839.3,27.62,43563.6,28.0638
1037,06/21/21 10:40:00 PM,39726.2,27.61,43448.1,27.9809
1038,06/21/21 11:00:00 PM,39659.7,27.59,43391.8,27.9406
1039,06/21/21 11:20:00 PM,39601.9,27.56,43353.4,27.9130
1040,06/21/21 11:40:00 PM,39550.1,27.55,43304.9,27.8783
1041,06/22/21 12:00:00 AM,39547.2,27.55,43301.7,27.8760
1042,06/22/21 12:20:00 AM,39619.2,27.55,43380.7,27.9326
1043,06/22/21 12:40:00 AM,39601.9,27.53,43378.3,27.9309
1044,06/22/21 01:00:00 AM,39564.5,27.51,43353.9,27.9134
1045,06/22/21 01:20:00 AM,39550.1,27.51,43338.1,27.9020
1046,06/22/21 01:40:00 AM,39541.4,27.50,43336.9,27.9012
1047,06/22/21 02:00:00 AM,39535.7,27.50,43330.6,27.8967
1048,06/22/21 02:20:00 AM,39538.6,27.47,43358.7,27.9168
1049,06/22/21 02:40:00 AM,39501.2,27.47,43317.6,27.8874
1050,06/22/21 03:00:00 AM,39535.7,27.46,43363.8,27.9205
1051,06/22/21 03:20:00 AM,39492.5,27.46,43316.4,27.8865
1052,06/22/21 03:40:00 AM,39518.4,27.47,43336.5,27.9009
1053,06/22/21 04:00:00 AM,39483.9,27.46,43306.9,27.8797
1054,06/22/21 04:20:00 AM,39455.2,27.44,43292.0,27.8690
1055,06/22/21 04:40:00 AM,39472.4,27.43,43319.2,27.8885
1056,06/22/21 05:00:00 AM,39438.0,27.42,43289.7,27.8674
1057,06/22/21 05:20:00 AM,39469.6,27.41,43332.8,27.8982
1058,06/22/21 05:40:00 AM,39229.3,27.41,43068.7,27.7089
1059,06/22/21 06:00:00 AM,39406.5,27.38,43288.3,27.8663
1060,06/22/21 06:20:00 AM,39420.8,27.38,43304.0,27.8776
1061,06/22/21 06:40:00 AM,39432.3,27.35,43341.6,27.9046
1062,06/22/21 07:00:00 AM,39423.7,27.37,43315.5,27.8859
1063,06/22/21 07:20:00 AM,39420.8,27.37,43312.3,27.8836
1064,06/22/21 07:40:00 AM,39426.5,27.37,43318.6,27.8881
1065,06/22/21 08:00:00 AM,39455.2,27.42,43308.6,27.8809
1066,06/22/21 08:20:00 AM,39466.7,27.47,43279.8,27.8602
1067,06/22/21 08:40:00 AM,39509.8,27.56,43252.5,27.8406
1068,06/22/21 09:00:00 AM,39512.7,27.69,43148.3,27.7659
1069,06/22/21 09:20:00 AM,39555.8,27.83,43080.1,27.7171
1070,06/22/21 09:40:00 AM,39518.4,27.89,42990.2,27.6526
1071,06/22/21 10:00:00 AM,39662.5,28.06,43007.8,27.6652
1072,06/22/21 10:20:00 AM,39665.4,28.05,43019.1,27.6734
1073,06/22/21 10:40:00 AM,39662.5,28.16,42926.2,27.6068
1074,06/22/21 11:00:00 AM,39708.8,28.33,42838.0,27.5437
1075,06/22/21 11:20:00 AM,39587.5,28.29,42739.4,27.4731
1076,06/22/21 11:40:00 AM,39578.9,28.23,42778.7,27.5012
1077,06/22/21 12:00:00 PM,39599.0,28.36,42695.2,27.4414
1078,06/22/21 12:20:00 PM,39596.2,28.45,42619.5,27.3873
1079,06/22/21 12:40:00 PM,39593.3,28.53,42552.0,27.3390
1080,06/22/21 01:00:00 PM,39668.3,28.62,42560.4,27.3450
1081,06/22/21 01:20:00 PM,39679.9,28.73,42484.6,27.2908
1082,06/22/21 01:40:00 PM,39691.4,28.89,42369.2,27.2083
1083,06/22/21 02:00:00 PM,39720.4,28.90,42392.3,27.2248
1084,06/22/21 02:20:00 PM,39734.9,28.95,42367.9,27.2074
1085,06/22/21 02:40:00 PM,39752.2,28.91,42418.3,27.2434
1086,06/22/21 03:00:00 PM,39558.7,28.87,42243.2,27.1183
1087,06/22/21 03:20:00 PM,39639.4,28.83,42361.4,27.2027
1088,06/22/21 03:40:00 PM,39633.7,28.83,42355.3,27.1984
1089,06/22/21 04:00:00 PM,39653.9,28.80,42400.8,27.2309
1090,06/22/21 04:20:00 PM,39550.1,28.77,42313.6,27.1685
1091,06/22/21 04:40:00 PM,39616.3,28.80,42360.6,27.2021
1092,06/22/21 05:00:00 PM,39625.0,28.72,42433.8,27.2545
1093,06/22/21 05:20:00 PM,39538.6,28.67,42381.0,27.2167
1094,06/22/21 05:40:00 PM,39584.6,28.60,42486.5,27.2921
1095,06/22/21 06:00:00 PM,39463.8,28.55,42396.6,27.2279
1096,06/22/21 06:20:00 PM,39524.2,28.50,42501.7,27.3030
1097,06/22/21 06:40:00 PM,39486.8,28.44,42509.6,27.3087
1098,06/22/21 07:00:00 PM,39458.1,28.37,42535.0,27.3268
1099,06/22/21 07:20:00 PM,39412.2,28.33,42517.6,27.3144
1100,06/22/21 07:40:00 PM,39475.3,28.28,42626.2,27.3920
1101,06/22/21 08:00:00 PM,39512.7,28.27,42674.7,27.4268
1102,06/22/21 08:20:00 PM,39518.4,28.20,42737.5,27.4717
1103,06/22/21 08:40:00 PM,39501.2,28.18,42735.1,27.4700
1104,06/22/21 09:00:00 PM,39492.5,28.09,42798.8,27.5156
1105,06/22/21 09:20:00 PM,39466.7,28.05,42803.3,27.5188
1106,06/22/21 09:40:00 PM,39438.0,28.00,42812.8,27.5257
1107,06/22/21 10:00:00 PM,39455.2,27.92,42896.8,27.5858
1108,06/22/21 10:20:00 PM,39438.0,27.84,42943.5,27.6192
1109,06/22/21 10:40:00 PM,39409.3,27.77,42969.5,27.6379
1110,06/22/21 11:00:00 PM,39397.9,27.69,43022.8,27.6760
1111,06/22/21 11:20:00 PM,39360.7,27.65,43015.0,27.6704
1112,06/22/21 11:40:00 PM,39363.5,27.60,43059.2,27.7021
1113,06/23/21 12:00:00 AM,39372.1,27.56,43101.6,27.7325
1114,06/23/21 12:20:00 AM,39423.7,27.53,43182.9,27.7908
1115,06/23/21 12:40:00 AM,39352.1,27.50,43129.2,27.7522
1116,06/23/21 01:00:00 AM,39349.2,27.47,43150.8,27.7677
1117,06/23/21 01:20:00 AM,39343.5,27.46,43152.8,27.7692
1118,06/23/21 01:40:00 AM,39412.2,27.43,43253.1,27.8411
1119,06/23/21 02:00:00 AM,39395.0,27.42,43242.5,27.8335
1120,06/23/21 02:20:00 AM,39395.0,27.41,43250.8,27.8394
1121,06/23/21 02:40:00 AM,39337.8,27.35,43237.6,27.8300
1122,06/23/21 03:00:00 AM,39329.2,27.35,43228.2,27.8232
1123,06/23/21 03:20:00 AM,39314.9,27.30,43254.0,27.8417
1124,06/23/21 03:40:00 AM,39246.4,27.26,43211.7,27.8114
1125,06/23/21 04:00:00 AM,39212.2,27.24,43190.6,27.7963
1126,06/23/21 04:20:00 AM,39169.6,27.20,43176.9,27.7864
1127,06/23/21 04:40:00 AM,39064.5,27.16,43094.0,27.7271
1128,06/23/21 05:00:00 AM,39050.4,27.15,43086.8,27.7219
1129,06/23/21 05:20:00 AM,39044.7,27.12,43105.4,27.7352
1130,06/23/21 05:40:00 AM,39039.0,27.08,43132.3,27.7545
1131,06/23/21 06:00:00 AM,39070.2,27.06,43183.4,27.7911
1132,06/23/21 06:20:00 AM,39075.9,27.06,43189.7,27.7956
1133,06/23/21 06:40:00 AM,39084.4,27.04,43215.8,27.8143
1134,06/23/21 07:00:00 AM,39044.7,27.02,43188.5,27.7948
1135,06/23/21 07:20:00 AM,39002.3,27.02,43141.6,27.7611
1136,06/23/21 07:40:00 AM,39098.6,27.01,43256.5,27.8435
1137,06/23/21 08:00:00 AM,39078.7,27.10,43159.5,27.7740
1138,06/23/21 08:20:00 AM,39124.1,27.24,43093.5,27.7267
1139,06/23/21 08:40:00 AM,39115.6,27.33,43009.7,27.6666
1140,06/23/21 09:00:00 AM,39209.4,27.50,42972.6,27.6401
1141,06/23/21 09:20:00 AM,39272.1,27.68,42893.4,27.5834
1142,06/23/21 09:40:00 AM,39277.8,27.78,42817.8,27.5292
1143,06/23/21 10:00:00 AM,39352.1,27.91,42792.7,27.5113
1144,06/23/21 10:20:00 AM,39349.2,28.05,42675.7,27.4275
1145,06/23/21 10:40:00 AM,39372.1,28.15,42619.5,27.3873
1146,06/23/21 11:00:00 AM,39363.5,28.27,42513.3,27.3113
1147,06/23/21 11:20:00 AM,39443.7,28.37,42519.4,27.3157
1148,06/23/21 11:40:00 AM,39400.7,28.40,42448.9,27.2653
1149,06/23/21 12:00:00 PM,39461.0,28.53,42409.6,27.2372
1150,06/23/21 12:20:00 PM,39458.1,28.53,42406.5,27.2350
1151,06/23/21 12:40:00 PM,39472.4,28.58,42381.8,27.2173
1152,06/23/21 01:00:00 PM,39498.3,28.67,42337.8,27.1858
1153,06/23/21 01:20:00 PM,39674.1,28.76,42454.4,27.2692
1154,06/23/21 01:40:00 PM,39656.8,28.92,42308.4,27.1648
1155,06/23/21 02:00:00 PM,39630.8,29.01,42209.2,27.0940
1156,06/23/21 02:20:00 PM,39685.7,29.27,42062.4,26.9891
1157,06/23/21 02:40:00 PM,39711.7,29.47,41933.1,26.8968
1158,06/23/21 03:00:00 PM,39679.9,29.49,41883.8,26.8617
1159,06/23/21 03:20:00 PM,39587.5,29.45,41817.3,26.8142
1160,06/23/21 03:40:00 PM,39590.4,29.22,42000.5,26.9449
1161,06/23/21 04:00:00 PM,39403.6,29.12,41880.3,26.8592
1162,06/23/21 04:20:00 PM,39274.9,29.14,41727.7,26.7503
1163,06/23/21 04:40:00 PM,39163.9,28.94,41766.0,26.7776
1164,06/23/21 05:00:00 PM,39084.4,28.78,41806.7,26.8067
1165,06/23/21 05:20:00 PM,39005.1,28.69,41792.5,26.7966
1166,06/23/21 05:40:00 PM,39206.5,28.69,42008.7,26.9508
1167,06/23/21 06:00:00 PM,39260.7,28.71,42051.0,26.9810
1168,06/23/21 06:20:00 PM,39326.3,28.68,42145.2,27.0482
1169,06/23/21 06:40:00 PM,39329.2,28.63,42188.0,27.0789
1170,06/23/21 07:00:00 PM,39403.6,28.59,42299.9,27.1588
1171,06/23/21 07:20:00 PM,39297.8,28.53,42234.0,27.1117
1172,06/23/21 07:40:00 PM,39203.7,28.49,42164.5,27.0621
1173,06/23/21 08:00:00 PM,39337.8,28.46,42333.0,27.1824
1174,06/23/21 08:20:00 PM,39340.6,28.42,42368.0,27.2075
1175,06/23/21 08:40:00 PM,39283.5,28.38,42338.5,27.1864
1176,06/23/21 09:00:00 PM,39215.1,28.42,42232.7,27.1108
1177,06/23/21 09:20:00 PM,39369.2,28.33,42471.2,27.2812
1178,06/23/21 09:40:00 PM,39294.9,28.28,42431.1,27.2525
1179,06/23/21 10:00:00 PM,39269.2,28.22,42451.6,27.2672
1180,06/23/21 10:20:00 PM,39186.6,28.15,42418.5,27.2435
1181,06/23/21 10:40:00 PM,39101.4,28.13,42342.2,27.1890
1182,06/23/21 11:00:00 PM,39246.4,28.13,42499.4,27.3014
1183,06/23/21 11:20:00 PM,39314.9,28.10,42598.0,27.3719
1184,06/23/21 11:40:00 PM,39340.6,28.11,42617.8,27.3860
1185,06/24/21 12:00:00 AM,39209.4,28.07,42507.7,27.3074
1186,06/24/21 12:20:00 AM,39266.4,28.06,42577.7,27.3574
1187,06/24/21 12:40:00 AM,39286.4,28.00,42648.1,27.4077
1188,06/24/21 01:00:00 AM,39232.2,28.00,42589.2,27.3656
1189,06/24/21 01:20:00 AM,39294.9,27.97,42681.7,27.4318
1190,06/24/21 01:40:00 AM,39132.6,27.93,42537.5,27.3287
1191,06/24/21 02:00:00 AM,39112.7,27.88,42556.4,27.3421
1192,06/24/21 02:20:00 AM,39121.3,27.82,42614.5,27.3837
1193,06/24/21 02:40:00 AM,39007.9,27.73,42563.9,27.3475
1194,06/24/21 03:00:00 AM,38945.8,27.66,42552.9,27.3397
1195,06/24/21 03:20:00 AM,39016.4,27.59,42687.2,27.4358
1196,06/24/21 03:40:00 AM,38991.0,27.52,42716.6,27.4568
1197,06/24/21 04:00:00 AM,38889.4,27.48,42637.9,27.4004
1198,06/24/21 04:20:00 AM,38911.9,27.43,42703.5,27.4474
1199,06/24/21 04:40:00 AM,38900.6,27.37,42740.2,27.4737
1200,06/24/21 05:00:00 AM,38945.8,27.34,42814.6,27.5269
1201,06/24/21 05:20:00 AM,38880.9,27.32,42759.6,27.4875
1202,06/24/21 05:40:00 AM,38914.7,27.26,42846.2,27.5495
1203,06/24/21 06:00:00 AM,38920.4,27.24,42868.9,27.5658
1204,06/24/21 06:20:00 AM,38917.5,27.20,42898.7,27.5871
1205,06/24/21 06:40:00 AM,38782.5,27.16,42782.7,27.5041
1206,06/24/21 07:00:00 AM,38928.8,27.15,42952.5,27.6256
1207,06/24/21 07:20:00 AM,38788.1,27.15,42797.1,27.5144
1208,06/24/21 07:40:00 AM,38687.2,27.15,42685.7,27.4346
1209,06/24/21 08:00:00 AM,38768.5,27.13,42791.9,27.5107
1210,06/24/21 08:20:00 AM,38790.9,27.20,42759.0,27.4871
1211,06/24/21 08:40:00 AM,38897.8,27.16,42910.0,27.5952
1212,06/24/21 09:00:00 AM,38782.5,27.13,42807.4,27.5217
1213,06/24/21 09:20:00 AM,38779.7,27.19,42754.9,27.4842
1214,06/24/21 09:40:00 AM,38937.3,27.19,42928.8,27.6087
1215,06/24/21 10:00:00 AM,39007.9,27.24,42965.4,27.6349
1216,06/24/21 10:20:00 AM,38849.9,27.25,42783.0,27.5043
1217,06/24/21 10:40:00 AM,38878.1,27.32,42756.5,27.4853
1218,06/24/21 11:00:00 AM,38962.7,27.35,42825.0,27.5343
1219,06/24/21 11:20:00 AM,38909.1,27.37,42749.6,27.4804
1220,06/24/21 11:40:00 AM,38934.5,27.38,42769.3,27.4945
1221,06/24/21 12:00:00 PM,38985.3,27.57,42669.5,27.4231
1222,06/24/21 12:20:00 PM,38819.0,27.48,42560.6,27.3452
1223,06/24/21 12:40:00 PM,38824.6,27.50,42550.4,27.3379
1224,06/24/21 01:00:00 PM,38779.7,27.52,42484.9,27.2910
1225,06/24/21 01:20:00 PM,38866.8,27.57,42539.7,27.3302
1226,06/24/21 01:40:00 PM,38934.5,27.71,42499.9,27.3018
1227,06/24/21 02:00:00 PM,38923.2,27.70,42495.7,27.2987
1228,06/24/21 02:20:00 PM,38886.5,27.80,42374.6,27.2122
1229,06/24/21 02:40:00 PM,39041.9,28.05,42342.0,27.1889
1230,06/24/21 03:00:00 PM,38976.8,28.11,42223.1,27.1039
1231,06/24/21 03:20:00 PM,38996.6,28.02,42317.0,27.1710
1232,06/24/21 03:40:00 PM,38993.8,28.01,42322.0,27.1746
1233,06/24/21 04:00:00 PM,38928.8,28.16,42131.0,27.0382
1234,06/24/21 04:20:00 PM,38841.5,28.16,42036.4,26.9706
1235,06/24/21 04:40:00 PM,38883.7,28.09,42138.2,27.0432
1236,06/24/21 05:00:00 PM,38858.4,28.01,42174.8,27.0694
1237,06/24/21 05:20:00 PM,38788.1,28.00,42106.5,27.0206
1238,06/24/21 05:40:00 PM,38864.0,27.96,42221.1,27.1025
1239,06/24/21 06:00:00 PM,38830.3,27.95,42192.5,27.0820
1240,06/24/21 06:20:00 PM,38662.0,27.91,42041.4,26.9741
1241,06/24/21 06:40:00 PM,38542.0,27.89,41926.7,26.8923
1242,06/24/21 07:00:00 PM,38589.4,27.87,41994.4,26.9406
1243,06/24/21 07:20:00 PM,38483.6,27.84,41903.1,26.8754
1244,06/24/21 07:40:00 PM,38558.7,27.84,41984.9,26.9338
1245,06/24/21 08:00:00 PM,38625.7,27.83,42066.0,26.9917
1246,06/24/21 08:20:00 PM,38583.8,27.80,42044.4,26.9763
1247,06/24/21 08:40:00 PM,38522.5,27.79,41985.5,26.9342
1248,06/24/21 09:00:00 PM,38561.5,27.79,42028.1,26.9646
1249,06/24/21 09:20:00 PM,38648.0,27.77,42138.5,27.0435
1250,06/24/21 09:40:00 PM,38622.9,27.79,42095.0,27.0124
1251,06/24/21 10:00:00 PM,38723.6,27.79,42204.9,27.0909
1252,06/24/21 10:20:00 PM,38709.6,27.75,42221.9,27.1030
1253,06/24/21 10:40:00 PM,38569.9,27.74,42077.4,26.9998
1254,06/24/21 11:00:00 PM,38718.0,27.75,42231.1,27.1096
1255,06/24/21 11:20:00 PM,38723.6,27.74,42245.2,27.1197
1256,06/24/21 11:40:00 PM,38678.8,27.71,42220.5,27.1020
1257,06/25/21 12:00:00 AM,38706.8,27.69,42267.2,27.1354
1258,06/25/21 12:20:00 AM,38704.0,27.66,42288.4,27.1506
1259,06/25/21 12:40:00 AM,38743.2,27.61,42371.8,27.2102
1260,06/25/21 01:00:00 AM,38720.8,27.57,42379.7,27.2158
1261,06/25/21 01:20:00 AM,38706.8,27.52,42404.9,27.2339
1262,06/25/21 01:40:00 AM,38720.8,27.48,42452.8,27.2681
1263,06/25/21 02:00:00 AM,38723.6,27.47,42464.0,27.2761
1264,06/25/21 02:20:00 AM,38701.2,27.44,42463.9,27.2760
1265,06/25/21 02:40:00 AM,38704.0,27.42,42483.2,27.2898
1266,06/25/21 03:00:00 AM,38695.6,27.39,42498.5,27.3007
1267,06/25/21 03:20:00 AM,38698.4,27.37,42517.8,27.3146
1268,06/25/21 03:40:00 AM,38662.0,27.33,42510.4,27.3093
1269,06/25/21 04:00:00 AM,38653.6,27.32,42509.4,27.3085
1270,06/25/21 04:20:00 AM,38670.4,27.30,42544.2,27.3334
1271,06/25/21 04:40:00 AM,38656.4,27.28,42545.1,27.3341
1272,06/25/21 05:00:00 AM,38664.8,27.26,42570.7,27.3524
1273,06/25/21 05:20:00 AM,38631.3,27.24,42550.2,27.3377
1274,06/25/21 05:40:00 AM,38634.1,27.22,42569.6,27.3516
1275,06/25/21 06:00:00 AM,38620.1,27.20,42570.6,27.3523
1276,06/25/21 06:20:00 AM,38650.8,27.20,42604.4,27.3765
1277,06/25/21 06:40:00 AM,38636.9,27.17,42613.7,27.3831
1278,06/25/21 07:00:00 AM,38497.5,27.15,42476.2,27.2848
1279,06/25/21 07:20:00 AM,38648.0,27.13,42658.8,27.4154
1280,06/25/21 07:40:00 AM,38511.4,27.15,42491.5,27.2957
1281,06/25/21 08:00:00 AM,38539.2,27.12,42546.8,27.3353
1282,06/25/21 08:20:00 AM,38441.9,27.12,42439.3,27.2584
1283,06/25/21 08:40:00 AM,38464.1,27.25,42357.7,27.2001
1284,06/25/21 09:00:00 AM,38542.0,27.29,42411.0,27.2381
1285,06/25/21 09:20:00 AM,38542.0,27.50,42240.4,27.1163
1286,06/25/21 09:40:00 AM,38514.2,27.53,42185.6,27.0771
1287,06/25/21 10:00:00 AM,38478.0,27.66,42041.2,26.9740
1288,06/25/21 10:20:00 AM,38600.6,27.69,42151.1,27.0525
1289,06/25/21 10:40:00 AM,38603.3,27.75,42105.8,27.0201
1290,06/25/21 11:00:00 AM,38589.4,27.92,41954.4,26.9120
1291,06/25/21 11:20:00 AM,38558.7,27.93,41913.0,26.8825
1292,06/25/21 11:40:00 AM,38586.6,27.97,41911.4,26.8813
1293,06/25/21 12:00:00 PM,38636.9,28.14,41830.6,26.8237
1294,06/25/21 12:20:00 PM,38670.4,28.23,41795.5,26.7986
1295,06/25/21 12:40:00 PM,38583.8,28.35,41607.0,26.6643
1296,06/25/21 01:00:00 PM,38676.0,28.40,41667.1,26.7071
1297,06/25/21 01:20:00 PM,38768.5,28.41,41759.0,26.7726
1298,06/25/21 01:40:00 PM,38788.1,28.50,41709.0,26.7370
1299,06/25/21 02:00:00 PM,38895.0,28.59,41753.1,26.7684
1300,06/25/21 02:20:00 PM,38866.8,28.65,41675.6,26.7131
1301,06/25/21 02:40:00 PM,38926.0,28.77,41644.8,26.6912
1302,06/25/21 03:00:00 PM,38875.3,28.64,41692.6,26.7253
1303,06/25/21 03:20:00 PM,38914.7,28.71,41679.8,26.7162
1304,06/25/21 03:40:00 PM,38900.6,28.67,41696.1,26.7278
1305,06/25/21 04:00:00 PM,38861.2,28.58,41724.6,26.7481
1306,06/25/21 04:20:00 PM,38844.3,28.58,41706.5,26.7352
1307,06/25/21 04:40:00 PM,38726.4,28.45,41682.0,26.7177
1308,06/25/21 05:00:00 PM,38704.0,28.36,41728.9,26.7512
1309,06/25/21 05:20:00 PM,38695.6,28.28,41783.1,26.7898
1310,06/25/21 05:40:00 PM,38639.7,28.22,41770.2,26.7806
1311,06/25/21 06:00:00 PM,38617.3,28.11,41833.2,26.8256
1312,06/25/21 06:20:00 PM,38547.6,28.00,41845.1,26.8340
1313,06/25/21 06:40:00 PM,38533.7,27.92,41893.7,26.8687
1314,06/25/21 07:00:00 PM,38500.3,27.86,41905.3,26.8770
1315,06/25/21 07:20:00 PM,38389.2,27.79,41840.0,26.8304
1316,06/25/21 07:40:00 PM,38433.6,27.74,41928.5,26.8936
1317,06/25/21 08:00:00 PM,38419.7,27.65,41985.5,26.9342
1318,06/25/21 08:20:00 PM,38369.8,27.55,42011.2,26.9526
1319,06/25/21 08:40:00 PM,38353.2,27.48,42049.4,26.9798
1320,06/25/21 09:00:00 PM,38270.3,27.41,42014.8,26.9551
1321,06/25/21 09:20:00 PM,38303.4,27.34,42107.7,27.0215
1322,06/25/21 09:40:00 PM,38364.3,27.26,42239.6,27.1157
1323,06/25/21 10:00:00 PM,38226.2,27.21,42127.9,27.0359
1324,06/25/21 10:20:00 PM,38322.8,27.17,42267.0,27.1352
1325,06/25/21 10:40:00 PM,38242.7,27.12,42219.2,27.1011
1326,06/25/21 11:00:00 PM,38367.1,27.04,42422.0,27.2460
1327,06/25/21 11:20:00 PM,38094.2,27.02,42136.2,27.0419
1328,06/25/21 11:40:00 PM,38289.6,26.99,42377.1,27.2139
1329,06/26/21 12:00:00 AM,38297.9,26.98,42394.4,27.2263
1330,06/26/21 12:20:00 AM,38226.2,26.97,42323.2,27.1754
1331,06/26/21 12:40:00 AM,38309.0,26.93,42447.7,27.2644
1332,06/26/21 01:00:00 AM,38284.1,26.90,42444.7,27.2623
1333,06/26/21 01:20:00 AM,38311.7,26.85,42516.4,27.3135
1334,06/26/21 01:40:00 AM,38245.5,26.80,42483.9,27.2903
1335,06/26/21 02:00:00 AM,38303.4,26.77,42573.0,27.3540
1336,06/26/21 02:20:00 AM,38248.2,26.75,42528.0,27.3219
1337,06/26/21 02:40:00 AM,38292.4,26.72,42602.0,27.3747
1338,06/26/21 03:00:00 AM,38256.5,26.72,42562.0,27.3462
1339,06/26/21 03:20:00 AM,38281.4,26.71,42598.0,27.3719
1340,06/26/21 03:40:00 AM,38289.6,26.72,42598.8,27.3725
1341,06/26/21 04:00:00 AM,38300.7,26.71,42619.5,27.3873
1342,06/26/21 04:20:00 AM,38217.9,26.71,42527.3,27.3213
1343,06/26/21 04:40:00 AM,38206.9,26.74,42490.3,27.2949
1344,06/26/21 05:00:00 AM,38217.9,26.74,42502.6,27.3036
1345,06/26/21 05:20:00 AM,38206.9,26.75,42482.1,27.2890
1346,06/26/21 05:40:00 AM,38317.3,26.77,42588.4,27.3651
1347,06/26/21 06:00:00 AM,38248.2,26.83,42462.3,27.2748
1348,06/26/21 06:20:00 AM,38140.9,26.80,42367.6,27.2072
1349,06/26/21 06:40:00 AM,38116.2,26.81,42332.0,27.1817
1350,06/26/21 07:00:00 AM,38044.8,26.76,42293.5,27.1542
1351,06/26/21 07:20:00 AM,38113.4,26.77,42361.6,27.2029
1352,06/26/21 07:40:00 AM,38124.4,26.84,42316.5,27.1707
1353,06/26/21 08:00:00 AM,38146.4,26.86,42324.6,27.1764
1354,06/26/21 08:20:00 AM,37593.6,27.04,41566.0,26.6351
1355,06/26/21 08:40:00 AM,38295.2,27.17,42236.5,27.1135
1356,06/26/21 09:00:00 AM,38217.9,27.35,42005.5,26.9485
1357,06/26/21 09:20:00 AM,38339.4,27.48,42034.2,26.9690
1358,06/26/21 09:40:00 AM,38289.6,27.41,42036.0,26.9703
1359,06/26/21 10:00:00 AM,38392.0,27.51,42067.8,26.9930
1360,06/26/21 10:20:00 AM,38408.6,27.59,42021.5,26.9600
1361,06/26/21 10:40:00 AM,38511.4,27.78,41981.4,26.9313
1362,06/26/21 11:00:00 AM,38472.5,27.88,41859.0,26.8440
1363,06/26/21 11:20:00 AM,38466.9,27.95,41797.1,26.7998
1364,06/26/21 11:40:00 AM,38530.9,28.04,41795.1,26.7984
1365,06/26/21 12:00:00 PM,38550.4,28.13,41744.8,26.7625
1366,06/26/21 12:20:00 PM,38586.6,28.22,41712.7,26.7396
1367,06/26/21 12:40:00 PM,38569.9,28.28,41647.2,26.6929
1368,06/26/21 01:00:00 PM,38564.3,28.41,41538.7,26.6156
1369,06/26/21 01:20:00 PM,38639.7,28.44,41596.4,26.6567
1370,06/26/21 01:40:00 PM,38628.5,28.51,41529.3,26.6089
1371,06/26/21 02:00:00 PM,38611.7,28.59,41448.5,26.5514
1372,06/26/21 02:20:00 PM,38709.6,28.68,41483.3,26.5761
1373,06/26/21 02:40:00 PM,38667.6,28.80,41344.6,26.4773
1374,06/26/21 03:00:00 PM,38746.0,28.80,41428.6,26.5371
1375,06/26/21 03:20:00 PM,38807.8,28.78,41510.4,26.5954
1376,06/26/21 03:40:00 PM,38776.9,28.72,41524.2,26.6052
1377,06/26/21 04:00:00 PM,38796.5,28.72,41545.2,26.6202
1378,06/26/21 04:20:00 PM,38704.0,28.69,41469.4,26.5662
1379,06/26/21 04:40:00 PM,38754.4,28.63,41570.5,26.6383
1380,06/26/21 05:00:00 PM,38762.8,28.53,41658.2,26.7007
1381,06/26/21 05:20:00 PM,38664.8,28.49,41584.1,26.6480
1382,06/26/21 05:40:00 PM,38771.3,28.44,41738.3,26.7579
1383,06/26/21 06:00:00 PM,38737.6,28.35,41773.1,26.7827
1384,06/26/21 06:20:00 PM,38690.0,28.28,41777.0,26.7855
1385,06/26/21 06:40:00 PM,38678.8,28.20,41828.4,26.8221
1386,06/26/21 07:00:00 PM,38617.3,28.15,41801.4,26.8029
1387,06/26/21 07:20:00 PM,38648.0,28.07,41898.4,26.8720
1388,06/26/21 07:40:00 PM,38525.3,28.00,41820.8,26.8167
1389,06/26/21 08:00:00 PM,38525.3,27.93,41876.6,26.8565
1390,06/26/21 08:20:00 PM,38542.0,27.88,41934.7,26.8980
1391,06/26/21 08:40:00 PM,38497.5,27.83,41926.2,26.8919
1392,06/26/21 09:00:00 PM,38511.4,27.79,41973.4,26.9256
1393,06/26/21 09:20:00 PM,38469.7,27.73,41975.9,26.9274
1394,06/26/21 09:40:00 PM,38514.2,27.68,42064.7,26.9908
1395,06/26/21 10:00:00 PM,38411.4,27.65,41976.4,26.9277
1396,06/26/21 10:20:00 PM,38469.7,27.60,42080.4,27.0020
1397,06/26/21 10:40:00 PM,38466.9,27.57,42101.5,27.0171
1398,06/26/21 11:00:00 PM,38466.9,27.56,42109.6,27.0228
1399,06/26/21 11:20:00 PM,38450.2,27.56,42091.3,27.0098
1400,06/26/21 11:40:00 PM,38425.3,27.53,42088.2,27.0075
1401,06/27/21 12:00:00 AM,38461.4,27.53,42127.7,27.0358
1402,06/27/21 12:20:00 AM,38422.5,27.53,42085.1,27.0053
1403,06/27/21 12:40:00 AM,38242.7,27.53,41887.9,26.8646
1404,06/27/21 01:00:00 AM,38339.4,27.55,41977.9,26.9288
1405,06/27/21 01:20:00 AM,38350.5,27.53,42006.1,26.9490
1406,06/27/21 01:40:00 AM,38356.0,27.52,42020.2,26.9590
1407,06/27/21 02:00:00 AM,38264.8,27.52,41920.2,26.8876
1408,06/27/21 02:20:00 AM,38278.6,27.53,41927.3,26.8927
1409,06/27/21 02:40:00 AM,38251.0,27.52,41905.1,26.8768
1410,06/27/21 03:00:00 AM,38223.4,27.52,41874.8,26.8553
1411,06/27/21 03:20:00 AM,38226.2,27.52,41877.9,26.8574
1412,06/27/21 03:40:00 AM,38242.7,27.53,41887.9,26.8646
1413,06/27/21 04:00:00 AM,38314.5,27.53,41966.7,26.9208
1414,06/27/21 04:20:00 AM,38264.8,27.55,41896.1,26.8705
1415,06/27/21 04:40:00 AM,38289.6,27.55,41923.3,26.8899
1416,06/27/21 05:00:00 AM,38259.3,27.53,41906.2,26.8776
1417,06/27/21 05:20:00 AM,38275.8,27.55,41908.2,26.8791
1418,06/27/21 05:40:00 AM,38228.9,27.56,41848.8,26.8367
1419,06/27/21 06:00:00 AM,38306.2,27.57,41925.4,26.8914
1420,06/27/21 06:20:00 AM,38295.2,27.57,41913.4,26.8828
1421,06/27/21 06:40:00 AM,38129.9,27.57,41732.3,26.7536
1422,06/27/21 07:00:00 AM,38245.5,27.57,41858.9,26.8439
1423,06/27/21 07:20:00 AM,38253.8,27.57,41868.0,26.8504
1424,06/27/21 07:40:00 AM,38231.7,27.59,41827.8,26.8217
1425,06/27/21 08:00:00 AM,38193.1,27.57,41801.5,26.8030
1426,06/27/21 08:20:00 AM,38182.1,27.60,41765.5,26.7773
1427,06/27/21 08:40:00 AM,38606.1,27.74,42116.9,27.0281
1428,06/27/21 09:00:00 AM,38704.0,27.83,42151.4,27.0527
1429,06/27/21 09:20:00 AM,38931.6,27.84,42391.4,27.2242
1430,06/27/21 09:40:00 AM,38951.4,27.92,42348.4,27.1934
1431,06/27/21 10:00:00 AM,38855.6,27.95,42220.0,27.1017
1432,06/27/21 10:20:00 AM,38819.0,27.96,42172.1,27.0675
1433,06/27/21 10:40:00 AM,38799.3,28.04,42086.6,27.0064
1434,06/27/21 11:00:00 AM,38813.4,28.18,41990.0,26.9375
1435,06/27/21 11:20:00 AM,38779.7,28.19,41945.6,26.9057
1436,06/27/21 11:40:00 AM,38760.0,28.27,41860.7,26.8452
1437,06/27/21 12:00:00 PM,38847.1,28.26,41962.8,26.9180
1438,06/27/21 12:20:00 PM,38774.1,28.24,41899.7,26.8730
1439,06/27/21 12:40:00 PM,38720.8,28.24,41842.1,26.8319
1440,06/27/21 01:00:00 PM,38715.2,28.24,41836.0,26.8276
1441,06/27/21 01:20:00 PM,38715.2,28.22,41851.9,26.8389
1442,06/27/21 01:40:00 PM,38776.9,28.20,41934.6,26.8979
1443,06/27/21 02:00:00 PM,38734.8,28.16,41920.8,26.8881
1444,06/27/21 02:20:00 PM,38706.8,28.15,41898.4,26.8721
1445,06/27/21 02:40:00 PM,38690.0,28.15,41880.2,26.8591
1446,06/27/21 03:00:00 PM,38692.8,28.10,41923.1,26.8897
1447,06/27/21 03:20:00 PM,38567.1,28.09,41794.6,26.7981
1448,06/27/21 03:40:00 PM,38564.3,28.18,41720.2,26.7450
1449,06/27/21 04:00:00 PM,38592.2,28.16,41766.3,26.7778
1450,06/27/21 04:20:00 PM,38369.8,28.14,41541.1,26.6173
1451,06/27/21 04:40:00 PM,38572.7,28.11,41784.8,26.7911
1452,06/27/21 05:00:00 PM,38536.4,28.10,41753.4,26.7686
1453,06/27/21 05:20:00 PM,38505.8,28.05,41759.9,26.7733
1454,06/27/21 05:40:00 PM,38439.1,28.00,41727.1,26.7499
1455,06/27/21 06:00:00 PM,38425.3,27.96,41743.9,26.7619
1456,06/27/21 06:20:00 PM,38350.5,27.91,41702.3,26.7322
1457,06/27/21 06:40:00 PM,38403.1,27.88,41783.4,26.7901
1458,06/27/21 07:00:00 PM,38392.0,27.84,41803.2,26.8042
1459,06/27/21 07:20:00 PM,38328.3,27.82,41749.7,26.7660
1460,06/27/21 07:40:00 PM,38333.9,27.79,41779.7,26.7874
1461,06/27/21 08:00:00 PM,38286.9,27.77,41744.4,26.7622
1462,06/27/21 08:20:00 PM,38270.3,27.75,41742.2,26.7606
1463,06/27/21 08:40:00 PM,38292.4,27.73,41782.3,26.7892
1464,06/27/21 09:00:00 PM,38292.4,27.71,41798.2,26.8006
1465,06/27/21 09:20:00 PM,38270.3,27.70,41782.1,26.7891
1466,06/27/21 09:40:00 PM,38256.5,27.68,41783.0,26.7897
1467,06/27/21 10:00:00 PM,38333.9,27.66,41883.6,26.8615
1468,06/27/21 10:20:00 PM,38284.1,27.65,41837.1,26.8284
1469,06/27/21 10:40:00 PM,38206.9,27.62,41776.6,26.7852
1470,06/27/21 11:00:00 PM,38267.5,27.60,41859.0,26.8440
1471,06/27/21 11:20:00 PM,38251.0,27.59,41848.9,26.8368
1472,06/27/21 11:40:00 PM,38286.9,27.57,41904.3,26.8763
1473,06/28/21 12:00:00 AM,38267.5,27.55,41899.1,26.8726
1474,06/28/21 12:20:00 AM,38242.7,27.53,41887.9,26.8646
1475,06/28/21 12:40:00 AM,38267.5,27.53,41915.1,26.8840
1476,06/28/21 01:00:00 AM,38259.3,27.52,41914.2,26.8833
1477,06/28/21 01:20:00 AM,38289.6,27.52,41947.4,26.9071
1478,06/28/21 01:40:00 AM,38256.5,27.51,41919.1,26.8869
1479,06/28/21 02:00:00 AM,38215.2,27.50,41881.9,26.8603
1480,06/28/21 02:20:00 AM,38278.6,27.51,41943.4,26.9042
1481,06/28/21 02:40:00 AM,38259.3,27.50,41930.2,26.8948
1482,06/28/21 03:00:00 AM,38223.4,27.48,41906.9,26.8782
1483,06/28/21 03:20:00 AM,38245.5,27.48,41931.2,26.8955
1484,06/28/21 03:40:00 AM,38195.9,27.47,41884.8,26.8624
1485,06/28/21 04:00:00 AM,38231.7,27.43,41956.2,26.9134
1486,06/28/21 04:20:00 AM,38209.7,27.41,41948.2,26.9076
1487,06/28/21 04:40:00 AM,38110.7,27.38,41863.5,26.8472
1488,06/28/21 05:00:00 AM,38124.4,27.34,41910.7,26.8809
1489,06/28/21 05:20:00 AM,38028.4,27.28,41853.3,26.8399
1490,06/28/21 05:40:00 AM,37981.9,27.24,41834.2,26.8263
1491,06/28/21 06:00:00 AM,37962.8,27.21,41837.3,26.8285
1492,06/28/21 06:20:00 AM,37927.3,27.16,41838.4,26.8293
1493,06/28/21 06:40:00 AM,37940.9,27.13,41877.6,26.8573
1494,06/28/21 07:00:00 AM,37875.5,27.11,41821.5,26.8172
1495,06/28/21 07:20:00 AM,37924.6,27.07,41908.1,26.8790
1496,06/28/21 07:40:00 AM,37971.0,27.06,41967.5,26.9214
1497,06/28/21 08:00:00 AM,38072.3,27.12,42030.9,26.9666
1498,06/28/21 08:20:00 AM,38031.2,27.13,41977.4,26.9284
1499,06/28/21 08:40:00 AM,38094.2,27.21,41982.3,26.9319
1500,06/28/21 09:00:00 AM,38198.6,27.30,42024.6,26.9622
1501,06/28/21 09:20:00 AM,38264.8,27.50,41936.3,26.8991
1502,06/28/21 09:40:00 AM,38206.9,27.52,41856.7,26.8423
1503,06/28/21 10:00:00 AM,38231.7,27.61,41811.8,26.8103
1504,06/28/21 10:20:00 AM,38267.5,27.77,41723.2,26.7471
1505,06/28/21 10:40:00 AM,38295.2,27.74,41777.3,26.7857
1506,06/28/21 11:00:00 AM,38300.7,27.84,41703.7,26.7332
1507,06/28/21 11:20:00 AM,38286.9,27.92,41625.1,26.6772
1508,06/28/21 11:40:00 AM,38275.8,27.79,41716.3,26.7422
1509,06/28/21 12:00:00 PM,38317.3,27.87,41697.9,26.7291
1510,06/28/21 12:20:00 PM,38303.4,27.86,41690.7,26.7239
1511,06/28/21 12:40:00 PM,38295.2,27.86,41681.8,26.7176
1512,06/28/21 01:00:00 PM,38284.1,27.91,41630.0,26.6806
1513,06/28/21 01:20:00 PM,38281.4,28.09,41484.6,26.5771
1514,06/28/21 01:40:00 PM,38400.3,28.18,41542.6,26.6183
1515,06/28/21 02:00:00 PM,38367.1,28.16,41522.4,26.6040
1516,06/28/21 02:20:00 PM,38369.8,28.24,41462.3,26.5611
1517,06/28/21 02:40:00 PM,38306.2,28.22,41409.2,26.5233
1518,06/28/21 03:00:00 PM,38361.5,28.26,41437.6,26.5435
1519,06/28/21 03:20:00 PM,38403.1,28.36,41404.0,26.5196
1520,06/28/21 03:40:00 PM,38397.5,28.33,41421.5,26.5321
1521,06/28/21 04:00:00 PM,38347.7,28.36,41344.2,26.4770
1522,06/28/21 04:20:00 PM,38347.7,28.31,41383.4,26.5050
1523,06/28/21 04:40:00 PM,38303.4,28.27,41366.9,26.4932
1524,06/28/21 05:00:00 PM,38325.6,28.20,41445.9,26.5495
1525,06/28/21 05:20:00 PM,38297.9,28.14,41463.1,26.5618
1526,06/28/21 05:40:00 PM,38289.6,28.07,41509.3,26.5947
1527,06/28/21 06:00:00 PM,38317.3,28.01,41586.8,26.6499
1528,06/28/21 06:20:00 PM,38267.5,27.96,41572.3,26.6395
1529,06/28/21 06:40:00 PM,38262.0,27.92,41598.0,26.6578
1530,06/28/21 07:00:00 PM,38240.0,27.89,41597.8,26.6577
1531,06/28/21 07:20:00 PM,38256.5,27.84,41655.5,26.6988
1532,06/28/21 07:40:00 PM,38132.6,27.80,41552.1,26.6252
1533,06/28/21 08:00:00 PM,38124.4,27.69,41630.6,26.6811
1534,06/28/21 08:20:00 PM,38140.9,27.64,41688.4,26.7223
1535,06/28/21 08:40:00 PM,38140.9,27.57,41744.3,26.7622
1536,06/28/21 09:00:00 PM,38173.9,27.52,41820.5,26.8165
1537,06/28/21 09:20:00 PM,38138.1,27.50,41797.3,26.7999
1538,06/28/21 09:40:00 PM,37965.5,27.48,41623.9,26.6763
1539,06/28/21 10:00:00 PM,38069.5,27.47,41746.0,26.7634
1540,06/28/21 10:20:00 PM,38061.3,27.43,41769.1,26.7798
1541,06/28/21 10:40:00 PM,38069.5,27.41,41794.1,26.7977
1542,06/28/21 11:00:00 PM,38099.7,27.38,41851.4,26.8385
1543,06/28/21 11:20:00 PM,38055.8,27.34,41835.2,26.8270
1544,06/28/21 11:40:00 PM,38036.6,27.29,41854.3,26.8406
1545,06/29/21 12:00:00 AM,37897.3,27.24,41741.0,26.7598
1546,06/29/21 12:20:00 AM,37834.7,27.22,41688.0,26.7220
1547,06/29/21 12:40:00 AM,37995.6,27.20,41881.6,26.8601
1548,06/29/21 01:00:00 AM,37992.9,27.20,41878.6,26.8579
1549,06/29/21 01:20:00 AM,38014.7,27.21,41894.6,26.8694
1550,06/29/21 01:40:00 AM,38017.5,27.24,41873.5,26.8543
1551,06/29/21 02:00:00 AM,38014.7,27.24,41870.4,26.8521
1552,06/29/21 02:20:00 AM,38012.0,27.24,41867.4,26.8500
1553,06/29/21 02:40:00 AM,38028.4,27.24,41885.5,26.8629
1554,06/29/21 03:00:00 AM,38020.2,27.21,41900.6,26.8737
1555,06/29/21 03:20:00 AM,37981.9,27.13,41922.9,26.8896
1556,06/29/21 03:40:00 AM,38012.0,27.17,41923.9,26.8903
1557,06/29/21 04:00:00 AM,38006.5,27.20,41893.6,26.8687
1558,06/29/21 04:20:00 AM,37861.9,27.19,41742.1,26.7606
1559,06/29/21 04:40:00 AM,37960.1,27.19,41850.5,26.8379
1560,06/29/21 05:00:00 AM,37954.6,27.21,41828.3,26.8221
1561,06/29/21 05:20:00 AM,37943.7,27.20,41824.3,26.8192
1562,06/29/21 05:40:00 AM,38006.5,27.19,41901.7,26.8744
1563,06/29/21 06:00:00 AM,38006.5,27.16,41925.9,26.8917
1564,06/29/21 06:20:00 AM,37960.1,27.12,41906.9,26.8782
1565,06/29/21 06:40:00 AM,37780.3,27.08,41740.4,26.7594
1566,06/29/21 07:00:00 AM,37856.5,27.04,41856.9,26.8425
1567,06/29/21 07:20:00 AM,37829.2,26.99,41867.1,26.8498
1568,06/29/21 07:40:00 AM,37919.1,27.01,41950.5,26.9093
1569,06/29/21 08:00:00 AM,37739.6,26.99,41767.9,26.7790
1570,06/29/21 08:20:00 AM,37793.9,26.95,41860.3,26.8449
1571,06/29/21 08:40:00 AM,37848.3,26.97,41904.4,26.8764
1572,06/29/21 09:00:00 AM,37802.1,27.10,41748.4,26.7651
1573,06/29/21 09:20:00 AM,37867.3,27.01,41893.1,26.8683
1574,06/29/21 09:40:00 AM,37883.7,27.07,41862.8,26.8467
1575,06/29/21 10:00:00 AM,37739.6,27.17,41623.2,26.6758
1576,06/29/21 10:20:00 AM,37971.0,27.25,41814.2,26.8120
1577,06/29/21 10:40:00 AM,37483.2,27.46,41110.3,26.3106
1578,06/29/21 11:00:00 AM,37564.0,27.39,41254.4,26.4131
1579,06/29/21 11:20:00 AM,37777.6,27.33,41537.1,26.6144
1580,06/29/21 11:40:00 AM,37900.0,27.64,41424.9,26.5345
1581,06/29/21 12:00:00 PM,37815.7,27.70,41285.2,26.4350
1582,06/29/21 12:20:00 PM,37932.8,27.86,41286.9,26.4362
1583,06/29/21 12:40:00 PM,37954.6,27.89,41287.0,26.4363
1584,06/29/21 01:00:00 PM,38020.2,27.98,41287.6,26.4367
1585,06/29/21 01:20:00 PM,38036.6,28.06,41242.6,26.4047
1586,06/29/21 01:40:00 PM,38006.5,28.04,41225.6,26.3926
1587,06/29/21 02:00:00 PM,38215.2,28.13,41381.3,26.5035
1588,06/29/21 02:20:00 PM,38154.6,28.14,41307.8,26.4511
1589,06/29/21 02:40:00 PM,38248.2,28.18,41377.8,26.5010
1590,06/29/21 03:00:00 PM,38206.9,28.15,41356.6,26.4859
1591,06/29/21 03:20:00 PM,38157.4,28.13,41318.7,26.4589
1592,06/29/21 03:40:00 PM,38311.7,28.04,41557.0,26.6287
1593,06/29/21 04:00:00 PM,38223.4,28.00,41492.7,26.5828
1594,06/29/21 04:20:00 PM,38284.1,28.04,41527.0,26.6073
1595,06/29/21 04:40:00 PM,38237.2,27.93,41563.1,26.6330
1596,06/29/21 05:00:00 PM,38336.6,27.86,41726.9,26.7497
1597,06/29/21 05:20:00 PM,38237.2,27.83,41642.4,26.6895
1598,06/29/21 05:40:00 PM,38162.9,27.79,41593.1,26.6544
1599,06/29/21 06:00:00 PM,38168.4,27.77,41615.0,26.6700
1600,06/29/21 06:20:00 PM,38129.9,27.73,41604.8,26.6627
1601,06/29/21 06:40:00 PM,37965.5,27.66,41480.7,26.5742
1602,06/29/21 07:00:00 PM,38042.1,27.59,41620.1,26.6736
1603,06/29/21 07:20:00 PM,38179.4,27.56,41794.5,26.7980
1604,06/29/21 07:40:00 PM,38190.4,27.50,41854.7,26.8409
1605,06/29/21 08:00:00 PM,38138.1,27.44,41845.4,26.8343
1606,06/29/21 08:20:00 PM,38069.5,27.37,41826.2,26.8206
1607,06/29/21 08:40:00 PM,37916.4,27.24,41762.0,26.7748
1608,06/29/21 09:00:00 PM,37960.1,27.19,41850.5,26.8379
1609,06/29/21 09:20:00 PM,37935.5,27.13,41871.7,26.8530
1610,06/29/21 09:40:00 PM,38025.7,27.07,42019.9,26.9588
1611,06/29/21 10:00:00 PM,37870.1,27.03,41880.1,26.8590
1612,06/29/21 10:20:00 PM,38001.1,27.02,42033.2,26.9683
1613,06/29/21 10:40:00 PM,37949.1,26.95,42032.4,26.9677
1614,06/29/21 11:00:00 PM,37791.2,26.86,41930.2,26.8948
1615,06/29/21 11:20:00 PM,37788.5,26.84,41943.4,26.9042
1616,06/29/21 11:40:00 PM,37669.2,26.83,41819.0,26.8154
1617,06/30/21 12:00:00 AM,37881.0,26.79,42086.9,27.0066
1618,06/30/21 12:20:00 AM,37574.7,26.72,41802.9,26.8040
1619,06/30/21 12:40:00 AM,37837.4,26.68,42128.0,27.0360
1620,06/30/21 01:00:00 AM,37815.7,26.66,42120.2,27.0304
1621,06/30/21 01:20:00 AM,37788.5,26.65,42098.0,27.0146
1622,06/30/21 01:40:00 AM,37821.1,26.63,42150.7,27.0522
1623,06/30/21 02:00:00 AM,37837.4,26.65,42152.5,27.0535
1624,06/30/21 02:20:00 AM,37812.9,26.62,42149.8,27.0515
1625,06/30/21 02:40:00 AM,37788.5,26.58,42155.2,27.0554
1626,06/30/21 03:00:00 AM,37832.0,26.57,42212.0,27.0960
1627,06/30/21 03:20:00 AM,37804.8,26.54,42206.2,27.0918
1628,06/30/21 03:40:00 AM,37793.9,26.54,42194.0,27.0831
1629,06/30/21 04:00:00 AM,37861.9,26.52,42286.4,27.1491
1630,06/30/21 04:20:00 AM,37815.7,26.50,42251.2,27.1240
1631,06/30/21 04:40:00 AM,37796.6,26.53,42205.2,27.0911
1632,06/30/21 05:00:00 AM,37834.7,26.47,42297.1,27.1568
1633,06/30/21 05:20:00 AM,37818.4,26.48,42270.6,27.1379
1634,06/30/21 05:40:00 AM,37720.7,26.48,42161.4,27.0598
1635,06/30/21 06:00:00 AM,37612.5,26.48,42040.4,26.9734
1636,06/30/21 06:20:00 AM,37701.7,26.45,42164.7,27.0622
1637,06/30/21 06:40:00 AM,37518.2,26.52,41902.3,26.8749
1638,06/30/21 07:00:00 AM,37520.9,26.50,41921.6,26.8886
1639,06/30/21 07:20:00 AM,37437.6,26.49,41836.6,26.8280
1640,06/30/21 07:40:00 AM,37569.4,26.52,41959.5,26.9157
1641,06/30/21 08:00:00 AM,37672.0,26.57,42033.4,26.9684
1642,06/30/21 08:20:00 AM,37644.9,26.67,41921.7,26.8887
1643,06/30/21 08:40:00 AM,37274.4,26.63,41541.0,26.6173
1644,06/30/21 09:00:00 AM,37491.3,26.76,41677.8,26.7147
1645,06/30/21 09:20:00 AM,37531.6,26.74,41738.8,26.7582
1646,06/30/21 09:40:00 AM,37572.0,26.86,41686.8,26.7212
1647,06/30/21 10:00:00 AM,37644.9,26.92,41719.3,26.7444
1648,06/30/21 10:20:00 AM,37515.5,26.97,41535.7,26.6134
1649,06/30/21 10:40:00 AM,37582.8,27.02,41570.1,26.6380
1650,06/30/21 11:00:00 AM,37642.2,27.03,41627.8,26.6791
1651,06/30/21 11:20:00 AM,37669.2,27.06,41633.6,26.6832
1652,06/30/21 11:40:00 AM,37558.6,27.04,41527.3,26.6075
1653,06/30/21 12:00:00 PM,37628.7,27.04,41604.9,26.6627
1654,06/30/21 12:20:00 PM,37669.2,27.02,41665.7,26.7062
1655,06/30/21 12:40:00 PM,37696.3,27.03,41687.7,26.7218
1656,06/30/21 01:00:00 PM,37818.4,27.11,41758.4,26.7722
1657,06/30/21 01:20:00 PM,37777.6,27.34,41529.1,26.6088
1658,06/30/21 01:40:00 PM,37902.8,27.33,41674.9,26.7127
1659,06/30/21 02:00:00 PM,37851.0,27.42,41546.0,26.6208
1660,06/30/21 02:20:00 PM,37954.6,27.51,41588.0,26.6507
1661,06/30/21 02:40:00 PM,37919.1,27.50,41557.0,26.6287
1662,06/30/21 03:00:00 PM,38014.7,27.52,41645.9,26.6920
1663,06/30/21 03:20:00 PM,37875.5,27.64,41398.0,26.5154
1664,06/30/21 03:40:00 PM,38132.6,27.62,41695.3,26.7272
1665,06/30/21 04:00:00 PM,38031.2,27.59,41608.2,26.6651
1666,06/30/21 04:20:00 PM,38110.7,27.59,41695.3,26.7272
1667,06/30/21 04:40:00 PM,37913.7,27.52,41535.2,26.6131
1668,06/30/21 05:00:00 PM,38022.9,27.47,41694.9,26.7269
1669,06/30/21 05:20:00 PM,38014.7,27.44,41709.9,26.7376
1670,06/30/21 05:40:00 PM,38006.5,27.39,41740.9,26.7597
1671,06/30/21 06:00:00 PM,38012.0,27.38,41754.9,26.7698
1672,06/30/21 06:20:00 PM,37842.8,27.39,41560.9,26.6314
1673,06/30/21 06:40:00 PM,37853.7,27.39,41572.9,26.6400
1674,06/30/21 07:00:00 PM,37900.0,27.37,41639.8,26.6876
1675,06/30/21 07:20:00 PM,38003.8,27.37,41753.9,26.7690
1676,06/30/21 07:40:00 PM,38003.8,27.37,41753.9,26.7690
1677,06/30/21 08:00:00 PM,37886.4,27.33,41656.8,26.6998
1678,06/30/21 08:20:00 PM,37932.8,27.32,41715.9,26.7419
1679,06/30/21 08:40:00 PM,37897.3,27.28,41708.9,26.7369
1680,06/30/21 09:00:00 PM,37951.9,27.30,41753.0,26.7683
1681,06/30/21 09:20:00 PM,37965.5,27.28,41784.0,26.7905
1682,06/30/21 09:40:00 PM,37962.8,27.22,41829.3,26.8228
1683,06/30/21 10:00:00 PM,37919.1,27.16,41829.4,26.8228
1684,06/30/21 10:20:00 PM,37902.8,27.13,41835.5,26.8272
1685,06/30/21 10:40:00 PM,37853.7,27.07,41829.6,26.8230
1686,06/30/21 11:00:00 PM,37701.7,27.01,41709.8,26.7375
1687,06/30/21 11:20:00 PM,37812.9,26.94,41889.5,26.8657
1688,06/30/21 11:40:00 PM,37529.0,26.94,41574.7,26.6413
1689,07/01/21 12:00:00 AM,37774.9,26.95,41839.3,26.8299
1690,07/01/21 12:20:00 AM,37655.7,26.88,41763.6,26.7759
1691,07/01/21 12:40:00 AM,37617.9,26.86,41737.8,26.7575
1692,07/01/21 01:00:00 AM,37577.4,26.77,41765.5,26.7773
1693,07/01/21 01:20:00 AM,37663.8,26.74,41885.9,26.8632
1694,07/01/21 01:40:00 AM,37504.7,26.67,41765.4,26.7772
1695,07/01/21 02:00:00 AM,37574.7,26.61,41892.2,26.8676
1696,07/01/21 02:20:00 AM,37585.5,26.62,41896.1,26.8704
1697,07/01/21 02:40:00 AM,37647.6,26.58,41998.0,26.9431
1698,07/01/21 03:00:00 AM,37365.2,26.48,41763.8,26.7760
1699,07/01/21 03:20:00 AM,37477.9,26.47,41898.0,26.8718
1700,07/01/21 03:40:00 AM,37547.8,26.36,42066.1,26.9918
1701,07/01/21 04:00:00 AM,37269.0,26.32,41786.1,26.7920
1702,07/01/21 04:20:00 AM,37120.0,26.34,41602.7,26.6612
1703,07/01/21 04:40:00 AM,37245.0,26.30,41775.5,26.7844
1704,07/01/21 05:00:00 AM,37170.5,26.25,41732.5,26.7538
1705,07/01/21 05:20:00 AM,37221.1,26.17,41854.6,26.8409
1706,07/01/21 05:40:00 AM,37266.4,26.16,41913.8,26.8831
1707,07/01/21 06:00:00 AM,37496.7,26.18,42156.5,27.0563
1708,07/01/21 06:20:00 AM,37101.5,26.16,41728.2,26.7507
1709,07/01/21 06:40:00 AM,37434.9,26.18,42087.0,27.0067
1710,07/01/21 07:00:00 AM,37239.7,26.23,41826.6,26.8208
1711,07/01/21 07:20:00 AM,37421.5,26.23,42030.9,26.9666
1712,07/01/21 07:40:00 AM,37386.6,26.26,41967.1,26.9211
1713,07/01/21 08:00:00 AM,37258.4,26.26,41823.1,26.8184
1714,07/01/21 08:20:00 AM,37309.1,26.39,41774.1,26.7834
1715,07/01/21 08:40:00 AM,37221.1,26.41,41659.3,26.7016
1716,07/01/21 09:00:00 AM,37277.0,26.58,41584.3,26.6481
1717,07/01/21 09:20:00 AM,37580.1,26.75,41784.6,26.7909
1718,07/01/21 09:40:00 AM,37590.9,26.85,41715.8,26.7419
1719,07/01/21 10:00:00 AM,37362.6,26.79,41510.5,26.5955
1720,07/01/21 10:20:00 AM,37545.1,26.88,41640.8,26.6884
1721,07/01/21 10:40:00 AM,37317.1,26.94,41339.8,26.4739
1722,07/01/21 11:00:00 AM,37483.2,27.16,41348.1,26.4798
1723,07/01/21 11:20:00 AM,37631.4,27.03,41615.9,26.6706
1724,07/01/21 11:40:00 AM,37351.8,27.02,41314.4,26.4558
1725,07/01/21 12:00:00 PM,37437.6,27.01,41417.4,26.5291
1726,07/01/21 12:20:00 PM,37523.6,27.11,41432.6,26.5400
1727,07/01/21 12:40:00 PM,37577.4,27.19,41428.2,26.5368
1728,07/01/21 01:00:00 PM,37488.6,27.20,41322.2,26.4614
1729,07/01/21 01:20:00 PM,37461.7,27.32,41197.3,26.3725
1730,07/01/21 01:40:00 PM,37634.1,27.25,41442.8,26.5473
1731,07/01/21 02:00:00 PM,37464.4,27.35,41176.6,26.3577
1732,07/01/21 02:20:00 PM,37504.7,27.33,41236.7,26.4005
1733,07/01/21 02:40:00 PM,37405.4,27.32,41135.4,26.3284
1734,07/01/21 03:00:00 PM,37644.9,27.38,41351.3,26.4821
1735,07/01/21 03:20:00 PM,37582.8,27.69,41038.5,26.2595
1736,07/01/21 03:40:00 PM,37682.8,27.66,41171.4,26.3541
1737,07/01/21 04:00:00 PM,37590.9,27.66,41070.9,26.2826
1738,07/01/21 04:20:00 PM,37494.0,27.60,41012.0,26.2406
1739,07/01/21 04:40:00 PM,37677.4,27.53,41268.1,26.4229
1740,07/01/21 05:00:00 PM,37693.6,27.55,41270.1,26.4243
1741,07/01/21 05:20:00 PM,37704.4,27.52,41305.6,26.4496
1742,07/01/21 05:40:00 PM,37731.5,27.51,41343.3,26.4764
1743,07/01/21 06:00:00 PM,37785.8,27.53,41387.0,26.5075
1744,07/01/21 06:20:00 PM,37688.2,27.51,41295.8,26.4426
1745,07/01/21 06:40:00 PM,37780.3,27.56,41357.2,26.4863
1746,07/01/21 07:00:00 PM,37488.6,27.51,41076.9,26.2868
1747,07/01/21 07:20:00 PM,37669.2,27.55,41243.3,26.4052
1748,07/01/21 07:40:00 PM,37539.7,27.51,41132.9,26.3267
1749,07/01/21 08:00:00 PM,37480.5,27.57,41020.8,26.2469
1750,07/01/21 08:20:00 PM,37491.3,27.53,41064.1,26.2777
1751,07/01/21 08:40:00 PM,37661.1,27.57,41218.7,26.3877
1752,07/01/21 09:00:00 PM,37791.2,27.57,41361.2,26.4891
1753,07/01/21 09:20:00 PM,37739.6,27.55,41320.5,26.4602
1754,07/01/21 09:40:00 PM,37753.2,27.51,41367.1,26.4933
1755,07/01/21 10:00:00 PM,37753.2,27.47,41398.8,26.5159
1756,07/01/21 10:20:00 PM,37718.0,27.46,41368.1,26.4941
1757,07/01/21 10:40:00 PM,37647.6,27.43,41314.6,26.4560
1758,07/01/21 11:00:00 PM,37688.2,27.41,41375.1,26.4990
1759,07/01/21 11:20:00 PM,37628.7,27.38,41333.5,26.4694
1760,07/01/21 11:40:00 PM,37677.4,27.34,41418.8,26.5302
1761,07/02/21 12:00:00 AM,37647.6,27.30,41417.9,26.5295
1762,07/02/21 12:20:00 AM,37658.4,27.29,41437.7,26.5437
1763,07/02/21 12:40:00 AM,37636.8,27.32,41390.1,26.5097
1764,07/02/21 01:00:00 AM,37626.0,27.32,41378.2,26.5013
1765,07/02/21 01:20:00 AM,37580.1,27.30,41343.6,26.4766
1766,07/02/21 01:40:00 AM,37502.0,27.32,41241.7,26.4041
1767,07/02/21 02:00:00 AM,37601.7,27.33,41343.5,26.4765
1768,07/02/21 02:20:00 AM,37520.9,27.32,41262.5,26.4189
1769,07/02/21 02:40:00 AM,37582.8,27.29,41354.5,26.4844
1770,07/02/21 03:00:00 AM,37469.8,27.32,41206.2,26.3788
1771,07/02/21 03:20:00 AM,37333.1,27.35,41032.1,26.2549
1772,07/02/21 03:40:00 AM,37322.4,27.29,41067.7,26.2802
1773,07/02/21 04:00:00 AM,37456.4,27.32,41191.5,26.3683
1774,07/02/21 04:20:00 AM,37349.2,27.26,41120.9,26.3181
1775,07/02/21 04:40:00 AM,37189.1,27.24,40960.2,26.2038
1776,07/02/21 05:00:00 AM,37175.8,27.24,40945.6,26.1934
1777,07/02/21 05:20:00 AM,37199.8,27.20,41003.6,26.2347
1778,07/02/21 05:40:00 AM,37181.1,27.15,41022.4,26.2481
1779,07/02/21 06:00:00 AM,37213.1,27.11,41089.4,26.2957
1780,07/02/21 06:20:00 AM,37056.4,27.15,40884.7,26.1502
1781,07/02/21 06:40:00 AM,36667.1,27.10,40493.9,25.8725
1782,07/02/21 07:00:00 AM,36890.1,27.12,40724.6,26.0364
1783,07/02/21 07:20:00 AM,36283.1,27.10,40069.4,25.5714
1784,07/02/21 07:40:00 AM,36690.6,27.08,40535.5,25.9020
1785,07/02/21 08:00:00 AM,36709.0,27.13,40516.7,25.8887
1786,07/02/21 08:20:00 AM,36942.8,27.20,40720.1,26.0331
1787,07/02/21 08:40:00 AM,36766.6,27.15,40564.7,25.9228
1788,07/02/21 09:00:00 AM,36937.5,27.21,40706.4,26.0234
1789,07/02/21 09:20:00 AM,36798.0,27.25,40521.3,25.8920
1790,07/02/21 09:40:00 AM,36987.6,27.22,40753.8,26.0571
1791,07/02/21 10:00:00 AM,37051.1,27.28,40776.7,26.0734
1792,07/02/21 10:20:00 AM,37024.6,27.26,40763.2,26.0638
1793,07/02/21 10:40:00 AM,37277.0,27.33,40986.1,26.2223
1794,07/02/21 11:00:00 AM,37101.5,27.39,40746.0,26.0516
1795,07/02/21 11:20:00 AM,36842.7,27.46,40407.2,25.8110
1796,07/02/21 11:40:00 AM,37261.0,27.60,40756.9,26.0593
1797,07/02/21 12:00:00 PM,37269.0,27.69,40695.5,26.0157
1798,07/02/21 12:20:00 PM,37202.4,27.84,40506.4,25.8814
1799,07/02/21 12:40:00 PM,36966.5,27.91,40195.6,25.6609
1800,07/02/21 01:00:00 PM,37242.4,27.93,40480.5,25.8630
1801,07/02/21 01:20:00 PM,37426.9,28.07,40572.9,25.9286
1802,07/02/21 01:40:00 PM,37266.4,28.14,40345.0,25.7668
1803,07/02/21 02:00:00 PM,37293.1,28.24,40297.3,25.7330
1804,07/02/21 02:20:00 PM,37325.1,28.37,40232.6,25.6871
1805,07/02/21 02:40:00 PM,37221.1,28.20,40250.0,25.6994
1806,07/02/21 03:00:00 PM,37231.7,28.16,40292.0,25.7293
1807,07/02/21 03:20:00 PM,37181.1,28.15,40244.9,25.6958
1808,07/02/21 03:40:00 PM,37120.0,28.13,40193.9,25.6597
1809,07/02/21 04:00:00 PM,37080.2,28.10,40173.7,25.6454
1810,07/02/21 04:20:00 PM,37229.0,28.06,40365.8,25.7816
1811,07/02/21 04:40:00 PM,37197.1,28.00,40377.3,25.7898
1812,07/02/21 05:00:00 PM,36573.2,27.92,39759.8,25.3521
1813,07/02/21 05:20:00 PM,37245.0,27.84,40552.9,25.9144
1814,07/02/21 05:40:00 PM,37048.5,27.75,40408.1,25.8116
1815,07/02/21 06:00:00 PM,37215.7,27.73,40606.2,25.9522
1816,07/02/21 06:20:00 PM,36903.2,27.65,40326.5,25.7537
1817,07/02/21 06:40:00 PM,36987.6,27.62,40442.0,25.8357
1818,07/02/21 07:00:00 PM,37136.0,27.57,40643.4,25.9786
1819,07/02/21 07:20:00 PM,37128.0,27.51,40681.3,26.0056
1820,07/02/21 07:40:00 PM,37024.6,27.48,40591.3,25.9417
1821,07/02/21 08:00:00 PM,37162.5,27.46,40758.3,26.0603
1822,07/02/21 08:20:00 PM,37048.5,27.42,40664.3,25.9935
1823,07/02/21 08:40:00 PM,37048.5,27.39,40687.7,26.0102
1824,07/02/21 09:00:00 PM,37051.1,27.37,40706.2,26.0233
1825,07/02/21 09:20:00 PM,37074.9,27.34,40755.9,26.0586
1826,07/02/21 09:40:00 PM,37048.5,27.34,40726.8,26.0379
1827,07/02/21 10:00:00 PM,37022.0,27.34,40697.7,26.0172
1828,07/02/21 10:20:00 PM,36982.4,27.34,40654.1,25.9863
1829,07/02/21 10:40:00 PM,36982.4,27.37,40630.7,25.9696
1830,07/02/21 11:00:00 PM,36966.5,27.34,40636.6,25.9738
1831,07/02/21 11:20:00 PM,37019.4,27.34,40694.8,26.0152
1832,07/02/21 11:40:00 PM,36977.1,27.34,40648.3,25.9821
1833,07/03/21 12:00:00 AM,36969.1,27.33,40647.3,25.9814
1834,07/03/21 12:20:00 AM,36942.8,27.33,40618.3,25.9609
1835,07/03/21 12:40:00 AM,36953.3,27.32,40637.7,25.9746
1836,07/03/21 01:00:00 AM,36924.3,27.32,40605.8,25.9520
1837,07/03/21 01:20:00 AM,36863.7,27.32,40539.1,25.9046
1838,07/03/21 01:40:00 AM,36869.0,27.29,40568.3,25.9253
1839,07/03/21 02:00:00 AM,36840.1,27.34,40497.5,25.8751
1840,07/03/21 02:20:00 AM,36871.6,27.37,40508.8,25.8831
1841,07/03/21 02:40:00 AM,36858.5,27.38,40486.6,25.8674
1842,07/03/21 03:00:00 AM,36777.1,27.41,40373.9,25.7873
1843,07/03/21 03:20:00 AM,36740.4,27.42,40325.8,25.7532
1844,07/03/21 03:40:00 AM,36745.6,27.41,40339.3,25.7628
1845,07/03/21 04:00:00 AM,36131.4,27.38,39687.2,25.3008
1846,07/03/21 04:20:00 AM,36722.0,27.34,40367.6,25.7829
1847,07/03/21 04:40:00 AM,36669.7,27.33,40317.8,25.7475
1848,07/03/21 05:00:00 AM,36695.9,27.34,40338.9,25.7625
1849,07/03/21 05:20:00 AM,36722.0,27.32,40383.1,25.7939
1850,07/03/21 05:40:00 AM,36664.5,27.29,40343.1,25.7655
1851,07/03/21 06:00:00 AM,36680.2,27.33,40329.3,25.7557
1852,07/03/21 06:20:00 AM,36381.2,27.30,40023.4,25.5388
1853,07/03/21 06:40:00 AM,36583.6,27.30,40246.2,25.6968
1854,07/03/21 07:00:00 AM,36355.3,27.30,39994.9,25.5186
1855,07/03/21 07:20:00 AM,36213.6,27.28,39854.2,25.4189
1856,07/03/21 07:40:00 AM,35978.0,27.25,39617.5,25.2514
1857,07/03/21 08:00:00 AM,36529.0,27.26,40217.1,25.6761
1858,07/03/21 08:20:00 AM,36365.7,27.33,39983.2,25.5104
1859,07/03/21 08:40:00 AM,36779.7,27.41,40376.7,25.7894
1860,07/03/21 09:00:00 AM,36677.6,27.48,40210.5,25.6714
1861,07/03/21 09:20:00 AM,36643.6,27.60,40080.9,25.5795
1862,07/03/21 09:40:00 AM,36651.5,27.65,40051.1,25.5585
1863,07/03/21 10:00:00 AM,36641.0,27.65,40039.7,25.5503
1864,07/03/21 10:20:00 AM,36244.4,27.70,39567.9,25.2163
1865,07/03/21 10:40:00 AM,36236.7,27.80,39483.9,25.1569
1866,07/03/21 11:00:00 AM,36495.2,27.77,39788.7,25.3726
1867,07/03/21 11:20:00 AM,36547.2,27.89,39754.3,25.3482
1868,07/03/21 11:40:00 AM,36750.8,27.86,39998.9,25.5215
1869,07/03/21 12:00:00 PM,36706.3,27.98,39859.1,25.4224
1870,07/03/21 12:20:00 PM,36479.6,27.92,39657.9,25.2800
1871,07/03/21 12:40:00 PM,36654.1,27.96,39817.5,25.3930
1872,07/03/21 01:00:00 PM,35993.3,27.98,39083.9,24.8743
1873,07/03/21 01:20:00 PM,36685.4,28.05,39783.3,25.3687
1874,07/03/21 01:40:00 PM,36136.5,28.04,39194.8,24.9526
1875,07/03/21 02:00:00 PM,36445.9,28.04,39530.8,25.1901
1876,07/03/21 02:20:00 PM,36396.7,28.07,39454.8,25.1363
1877,07/03/21 02:40:00 PM,36342.4,28.09,39380.9,25.0841
1878,07/03/21 03:00:00 PM,35922.0,28.10,38917.3,24.7567
1879,07/03/21 03:20:00 PM,35805.2,28.15,38753.8,24.6413
1880,07/03/21 03:40:00 PM,36365.7,28.11,39391.1,25.0913
1881,07/03/21 04:00:00 PM,36321.8,28.13,39328.6,25.0471
1882,07/03/21 04:20:00 PM,35980.6,28.10,38980.9,24.8016
1883,07/03/21 04:40:00 PM,35575.5,28.06,38570.9,24.5124
1884,07/03/21 05:00:00 PM,36440.7,27.98,39570.3,25.2180
1885,07/03/21 05:20:00 PM,36059.7,27.92,39200.9,24.9569
1886,07/03/21 05:40:00 PM,36347.6,27.86,39559.6,25.2104
1887,07/03/21 06:00:00 PM,36440.7,27.80,39706.5,25.3144
1888,07/03/21 06:20:00 PM,36422.6,27.74,39732.3,25.3326
1889,07/03/21 06:40:00 PM,36229.0,27.70,39551.1,25.2044
1890,07/03/21 07:00:00 PM,35833.1,27.66,39148.4,24.9198
1891,07/03/21 07:20:00 PM,35886.4,27.64,39221.7,24.9716
1892,07/03/21 07:40:00 PM,36136.5,27.61,39518.0,25.1811
1893,07/03/21 08:00:00 PM,36100.7,27.60,39486.4,25.1587
1894,07/03/21 08:20:00 PM,36321.8,27.57,39751.3,25.3461
1895,07/03/21 08:40:00 PM,36016.3,27.55,39431.8,25.1201
1896,07/03/21 09:00:00 PM,35937.3,27.52,39367.8,25.0749
1897,07/03/21 09:20:00 PM,36151.9,27.50,39618.4,25.2520
1898,07/03/21 09:40:00 PM,35881.3,27.46,39351.7,25.0635
1899,07/03/21 10:00:00 PM,36080.2,27.43,39592.9,25.2340
1900,07/03/21 10:20:00 PM,35965.3,27.41,39481.8,25.1555
1901,07/03/21 10:40:00 PM,36064.8,27.39,39606.4,25.2436
1902,07/03/21 11:00:00 PM,36034.2,27.38,39580.4,25.2251
1903,07/03/21 11:20:00 PM,36128.9,27.37,39692.1,25.3042
1904,07/03/21 11:40:00 PM,36100.7,27.37,39661.1,25.2823
1905,07/04/21 12:00:00 AM,36026.5,27.37,39579.5,25.2245
1906,07/04/21 12:20:00 AM,35739.4,27.37,39263.8,25.0013
1907,07/04/21 12:40:00 AM,35810.3,27.37,39341.7,25.0564
1908,07/04/21 01:00:00 AM,35800.1,27.37,39330.5,25.0485
1909,07/04/21 01:20:00 AM,36100.7,27.37,39661.1,25.2823
1910,07/04/21 01:40:00 AM,36151.9,27.37,39717.4,25.3221
1911,07/04/21 02:00:00 AM,36098.1,27.37,39658.2,25.2802
1912,07/04/21 02:20:00 AM,36100.7,27.38,39653.5,25.2769
1913,07/04/21 02:40:00 AM,36118.6,27.35,39696.0,25.3070
1914,07/04/21 03:00:00 AM,36003.5,27.35,39569.4,25.2174
1915,07/04/21 03:20:00 AM,36164.8,27.33,39762.1,25.3538
1916,07/04/21 03:40:00 AM,36082.8,27.30,39694.8,25.3061
1917,07/04/21 04:00:00 AM,36064.8,27.29,39682.6,25.2975
1918,07/04/21 04:20:00 AM,36062.3,27.26,39702.8,25.3118
1919,07/04/21 04:40:00 AM,36008.6,27.25,39651.2,25.2753
1920,07/04/21 05:00:00 AM,35993.3,27.24,39642.0,25.2688
1921,07/04/21 05:20:00 AM,35934.7,27.20,39607.9,25.2446
1922,07/04/21 05:40:00 AM,36003.5,27.22,39668.5,25.2875
1923,07/04/21 06:00:00 AM,36031.6,27.19,39722.5,25.3257
1924,07/04/21 06:20:00 AM,36011.2,27.15,39730.6,25.3314
1925,07/04/21 06:40:00 AM,36054.6,27.16,39770.8,25.3599
1926,07/04/21 07:00:00 AM,36062.3,27.17,39771.7,25.3605
1927,07/04/21 07:20:00 AM,35993.3,27.17,39695.5,25.3066
1928,07/04/21 07:40:00 AM,36003.5,27.19,39691.5,25.3038
1929,07/04/21 08:00:00 AM,36001.0,27.22,39665.8,25.2856
1930,07/04/21 08:20:00 AM,36011.2,27.22,39677.0,25.2935
1931,07/04/21 08:40:00 AM,35988.2,27.26,39621.1,25.2540
1932,07/04/21 09:00:00 AM,36054.6,27.26,39694.3,25.3058
1933,07/04/21 09:20:00 AM,36041.8,27.26,39680.2,25.2958
1934,07/04/21 09:40:00 AM,36067.4,27.26,39708.4,25.3157
1935,07/04/21 10:00:00 AM,36131.4,27.35,39710.1,25.3170
1936,07/04/21 10:20:00 AM,36036.7,27.37,39590.7,25.2325
1937,07/04/21 10:40:00 AM,36316.6,27.41,39867.9,25.4286
1938,07/04/21 11:00:00 AM,36254.7,27.53,39708.3,25.3157
1939,07/04/21 11:20:00 AM,36221.3,27.66,39573.0,25.2199
1940,07/04/21 11:40:00 AM,36144.2,27.88,39322.9,25.0431
1941,07/04/21 12:00:00 PM,36316.6,27.74,39616.5,25.2507
1942,07/04/21 12:20:00 PM,36185.3,27.73,39480.7,25.1546
1943,07/04/21 12:40:00 PM,36024.0,27.77,39274.4,25.0089
1944,07/04/21 01:00:00 PM,36077.6,27.93,39212.9,24.9654
1945,07/04/21 01:20:00 PM,36285.7,27.87,39484.6,25.1574
1946,07/04/21 01:40:00 PM,36275.4,27.83,39503.5,25.1708
1947,07/04/21 02:00:00 PM,36208.4,27.80,39453.1,25.1351
1948,07/04/21 02:20:00 PM,35855.9,27.79,39076.0,24.8687
1949,07/04/21 02:40:00 PM,36223.9,27.87,39417.2,25.1098
1950,07/04/21 03:00:00 PM,36332.1,27.83,39565.3,25.2145
1951,07/04/21 03:20:00 PM,36471.9,27.83,39717.7,25.3224
1952,07/04/21 03:40:00 PM,35156.5,27.83,38283.7,24.3101
1953,07/04/21 04:00:00 PM,35129.3,27.79,38283.3,24.3098
1954,07/04/21 04:20:00 PM,36172.5,27.78,39429.0,25.1181
1955,07/04/21 04:40:00 PM,35298.0,27.75,38496.8,24.4602
1956,07/04/21 05:00:00 PM,35605.7,27.75,38832.8,24.6970
1957,07/04/21 05:20:00 PM,35919.4,27.71,39205.2,24.9600
1958,07/04/21 05:40:00 PM,35800.1,27.69,39089.8,24.8785
1959,07/04/21 06:00:00 PM,35822.9,27.69,39114.8,24.8961
1960,07/04/21 06:20:00 PM,36072.5,27.66,39410.2,25.1048
1961,07/04/21 06:40:00 PM,35911.8,27.62,39264.5,25.0019
1962,07/04/21 07:00:00 PM,36067.4,27.61,39442.4,25.1276
1963,07/04/21 07:20:00 PM,36332.1,27.59,39747.4,25.3433
1964,07/04/21 07:40:00 PM,36139.1,27.60,39528.5,25.1884
1965,07/04/21 08:00:00 PM,36203.3,27.59,39606.3,25.2435
1966,07/04/21 08:20:00 PM,35452.7,27.57,38799.2,24.6734
1967,07/04/21 08:40:00 PM,36319.2,27.53,39779.0,25.3657
1968,07/04/21 09:00:00 PM,36314.0,27.53,39773.3,25.3617
1969,07/04/21 09:20:00 PM,36024.0,27.52,39462.9,25.1421
1970,07/04/21 09:40:00 PM,35995.9,27.50,39447.2,25.1310
1971,07/04/21 10:00:00 PM,36041.8,27.48,39512.7,25.1773
1972,07/04/21 10:20:00 PM,35993.3,27.46,39474.7,25.1504
1973,07/04/21 10:40:00 PM,36167.3,27.42,39696.2,25.3071
1974,07/04/21 11:00:00 PM,36085.3,27.37,39644.2,25.2703
1975,07/04/21 11:20:00 PM,36190.4,27.34,39782.7,25.3683
1976,07/04/21 11:40:00 PM,36241.9,27.32,39854.7,25.4193
1977,07/05/21 12:00:00 AM,36218.7,27.28,39859.8,25.4229
1978,07/05/21 12:20:00 AM,36208.4,27.26,39863.8,25.4258
1979,07/05/21 12:40:00 AM,36190.4,27.24,39859.3,25.4226
1980,07/05/21 01:00:00 AM,36241.9,27.24,39916.1,25.4628
1981,07/05/21 01:20:00 AM,36326.9,27.22,40025.2,25.5401
1982,07/05/21 01:40:00 AM,36334.7,27.19,40056.9,25.5626
1983,07/05/21 02:00:00 AM,36259.9,27.17,39989.8,25.5150
1984,07/05/21 02:20:00 AM,36275.4,27.17,40006.9,25.5271
1985,07/05/21 02:40:00 AM,36203.3,27.13,39958.1,25.4926
1986,07/05/21 03:00:00 AM,36136.5,27.11,39899.7,25.4512
1987,07/05/21 03:20:00 AM,35983.1,27.08,39753.2,25.3474
1988,07/05/21 03:40:00 AM,35873.7,27.07,39639.9,25.2673
1989,07/05/21 04:00:00 AM,35838.1,27.04,39623.4,25.2556
1990,07/05/21 04:20:00 AM,35983.1,27.04,39783.9,25.3692
1991,07/05/21 04:40:00 AM,35843.2,27.02,39644.4,25.2705
1992,07/05/21 05:00:00 AM,35843.2,27.02,39644.4,25.2705
1993,07/05/21 05:20:00 AM,35937.3,27.02,39748.6,25.3442
1994,07/05/21 05:40:00 AM,35990.8,27.02,39807.8,25.3861
1995,07/05/21 06:00:00 AM,35975.5,27.01,39798.5,25.3796
1996,07/05/21 06:20:00 AM,36059.7,27.03,39876.4,25.4347
1997,07/05/21 06:40:00 AM,36008.6,27.03,39819.8,25.3946
1998,07/05/21 07:00:00 AM,35944.9,26.98,39787.7,25.3719
1999,07/05/21 07:20:00 AM,36018.8,26.94,39900.4,25.4517
2000,07/05/21 07:40:00 AM,35744.4,26.97,39573.2,25.2201
2001,07/05/21 08:00:00 AM,35830.5,27.03,39622.7,25.2551
2002,07/05/21 08:20:00 AM,36103.2,27.06,39901.4,25.4524
2003,07/05/21 08:40:00 AM,35868.6,27.11,39603.7,25.2416
2004,07/05/21 09:00:00 AM,36105.8,27.24,39766.0,25.3565
2005,07/05/21 09:20:00 AM,36277.9,27.42,39817.7,25.3931
2006,07/05/21 09:40:00 AM,36139.1,27.60,39528.5,25.1884
2007,07/05/21 10:00:00 AM,36057.2,27.65,39401.0,25.0983
2008,07/05/21 10:20:00 AM,36006.1,27.79,39239.9,24.9844
2009,07/05/21 10:40:00 AM,35990.8,27.91,39133.4,24.9092
2010,07/05/21 11:00:00 AM,36041.8,28.10,39047.3,24.8484
2011,07/05/21 11:20:00 AM,36646.2,28.24,39597.4,25.2372
2012,07/05/21 11:40:00 AM,36688.0,28.35,39559.9,25.2107
2013,07/05/21 12:00:00 PM,36711.6,28.42,39532.9,25.1916
2014,07/05/21 12:20:00 PM,36365.7,28.54,39071.1,24.8652
2015,07/05/21 12:40:00 PM,36412.2,28.68,39017.8,24.8276
2016,07/05/21 01:00:00 PM,36182.7,28.76,38713.0,24.6125
2017,07/05/21 01:20:00 PM,36425.2,28.87,38892.1,24.7389
2018,07/05/21 01:40:00 PM,36241.9,28.98,38616.1,24.5442
2019,07/05/21 02:00:00 PM,36737.8,29.12,39042.5,24.8450
2020,07/05/21 02:20:00 PM,36787.6,28.98,39198.4,24.9552
2021,07/05/21 02:40:00 PM,36221.3,28.95,38615.9,24.5441
2022,07/05/21 03:00:00 PM,36549.8,29.05,38893.5,24.7398
2023,07/05/21 03:20:00 PM,36229.0,28.96,38616.8,24.5448
2024,07/05/21 03:40:00 PM,35909.3,29.07,38196.5,24.2487
2025,07/05/21 04:00:00 PM,36596.7,29.07,38928.8,24.7648
2026,07/05/21 04:20:00 PM,36769.2,29.00,39164.1,24.9309
2027,07/05/21 04:40:00 PM,36848.0,28.95,39285.1,25.0164
2028,07/05/21 05:00:00 PM,36630.6,28.86,39119.1,24.8991
2029,07/05/21 05:20:00 PM,36701.1,28.81,39231.5,24.9785
2030,07/05/21 05:40:00 PM,36555.0,28.71,39148.8,24.9201
2031,07/05/21 06:00:00 PM,36495.2,28.64,39136.4,24.9113
2032,07/05/21 06:20:00 PM,36211.0,28.59,38867.9,24.7218
2033,07/05/21 06:40:00 PM,36451.1,28.55,39155.6,24.9249
2034,07/05/21 07:00:00 PM,36321.8,28.47,39075.6,24.8684
2035,07/05/21 07:20:00 PM,36311.4,28.44,39086.6,24.8762
2036,07/05/21 07:40:00 PM,35937.3,28.40,38712.7,24.6123
2037,07/05/21 08:00:00 PM,35540.4,28.33,38335.5,24.3465
2038,07/05/21 08:20:00 PM,36296.0,28.29,39181.3,24.9430
2039,07/05/21 08:40:00 PM,36252.2,28.24,39171.1,24.9359
2040,07/05/21 09:00:00 PM,36221.3,28.20,39167.4,24.9333
2041,07/05/21 09:20:00 PM,36154.5,28.14,39139.7,24.9137
2042,07/05/21 09:40:00 PM,36175.0,28.10,39191.8,24.9505
2043,07/05/21 10:00:00 PM,36198.2,28.07,39239.3,24.9841
2044,07/05/21 10:20:00 PM,36062.3,28.05,39106.7,24.8904
2045,07/05/21 10:40:00 PM,35967.8,28.02,39026.4,24.8337
2046,07/05/21 11:00:00 PM,36412.2,28.01,39516.7,25.1801
2047,07/05/21 11:20:00 PM,36329.5,28.00,39434.4,25.1219
2048,07/05/21 11:40:00 PM,36008.6,27.97,39108.0,24.8913
2049,07/06/21 12:00:00 AM,36445.9,27.95,39598.6,25.2381
2050,07/06/21 12:20:00 AM,36376.0,27.91,39552.7,25.2056
2051,07/06/21 12:40:00 AM,36337.3,27.87,39540.8,25.1971
2052,07/06/21 01:00:00 AM,36329.5,27.82,39570.0,25.2179
2053,07/06/21 01:20:00 AM,36345.0,27.78,39617.2,25.2512
2054,07/06/21 01:40:00 AM,36314.0,27.74,39613.7,25.2487
2055,07/06/21 02:00:00 AM,36334.7,27.71,39659.0,25.2808
2056,07/06/21 02:20:00 AM,36216.1,27.68,39552.1,25.2052
2057,07/06/21 02:40:00 AM,36277.9,27.60,39680.4,25.2960
2058,07/06/21 03:00:00 AM,36182.7,27.53,39629.3,25.2598
2059,07/06/21 03:20:00 AM,36108.4,27.48,39585.8,25.2290
2060,07/06/21 03:40:00 AM,36128.9,27.44,39638.8,25.2665
2061,07/06/21 04:00:00 AM,36064.8,27.38,39614.0,25.2489
2062,07/06/21 04:20:00 AM,35863.5,27.33,39430.6,25.1192
2063,07/06/21 04:40:00 AM,36100.7,27.28,39729.8,25.3309
2064,07/06/21 05:00:00 AM,35810.3,27.22,39455.5,25.1368
2065,07/06/21 05:20:00 AM,35643.5,27.19,39294.2,25.0228
2066,07/06/21 05:40:00 AM,35990.8,27.15,39708.0,25.3155
2067,07/06/21 06:00:00 AM,35978.0,27.11,39724.5,25.3272
2068,07/06/21 06:20:00 AM,36072.5,27.11,39829.0,25.4011
2069,07/06/21 06:40:00 AM,35560.5,27.08,39285.9,25.0170
2070,07/06/21 07:00:00 AM,35810.3,27.04,39592.7,25.2339
2071,07/06/21 07:20:00 AM,35070.0,27.03,38781.0,24.6605
2072,07/06/21 07:40:00 AM,35410.2,27.03,39157.5,24.9263
2073,07/06/21 08:00:00 AM,35522.8,27.03,39282.1,25.0143
2074,07/06/21 08:20:00 AM,35347.8,27.12,39020.6,24.8296
2075,07/06/21 08:40:00 AM,35578.1,27.20,39214.5,24.9665
2076,07/06/21 09:00:00 AM,35671.2,27.33,39218.9,24.9696
2077,07/06/21 09:20:00 AM,35268.1,27.43,38700.9,24.6040
2078,07/06/21 09:40:00 AM,36118.6,27.56,39536.3,25.1940
2079,07/06/21 10:00:00 AM,36355.3,27.74,39658.8,25.2806
2080,07/06/21 10:20:00 AM,35850.8,27.79,39070.5,24.8648
2081,07/06/21 10:40:00 AM,36399.3,27.97,39532.8,25.1915
2082,07/06/21 11:00:00 AM,36075.1,28.06,39113.2,24.8949
2083,07/06/21 11:20:00 AM,35570.5,28.19,38470.2,24.4414
2084,07/06/21 11:40:00 AM,35420.2,28.24,38271.0,24.3011
2085,07/06/21 12:00:00 PM,35906.7,28.14,38871.2,24.7241
2086,07/06/21 12:20:00 PM,35848.3,28.04,38881.8,24.7316
2087,07/06/21 12:40:00 PM,35792.5,28.02,38836.0,24.6993
2088,07/06/21 01:00:00 PM,35625.9,28.05,38632.9,24.5561
2089,07/06/21 01:20:00 PM,35714.1,28.07,38713.9,24.6132
2090,07/06/21 01:40:00 PM,35787.5,28.24,38668.4,24.5811
2091,07/06/21 02:00:00 PM,35701.5,28.23,38582.7,24.5207
2092,07/06/21 02:20:00 PM,35741.9,28.49,38436.3,24.4176
2093,07/06/21 02:40:00 PM,35563.0,28.64,38135.3,24.2057
2094,07/06/21 03:00:00 PM,35950.0,28.64,38550.9,24.4983
2095,07/06/21 03:20:00 PM,35873.7,28.62,38483.5,24.4508
2096,07/06/21 03:40:00 PM,35904.2,28.71,38450.8,24.4278
2097,07/06/21 04:00:00 PM,35845.8,28.41,38606.7,24.5376
2098,07/06/21 04:20:00 PM,36049.5,28.38,38848.5,24.7081
2099,07/06/21 04:40:00 PM,35671.2,28.35,38462.1,24.4357
2100,07/06/21 05:00:00 PM,35490.2,28.20,38375.9,24.3750
2101,07/06/21 05:20:00 PM,36070.0,28.05,39115.1,24.8963
2102,07/06/21 05:40:00 PM,35810.3,27.96,38899.8,24.7443
2103,07/06/21 06:00:00 PM,35952.5,27.86,39129.1,24.9061
2104,07/06/21 06:20:00 PM,36067.4,27.77,39321.8,25.0423
2105,07/06/21 06:40:00 PM,35970.4,27.69,39276.0,25.0100
2106,07/06/21 07:00:00 PM,35595.7,27.55,38970.8,24.7944
2107,07/06/21 07:20:00 PM,35661.1,27.53,39057.5,24.8556
2108,07/06/21 07:40:00 PM,35487.7,27.46,38919.6,24.7583
2109,07/06/21 08:00:00 PM,35487.7,27.39,38972.0,24.7953
2110,07/06/21 08:20:00 PM,36185.3,27.32,39792.4,25.3752
2111,07/06/21 08:40:00 PM,36049.5,27.28,39673.4,25.2910
2112,07/06/21 09:00:00 PM,36149.4,27.22,39829.4,25.4014
2113,07/06/21 09:20:00 PM,36216.1,27.22,39903.0,25.4535
2114,07/06/21 09:40:00 PM,36200.7,27.24,39870.6,25.4306
2115,07/06/21 10:00:00 PM,36262.5,27.26,39923.4,25.4680
2116,07/06/21 10:20:00 PM,36149.4,27.22,39829.4,25.4014
2117,07/06/21 10:40:00 PM,36118.6,27.25,39772.5,25.3611
2118,07/06/21 11:00:00 PM,36290.8,27.25,39962.3,25.4955
2119,07/06/21 11:20:00 PM,36249.6,27.24,39924.5,25.4688
2120,07/06/21 11:40:00 PM,36254.7,27.21,39953.2,25.4891
2121,07/07/21 12:00:00 AM,36244.4,27.17,39972.7,25.5029
2122,07/07/21 12:20:00 AM,36211.0,27.12,39974.3,25.5041
2123,07/07/21 12:40:00 AM,36223.9,27.06,40034.9,25.5470
2124,07/07/21 01:00:00 AM,36205.9,27.01,40053.6,25.5602
2125,07/07/21 01:20:00 AM,36193.0,26.95,40085.8,25.5830
2126,07/07/21 01:40:00 AM,34661.1,26.90,38425.0,24.4096
2127,07/07/21 02:00:00 AM,36123.7,26.85,40086.4,25.5835
2128,07/07/21 02:20:00 AM,36100.7,26.80,40099.7,25.5929
2129,07/07/21 02:40:00 AM,36044.4,26.76,40068.2,25.5705
2130,07/07/21 03:00:00 AM,36082.8,26.71,40149.8,25.6284
2131,07/07/21 03:20:00 AM,36123.7,26.68,40218.7,25.6773
2132,07/07/21 03:40:00 AM,36039.3,26.66,40140.3,25.6217
2133,07/07/21 04:00:00 AM,36039.3,26.63,40163.6,25.6382
2134,07/07/21 04:20:00 AM,36013.7,26.61,40150.7,25.6290
2135,07/07/21 04:40:00 AM,35993.3,26.58,40151.3,25.6295
2136,07/07/21 05:00:00 AM,35934.7,26.53,40124.9,25.6108
2137,07/07/21 05:20:00 AM,35929.6,26.52,40127.0,25.6122
2138,07/07/21 05:40:00 AM,35922.0,26.48,40149.7,25.6284
2139,07/07/21 06:00:00 AM,35838.1,26.44,40087.1,25.5840
2140,07/07/21 06:20:00 AM,35701.5,26.38,39980.9,25.5087
2141,07/07/21 06:40:00 AM,35295.5,26.39,39518.3,25.1812
2142,07/07/21 07:00:00 AM,35352.8,26.40,39574.8,25.2212
2143,07/07/21 07:20:00 AM,35203.6,26.40,39407.6,25.1030
2144,07/07/21 07:40:00 AM,35610.7,26.43,39840.3,25.4091
2145,07/07/21 08:00:00 AM,35072.5,26.45,39222.6,24.9722
2146,07/07/21 08:20:00 AM,35144.2,26.50,39264.6,25.0019
2147,07/07/21 08:40:00 AM,34583.4,26.54,38607.6,24.5382
2148,07/07/21 09:00:00 AM,35764.7,26.79,39733.9,25.3338
2149,07/07/21 09:20:00 AM,35305.4,26.74,39261.3,24.9996
2150,07/07/21 09:40:00 AM,35625.9,26.92,39480.1,25.1542
2151,07/07/21 10:00:00 AM,35450.2,26.94,39270.1,25.0058
2152,07/07/21 10:20:00 AM,35412.7,27.06,39137.6,24.9122
2153,07/07/21 10:40:00 AM,35437.7,27.22,39044.6,24.8465
2154,07/07/21 11:00:00 AM,35558.0,27.44,39011.8,24.8234
2155,07/07/21 11:20:00 AM,36259.9,27.46,39767.4,25.3575
2156,07/07/21 11:40:00 AM,35648.5,27.39,39148.8,24.9201
2157,07/07/21 12:00:00 PM,35729.3,27.52,39139.8,24.9137
2158,07/07/21 12:20:00 PM,35532.9,27.48,38954.3,24.7828
2159,07/07/21 12:40:00 PM,36244.4,27.65,39605.8,25.2432
2160,07/07/21 01:00:00 PM,35505.3,27.82,38671.3,24.5832
2161,07/07/21 01:20:00 PM,35757.1,27.88,38901.3,24.7454
2162,07/07/21 01:40:00 PM,35467.7,28.00,38497.8,24.4609
2163,07/07/21 02:00:00 PM,35525.3,28.07,38509.0,24.4688
2164,07/07/21 02:20:00 PM,35502.8,28.01,38528.6,24.4826
2165,07/07/21 02:40:00 PM,36267.6,28.05,39329.6,25.0479
2166,07/07/21 03:00:00 PM,35719.2,27.98,38785.9,24.6640
2167,07/07/21 03:20:00 PM,35397.7,28.18,38290.3,24.3147
2168,07/07/21 03:40:00 PM,36182.7,28.15,39162.9,24.9300
2169,07/07/21 04:00:00 PM,35370.2,28.09,38326.1,24.3399
2170,07/07/21 04:20:00 PM,35558.0,28.01,38588.6,24.5249
2171,07/07/21 04:40:00 PM,35335.3,27.93,38405.2,24.3956
2172,07/07/21 05:00:00 PM,35407.7,27.83,38557.6,24.5030
2173,07/07/21 05:20:00 PM,35216.0,27.73,38422.0,24.4075
2174,07/07/21 05:40:00 PM,35782.4,27.65,39100.4,24.8859
2175,07/07/21 06:00:00 PM,36098.1,27.56,39513.8,25.1781
2176,07/07/21 06:20:00 PM,36126.3,27.47,39613.1,25.2483
2177,07/07/21 06:40:00 PM,36110.9,27.38,39664.7,25.2848
2178,07/07/21 07:00:00 PM,36072.5,27.30,39683.5,25.2981
2179,07/07/21 07:20:00 PM,36072.5,27.25,39721.7,25.3251
2180,07/07/21 07:40:00 PM,36026.5,27.17,39732.2,25.3326
2181,07/07/21 08:00:00 PM,36070.0,27.13,39810.9,25.3883
2182,07/07/21 08:20:00 PM,36062.3,27.11,39817.7,25.3931
2183,07/07/21 08:40:00 PM,36034.2,27.08,39809.7,25.3874
2184,07/07/21 09:00:00 PM,36080.2,27.08,39860.5,25.4235
2185,07/07/21 09:20:00 PM,36077.6,27.10,39842.3,25.4105
2186,07/07/21 09:40:00 PM,36113.5,27.10,39882.0,25.4386
2187,07/07/21 10:00:00 PM,35716.6,27.12,39428.1,25.1174
2188,07/07/21 10:20:00 PM,36116.0,27.11,39877.0,25.4351
2189,07/07/21 10:40:00 PM,35535.4,27.11,39235.4,24.9813
2190,07/07/21 11:00:00 PM,36131.4,27.07,39924.9,25.4690
2191,07/07/21 11:20:00 PM,36146.8,27.03,39972.7,25.5029
2192,07/07/21 11:40:00 PM,36070.0,27.01,39903.2,25.4536
2193,07/08/21 12:00:00 AM,36100.7,26.97,39968.0,25.4996
2194,07/08/21 12:20:00 AM,36103.2,26.94,39994.0,25.5180
2195,07/08/21 12:40:00 AM,36087.9,26.90,40008.0,25.5279
2196,07/08/21 01:00:00 AM,36072.5,26.86,40021.8,25.5377
2197,07/08/21 01:20:00 AM,36034.2,26.83,40002.5,25.5240
2198,07/08/21 01:40:00 AM,36034.2,26.80,40025.8,25.5405
2199,07/08/21 02:00:00 AM,35962.7,26.77,39969.5,25.5007
2200,07/08/21 02:20:00 AM,35990.8,26.76,40008.5,25.5283
2201,07/08/21 02:40:00 AM,36008.6,26.74,40043.9,25.5533
2202,07/08/21 03:00:00 AM,36046.9,26.72,40102.0,25.5946
2203,07/08/21 03:20:00 AM,35985.7,26.72,40033.9,25.5463
2204,07/08/21 03:40:00 AM,35942.4,26.68,40016.7,25.5341
2205,07/08/21 04:00:00 AM,35810.3,26.66,39885.0,25.4408
2206,07/08/21 04:20:00 AM,35911.8,26.66,39998.2,25.5209
2207,07/08/21 04:40:00 AM,35965.3,26.62,40088.9,25.5852
2208,07/08/21 05:00:00 AM,35906.7,26.58,40054.7,25.5610
2209,07/08/21 05:20:00 AM,35901.6,26.61,40025.6,25.5404
2210,07/08/21 05:40:00 AM,35762.1,26.54,39924.3,25.4686
2211,07/08/21 06:00:00 AM,35663.6,26.53,39822.0,25.3962
2212,07/08/21 06:20:00 AM,35397.7,26.50,39548.0,25.2022
2213,07/08/21 06:40:00 AM,35298.0,26.44,39482.6,25.1560
2214,07/08/21 07:00:00 AM,35159.0,26.44,39327.0,25.0460
2215,07/08/21 07:20:00 AM,35250.8,26.41,39452.8,25.1349
2216,07/08/21 07:40:00 AM,35183.8,26.38,39400.8,25.0982
2217,07/08/21 08:00:00 AM,35312.9,26.45,39491.6,25.1624
2218,07/08/21 08:20:00 AM,35405.2,26.58,39494.9,25.1647
2219,07/08/21 08:40:00 AM,35420.2,26.68,39434.9,25.1223
2220,07/08/21 09:00:00 AM,35312.9,26.86,39178.4,24.9410
2221,07/08/21 09:20:00 AM,35412.7,27.04,39152.7,24.9229
2222,07/08/21 09:40:00 AM,35099.7,26.99,38843.9,24.7049
2223,07/08/21 10:00:00 AM,35800.1,27.29,39391.1,25.0913
2224,07/08/21 10:20:00 AM,35822.9,27.22,39469.4,25.1466
2225,07/08/21 10:40:00 AM,36077.6,27.56,39491.4,25.1622
2226,07/08/21 11:00:00 AM,35527.8,27.55,38896.4,24.7419
2227,07/08/21 11:20:00 AM,35995.9,27.77,39243.8,24.9872
2228,07/08/21 11:40:00 AM,35990.8,27.89,39148.4,24.9198
2229,07/08/21 12:00:00 PM,35955.1,28.13,38931.0,24.7663
2230,07/08/21 12:20:00 PM,36049.5,28.13,39033.4,24.8386
2231,07/08/21 12:40:00 PM,35932.2,28.18,38869.2,24.7227
2232,07/08/21 01:00:00 PM,36162.2,28.11,39170.4,24.9354
2233,07/08/21 01:20:00 PM,35188.7,28.11,38114.7,24.1911
2234,07/08/21 01:40:00 PM,35838.1,28.14,38796.8,24.6716
2235,07/08/21 02:00:00 PM,35077.4,28.13,37979.5,24.0961
2236,07/08/21 02:20:00 PM,35221.0,28.29,38019.4,24.1241
2237,07/08/21 02:40:00 PM,35201.1,28.18,38077.4,24.1649
2238,07/08/21 03:00:00 PM,35320.4,28.15,38228.4,24.2712
2239,07/08/21 03:20:00 PM,35942.4,28.14,38909.8,24.7514
2240,07/08/21 03:40:00 PM,35762.1,28.27,38618.9,24.5462
2241,07/08/21 04:00:00 PM,35472.7,28.14,38400.8,24.3925
2242,07/08/21 04:20:00 PM,35610.7,28.23,38484.4,24.4514
2243,07/08/21 04:40:00 PM,35736.9,28.16,38672.4,24.5839
2244,07/08/21 05:00:00 PM,35099.7,28.07,38047.2,24.1436
2245,07/08/21 05:20:00 PM,35840.7,28.00,38903.2,24.7467
2246,07/08/21 05:40:00 PM,35957.6,27.89,39112.2,24.8942
2247,07/08/21 06:00:00 PM,36080.2,27.80,39313.2,25.0363
2248,07/08/21 06:20:00 PM,35955.1,27.70,39251.8,24.9928
2249,07/08/21 06:40:00 PM,35906.7,27.60,39274.0,25.0085
2250,07/08/21 07:00:00 PM,35942.4,27.55,39350.8,25.0628
2251,07/08/21 07:20:00 PM,36016.3,27.51,39462.0,25.1415
2252,07/08/21 07:40:00 PM,35957.6,27.47,39427.9,25.1173
2253,07/08/21 08:00:00 PM,36070.0,27.44,39574.1,25.2207
2254,07/08/21 08:20:00 PM,36062.3,27.39,39603.6,25.2416
2255,07/08/21 08:40:00 PM,35962.7,27.35,39524.5,25.1857
2256,07/08/21 09:00:00 PM,36059.7,27.37,39616.0,25.2504
2257,07/08/21 09:20:00 PM,36044.4,27.32,39637.3,25.2654
2258,07/08/21 09:40:00 PM,36077.6,27.28,39704.4,25.3129
2259,07/08/21 10:00:00 PM,36070.0,27.28,39696.0,25.3070
2260,07/08/21 10:20:00 PM,36139.1,27.33,39733.9,25.3338
2261,07/08/21 10:40:00 PM,36154.5,27.37,39720.3,25.3241
2262,07/08/21 11:00:00 PM,36157.1,27.35,39738.4,25.3370
2263,07/08/21 11:20:00 PM,36072.5,27.35,39645.3,25.2711
2264,07/08/21 11:40:00 PM,36157.1,27.33,39753.7,25.3478
2265,07/09/21 12:00:00 AM,36134.0,27.28,39766.5,25.3569
2266,07/09/21 12:20:00 AM,36149.4,27.22,39829.4,25.4014
2267,07/09/21 12:40:00 AM,36067.4,27.17,39777.3,25.3645
2268,07/09/21 01:00:00 AM,36064.8,27.13,39805.1,25.3842
2269,07/09/21 01:20:00 AM,36098.1,27.10,39865.0,25.4266
2270,07/09/21 01:40:00 AM,36098.1,27.07,39888.0,25.4429
2271,07/09/21 02:00:00 AM,35965.3,27.03,39771.9,25.3607
2272,07/09/21 02:20:00 AM,36110.9,26.99,39963.9,25.4967
2273,07/09/21 02:40:00 AM,36082.8,26.95,39963.6,25.4965
2274,07/09/21 03:00:00 AM,36011.2,26.92,39907.4,25.4567
2275,07/09/21 03:20:00 AM,36049.5,26.89,39973.1,25.5032
2276,07/09/21 03:40:00 AM,36026.5,26.86,39970.8,25.5015
2277,07/09/21 04:00:00 AM,35988.2,26.83,39951.4,25.4878
2278,07/09/21 04:20:00 AM,35939.8,26.79,39928.6,25.4717
2279,07/09/21 04:40:00 AM,35894.0,26.72,39931.8,25.4739
2280,07/09/21 05:00:00 AM,35757.1,26.68,39810.3,25.3879
2281,07/09/21 05:20:00 AM,35683.8,26.66,39744.0,25.3410
2282,07/09/21 05:40:00 AM,35784.9,26.63,39879.9,25.4372
2283,07/09/21 06:00:00 AM,35362.7,26.59,39439.8,25.1257
2284,07/09/21 06:20:00 AM,34844.0,26.56,38883.6,24.7329
2285,07/09/21 06:40:00 AM,35405.2,26.54,39525.6,25.1864
2286,07/09/21 07:00:00 AM,34695.1,26.52,38747.4,24.6368
2287,07/09/21 07:20:00 AM,35407.7,26.52,39543.8,25.1993
2288,07/09/21 07:40:00 AM,35487.7,26.50,39648.6,25.2734
2289,07/09/21 08:00:00 AM,35072.5,26.57,39131.1,24.9076
2290,07/09/21 08:20:00 AM,35062.6,26.66,39051.7,24.8515
2291,07/09/21 08:40:00 AM,35325.4,26.84,39207.5,24.9616
2292,07/09/21 09:00:00 AM,35853.4,26.94,39717.0,25.3219
2293,07/09/21 09:20:00 AM,35817.9,27.16,39509.5,25.1750
2294,07/09/21 09:40:00 AM,35719.2,27.19,39377.8,25.0819
2295,07/09/21 10:00:00 AM,35517.8,27.26,39102.8,24.8876
2296,07/09/21 10:20:00 AM,35683.8,27.34,39225.3,24.9741
2297,07/09/21 10:40:00 AM,35985.7,27.37,39534.6,25.1928
2298,07/09/21 11:00:00 AM,35754.6,27.57,39130.0,24.9068
2299,07/09/21 11:20:00 AM,35102.1,27.71,38312.2,24.3302
2300,07/09/21 11:40:00 AM,35960.2,27.71,39249.8,24.9915
2301,07/09/21 12:00:00 PM,35967.8,28.00,39041.3,24.8442
2302,07/09/21 12:20:00 PM,35817.9,27.91,38945.2,24.7764
2303,07/09/21 12:40:00 PM,35258.2,28.13,38175.5,24.2339
2304,07/09/21 01:00:00 PM,35253.2,28.26,38075.9,24.1638
2305,07/09/21 01:20:00 PM,35726.7,28.41,38478.3,24.4471
2306,07/09/21 01:40:00 PM,36121.2,28.53,38815.4,24.6848
2307,07/09/21 02:00:00 PM,35648.5,28.69,38191.0,24.2449
2308,07/09/21 02:20:00 PM,36121.2,28.78,38632.5,24.5558
2309,07/09/21 02:40:00 PM,35855.9,28.82,38319.4,24.3352
2310,07/09/21 03:00:00 PM,35891.5,28.80,38372.0,24.3723
2311,07/09/21 03:20:00 PM,35535.4,28.64,38105.7,24.1848
2312,07/09/21 03:40:00 PM,36103.2,28.58,38759.3,24.6452
2313,07/09/21 04:00:00 PM,36146.8,28.71,38711.0,24.6112
2314,07/09/21 04:20:00 PM,36195.6,28.55,38880.7,24.7309
2315,07/09/21 04:40:00 PM,35335.3,28.50,37991.3,24.1044
2316,07/09/21 05:00:00 PM,36306.3,28.45,39073.7,24.8671
2317,07/09/21 05:20:00 PM,35774.8,28.33,38588.6,24.5249
2318,07/09/21 05:40:00 PM,35886.4,28.24,38775.4,24.6565
2319,07/09/21 06:00:00 PM,36008.6,28.16,38966.8,24.7916
2320,07/09/21 06:20:00 PM,36126.3,28.00,39213.6,24.9658
2321,07/09/21 06:40:00 PM,36231.6,27.91,39395.5,25.0944
2322,07/09/21 07:00:00 PM,36288.2,27.88,39479.8,25.1540
2323,07/09/21 07:20:00 PM,36277.9,27.82,39513.8,25.1781
2324,07/09/21 07:40:00 PM,35487.7,27.74,38711.3,24.6114
2325,07/09/21 08:00:00 PM,36144.2,27.68,39473.5,25.1496
2326,07/09/21 08:20:00 PM,36126.3,27.56,39544.7,25.2000
2327,07/09/21 08:40:00 PM,35980.6,27.46,39460.7,25.1405
2328,07/09/21 09:00:00 PM,36001.0,27.39,39536.3,25.1939
2329,07/09/21 09:20:00 PM,35520.3,27.44,38970.4,24.7941
2330,07/09/21 09:40:00 PM,36070.0,27.42,39589.3,25.2315
2331,07/09/21 10:00:00 PM,36128.9,27.41,39661.6,25.2826
2332,07/09/21 10:20:00 PM,35990.8,27.38,39532.6,25.1914
2333,07/09/21 10:40:00 PM,35909.3,27.33,39481.0,25.1548
2334,07/09/21 11:00:00 PM,35988.2,27.26,39621.1,25.2540
2335,07/09/21 11:20:00 PM,35886.4,27.26,39508.9,25.1746
2336,07/09/21 11:40:00 PM,35998.4,27.34,39571.4,25.2188
2337,07/10/21 12:00:00 AM,35937.3,27.38,39473.8,25.1498
2338,07/10/21 12:20:00 AM,36123.7,27.39,39671.1,25.2894
2339,07/10/21 12:40:00 AM,35741.9,27.41,39236.4,24.9819
2340,07/10/21 01:00:00 AM,36082.8,27.39,39626.2,25.2576
2341,07/10/21 01:20:00 AM,36016.3,27.37,39568.3,25.2166
2342,07/10/21 01:40:00 AM,35820.4,27.35,39368.0,25.0750
2343,07/10/21 02:00:00 AM,35779.9,27.30,39361.3,25.0702
2344,07/10/21 02:20:00 AM,35721.7,27.24,39342.6,25.0570
2345,07/10/21 02:40:00 AM,35749.5,27.19,39411.2,25.1055
2346,07/10/21 03:00:00 AM,35901.6,27.12,39632.5,25.2620
2347,07/10/21 03:20:00 AM,35777.3,27.04,39556.2,25.2080
2348,07/10/21 03:40:00 AM,35777.3,26.99,39594.4,25.2351
2349,07/10/21 04:00:00 AM,35767.2,26.93,39629.1,25.2597
2350,07/10/21 04:20:00 AM,35866.1,26.83,39815.8,25.3918
2351,07/10/21 04:40:00 AM,35822.9,26.79,39798.6,25.3796
2352,07/10/21 05:00:00 AM,35800.1,26.76,39796.4,25.3780
2353,07/10/21 05:20:00 AM,35828.0,26.75,39835.2,25.4055
2354,07/10/21 05:40:00 AM,35855.9,26.67,39928.1,25.4713
2355,07/10/21 06:00:00 AM,35787.5,26.68,39844.2,25.4119
2356,07/10/21 06:20:00 AM,35350.3,26.62,39402.9,25.0997
2357,07/10/21 06:40:00 AM,35164.0,26.58,39225.6,24.9744
2358,07/10/21 07:00:00 AM,35608.2,26.58,39721.5,25.3250
2359,07/10/21 07:20:00 AM,35392.7,26.58,39480.9,25.1548
2360,07/10/21 07:40:00 AM,35520.3,26.58,39623.3,25.2556
2361,07/10/21 08:00:00 AM,34547.1,26.59,38529.6,24.4832
2362,07/10/21 08:20:00 AM,35400.2,26.62,39458.6,25.1390
2363,07/10/21 08:40:00 AM,35653.6,26.71,39671.9,25.2899
2364,07/10/21 09:00:00 AM,35653.6,26.74,39648.8,25.2736
2365,07/10/21 09:20:00 AM,35658.6,26.83,39585.3,25.2286
2366,07/10/21 09:40:00 AM,35729.3,26.89,39617.8,25.2516
2367,07/10/21 10:00:00 AM,35253.2,27.02,38991.3,24.8089
2368,07/10/21 10:20:00 AM,35006.0,27.08,38672.8,24.5842
2369,07/10/21 10:40:00 AM,35502.8,27.37,39003.6,24.8176
2370,07/10/21 11:00:00 AM,35472.7,27.30,39023.0,24.8313
2371,07/10/21 11:20:00 AM,35008.4,27.35,38474.8,24.4446
2372,07/10/21 11:40:00 AM,35595.7,27.38,39098.2,24.8844
2373,07/10/21 12:00:00 PM,35340.3,27.37,38824.9,24.6915
2374,07/10/21 12:20:00 PM,35615.8,27.59,38963.0,24.7889
2375,07/10/21 12:40:00 PM,35955.1,27.77,39199.2,24.9557
2376,07/10/21 01:00:00 PM,36011.2,27.95,39125.8,24.9038
2377,07/10/21 01:20:00 PM,35762.1,28.01,38810.4,24.6812
2378,07/10/21 01:40:00 PM,35719.2,27.97,38793.3,24.6692
2379,07/10/21 02:00:00 PM,35891.5,27.97,38980.7,24.8014
2380,07/10/21 02:20:00 PM,35671.2,27.93,38770.7,24.6532
2381,07/10/21 02:40:00 PM,34939.6,27.91,37989.2,24.1028
2382,07/10/21 03:00:00 PM,35485.2,27.95,38553.6,24.5002
2383,07/10/21 03:20:00 PM,35563.0,28.01,38594.1,24.5287
2384,07/10/21 03:40:00 PM,34670.8,27.97,37653.4,23.8669
2385,07/10/21 04:00:00 PM,35263.2,27.96,38304.8,24.3250
2386,07/10/21 04:20:00 PM,34841.5,27.92,37875.1,24.0227
2387,07/10/21 04:40:00 PM,34707.3,27.89,37750.7,23.9352
2388,07/10/21 05:00:00 PM,35233.4,27.87,38338.2,24.3485
2389,07/10/21 05:20:00 PM,33960.5,27.82,36987.0,23.3995
2390,07/10/21 05:40:00 PM,33908.5,27.77,36965.7,23.3845
2391,07/10/21 06:00:00 PM,35653.6,27.71,38914.8,24.7549
2392,07/10/21 06:20:00 PM,35658.6,27.68,38942.6,24.7745
2393,07/10/21 06:40:00 PM,35492.7,27.60,38820.7,24.6885
2394,07/10/21 07:00:00 PM,35573.0,27.56,38938.5,24.7716
2395,07/10/21 07:20:00 PM,35540.4,27.50,38947.6,24.7780
2396,07/10/21 07:40:00 PM,35600.7,27.44,39058.7,24.8565
2397,07/10/21 08:00:00 PM,35480.2,27.38,38971.3,24.7947
2398,07/10/21 08:20:00 PM,35492.7,27.35,39007.5,24.8203
2399,07/10/21 08:40:00 PM,35550.4,27.34,39078.5,24.8704
2400,07/10/21 09:00:00 PM,35545.4,27.29,39110.6,24.8931
2401,07/10/21 09:20:00 PM,35487.7,27.21,39107.3,24.8908
2402,07/10/21 09:40:00 PM,35537.9,27.19,39177.7,24.9405
2403,07/10/21 10:00:00 PM,35515.3,27.11,39213.2,24.9656
2404,07/10/21 10:20:00 PM,35575.5,27.10,39287.3,25.0180
2405,07/10/21 10:40:00 PM,35605.7,27.06,39351.1,25.0630
2406,07/10/21 11:00:00 PM,35563.0,27.01,39341.8,25.0565
2407,07/10/21 11:20:00 PM,35585.6,26.98,39389.7,25.0903
2408,07/10/21 11:40:00 PM,35542.9,26.97,39350.0,25.0622
2409,07/11/21 12:00:00 AM,35681.3,26.97,39503.3,25.1707
2410,07/11/21 12:20:00 AM,35598.2,26.97,39411.3,25.1056
2411,07/11/21 12:40:00 AM,35573.0,26.97,39383.3,25.0858
2412,07/11/21 01:00:00 AM,35580.6,27.01,39361.3,25.0703
2413,07/11/21 01:20:00 AM,35248.3,26.99,39008.5,24.8210
2414,07/11/21 01:40:00 AM,35136.7,27.02,38862.4,24.7179
2415,07/11/21 02:00:00 AM,35360.3,27.02,39109.9,24.8926
2416,07/11/21 02:20:00 AM,35235.9,27.07,38934.5,24.7688
2417,07/11/21 02:40:00 AM,35355.3,27.08,39059.0,24.8567
2418,07/11/21 03:00:00 AM,35415.2,27.10,39110.2,24.8928
2419,07/11/21 03:20:00 AM,35663.6,27.10,39384.7,25.0868
2420,07/11/21 03:40:00 AM,35777.3,27.11,39502.8,25.1703
2421,07/11/21 04:00:00 AM,35568.0,27.06,39309.4,25.0336
2422,07/11/21 04:20:00 AM,35500.3,26.90,39356.0,25.0665
2423,07/11/21 04:40:00 AM,35412.7,26.79,39342.6,25.0570
2424,07/11/21 05:00:00 AM,35191.2,26.75,39126.6,24.9044
2425,07/11/21 05:20:00 AM,35206.1,26.84,39075.0,24.8680
2426,07/11/21 05:40:00 AM,35505.3,26.80,39437.9,25.1244
2427,07/11/21 06:00:00 AM,35480.2,26.81,39402.3,25.0992
2428,07/11/21 06:20:00 AM,34868.4,26.79,38737.4,24.6298
2429,07/11/21 06:40:00 AM,33519.0,26.77,37251.7,23.5850
2430,07/11/21 07:00:00 AM,33652.1,26.77,37399.8,23.6888
2431,07/11/21 07:20:00 AM,34746.3,26.72,38654.1,24.5710
2432,07/11/21 07:40:00 AM,34607.6,26.75,38477.3,24.4464
2433,07/11/21 08:00:00 AM,33344.9,26.79,37043.7,23.4392
2434,07/11/21 08:20:00 AM,33610.0,26.75,37367.4,23.6662
2435,07/11/21 08:40:00 AM,33899.0,26.86,37608.7,23.8355
2436,07/11/21 09:00:00 AM,35517.8,27.01,39291.8,25.0211
2437,07/11/21 09:20:00 AM,34227.0,27.20,37724.1,23.9165
2438,07/11/21 09:40:00 AM,34467.3,27.07,38084.6,24.1700
2439,07/11/21 10:00:00 AM,34597.9,27.04,38251.2,24.2872
2440,07/11/21 10:20:00 AM,34939.6,27.13,38562.2,24.5062
2441,07/11/21 10:40:00 AM,33446.9,27.21,36856.4,23.3080
2442,07/11/21 11:00:00 AM,35235.9,27.55,38576.5,24.5163
2443,07/11/21 11:20:00 AM,35295.5,27.77,38479.4,24.4479
2444,07/11/21 11:40:00 AM,35380.2,27.74,38593.9,24.5286
2445,07/11/21 12:00:00 PM,33948.7,27.71,37052.1,23.4451
2446,07/11/21 12:20:00 PM,35159.0,27.75,38345.0,24.3533
2447,07/11/21 12:40:00 PM,34093.4,27.77,37167.4,23.5259
2448,07/11/21 01:00:00 PM,35003.5,27.78,38153.4,24.2184
2449,07/11/21 01:20:00 PM,35040.4,27.70,38252.1,24.2879
2450,07/11/21 01:40:00 PM,34939.6,27.61,38207.8,24.2567
2451,07/11/21 02:00:00 PM,35283.1,27.55,38628.2,24.5528
2452,07/11/21 02:20:00 PM,35082.4,27.50,38445.2,24.4238
2453,07/11/21 02:40:00 PM,35114.5,27.47,38502.6,24.4642
2454,07/11/21 03:00:00 PM,34510.8,27.46,37847.3,24.0031
2455,07/11/21 03:20:00 PM,34590.7,27.41,37971.4,24.0904
2456,07/11/21 03:40:00 PM,34086.3,27.38,37438.8,23.7163
2457,07/11/21 04:00:00 PM,34397.4,27.32,37824.5,23.9871
2458,07/11/21 04:20:00 PM,34578.5,27.26,38067.8,24.1581
2459,07/11/21 04:40:00 PM,34467.3,27.22,37974.5,24.0925
2460,07/11/21 05:00:00 PM,34831.7,27.15,38428.2,24.4118
2461,07/11/21 05:20:00 PM,35008.4,27.04,38705.4,24.6072
2462,07/11/21 05:40:00 PM,35208.6,27.03,38934.4,24.7687
2463,07/11/21 06:00:00 PM,35028.1,26.88,38847.2,24.7072
2464,07/11/21 06:20:00 PM,35075.0,26.89,38891.7,24.7386
2465,07/11/21 06:40:00 PM,35221.0,26.84,39091.6,24.8797
2466,07/11/21 07:00:00 PM,35183.8,26.80,39080.5,24.8719
2467,07/11/21 07:20:00 PM,34986.3,26.71,38928.9,24.7648
2468,07/11/21 07:40:00 PM,34787.7,26.59,38798.1,24.6725
2469,07/11/21 08:00:00 PM,34758.5,26.49,38841.0,24.7028
2470,07/11/21 08:20:00 PM,35050.3,26.47,39182.5,24.9439
2471,07/11/21 08:40:00 PM,35176.3,26.38,39392.4,25.0922
2472,07/11/21 09:00:00 PM,35206.1,26.40,39410.4,25.1050
2473,07/11/21 09:20:00 PM,35188.7,26.35,39429.4,25.1184
2474,07/11/21 09:40:00 PM,35290.5,26.39,39512.7,25.1773
2475,07/11/21 10:00:00 PM,35211.0,26.38,39431.3,25.1197
2476,07/11/21 10:20:00 PM,34141.1,26.39,38225.1,24.2688
2477,07/11/21 10:40:00 PM,35283.1,26.44,39465.9,25.1442
2478,07/11/21 11:00:00 PM,35230.9,26.38,39453.6,25.1355
2479,07/11/21 11:20:00 PM,35193.7,26.38,39411.9,25.1060
2480,07/11/21 11:40:00 PM,35283.1,26.39,39504.4,25.1714
2481,07/12/21 12:00:00 AM,35171.4,26.39,39379.3,25.0829
2482,07/12/21 12:20:00 AM,35168.9,26.39,39376.5,25.0810
2483,07/12/21 12:40:00 AM,35159.0,26.38,39373.0,25.0785
2484,07/12/21 01:00:00 AM,35221.0,26.41,39419.5,25.1113
2485,07/12/21 01:20:00 AM,35260.7,26.48,39410.2,25.1048
2486,07/12/21 01:40:00 AM,35288.0,26.48,39440.7,25.1264
2487,07/12/21 02:00:00 AM,35385.2,26.50,39534.0,25.1924
2488,07/12/21 02:20:00 AM,34976.4,26.48,39092.2,24.8801
2489,07/12/21 02:40:00 AM,35084.8,26.47,39221.1,24.9711
2490,07/12/21 03:00:00 AM,35013.3,26.45,39156.3,24.9254
2491,07/12/21 03:20:00 AM,35196.2,26.44,39368.7,25.0754
2492,07/12/21 03:40:00 AM,35119.4,26.41,39305.7,25.0309
2493,07/12/21 04:00:00 AM,35131.8,26.36,39357.9,25.0678
2494,07/12/21 04:20:00 AM,33526.0,26.32,37587.3,23.8205
2495,07/12/21 04:40:00 AM,35362.7,26.27,39686.3,25.3001
2496,07/12/21 05:00:00 AM,35293.0,26.22,39646.8,25.2721
2497,07/12/21 05:20:00 AM,35258.2,26.19,39630.9,25.2609
2498,07/12/21 05:40:00 AM,35253.2,26.16,39648.5,25.2733
2499,07/12/21 06:00:00 AM,35218.5,26.12,39640.4,25.2676
2500,07/12/21 06:20:00 AM,34491.4,26.07,38859.7,24.7160
2501,07/12/21 06:40:00 AM,33498.1,26.04,37762.3,23.9434
2502,07/12/21 07:00:00 AM,33800.0,26.04,38102.8,24.1828
2503,07/12/21 07:20:00 AM,34583.4,26.07,38963.4,24.7892
2504,07/12/21 07:40:00 AM,33927.4,26.05,38239.0,24.2786
2505,07/12/21 08:00:00 AM,34797.5,26.13,39158.7,24.9271
2506,07/12/21 08:20:00 AM,34851.3,26.25,39127.4,24.9050
2507,07/12/21 08:40:00 AM,34998.6,26.43,39155.1,24.9246
2508,07/12/21 09:00:00 AM,34800.0,26.67,38751.5,24.6397
2509,07/12/21 09:20:00 AM,35168.9,26.85,39026.1,24.8335
2510,07/12/21 09:40:00 AM,34848.9,26.53,38911.7,24.7527
2511,07/12/21 10:00:00 AM,33706.0,26.71,37503.4,23.7615
2512,07/12/21 10:20:00 AM,34124.4,26.57,38072.6,24.1616
2513,07/12/21 10:40:00 AM,33856.5,26.63,37729.5,23.9204
2514,07/12/21 11:00:00 AM,33936.8,26.75,37731.0,23.9214
2515,07/12/21 11:20:00 AM,34978.9,26.90,38777.6,24.6581
2516,07/12/21 11:40:00 AM,35075.0,26.99,38816.6,24.6856
2517,07/12/21 12:00:00 PM,34902.8,27.24,38439.9,24.4201
2518,07/12/21 12:20:00 PM,34045.9,27.43,37358.5,23.6599
2519,07/12/21 12:40:00 PM,35922.0,27.44,39411.5,25.1058
2520,07/12/21 01:00:00 PM,35166.4,27.59,38470.8,24.4419
2521,07/12/21 01:20:00 PM,35320.4,27.65,38595.1,24.5294
2522,07/12/21 01:40:00 PM,35427.7,27.61,38742.1,24.6331
2523,07/12/21 02:00:00 PM,35278.1,27.60,38585.8,24.5228
2524,07/12/21 02:20:00 PM,35370.2,27.59,38694.0,24.5992
2525,07/12/21 02:40:00 PM,34361.3,27.61,37574.8,23.8117
2526,07/12/21 03:00:00 PM,34200.7,27.71,37327.4,23.6381
2527,07/12/21 03:20:00 PM,33929.7,27.74,37010.0,23.4156
2528,07/12/21 03:40:00 PM,34457.6,27.71,37608.1,23.8351
2529,07/12/21 04:00:00 PM,34568.8,27.87,37614.3,23.8394
2530,07/12/21 04:20:00 PM,35372.7,27.89,38475.3,24.4450
2531,07/12/21 04:40:00 PM,35899.1,27.91,39033.6,24.8387
2532,07/12/21 05:00:00 PM,34217.5,27.89,37217.4,23.5609
2533,07/12/21 05:20:00 PM,34279.7,27.88,37292.2,23.6134
2534,07/12/21 05:40:00 PM,36105.8,27.83,39318.6,25.0401
2535,07/12/21 06:00:00 PM,36044.4,27.78,39289.2,25.0193
2536,07/12/21 06:20:00 PM,35387.7,27.71,38624.3,24.5500
2537,07/12/21 06:40:00 PM,35787.5,27.65,39106.0,24.8899
2538,07/12/21 07:00:00 PM,35726.7,27.59,39084.4,24.8746
2539,07/12/21 07:20:00 PM,35686.3,27.52,39092.6,24.8804
2540,07/12/21 07:40:00 PM,35646.0,27.51,39055.9,24.8545
2541,07/12/21 08:00:00 PM,35547.9,27.46,38985.7,24.8050
2542,07/12/21 08:20:00 PM,35575.5,27.48,39001.0,24.8158
2543,07/12/21 08:40:00 PM,35590.6,27.41,39070.1,24.8645
2544,07/12/21 09:00:00 PM,35540.4,27.42,39007.5,24.8203
2545,07/12/21 09:20:00 PM,35600.7,27.44,39058.7,24.8565
2546,07/12/21 09:40:00 PM,35663.6,27.44,39127.8,24.9052
2547,07/12/21 10:00:00 PM,35724.2,27.42,39209.4,24.9629
2548,07/12/21 10:20:00 PM,35595.7,27.43,39060.7,24.8579
2549,07/12/21 10:40:00 PM,35590.6,27.46,39032.6,24.8380
2550,07/12/21 11:00:00 PM,35585.6,27.46,39027.1,24.8342
2551,07/12/21 11:20:00 PM,35706.5,27.42,39189.9,24.9491
2552,07/12/21 11:40:00 PM,35671.2,27.38,39181.3,24.9430
2553,07/13/21 12:00:00 AM,35711.6,27.34,39255.9,24.9957
2554,07/13/21 12:20:00 AM,35608.2,27.30,39172.2,24.9366
2555,07/13/21 12:40:00 AM,35540.4,27.25,39135.2,24.9105
2556,07/13/21 01:00:00 AM,35530.3,27.22,39146.7,24.9186
2557,07/13/21 01:20:00 AM,35515.3,27.19,39152.8,24.9229
2558,07/13/21 01:40:00 AM,34912.6,27.16,38510.1,24.4695
2559,07/13/21 02:00:00 AM,35575.5,27.13,39264.6,25.0019
2560,07/13/21 02:20:00 AM,35633.4,27.11,39343.7,25.0578
2561,07/13/21 02:40:00 AM,35558.0,27.08,39283.2,25.0150
2562,07/13/21 03:00:00 AM,35608.2,27.07,39346.3,25.0596
2563,07/13/21 03:20:00 AM,35603.2,27.06,39348.3,25.0611
2564,07/13/21 03:40:00 AM,35552.9,27.06,39292.7,25.0217
2565,07/13/21 04:00:00 AM,35578.1,27.04,39335.7,25.0522
2566,07/13/21 04:20:00 AM,35492.7,27.02,39256.4,24.9961
2567,07/13/21 04:40:00 AM,35545.4,27.03,39307.2,25.0320
2568,07/13/21 05:00:00 AM,34829.3,26.99,38544.4,24.4937
2569,07/13/21 05:20:00 AM,35440.2,26.97,39236.2,24.9818
2570,07/13/21 05:40:00 AM,35560.5,26.98,39361.9,25.0706
2571,07/13/21 06:00:00 AM,35355.3,26.95,39157.3,24.9261
2572,07/13/21 06:20:00 AM,35726.7,26.97,39553.6,25.2062
2573,07/13/21 06:40:00 AM,35193.7,26.94,38985.7,24.8049
2574,07/13/21 07:00:00 AM,35235.9,26.89,39070.3,24.8646
2575,07/13/21 07:20:00 AM,35840.7,26.94,39703.0,25.3119
2576,07/13/21 07:40:00 AM,35357.8,26.84,39243.5,24.9870
2577,07/13/21 08:00:00 AM,35782.4,26.85,39707.4,25.3151
2578,07/13/21 08:20:00 AM,34988.7,26.97,38735.9,24.6287
2579,07/13/21 08:40:00 AM,35065.1,27.11,38715.7,24.6145
2580,07/13/21 09:00:00 AM,35298.0,27.13,38958.1,24.7854
2581,07/13/21 09:20:00 AM,34934.7,27.15,38541.9,24.4919
2582,07/13/21 09:40:00 AM,35023.2,27.34,38498.4,24.4613
2583,07/13/21 10:00:00 AM,34445.6,27.24,37935.9,24.0654
2584,07/13/21 10:20:00 AM,34724.3,27.39,38132.9,24.2039
2585,07/13/21 10:40:00 AM,35131.8,27.41,38566.0,24.5089
2586,07/13/21 11:00:00 AM,35218.5,27.43,38646.4,24.5656
2587,07/13/21 11:20:00 AM,35440.2,27.42,38897.4,24.7426
2588,07/13/21 11:40:00 AM,35542.9,27.43,39002.7,24.8169
2589,07/13/21 12:00:00 PM,35734.3,27.42,39220.5,24.9707
2590,07/13/21 12:20:00 PM,35265.7,27.56,38601.8,24.5341
2591,07/13/21 12:40:00 PM,35216.0,27.57,38539.9,24.4905
2592,07/13/21 01:00:00 PM,34148.2,27.55,37384.5,23.6782
2593,07/13/21 01:20:00 PM,35144.2,27.55,38476.0,24.4455
2594,07/13/21 01:40:00 PM,33970.0,27.66,37110.9,23.4863
2595,07/13/21 02:00:00 PM,35193.7,27.79,38353.6,24.3593
2596,07/13/21 02:20:00 PM,35223.4,27.80,38378.6,24.3769
2597,07/13/21 02:40:00 PM,35470.2,27.77,38670.0,24.5822
2598,07/13/21 03:00:00 PM,35653.6,27.74,38892.5,24.7392
2599,07/13/21 03:20:00 PM,35216.0,27.79,38377.9,24.3764
2600,07/13/21 03:40:00 PM,35630.9,27.86,38778.6,24.6588
2601,07/13/21 04:00:00 PM,35223.4,27.83,38356.6,24.3614
2602,07/13/21 04:20:00 PM,35154.1,27.86,38259.2,24.2928
2603,07/13/21 04:40:00 PM,35560.5,27.89,38679.8,24.5891
2604,07/13/21 05:00:00 PM,35372.7,27.88,38482.6,24.4502
2605,07/13/21 05:20:00 PM,35630.9,27.86,38778.6,24.6588
2606,07/13/21 05:40:00 PM,35082.4,27.82,38210.2,24.2584
2607,07/13/21 06:00:00 PM,36057.2,27.77,39310.7,25.0345
2608,07/13/21 06:20:00 PM,36151.9,27.73,39444.2,25.1288
2609,07/13/21 06:40:00 PM,35828.0,27.69,39120.3,24.9000
2610,07/13/21 07:00:00 PM,36034.2,27.64,39383.4,25.0859
2611,07/13/21 07:20:00 PM,35952.5,27.60,39324.1,25.0440
2612,07/13/21 07:40:00 PM,36226.4,27.56,39654.4,25.2776
2613,07/13/21 08:00:00 PM,35830.5,27.52,39250.7,24.9921
2614,07/13/21 08:20:00 PM,35891.5,27.50,39332.7,25.0500
2615,07/13/21 08:40:00 PM,35922.0,27.46,39396.4,25.0951
2616,07/13/21 09:00:00 PM,35947.4,27.44,39439.4,25.1255
2617,07/13/21 09:20:00 PM,36001.0,27.41,39521.1,25.1832
2618,07/13/21 09:40:00 PM,35729.3,27.38,39245.1,24.9881
2619,07/13/21 10:00:00 PM,35950.0,27.34,39518.2,25.1811
2620,07/13/21 10:20:00 PM,36141.7,27.32,39744.4,25.3412
2621,07/13/21 10:40:00 PM,36128.9,27.30,39745.6,25.3421
2622,07/13/21 11:00:00 PM,35944.9,27.26,39573.4,25.2202
2623,07/13/21 11:20:00 PM,36100.7,27.24,39760.4,25.3526
2624,07/13/21 11:40:00 PM,36126.3,27.24,39788.6,25.3725
2625,07/14/21 12:00:00 AM,36059.7,27.17,39768.8,25.3585
2626,07/14/21 12:20:00 AM,36003.5,27.16,39714.4,25.3200
2627,07/14/21 12:40:00 AM,36080.2,27.13,39822.1,25.3963
2628,07/14/21 01:00:00 AM,35497.7,27.13,39178.7,24.9412
2629,07/14/21 01:20:00 AM,36046.9,27.13,39785.3,25.3702
2630,07/14/21 01:40:00 AM,36103.2,27.13,39847.5,25.4142
2631,07/14/21 02:00:00 AM,36001.0,27.13,39734.6,25.3343
2632,07/14/21 02:20:00 AM,36072.5,27.12,39821.3,25.3957
2633,07/14/21 02:40:00 AM,35861.0,27.08,39618.2,25.2519
2634,07/14/21 03:00:00 AM,35899.1,27.06,39675.6,25.2925
2635,07/14/21 03:20:00 AM,35932.2,27.03,39735.2,25.3347
2636,07/14/21 03:40:00 AM,35901.6,27.01,39716.7,25.3216
2637,07/14/21 04:00:00 AM,36118.6,26.98,39980.1,25.5082
2638,07/14/21 04:20:00 AM,36001.0,26.94,39880.7,25.4377
2639,07/14/21 04:40:00 AM,36026.5,26.93,39916.7,25.4632
2640,07/14/21 05:00:00 AM,35970.4,26.92,39862.2,25.4246
2641,07/14/21 05:20:00 AM,35934.7,26.88,39853.4,25.4184
2642,07/14/21 05:40:00 AM,35741.9,26.88,39639.4,25.2669
2643,07/14/21 06:00:00 AM,35848.3,26.90,39742.1,25.3396
2644,07/14/21 06:20:00 AM,35312.9,26.86,39178.4,24.9410
2645,07/14/21 06:40:00 AM,35087.3,26.86,38928.0,24.7642
2646,07/14/21 07:00:00 AM,34804.8,26.89,38591.9,24.5272
2647,07/14/21 07:20:00 AM,35124.4,26.86,38969.2,24.7933
2648,07/14/21 07:40:00 AM,35159.0,26.88,38992.5,24.8097
2649,07/14/21 08:00:00 AM,35430.2,26.90,39278.3,25.0116
2650,07/14/21 08:20:00 AM,35472.7,27.01,39241.9,24.9858
2651,07/14/21 08:40:00 AM,34544.6,27.12,38133.2,24.2042
2652,07/14/21 09:00:00 AM,35583.1,27.22,39204.9,24.9597
2653,07/14/21 09:20:00 AM,35668.7,27.41,39155.9,24.9251
2654,07/14/21 09:40:00 AM,34883.1,27.48,38241.2,24.2802
2655,07/14/21 10:00:00 AM,34986.3,27.61,38258.9,24.2926
2656,07/14/21 10:20:00 AM,34778.0,27.65,38001.8,24.1117
2657,07/14/21 10:40:00 AM,34578.5,27.73,37725.7,23.9177
2658,07/14/21 11:00:00 AM,34479.4,27.73,37617.5,23.8417
2659,07/14/21 11:20:00 AM,34489.0,27.87,37527.3,23.7784
2660,07/14/21 11:40:00 AM,34946.9,27.91,37997.1,24.1084
2661,07/14/21 12:00:00 PM,34969.1,27.92,38014.0,24.1203
2662,07/14/21 12:20:00 PM,34469.7,28.00,37413.4,23.6984
2663,07/14/21 12:40:00 PM,33981.8,28.04,36855.1,23.3071
2664,07/14/21 01:00:00 PM,35070.0,28.11,37986.0,24.1006
2665,07/14/21 01:20:00 PM,34559.2,28.11,37432.0,23.7115
2666,07/14/21 01:40:00 PM,33659.1,28.15,36428.2,23.0085
2667,07/14/21 02:00:00 PM,33939.2,28.18,36710.8,23.2061
2668,07/14/21 02:20:00 PM,33868.3,28.19,36627.0,23.1475
2669,07/14/21 02:40:00 PM,33656.8,28.26,36349.6,22.9535
2670,07/14/21 03:00:00 PM,35275.6,28.41,37991.8,24.1047
2671,07/14/21 03:20:00 PM,35221.0,28.28,38026.6,24.1292
2672,07/14/21 03:40:00 PM,35258.2,28.24,38095.7,24.1778
2673,07/14/21 04:00:00 PM,34961.7,28.31,37724.8,23.9170
2674,07/14/21 04:20:00 PM,34988.7,28.23,37811.4,23.9779
2675,07/14/21 04:40:00 PM,34411.8,28.24,37180.1,23.5348
2676,07/14/21 05:00:00 PM,35350.3,28.19,38231.7,24.2735
2677,07/14/21 05:20:00 PM,35278.1,28.14,38189.8,24.2440
2678,07/14/21 05:40:00 PM,35435.2,28.07,38411.3,24.3999
2679,07/14/21 06:00:00 PM,35422.7,28.05,38412.3,24.4007
2680,07/14/21 06:20:00 PM,34787.7,28.00,37758.9,23.9410
2681,07/14/21 06:40:00 PM,34736.5,27.96,37732.1,23.9221
2682,07/14/21 07:00:00 PM,34255.8,27.88,37266.2,23.5952
2683,07/14/21 07:20:00 PM,34279.7,27.83,37327.9,23.6384
2684,07/14/21 07:40:00 PM,33960.5,27.75,37036.6,23.4342
2685,07/14/21 08:00:00 PM,34397.4,27.69,37556.7,23.7990
2686,07/14/21 08:20:00 PM,35520.3,27.62,38836.0,24.6993
2687,07/14/21 08:40:00 PM,35490.2,27.57,38840.3,24.7023
2688,07/14/21 09:00:00 PM,35623.3,27.51,39031.0,24.8369
2689,07/14/21 09:20:00 PM,35193.7,27.46,38596.9,24.5307
2690,07/14/21 09:40:00 PM,35540.4,27.41,39014.9,24.8256
2691,07/14/21 10:00:00 PM,34072.0,27.37,37430.3,23.7103
2692,07/14/21 10:20:00 PM,35573.0,27.32,39118.4,24.8986
2693,07/14/21 10:40:00 PM,35437.7,27.25,39022.0,24.8306
2694,07/14/21 11:00:00 PM,35578.1,27.22,39199.4,24.9558
2695,07/14/21 11:20:00 PM,35248.3,27.17,38873.2,24.7255
2696,07/14/21 11:40:00 PM,35613.3,27.16,39283.6,25.0153
2697,07/15/21 12:00:00 AM,35206.1,27.12,38864.1,24.7191
2698,07/15/21 12:20:00 AM,35598.2,27.12,39297.3,25.0250
2699,07/15/21 12:40:00 AM,35547.9,27.07,39279.6,25.0125
2700,07/15/21 01:00:00 AM,35532.9,27.04,39285.7,25.0168
2701,07/15/21 01:20:00 AM,35482.7,27.03,39237.8,24.9829
2702,07/15/21 01:40:00 AM,35542.9,26.98,39342.4,25.0569
2703,07/15/21 02:00:00 AM,35440.2,26.93,39266.6,25.0033
2704,07/15/21 02:20:00 AM,35407.7,26.94,39222.9,24.9725
2705,07/15/21 02:40:00 AM,35243.3,26.92,39055.8,24.8544
2706,07/15/21 03:00:00 AM,35465.2,26.89,39324.7,25.0444
2707,07/15/21 03:20:00 AM,35568.0,26.86,39461.7,25.1412
2708,07/15/21 03:40:00 AM,35337.8,26.84,39221.3,24.9713
2709,07/15/21 04:00:00 AM,35646.0,26.81,39586.6,25.2296
2710,07/15/21 04:20:00 AM,35440.2,26.79,39373.1,25.0786
2711,07/15/21 04:40:00 AM,35618.3,26.76,39594.2,25.2349
2712,07/15/21 05:00:00 AM,35721.7,26.75,39716.9,25.3218
2713,07/15/21 05:20:00 AM,35467.7,26.68,39487.9,25.1597
2714,07/15/21 05:40:00 AM,34010.3,26.67,37871.6,24.0202
2715,07/15/21 06:00:00 AM,33358.8,26.63,37174.5,23.5309
2716,07/15/21 06:20:00 AM,35560.5,26.62,39637.4,25.2655
2717,07/15/21 06:40:00 AM,35663.6,26.61,39760.1,25.3524
2718,07/15/21 07:00:00 AM,34181.6,26.56,38143.9,24.2117
2719,07/15/21 07:20:00 AM,34568.8,26.58,38561.3,24.5056
2720,07/15/21 07:40:00 AM,34682.9,26.56,38703.7,24.6060
2721,07/15/21 08:00:00 AM,35477.7,26.59,39568.1,25.2165
2722,07/15/21 08:20:00 AM,35094.7,26.66,39087.5,24.8768
2723,07/15/21 08:40:00 AM,35001.0,26.72,38937.7,24.7710
2724,07/15/21 09:00:00 AM,35233.4,26.94,39029.7,24.8360
2725,07/15/21 09:20:00 AM,34515.6,27.06,38145.4,24.2127
2726,07/15/21 09:40:00 AM,34836.6,27.25,38359.6,24.3635
2727,07/15/21 10:00:00 AM,34817.1,27.37,38249.6,24.2861
2728,07/15/21 10:20:00 AM,34839.1,27.52,38163.6,24.2256
2729,07/15/21 10:40:00 AM,34164.9,27.53,37417.2,23.7011
2730,07/15/21 11:00:00 AM,34510.8,27.59,37752.9,23.9368
2731,07/15/21 11:20:00 AM,34296.5,27.60,37511.1,23.7669
2732,07/15/21 11:40:00 AM,34062.5,27.57,37276.3,23.6023
2733,07/15/21 12:00:00 PM,34678.1,27.59,37936.1,24.0655
2734,07/15/21 12:20:00 PM,34817.1,27.69,38015.4,24.1213
2735,07/15/21 12:40:00 PM,34734.1,27.74,37888.4,24.0320
2736,07/15/21 01:00:00 PM,35230.9,27.93,38291.6,24.3157
2737,07/15/21 01:20:00 PM,35828.0,28.07,38837.6,24.7004
2738,07/15/21 01:40:00 PM,35666.2,28.06,38669.3,24.5818
2739,07/15/21 02:00:00 PM,34919.9,28.13,37808.8,23.9761
2740,07/15/21 02:20:00 PM,35435.2,28.14,38360.1,24.3639
2741,07/15/21 02:40:00 PM,35320.4,28.22,38177.5,24.2354
2742,07/15/21 03:00:00 PM,35678.8,28.23,38558.1,24.5034
2743,07/15/21 03:20:00 PM,35696.4,28.18,38613.8,24.5426
2744,07/15/21 03:40:00 PM,35480.2,28.19,38372.4,24.3725
2745,07/15/21 04:00:00 PM,35040.4,28.18,37903.3,24.0425
2746,07/15/21 04:20:00 PM,34342.1,28.18,37147.1,23.5117
2747,07/15/21 04:40:00 PM,34457.6,28.16,37286.4,23.6093
2748,07/15/21 05:00:00 PM,35762.1,28.16,38699.7,24.6032
2749,07/15/21 05:20:00 PM,35729.3,28.13,38686.2,24.5937
2750,07/15/21 05:40:00 PM,35477.7,28.07,38457.4,24.4324
2751,07/15/21 06:00:00 PM,36103.2,28.02,39173.5,24.9376
2752,07/15/21 06:20:00 PM,36144.2,27.96,39262.9,25.0007
2753,07/15/21 06:40:00 PM,36093.0,27.87,39274.6,25.0090
2754,07/15/21 07:00:00 PM,36046.9,27.79,39284.4,25.0159
2755,07/15/21 07:20:00 PM,35993.3,27.73,39271.0,25.0064
2756,07/15/21 07:40:00 PM,35995.9,27.65,39334.0,25.0509
2757,07/15/21 08:00:00 PM,36041.8,27.61,39414.4,25.1078
2758,07/15/21 08:20:00 PM,36026.5,27.55,39443.0,25.1280
2759,07/15/21 08:40:00 PM,35998.4,27.51,39442.4,25.1276
2760,07/15/21 09:00:00 PM,35978.0,27.43,39480.6,25.1546
2761,07/15/21 09:20:00 PM,35914.4,27.35,39471.4,25.1481
2762,07/15/21 09:40:00 PM,35873.7,27.33,39441.8,25.1271
2763,07/15/21 10:00:00 PM,35891.5,27.28,39499.4,25.1679
2764,07/15/21 10:20:00 PM,35878.8,27.21,39538.6,25.1956
2765,07/15/21 10:40:00 PM,35843.2,27.16,39537.4,25.1948
2766,07/15/21 11:00:00 PM,35845.8,27.10,39586.1,25.2292
2767,07/15/21 11:20:00 PM,35858.4,27.04,39645.9,25.2715
2768,07/15/21 11:40:00 PM,35812.8,26.99,39633.7,25.2629
2769,07/16/21 12:00:00 AM,35820.4,26.94,39680.5,25.2960
2770,07/16/21 12:20:00 AM,35777.3,26.90,39663.4,25.2839
2771,07/16/21 12:40:00 AM,35795.0,26.88,39698.4,25.3086
2772,07/16/21 01:00:00 AM,35704.0,26.84,39628.0,25.2589
2773,07/16/21 01:20:00 AM,35754.6,26.81,39707.3,25.3150
2774,07/16/21 01:40:00 AM,35724.2,26.80,39681.2,25.2965
2775,07/16/21 02:00:00 AM,35795.0,26.79,39767.6,25.3577
2776,07/16/21 02:20:00 AM,35769.7,26.80,39731.8,25.3323
2777,07/16/21 02:40:00 AM,35774.8,26.83,39714.4,25.3200
2778,07/16/21 03:00:00 AM,35726.7,26.80,39684.0,25.2985
2779,07/16/21 03:20:00 AM,35767.2,26.80,39729.0,25.3303
2780,07/16/21 03:40:00 AM,35777.3,26.80,39740.2,25.3383
2781,07/16/21 04:00:00 AM,35716.6,26.84,39642.0,25.2688
2782,07/16/21 04:20:00 AM,35749.5,26.80,39709.3,25.3164
2783,07/16/21 04:40:00 AM,35721.7,26.79,39686.1,25.3000
2784,07/16/21 05:00:00 AM,35747.0,26.79,39714.2,25.3199
2785,07/16/21 05:20:00 AM,35721.7,26.74,39724.6,25.3272
2786,07/16/21 05:40:00 AM,34944.5,26.72,38874.8,24.7267
2787,07/16/21 06:00:00 AM,34807.3,26.72,38722.0,24.6189
2788,07/16/21 06:20:00 AM,35168.9,26.70,39139.8,24.9137
2789,07/16/21 06:40:00 AM,35117.0,26.71,39074.4,24.8675
2790,07/16/21 07:00:00 AM,34919.9,26.70,38862.5,24.7180
2791,07/16/21 07:20:00 AM,34834.2,26.71,38759.5,24.6453
2792,07/16/21 07:40:00 AM,34976.4,26.68,38940.5,24.7730
2793,07/16/21 08:00:00 AM,34229.4,26.72,38078.7,24.1658
2794,07/16/21 08:20:00 AM,34934.7,26.83,38781.1,24.6605
2795,07/16/21 08:40:00 AM,33818.8,26.98,37432.5,23.7118
2796,07/16/21 09:00:00 AM,35050.3,27.11,38699.4,24.6030
2797,07/16/21 09:20:00 AM,35154.1,27.33,38649.9,24.5681
2798,07/16/21 09:40:00 AM,34812.2,27.43,38200.1,24.2513
2799,07/16/21 10:00:00 AM,35154.1,27.57,38472.1,24.4428
2800,07/16/21 10:20:00 AM,35298.0,27.70,38533.7,24.4861
2801,07/16/21 10:40:00 AM,34229.4,27.83,37273.1,23.6000
2802,07/16/21 11:00:00 AM,34551.9,27.95,37538.5,23.7862
2803,07/16/21 11:20:00 AM,34069.7,28.02,36964.6,23.3838
2804,07/16/21 11:40:00 AM,35325.4,28.01,38335.9,24.3468
2805,07/16/21 12:00:00 PM,34255.8,28.22,37025.4,23.4264
2806,07/16/21 12:20:00 PM,34093.4,28.20,36863.7,23.3131
2807,07/16/21 12:40:00 PM,34107.7,28.32,36795.2,23.2651
2808,07/16/21 01:00:00 PM,35221.0,28.38,37954.5,24.0785
2809,07/16/21 01:20:00 PM,34419.1,28.49,37012.0,23.4170
2810,07/16/21 01:40:00 PM,35477.7,28.63,38050.9,24.1463
2811,07/16/21 02:00:00 PM,34946.9,28.67,37452.5,23.7259
2812,07/16/21 02:20:00 PM,35460.2,28.76,37938.9,24.0675
2813,07/16/21 02:40:00 PM,35477.7,28.82,37914.7,24.0505
2814,07/16/21 03:00:00 PM,34100.6,28.77,36475.3,23.0414
2815,07/16/21 03:20:00 PM,34282.1,28.77,36669.7,23.1774
2816,07/16/21 03:40:00 PM,35149.1,28.73,37626.8,23.8482
2817,07/16/21 04:00:00 PM,35082.4,28.71,37569.5,23.8080
2818,07/16/21 04:20:00 PM,35164.0,28.64,37706.9,23.9044
2819,07/16/21 04:40:00 PM,34308.5,28.56,36844.0,23.2993
2820,07/16/21 05:00:00 PM,33691.9,28.51,36215.2,22.8597
2821,07/16/21 05:20:00 PM,34861.1,28.46,37509.2,23.7657
2822,07/16/21 05:40:00 PM,34258.2,28.37,36922.7,23.3544
2823,07/16/21 06:00:00 PM,34607.6,28.29,37356.4,23.6584
2824,07/16/21 06:20:00 PM,35042.9,28.27,37841.3,23.9989
2825,07/16/21 06:40:00 PM,35497.7,28.23,38362.1,24.3653
2826,07/16/21 07:00:00 PM,34493.9,28.18,37311.5,23.6269
2827,07/16/21 07:20:00 PM,35038.0,28.11,37951.3,24.0762
2828,07/16/21 07:40:00 PM,33638.0,28.05,36474.8,23.0410
2829,07/16/21 08:00:00 PM,34946.9,27.98,37946.4,24.0728
2830,07/16/21 08:20:00 PM,34610.1,27.92,37623.3,23.8458
2831,07/16/21 08:40:00 PM,35131.8,27.87,38227.6,24.2706
2832,07/16/21 09:00:00 PM,35114.5,27.82,38245.2,24.2830
2833,07/16/21 09:20:00 PM,34966.6,27.77,38120.4,24.1952
2834,07/16/21 09:40:00 PM,35045.4,27.71,38250.3,24.2866
2835,07/16/21 10:00:00 PM,35099.7,27.65,38353.7,24.3593
2836,07/16/21 10:20:00 PM,34193.6,27.60,37398.4,23.6879
2837,07/16/21 10:40:00 PM,35283.1,27.56,38620.8,24.5476
2838,07/16/21 11:00:00 PM,33516.7,27.53,36706.6,23.2032
2839,07/16/21 11:20:00 PM,34462.5,27.51,37758.0,23.9403
2840,07/16/21 11:40:00 PM,34707.3,27.46,38063.0,24.1547
2841,07/17/21 12:00:00 AM,33781.1,27.42,37074.8,23.4610
2842,07/17/21 12:20:00 AM,35107.1,27.37,38568.5,24.5107
2843,07/17/21 12:40:00 AM,35003.5,27.32,38491.6,24.4565
2844,07/17/21 01:00:00 AM,35183.8,27.25,38742.2,24.6331
2845,07/17/21 01:20:00 AM,34246.2,27.20,37745.2,23.9314
2846,07/17/21 01:40:00 AM,34539.8,27.16,38098.5,24.1798
2847,07/17/21 02:00:00 AM,34554.3,27.12,38143.9,24.2117
2848,07/17/21 02:20:00 AM,34404.6,27.08,38007.9,24.1160
2849,07/17/21 02:40:00 AM,34658.6,27.06,38303.5,24.3240
2850,07/17/21 03:00:00 AM,34551.9,27.03,38207.6,24.2565
2851,07/17/21 03:20:00 AM,34344.5,27.01,37992.8,24.1054
2852,07/17/21 03:40:00 AM,34489.0,26.95,38197.1,24.2491
2853,07/17/21 04:00:00 AM,34181.6,26.93,37871.0,24.0198
2854,07/17/21 04:20:00 AM,34136.3,26.89,37850.1,24.0051
2855,07/17/21 04:40:00 AM,34568.8,26.88,38337.4,24.3479
2856,07/17/21 05:00:00 AM,34581.0,26.81,38403.0,24.3941
2857,07/17/21 05:20:00 AM,33119.2,26.81,36778.6,23.2535
2858,07/17/21 05:40:00 AM,34661.1,26.80,38499.5,24.4621
2859,07/17/21 06:00:00 AM,34576.1,26.76,38434.8,24.4165
2860,07/17/21 06:20:00 AM,33991.3,26.76,37784.3,23.9589
2861,07/17/21 06:40:00 AM,34870.9,26.71,38800.4,24.6742
2862,07/17/21 07:00:00 AM,34501.1,26.70,38396.1,24.3892
2863,07/17/21 07:20:00 AM,34129.2,26.66,38011.4,24.1185
2864,07/17/21 07:40:00 AM,33426.0,26.63,37249.5,23.5834
2865,07/17/21 08:00:00 AM,34525.3,26.65,38460.4,24.4345
2866,07/17/21 08:20:00 AM,33745.9,26.75,37518.6,23.7723
2867,07/17/21 08:40:00 AM,34117.2,26.85,37858.2,24.0108
2868,07/17/21 09:00:00 AM,34678.1,26.98,38384.4,24.3810
2869,07/17/21 09:20:00 AM,34532.5,27.19,38068.4,24.1586
2870,07/17/21 09:40:00 AM,32959.1,27.37,36206.6,22.8536
2871,07/17/21 10:00:00 AM,34416.7,27.44,37758.5,23.9407
2872,07/17/21 10:20:00 AM,34072.0,27.70,37193.9,23.5445
2873,07/17/21 10:40:00 AM,34334.9,27.77,37431.0,23.7108
2874,07/17/21 11:00:00 AM,33706.0,27.91,36646.4,23.1611
2875,07/17/21 11:20:00 AM,34438.4,27.79,37529.6,23.7800
2876,07/17/21 11:40:00 AM,33591.3,27.87,36549.5,23.0933
2877,07/17/21 12:00:00 PM,34629.5,27.80,37730.8,23.9213
2878,07/17/21 12:20:00 PM,34445.6,27.80,37530.3,23.7804
2879,07/17/21 12:40:00 PM,34763.3,27.80,37876.8,24.0238
2880,07/17/21 01:00:00 PM,33638.0,27.78,36663.4,23.1730
2881,07/17/21 01:20:00 PM,33951.0,27.74,37033.3,23.4319
2882,07/17/21 01:40:00 PM,34622.2,27.71,37787.9,23.9614
2883,07/17/21 02:00:00 PM,34561.6,27.66,37757.8,23.9403
2884,07/17/21 02:20:00 PM,34687.8,27.65,37903.1,24.0423
2885,07/17/21 02:40:00 PM,34525.3,27.65,37725.4,23.9174
2886,07/17/21 03:00:00 PM,34956.8,27.62,38219.3,24.2648
2887,07/17/21 03:20:00 PM,34826.8,27.61,38084.3,24.1698
2888,07/17/21 03:40:00 PM,33370.4,27.57,36518.2,23.0714
2889,07/17/21 04:00:00 PM,34593.1,27.56,37864.8,24.0154
2890,07/17/21 04:20:00 PM,34651.3,27.51,37965.0,24.0859
2891,07/17/21 04:40:00 PM,34773.1,27.47,38127.9,24.2004
2892,07/17/21 05:00:00 PM,34088.7,27.42,37412.7,23.6979
2893,07/17/21 05:20:00 PM,34342.1,27.37,37727.3,23.9188
2894,07/17/21 05:40:00 PM,34605.2,27.32,38053.2,24.1479
2895,07/17/21 06:00:00 PM,34912.6,27.28,38421.1,24.4068
2896,07/17/21 06:20:00 PM,33554.0,27.26,36938.9,23.3658
2897,07/17/21 06:40:00 PM,34721.9,27.24,38240.5,24.2797
2898,07/17/21 07:00:00 PM,35040.4,27.19,38628.8,24.5532
2899,07/17/21 07:20:00 PM,35033.0,27.15,38650.4,24.5684
2900,07/17/21 07:40:00 PM,34443.2,27.10,38035.9,24.1357
2901,07/17/21 08:00:00 PM,33825.9,27.10,37353.6,23.6565
2902,07/17/21 08:20:00 PM,35305.4,27.04,39034.0,24.8390
2903,07/17/21 08:40:00 PM,35065.1,26.97,38820.6,24.6884
2904,07/17/21 09:00:00 PM,34433.5,26.94,38142.9,24.2110
2905,07/17/21 09:20:00 PM,34334.9,26.93,38041.0,24.1393
2906,07/17/21 09:40:00 PM,34971.5,26.84,38814.4,24.6841
2907,07/17/21 10:00:00 PM,35288.0,26.89,39128.1,24.9055
2908,07/17/21 10:20:00 PM,34378.2,26.86,38140.7,24.2094
2909,07/17/21 10:40:00 PM,35218.5,26.79,39126.7,24.9045
2910,07/17/21 11:00:00 PM,34966.6,26.83,38816.5,24.6855
2911,07/17/21 11:20:00 PM,34641.6,26.81,38470.4,24.4415
2912,07/17/21 11:40:00 PM,34719.5,26.80,38564.4,24.5078
2913,07/18/21 12:00:00 AM,33790.5,26.75,37568.3,23.8071
2914,07/18/21 12:20:00 AM,34445.6,26.71,38326.8,24.3404
2915,07/18/21 12:40:00 AM,34880.7,26.67,38841.4,24.7031
2916,07/18/21 01:00:00 AM,35119.4,26.66,39115.0,24.8962
2917,07/18/21 01:20:00 AM,34537.4,26.62,38496.3,24.4598
2918,07/18/21 01:40:00 AM,34349.3,26.58,38316.3,24.3330
2919,07/18/21 02:00:00 AM,34983.8,26.54,39054.9,24.8538
2920,07/18/21 02:20:00 AM,34907.7,26.49,39007.8,24.8205
2921,07/18/21 02:40:00 AM,34851.3,26.44,38982.7,24.8028
2922,07/18/21 03:00:00 AM,34464.9,26.41,38572.8,24.5137
2923,07/18/21 03:20:00 AM,34719.5,26.36,38895.8,24.7415
2924,07/18/21 03:40:00 AM,34890.5,26.32,39117.9,24.8983
2925,07/18/21 04:00:00 AM,34868.4,26.27,39131.3,24.9077
2926,07/18/21 04:20:00 AM,34707.3,26.22,38988.5,24.8069
2927,07/18/21 04:40:00 AM,34668.3,26.18,38975.1,24.7975
2928,07/18/21 05:00:00 AM,34736.5,26.17,39059.5,24.8570
2929,07/18/21 05:20:00 AM,34498.7,26.08,38860.3,24.7164
2930,07/18/21 05:40:00 AM,34227.0,26.08,38554.1,24.5006
2931,07/18/21 06:00:00 AM,35028.1,26.16,39395.2,25.0942
2932,07/18/21 06:20:00 AM,35107.1,26.17,39476.4,25.1516
2933,07/18/21 06:40:00 AM,34653.8,26.12,39004.5,24.8182
2934,07/18/21 07:00:00 AM,34885.6,26.12,39265.6,25.0026
2935,07/18/21 07:20:00 AM,33247.9,26.21,37355.6,23.6579
2936,07/18/21 07:40:00 AM,33055.1,26.18,37160.7,23.5212
2937,07/18/21 08:00:00 AM,34399.8,26.19,38665.6,24.5791
2938,07/18/21 08:20:00 AM,34026.9,26.17,38261.2,24.2942
2939,07/18/21 08:40:00 AM,34639.2,26.19,38934.8,24.7690
2940,07/18/21 09:00:00 AM,34368.5,26.14,38668.1,24.5809
2941,07/18/21 09:20:00 AM,34315.7,26.10,38638.9,24.5603
2942,07/18/21 09:40:00 AM,34457.6,26.13,38776.0,24.6570
2943,07/18/21 10:00:00 AM,34327.7,26.10,38652.5,24.5699
2944,07/18/21 10:20:00 AM,34358.9,26.10,38687.6,24.5946
2945,07/18/21 10:40:00 AM,33112.3,26.08,37298.0,23.6174
2946,07/18/21 11:00:00 AM,34053.0,26.12,38328.0,24.3413
2947,07/18/21 11:20:00 AM,33877.7,26.10,38145.6,24.2129
2948,07/18/21 11:40:00 AM,33568.0,26.16,37752.3,23.9364
2949,07/18/21 12:00:00 PM,33043.6,26.19,37140.5,23.5070
2950,07/18/21 12:20:00 PM,33652.1,26.22,37802.6,23.9717
2951,07/18/21 12:40:00 PM,32393.3,26.27,36352.3,22.9554
2952,07/18/21 01:00:00 PM,32173.4,26.27,36105.4,22.7830
2953,07/18/21 01:20:00 PM,32284.2,26.30,36208.6,22.8550
2954,07/18/21 01:40:00 PM,32588.0,26.31,36542.3,23.0882
2955,07/18/21 02:00:00 PM,32536.4,26.27,36513.0,23.0677
2956,07/18/21 02:20:00 PM,33991.3,26.28,38139.0,24.2083
2957,07/18/21 02:40:00 PM,32644.2,26.34,36583.9,23.1173
2958,07/18/21 03:00:00 PM,33190.4,26.27,37247.2,23.5819
2959,07/18/21 03:20:00 PM,32664.5,26.30,36635.3,23.1533
2960,07/18/21 03:40:00 PM,33673.2,26.32,37752.4,23.9365
2961,07/18/21 04:00:00 PM,33691.9,26.32,37773.4,23.9512
2962,07/18/21 04:20:00 PM,32547.6,26.25,36539.8,23.0865
2963,07/18/21 04:40:00 PM,33663.8,26.23,37808.3,23.9757
2964,07/18/21 05:00:00 PM,32617.2,26.26,36610.8,23.1362
2965,07/18/21 05:20:00 PM,33178.9,26.27,37234.3,23.5728
2966,07/18/21 05:40:00 PM,33091.7,26.25,37150.9,23.5144
2967,07/18/21 06:00:00 PM,32673.5,26.21,36709.9,23.2055
2968,07/18/21 06:20:00 PM,33856.5,26.23,38024.8,24.1279
2969,07/18/21 06:40:00 PM,34467.3,26.25,38696.1,24.6006
2970,07/18/21 07:00:00 PM,34692.7,26.28,38926.4,24.7631
2971,07/18/21 07:20:00 PM,34724.3,26.27,38969.5,24.7935
2972,07/18/21 07:40:00 PM,35030.6,26.30,39290.4,25.0201
2973,07/18/21 08:00:00 PM,35089.8,26.32,39341.5,25.0562
2974,07/18/21 08:20:00 PM,34893.0,26.32,39120.7,24.9003
2975,07/18/21 08:40:00 PM,34785.3,26.32,38999.9,24.8150
2976,07/18/21 09:00:00 PM,34893.0,26.38,39075.0,24.8680
2977,07/18/21 09:20:00 PM,35010.9,26.39,39199.5,24.9559
2978,07/18/21 09:40:00 PM,34646.5,26.38,38798.8,24.6731
2979,07/18/21 10:00:00 PM,34800.0,26.39,38963.2,24.7890
2980,07/18/21 10:20:00 PM,35112.0,26.43,39282.1,25.0143
2981,07/18/21 10:40:00 PM,34996.1,26.34,39221.1,24.9712
2982,07/18/21 11:00:00 PM,34748.7,26.35,38936.1,24.7699
2983,07/18/21 11:20:00 PM,34866.0,26.32,39090.5,24.8789
2984,07/18/21 11:40:00 PM,34856.2,26.28,39110.0,24.8927
2985,07/19/21 12:00:00 AM,35072.5,26.27,39360.5,25.0697
2986,07/19/21 12:20:00 AM,35082.4,26.23,39402.4,25.0993
2987,07/19/21 12:40:00 AM,34717.0,26.21,39007.0,24.8200
2988,07/19/21 01:00:00 AM,34717.0,26.18,39029.9,24.8361
2989,07/19/21 01:20:00 AM,34844.0,26.14,39203.4,24.9586
2990,07/19/21 01:40:00 AM,34996.1,26.13,39382.3,25.0851
2991,07/19/21 02:00:00 AM,35008.4,26.14,39388.4,25.0894
2992,07/19/21 02:20:00 AM,34600.4,26.10,38959.7,24.7866
2993,07/19/21 02:40:00 AM,34707.3,26.04,39126.0,24.9040
2994,07/19/21 03:00:00 AM,34851.3,25.99,39326.9,25.0459
2995,07/19/21 03:20:00 AM,34912.6,25.96,39419.3,25.1112
2996,07/19/21 03:40:00 AM,34883.1,25.95,39393.7,25.0931
2997,07/19/21 04:00:00 AM,34986.3,25.96,39502.5,25.1701
2998,07/19/21 04:20:00 AM,34969.1,25.96,39483.1,25.1564
2999,07/19/21 04:40:00 AM,34707.3,25.96,39187.4,24.9474
3000,07/19/21 05:00:00 AM,34822.0,25.96,39317.0,25.0389
3001,07/19/21 05:20:00 AM,34893.0,25.95,39404.9,25.1011
3002,07/19/21 05:40:00 AM,34917.5,25.98,39409.4,25.1042
3003,07/19/21 06:00:00 AM,35013.3,26.01,39494.3,25.1643
3004,07/19/21 06:20:00 AM,34578.5,26.04,38980.8,24.8014
3005,07/19/21 06:40:00 AM,34614.9,26.04,39021.8,24.8304
3006,07/19/21 07:00:00 AM,34785.3,26.03,39221.7,24.9716
3007,07/19/21 07:20:00 AM,34503.5,26.04,38896.2,24.7418
3008,07/19/21 07:40:00 AM,34573.7,26.07,38952.5,24.7815
3009,07/19/21 08:00:00 AM,34858.7,26.09,39258.3,24.9975
3010,07/19/21 08:20:00 AM,34455.2,26.14,38765.7,24.6497
3011,07/19/21 08:40:00 AM,34561.6,26.19,38847.5,24.7074
3012,07/19/21 09:00:00 AM,34571.3,26.21,38843.2,24.7044
3013,07/19/21 09:20:00 AM,34605.2,26.22,38873.7,24.7259
3014,07/19/21 09:40:00 AM,34831.7,26.30,39067.2,24.8625
3015,07/19/21 10:00:00 AM,34510.8,26.27,38729.8,24.6244
3016,07/19/21 10:20:00 AM,34770.7,26.30,38998.8,24.8142
3017,07/19/21 10:40:00 AM,34844.0,26.35,39042.9,24.8453
3018,07/19/21 11:00:00 AM,34651.3,26.36,38819.3,24.6875
3019,07/19/21 11:20:00 AM,34692.7,26.47,38782.5,24.6616
3020,07/19/21 11:40:00 AM,34496.3,26.54,38510.3,24.4697
3021,07/19/21 12:00:00 PM,34542.2,26.68,38456.8,24.4320
3022,07/19/21 12:20:00 PM,34748.7,26.74,38641.8,24.5624
3023,07/19/21 12:40:00 PM,34807.3,26.90,38587.2,24.5239
3024,07/19/21 01:00:00 PM,34782.9,27.06,38441.0,24.4209
3025,07/19/21 01:20:00 PM,34919.9,27.12,38547.9,24.4961
3026,07/19/21 01:40:00 PM,34831.7,27.16,38420.8,24.4066
3027,07/19/21 02:00:00 PM,34795.1,27.13,38402.6,24.3938
3028,07/19/21 02:20:00 PM,34848.9,27.12,38469.4,24.4409
3029,07/19/21 02:40:00 PM,34912.6,27.08,38569.6,24.5114
3030,07/19/21 03:00:00 PM,34885.6,27.04,38569.5,24.5114
3031,07/19/21 03:20:00 PM,34770.7,27.04,38442.4,24.4218
3032,07/19/21 03:40:00 PM,34738.9,27.06,38392.3,24.3866
3033,07/19/21 04:00:00 PM,34753.6,27.08,38393.8,24.3876
3034,07/19/21 04:20:00 PM,34890.5,27.08,38545.1,24.4942
3035,07/19/21 04:40:00 PM,34841.5,26.99,38557.9,24.5032
3036,07/19/21 05:00:00 PM,34831.7,26.93,38591.9,24.5271
3037,07/19/21 05:20:00 PM,34802.4,26.94,38551.9,24.4990
3038,07/19/21 05:40:00 PM,34807.3,26.90,38587.2,24.5239
3039,07/19/21 06:00:00 PM,34834.2,26.86,38647.0,24.5660
3040,07/19/21 06:20:00 PM,34844.0,26.84,38672.8,24.5842
3041,07/19/21 06:40:00 PM,34848.9,26.84,38678.3,24.5881
3042,07/19/21 07:00:00 PM,34826.8,26.83,38661.2,24.5760
3043,07/19/21 07:20:00 PM,34831.7,26.75,38726.7,24.6222
3044,07/19/21 07:40:00 PM,34763.3,26.72,38673.1,24.5844
3045,07/19/21 08:00:00 PM,34824.4,26.76,38711.0,24.6112
3046,07/19/21 08:20:00 PM,34804.8,26.74,38704.2,24.6064
3047,07/19/21 08:40:00 PM,34819.5,26.71,38743.1,24.6338
3048,07/19/21 09:00:00 PM,34802.4,26.70,38731.6,24.6257
3049,07/19/21 09:20:00 PM,34775.5,26.67,38724.2,24.6205
3050,07/19/21 09:40:00 PM,34863.6,26.62,38860.1,24.7163
3051,07/19/21 10:00:00 PM,34680.5,26.58,38686.0,24.5935
3052,07/19/21 10:20:00 PM,34736.5,26.54,38778.6,24.6588
3053,07/19/21 10:40:00 PM,34682.9,26.50,38748.9,24.6379
3054,07/19/21 11:00:00 PM,34790.2,26.45,38906.7,24.7492
3055,07/19/21 11:20:00 PM,34673.2,26.39,38821.1,24.6888
3056,07/19/21 11:40:00 PM,34690.2,26.34,38878.1,24.7290
3057,07/20/21 12:00:00 AM,34651.3,26.30,38864.8,24.7196
3058,07/20/21 12:20:00 AM,34639.2,26.30,38851.2,24.7100
3059,07/20/21 12:40:00 AM,34622.2,26.28,38847.3,24.7073
3060,07/20/21 01:00:00 AM,34712.1,26.23,38986.3,24.8053
3061,07/20/21 01:20:00 AM,34692.7,26.25,38949.2,24.7792
3062,07/20/21 01:40:00 AM,34692.7,26.23,38964.5,24.7899
3063,07/20/21 02:00:00 AM,34527.7,26.16,38832.2,24.6966
3064,07/20/21 02:20:00 AM,34277.3,26.17,38542.9,24.4926
3065,07/20/21 02:40:00 AM,34010.3,26.12,38279.9,24.3074
3066,07/20/21 03:00:00 AM,33687.2,26.12,37916.1,24.0515
3067,07/20/21 03:20:00 AM,34286.9,26.08,38621.6,24.5481
3068,07/20/21 03:40:00 AM,33472.5,26.08,37703.9,23.9023
3069,07/20/21 04:00:00 AM,34010.3,26.04,38340.0,24.3497
3070,07/20/21 04:20:00 AM,33908.5,26.07,38202.7,24.2531
3071,07/20/21 04:40:00 AM,33903.7,25.99,38257.2,24.2914
3072,07/20/21 05:00:00 AM,34017.4,25.99,38385.6,24.3818
3073,07/20/21 05:20:00 AM,34086.3,25.96,38486.0,24.4525
3074,07/20/21 05:40:00 AM,34219.9,25.98,38621.7,24.5482
3075,07/20/21 06:00:00 AM,33764.7,25.94,38137.7,24.2073
3076,07/20/21 06:20:00 AM,33837.6,25.91,38242.6,24.2811
3077,07/20/21 06:40:00 AM,33433.0,25.91,37785.1,23.9594
3078,07/20/21 07:00:00 AM,33384.3,25.90,37737.5,23.9260
3079,07/20/21 07:20:00 AM,33591.3,25.91,37964.1,24.0852
3080,07/20/21 07:40:00 AM,33204.2,25.80,37607.7,23.8348
3081,07/20/21 08:00:00 AM,33547.0,25.94,37891.7,24.0343
3082,07/20/21 08:20:00 AM,33748.2,25.99,38081.7,24.1679
3083,07/20/21 08:40:00 AM,33748.2,26.10,37999.7,24.1102
3084,07/20/21 09:00:00 AM,33778.8,26.21,37952.4,24.0770
3085,07/20/21 09:20:00 AM,33790.5,26.35,37861.8,24.0133
3086,07/20/21 09:40:00 AM,33802.3,26.54,37735.1,23.9243
3087,07/20/21 10:00:00 AM,33977.1,26.71,37805.2,23.9735
3088,07/20/21 10:20:00 AM,33993.7,26.75,37794.3,23.9659
3089,07/20/21 10:40:00 AM,33870.7,26.76,37650.2,23.8646
3090,07/20/21 11:00:00 AM,33783.5,27.03,37357.3,23.6590
3091,07/20/21 11:20:00 AM,34136.3,27.04,37740.4,23.9280
3092,07/20/21 11:40:00 AM,34279.7,27.15,37818.7,23.9830
3093,07/20/21 12:00:00 PM,34270.1,27.19,37778.9,23.9550
3094,07/20/21 12:20:00 PM,34878.2,27.30,38368.4,24.3697
3095,07/20/21 12:40:00 PM,34734.1,27.41,38129.0,24.2012
3096,07/20/21 01:00:00 PM,34224.7,27.50,37504.4,23.7623
3097,07/20/21 01:20:00 PM,34888.1,27.65,38122.2,24.1964
3098,07/20/21 01:40:00 PM,33901.4,27.82,36922.6,23.3544
3099,07/20/21 02:00:00 PM,34568.8,27.97,37542.5,23.7890
3100,07/20/21 02:20:00 PM,34469.7,27.93,37463.4,23.7335
3101,07/20/21 02:40:00 PM,34607.6,28.15,37456.0,23.7283
3102,07/20/21 03:00:00 PM,35312.9,28.38,38053.6,24.1482
3103,07/20/21 03:20:00 PM,35075.0,28.06,38027.6,24.1299
3104,07/20/21 03:40:00 PM,35295.5,28.09,38245.1,24.2829
3105,07/20/21 04:00:00 PM,34934.7,28.09,37853.7,24.0076
3106,07/20/21 04:20:00 PM,34736.5,28.05,37667.3,23.8767
3107,07/20/21 04:40:00 PM,34619.8,28.07,37526.3,23.7777
3108,07/20/21 05:00:00 PM,35171.4,28.02,38161.3,24.2239
3109,07/20/21 05:20:00 PM,34508.4,27.96,37484.0,23.7480
3110,07/20/21 05:40:00 PM,34428.7,27.89,37447.4,23.7222
3111,07/20/21 06:00:00 PM,34566.4,27.86,37618.8,23.8426
3112,07/20/21 06:20:00 PM,34787.7,27.80,37903.4,24.0425
3113,07/20/21 06:40:00 PM,34883.1,27.75,38043.8,24.1413
3114,07/20/21 07:00:00 PM,34790.2,27.71,37971.5,24.0904
3115,07/20/21 07:20:00 PM,34814.6,27.68,38020.0,24.1245
3116,07/20/21 07:40:00 PM,34605.2,27.62,37834.5,23.9941
3117,07/20/21 08:00:00 PM,34423.9,27.56,37679.4,23.8852
3118,07/20/21 08:20:00 PM,34812.2,27.50,38148.8,24.2151
3119,07/20/21 08:40:00 PM,34510.8,27.47,37840.0,23.9980
3120,07/20/21 09:00:00 PM,34205.5,27.41,37548.2,23.7930
3121,07/20/21 09:20:00 PM,34525.3,27.37,37928.7,24.0604
3122,07/20/21 09:40:00 PM,34631.9,27.34,38067.9,24.1582
3123,07/20/21 10:00:00 PM,34619.8,27.32,38069.3,24.1592
3124,07/20/21 10:20:00 PM,34617.3,27.28,38095.8,24.1779
3125,07/20/21 10:40:00 PM,34426.3,27.24,37914.7,24.0505
3126,07/20/21 11:00:00 PM,35168.9,27.25,38725.8,24.6216
3127,07/20/21 11:20:00 PM,34910.1,27.21,38470.2,24.4414
3128,07/20/21 11:40:00 PM,34765.8,27.19,38325.8,24.3397
3129,07/21/21 12:00:00 AM,34724.3,27.17,38294.8,24.3179
3130,07/21/21 12:20:00 AM,34993.7,27.15,38607.0,24.5378
3131,07/21/21 12:40:00 AM,34289.3,27.15,37829.3,23.9904
3132,07/21/21 01:00:00 AM,34890.5,27.16,38485.7,24.4523
3133,07/21/21 01:20:00 AM,34306.1,27.17,37833.2,23.9932
3134,07/21/21 01:40:00 AM,35653.6,27.22,39282.7,25.0147
3135,07/21/21 02:00:00 AM,35656.1,27.24,39270.3,25.0059
3136,07/21/21 02:20:00 AM,35691.4,27.24,39309.2,25.0334
3137,07/21/21 02:40:00 AM,35858.4,27.24,39493.3,25.1636
3138,07/21/21 03:00:00 AM,35686.3,27.22,39318.7,25.0402
3139,07/21/21 03:20:00 AM,35726.7,27.20,39378.5,25.0824
3140,07/21/21 03:40:00 AM,35490.2,27.15,39155.3,24.9247
3141,07/21/21 04:00:00 AM,35696.4,27.10,39421.0,25.1124
3142,07/21/21 04:20:00 AM,35641.0,27.10,39359.7,25.0691
3143,07/21/21 04:40:00 AM,35724.2,27.06,39482.2,25.1557
3144,07/21/21 05:00:00 AM,35583.1,27.01,39364.1,25.0722
3145,07/21/21 05:20:00 AM,35681.3,27.01,39472.8,25.1491
3146,07/21/21 05:40:00 AM,35603.2,26.97,39416.8,25.1095
3147,07/21/21 06:00:00 AM,35623.3,26.93,39469.6,25.1468
3148,07/21/21 06:20:00 AM,35668.7,26.93,39519.9,25.1824
3149,07/21/21 06:40:00 AM,35585.6,26.92,39435.4,25.1226
3150,07/21/21 07:00:00 AM,35475.2,26.98,39267.4,25.0039
3151,07/21/21 07:20:00 AM,35585.6,26.98,39389.7,25.0903
3152,07/21/21 07:40:00 AM,35861.0,26.90,39756.2,25.3496
3153,07/21/21 08:00:00 AM,35726.7,27.03,39507.8,25.1738
3154,07/21/21 08:20:00 AM,35871.1,27.11,39606.4,25.2436
3155,07/21/21 08:40:00 AM,35883.8,27.15,39589.9,25.2319
3156,07/21/21 09:00:00 AM,35906.7,27.25,39538.9,25.1958
3157,07/21/21 09:20:00 AM,36244.4,27.44,39765.6,25.3562
3158,07/21/21 09:40:00 AM,36350.2,27.64,39729.1,25.3304
3159,07/21/21 10:00:00 AM,36326.9,27.53,39787.4,25.3717
3160,07/21/21 10:20:00 AM,36267.6,27.68,39608.4,25.2450
3161,07/21/21 10:40:00 AM,36324.4,27.70,39655.4,25.2782
3162,07/21/21 11:00:00 AM,36247.0,27.87,39442.4,25.1276
3163,07/21/21 11:20:00 AM,36293.4,27.73,39598.7,25.2382
3164,07/21/21 11:40:00 AM,36257.3,27.83,39483.8,25.1568
3165,07/21/21 12:00:00 PM,36275.4,27.83,39503.5,25.1708
3166,07/21/21 12:20:00 PM,36389.0,28.04,39469.0,25.1464
3167,07/21/21 12:40:00 PM,36345.0,28.15,39338.7,25.0543
3168,07/21/21 01:00:00 PM,36430.4,28.24,39363.9,25.0721
3169,07/21/21 01:20:00 PM,36386.4,28.47,39145.2,24.9175
3170,07/21/21 01:40:00 PM,36521.2,28.73,39097.8,24.8841
3171,07/21/21 02:00:00 PM,36417.4,28.95,38825.3,24.6917
3172,07/21/21 02:20:00 PM,36456.3,29.18,38699.3,24.6029
3173,07/21/21 02:40:00 PM,36547.2,29.44,38607.5,24.5382
3174,07/21/21 03:00:00 PM,36575.8,29.56,38551.3,24.4986
3175,07/21/21 03:20:00 PM,36552.4,29.88,38297.8,24.3200
3176,07/21/21 03:40:00 PM,36409.7,29.71,38268.8,24.2996
3177,07/21/21 04:00:00 PM,35909.3,28.95,38282.8,24.3094
3178,07/21/21 04:20:00 PM,35942.4,28.81,38419.3,24.4055
3179,07/21/21 04:40:00 PM,35950.0,28.72,38492.7,24.4573
3180,07/21/21 05:00:00 PM,35888.9,28.63,38492.6,24.4572
3181,07/21/21 05:20:00 PM,36001.0,28.59,38642.2,24.5626
3182,07/21/21 05:40:00 PM,36139.1,28.51,38849.4,24.7087
3183,07/21/21 06:00:00 PM,36280.5,28.45,39045.9,24.8474
3184,07/21/21 06:20:00 PM,36329.5,28.42,39120.9,24.9004
3185,07/21/21 06:40:00 PM,36373.4,28.37,39205.4,24.9601
3186,07/21/21 07:00:00 PM,36378.6,28.28,39278.0,25.0114
3187,07/21/21 07:20:00 PM,36363.1,28.19,39328.4,25.0470
3188,07/21/21 07:40:00 PM,36378.6,28.11,39405.1,25.1012
3189,07/21/21 08:00:00 PM,36357.9,28.14,39360.2,25.0695
3190,07/21/21 08:20:00 PM,36329.5,28.07,39381.8,25.0848
3191,07/21/21 08:40:00 PM,36213.6,27.96,39338.4,25.0541
3192,07/21/21 09:00:00 PM,36110.9,27.88,39286.6,25.0175
3193,07/21/21 09:20:00 PM,36275.4,27.95,39413.1,25.1069
3194,07/21/21 09:40:00 PM,36301.1,27.91,39471.2,25.1479
3195,07/21/21 10:00:00 PM,36319.2,27.86,39528.6,25.1885
3196,07/21/21 10:20:00 PM,36319.2,27.80,39573.9,25.2206
3197,07/21/21 10:40:00 PM,36270.2,27.75,39558.3,25.2095
3198,07/21/21 11:00:00 PM,36193.0,27.61,39579.9,25.2248
3199,07/21/21 11:20:00 PM,36157.1,27.53,39601.3,25.2399
3200,07/21/21 11:40:00 PM,36193.0,27.44,39709.2,25.3163
3201,07/22/21 12:00:00 AM,36203.3,27.37,39773.9,25.3621
3202,07/22/21 12:20:00 AM,36185.3,27.33,39784.7,25.3698
3203,07/22/21 12:40:00 AM,36169.9,27.28,39806.0,25.3849
3204,07/22/21 01:00:00 AM,36123.7,27.22,39801.1,25.3814
3205,07/22/21 01:20:00 AM,36118.6,27.15,39849.2,25.4154
3206,07/22/21 01:40:00 AM,36149.4,27.15,39883.2,25.4395
3207,07/22/21 02:00:00 AM,36151.9,27.10,39924.4,25.4687
3208,07/22/21 02:20:00 AM,36118.6,27.04,39933.8,25.4754
3209,07/22/21 02:40:00 AM,36085.3,27.01,39920.1,25.4656
3210,07/22/21 03:00:00 AM,36062.3,26.93,39956.4,25.4913
3211,07/22/21 03:20:00 AM,36046.9,26.93,39939.3,25.4792
3212,07/22/21 03:40:00 AM,35965.3,26.86,39902.8,25.4534
3213,07/22/21 04:00:00 AM,35947.4,26.84,39898.4,25.4503
3214,07/22/21 04:20:00 AM,35932.2,26.79,39920.1,25.4657
3215,07/22/21 04:40:00 AM,35820.4,26.67,39888.5,25.4433
3216,07/22/21 05:00:00 AM,35704.0,26.52,39874.9,25.4336
3217,07/22/21 05:20:00 AM,35787.5,26.58,39921.6,25.4667
3218,07/22/21 05:40:00 AM,35830.5,26.54,40000.7,25.5227
3219,07/22/21 06:00:00 AM,35812.8,26.49,40019.8,25.5363
3220,07/22/21 06:20:00 AM,35899.1,26.56,40061.7,25.5660
3221,07/22/21 06:40:00 AM,35835.6,26.43,40092.1,25.5875
3222,07/22/21 07:00:00 AM,35883.8,26.49,40099.2,25.5925
3223,07/22/21 07:20:00 AM,35904.2,26.54,40083.0,25.5811
3224,07/22/21 07:40:00 AM,35985.7,26.59,40135.0,25.6180
3225,07/22/21 08:00:00 AM,36039.3,26.70,40109.1,25.5996
3226,07/22/21 08:20:00 AM,36016.3,26.74,40052.4,25.5594
3227,07/22/21 08:40:00 AM,35830.5,26.79,39807.1,25.3856
3228,07/22/21 09:00:00 AM,35952.5,26.93,39834.6,25.4051
3229,07/22/21 09:20:00 AM,35861.0,26.85,39794.7,25.3768
3230,07/22/21 09:40:00 AM,35866.1,26.99,39692.7,25.3047
3231,07/22/21 10:00:00 AM,35787.5,27.02,39582.7,25.2268
3232,07/22/21 10:20:00 AM,36029.1,27.25,39673.8,25.2913
3233,07/22/21 10:40:00 AM,36093.0,27.26,39736.6,25.3357
3234,07/22/21 11:00:00 AM,36041.8,27.43,39550.7,25.2042
3235,07/22/21 11:20:00 AM,36034.2,27.51,39481.7,25.1553
3236,07/22/21 11:40:00 AM,36080.2,27.61,39456.4,25.1375
3237,07/22/21 12:00:00 PM,36093.0,27.74,39372.3,25.0780
3238,07/22/21 12:20:00 PM,36226.4,27.71,39540.7,25.1971
3239,07/22/21 12:40:00 PM,36162.2,27.88,39342.5,25.0570
3240,07/22/21 01:00:00 PM,36314.0,28.02,39402.5,25.0994
3241,07/22/21 01:20:00 PM,36350.2,28.10,39381.8,25.0847
3242,07/22/21 01:40:00 PM,36319.2,28.13,39325.7,25.0451
3243,07/22/21 02:00:00 PM,36386.4,28.32,39256.6,24.9963
3244,07/22/21 02:20:00 PM,36280.5,28.53,38986.8,24.8057
3245,07/22/21 02:40:00 PM,36211.0,28.65,38823.8,24.6907
3246,07/22/21 03:00:00 PM,36303.7,28.71,38879.3,24.7298
3247,07/22/21 03:20:00 PM,36169.9,28.73,38721.2,24.6183
3248,07/22/21 03:40:00 PM,36234.2,28.64,38856.1,24.7135
3249,07/22/21 04:00:00 PM,36136.5,28.54,38824.5,24.6912
3250,07/22/21 04:20:00 PM,35805.2,28.46,38526.4,24.4810
3251,07/22/21 04:40:00 PM,35800.1,28.32,38623.3,24.5493
3252,07/22/21 05:00:00 PM,35739.4,28.11,38711.9,24.6118
3253,07/22/21 05:20:00 PM,35975.5,28.05,39012.5,24.8239
3254,07/22/21 05:40:00 PM,35937.3,27.91,39075.2,24.8681
3255,07/22/21 06:00:00 PM,35696.4,27.68,38984.0,24.8037
3256,07/22/21 06:20:00 PM,35630.9,27.60,38972.0,24.7953
3257,07/22/21 06:40:00 PM,35960.2,27.56,39362.7,25.0713
3258,07/22/21 07:00:00 PM,36052.1,27.46,39539.2,25.1961
3259,07/22/21 07:20:00 PM,36064.8,27.46,39553.2,25.2059
3260,07/22/21 07:40:00 PM,36077.6,27.43,39590.0,25.2320
3261,07/22/21 08:00:00 PM,36100.7,27.38,39653.5,25.2769
3262,07/22/21 08:20:00 PM,36075.1,27.33,39663.4,25.2839
3263,07/22/21 08:40:00 PM,36085.3,27.30,39697.6,25.3081
3264,07/22/21 09:00:00 PM,36098.1,27.26,39742.2,25.3397
3265,07/22/21 09:20:00 PM,36087.9,27.20,39776.9,25.3643
3266,07/22/21 09:40:00 PM,36057.2,27.13,39796.7,25.3783
3267,07/22/21 10:00:00 PM,36016.3,27.07,39797.6,25.3789
3268,07/22/21 10:20:00 PM,35978.0,27.03,39785.9,25.3706
3269,07/22/21 10:40:00 PM,35970.4,26.98,39816.0,25.3919
3270,07/22/21 11:00:00 PM,35957.6,26.93,39840.3,25.4091
3271,07/22/21 11:20:00 PM,35965.3,26.90,39871.9,25.4315
3272,07/22/21 11:40:00 PM,36016.3,26.88,39944.0,25.4826
3273,07/23/21 12:00:00 AM,35983.1,26.84,39938.0,25.4783
3274,07/23/21 12:20:00 AM,35967.8,26.80,39952.0,25.4882
3275,07/23/21 12:40:00 AM,35985.7,26.77,39995.1,25.5188
3276,07/23/21 01:00:00 AM,35960.2,26.76,39974.5,25.5042
3277,07/23/21 01:20:00 AM,35962.7,26.74,39992.8,25.5171
3278,07/23/21 01:40:00 AM,35978.0,26.70,40040.9,25.5512
3279,07/23/21 02:00:00 AM,35866.1,26.67,39939.5,25.4794
3280,07/23/21 02:20:00 AM,35873.7,26.65,39963.5,25.4964
3281,07/23/21 02:40:00 AM,35873.7,26.62,39986.7,25.5128
3282,07/23/21 03:00:00 AM,35817.9,26.59,39947.8,25.4852
3283,07/23/21 03:20:00 AM,35731.8,26.59,39851.7,25.4172
3284,07/23/21 03:40:00 AM,35779.9,26.56,39928.6,25.4717
3285,07/23/21 04:00:00 AM,35782.4,26.56,39931.4,25.4737
3286,07/23/21 04:20:00 AM,35822.9,26.52,40007.7,25.5277
3287,07/23/21 04:40:00 AM,35772.3,26.45,40005.7,25.5263
3288,07/23/21 05:00:00 AM,35656.1,26.43,39891.2,25.4451
3289,07/23/21 05:20:00 AM,35357.8,26.38,39595.8,25.2361
3290,07/23/21 05:40:00 AM,35744.4,26.38,40029.0,25.5428
3291,07/23/21 06:00:00 AM,35734.3,26.36,40033.2,25.5458
3292,07/23/21 06:20:00 AM,35790.0,26.35,40103.5,25.5956
3293,07/23/21 06:40:00 AM,35797.6,26.34,40119.8,25.6072
3294,07/23/21 07:00:00 AM,35668.7,26.32,39990.9,25.5158
3295,07/23/21 07:20:00 AM,35613.3,26.28,39959.9,25.4938
3296,07/23/21 07:40:00 AM,35651.0,26.30,39986.6,25.5128
3297,07/23/21 08:00:00 AM,35709.1,26.36,40005.0,25.5258
3298,07/23/21 08:20:00 AM,35716.6,26.45,39943.3,25.4821
3299,07/23/21 08:40:00 AM,35729.3,26.59,39848.9,25.4152
3300,07/23/21 09:00:00 AM,35618.3,26.65,39678.7,25.2948
3301,07/23/21 09:20:00 AM,35620.8,26.67,39666.1,25.2858
3302,07/23/21 09:40:00 AM,35759.6,26.84,39689.8,25.3026
3303,07/23/21 10:00:00 AM,35805.2,26.92,39679.0,25.2949
3304,07/23/21 10:20:00 AM,35838.1,26.93,39707.8,25.3153
3305,07/23/21 10:40:00 AM,35911.8,27.04,39705.0,25.3133
3306,07/23/21 11:00:00 AM,35901.6,26.97,39747.4,25.3434
3307,07/23/21 11:20:00 AM,35896.6,27.20,39565.9,25.2149
3308,07/23/21 11:40:00 AM,35883.8,27.25,39513.7,25.1780
3309,07/23/21 12:00:00 PM,35972.9,27.29,39581.4,25.2259
3310,07/23/21 12:20:00 PM,35906.7,27.26,39531.3,25.1905
3311,07/23/21 12:40:00 PM,35906.7,27.20,39577.0,25.2228
3312,07/23/21 01:00:00 PM,35881.3,27.20,39549.0,25.2030
3313,07/23/21 01:20:00 PM,35812.8,27.28,39412.7,25.1066
3314,07/23/21 01:40:00 PM,35759.6,27.28,39354.1,25.0651
3315,07/23/21 02:00:00 PM,35962.7,27.35,39524.5,25.1857
3316,07/23/21 02:20:00 PM,35886.4,27.32,39463.4,25.1424
3317,07/23/21 02:40:00 PM,36082.8,27.29,39702.4,25.3115
3318,07/23/21 03:00:00 PM,36070.0,27.32,39665.4,25.2853
3319,07/23/21 03:20:00 PM,30081.4,26.08,33882.6,21.2380
3320,07/23/21 03:40:00 PM,34246.2,27.17,37767.1,23.9468
3321,07/23/21 04:00:00 PM,34164.9,27.28,37597.5,23.8277
3322,07/23/21 04:20:00 PM,34289.3,27.35,37683.7,23.8882
3323,07/23/21 04:40:00 PM,27790.8,26.63,30966.3,19.2318
3324,07/23/21 05:00:00 PM,26283.7,25.82,29755.7,18.4061
3325,07/23/21 05:20:00 PM,23873.8,24.97,27487.6,16.8708
3326,07/23/21 05:40:00 PM,23171.5,24.59,26883.3,16.4643
3327,07/23/21 06:00:00 PM,35944.9,27.61,39308.3,25.0328
3328,07/23/21 06:20:00 PM,36039.3,27.62,39404.1,25.1005
3329,07/23/21 06:40:00 PM,36029.1,27.56,39438.2,25.1246
3330,07/23/21 07:00:00 PM,36049.5,27.48,39521.2,25.1833
3331,07/23/21 07:20:00 PM,36034.2,27.44,39534.8,25.1929
3332,07/23/21 07:40:00 PM,36046.9,27.44,39548.7,25.2028
3333,07/23/21 08:00:00 PM,36036.7,27.46,39522.3,25.1841
3334,07/23/21 08:20:00 PM,36044.4,27.46,39530.8,25.1901
3335,07/23/21 08:40:00 PM,8630.0,25.15,9900.4,5.5671
3336,07/23/21 09:00:00 PM,1855.1,24.82,2142.5,1.0932
3337,07/23/21 09:20:00 PM,27037.4,26.50,30203.0,18.7107
3338,07/23/21 09:40:00 PM,1934.1,24.39,2253.4,1.1529
